U:0,U:1,U:2,Points:0,Points:1,Points:2
-0.02679293,0.02618053,-0.001910633,0.2484532,0.2435286,0.04612848
-0.1003167,0.04217142,-0.008907574,0.4996299,0.2902864,0.09619608
-0.09719219,0.02164872,0.006517604,0.647856,0.2433815,0.04399367
-0.1596825,0.02224909,-0.003683266,0.8498956,0.2452009,0.04500514
-0.1910182,0.02556023,0.002217832,1.04999,0.2460566,0.04524204
-0.2458008,0.0208405,-0.0009285916,1.249989,0.2461202,0.0452517
-0.2919533,0.01923072,-0.001488763,1.449994,0.2461154,0.04524668
-0.3340597,0.02205188,-0.0002406575,1.649998,0.2461156,0.04524945
-0.3798991,0.01447928,-0.001373167,1.849997,0.2461231,0.04525015
-0.416876,0.02388905,0.001513734,2.049998,0.2461241,0.04525023
-0.5247242,0.00796824,0.006272067,2.349978,0.2387967,0.1415556
-0.5385301,0.04206713,-0.008077556,2.450021,0.2388097,0.1415646
-0.01918504,0.06483157,-0.002032166,0.2496882,0.4482541,0.0464695
-0.09103281,0.0830311,0.0001386656,0.4975884,0.4968088,0.09665608
-0.1283947,0.09805192,0.006154942,0.6966733,0.4950431,0.0933913
-0.1779488,0.09249279,0.004228533,0.8988606,0.4961155,0.09357639
-0.2206817,0.09455482,0.004060577,1.09951,0.4961861,0.0935112
-0.2671071,0.09348654,0.003452234,1.299736,0.4960849,0.09344379
-0.3125596,0.09463945,0.003293632,1.499848,0.4960141,0.09340787
-0.3583366,0.09279916,0.003053588,1.69991,0.4959889,0.09338885
-0.4039919,0.09713511,0.003247753,1.899948,0.495988,0.09338298
-0.4505543,0.09542376,0.002764366,2.099971,0.496005,0.09338864
-0.4938347,0.09027183,0.003477797,2.299985,0.496041,0.09340258
-0.535102,0.08753557,0.002981929,2.499991,0.4960892,0.09341863
-0.02294938,0.1003644,-0.001968763,0.2493943,0.6496855,0.04643179
-0.09460554,0.1307735,-0.005371997,0.4980199,0.6982027,0.09458815
-0.1298921,0.13075,0.001041069,0.6975298,0.6970416,0.0914473
-0.1773975,0.1328109,0.0007968116,0.898269,0.6965794,0.09036543
-0.2211831,0.1341693,0.001184717,1.099116,0.6963973,0.09012024
-0.2690188,0.1347851,0.0008690413,1.299509,0.6962105,0.09001167
-0.3153327,0.1350368,0.001109644,1.499711,0.6961,0.08995901
-0.3638848,0.1346626,0.0009775198,1.699826,0.69605,0.08993579
-0.4110676,0.1322794,0.0017549,1.899895,0.6960424,0.08993003
-0.4569297,0.1291678,0.001858137,2.099937,0.696069,0.08993761
-0.5023058,0.1242937,0.001649384,2.299963,0.696123,0.08995532
-0.5456429,0.1167159,0.001882568,2.499979,0.6961873,0.08997692
-0.02008032,0.1627667,0.007399571,0.2494108,0.8499109,0.0464023
-0.08556168,0.1769077,-0.00398355,0.4975757,0.8989926,0.09392415
-0.1281882,0.1797896,-3.095699e-05,0.6972318,0.8982559,0.09048892
-0.1757525,0.1815592,1.900764e-05,0.897939,0.8977605,0.08910862
-0.2198309,0.1836121,0.0001021354,1.098786,0.8974503,0.08868013
-0.2680585,0.1852388,-1.148601e-05,1.299295,0.8972544,0.0885248
-0.3150927,0.1864596,-8.300237e-05,1.499576,0.8971384,0.08845522
-0.3642307,0.1863939,-0.0001409983,1.69974,0.8970826,0.08842518
-0.4129584,0.1853687,-0.0002122164,1.899839,0.8970727,0.08841782
-0.4622487,0.1816972,-0.0002201614,2.0999,0.8971014,0.08842712
-0.5100992,0.1746426,-0.0001838185,2.29994,0.8971601,0.08844877
-0.5564155,0.1651691,-0.0002387257,2.499964,0.8972294,0.08847501
-0.01611012,0.1946571,0.005168876,0.2493967,1.049969,0.04637977
-0.08849872,0.2179781,-0.003991508,0.49717,1.099474,0.09371817
-0.1256499,0.2213749,-0.000487201,0.6967825,1.099067,0.09017328
-0.1733655,0.2248378,1.207623e-05,0.8975878,1.098736,0.0886912
-0.2173918,0.2278054,0.0001120013,1.098527,1.09849,0.0881987
-0.2660865,0.230915,0.0001408171,1.299115,1.098322,0.08801218
-0.3141546,0.2329473,0.0001420638,1.499456,1.09822,0.08792917
-0.3650123,0.2339258,0.0001552472,1.699659,1.098167,0.08789314
-0.4159362,0.2323603,0.000230496,1.899785,1.098156,0.08788421
-0.4679923,0.2284262,0.0002370295,2.099865,1.098182,0.08789528
-0.5192505,0.2201058,0.0002260663,2.299917,1.098236,0.08792088
-0.5695609,0.208288,0.000200974,2.49995,1.0983,0.08795184
-0.01754464,0.224033,0.0003219664,0.2493837,1.249988,0.04637487
-0.07957649,0.2621699,-0.002586504,0.4969723,1.29972,0.09363253
-0.1222385,0.2664081,0.0002029513,0.6965173,1.29949,0.09005274
-0.169054,0.2715145,5.990293e-05,0.8973545,1.299281,0.08853228
-0.2136082,0.2760122,2.694144e-05,1.098344,1.29911,0.08801227
-0.2627585,0.2809862,3.150847e-05,1.29898,1.298984,0.08780915
-0.3119687,0.2848916,-3.087075e-05,1.499359,1.298902,0.08771686
-0.3647717,0.2877687,-1.907865e-05,1.699591,1.298858,0.08767656
-0.4184851,0.2876476,-5.152903e-05,1.899738,1.298847,0.08766674
-0.4746143,0.284647,-6.794153e-05,2.099834,1.298868,0.08767969
-0.5304274,0.275662,-9.275388e-05,2.299897,1.298912,0.08770924
-0.5861464,0.2621856,-0.0001658692,2.499937,1.298965,0.08774491
-0.01090385,0.2674623,0.002210644,0.2493493,1.449996,0.04639117
-0.07779419,0.3017537,-0.002572235,0.4968835,1.499844,0.09359035
-0.1177327,0.3105079,0.0003068685,0.696381,1.499707,0.08999641
-0.1636377,0.3153555,0.0001845996,0.8972185,1.499575,0.08845957
-0.2077595,0.321993,0.0001321081,1.098226,1.49946,0.08792596
-0.2570744,0.3291665,0.0001399498,1.298885,1.49937,0.0877134
-0.3072583,0.335436,7.548788e-05,1.499287,1.499308,0.08761559
-0.3621873,0.340836,0.0001129526,1.699538,1.499274,0.08757259
-0.4190591,0.3424754,7.673519e-05,1.899701,1.499265,0.08756274
-0.4800869,0.3410037,9.000916e-05,2.099808,1.49928,0.08757788
-0.5419183,0.3316522,5.33543e-05,2.299881,1.499314,0.08761159
-0.6052981,0.3169486,-6.447313e-05,2.499927,1.499356,0.08765262
-0.005642845,0.3085496,0.006298977,0.2493456,1.649998,0.04639191
-0.08225465,0.3435485,-0.001946819,0.4968416,1.699909,0.09356873
-0.1105865,0.3514125,-0.0004729188,0.6963099,1.699826,0.089968
-0.1575068,0.3598871,0.0003295182,0.8971404,1.699741,0.08842327
-0.1997249,0.3690682,3.181536e-05,1.098152,1.699664,0.08788266
-0.2492132,0.3798122,0.000113227,1.298822,1.699602,0.08766498
-0.300181,0.3899635,9.553674e-06,1.499236,1.699558,0.08756419
-0.357612,0.3998888,7.208709e-05,1.6995,1.699533,0.08752017
-0.4182313,0.4058488,5.118934e-06,1.899673,1.699526,0.08751128
-0.4854371,0.4085915,5.168327e-05,2.09979,1.699538,0.08752927
-0.5546044,0.4015916,1.918783e-05,2.299869,1.699564,0.08756802
-0.6276947,0.3869915,-0.0001725187,2.499921,1.699599,0.08761572
-0.01051961,0.318844,0.000765532,0.2493485,1.849998,0.04638664
-0.06619493,0.3822618,-0.0005940456,0.4968199,1.899945,0.09355462
-0.1036879,0.3896042,0.0006464907,0.6962694,1.899893,0.08995254
-0.1461146,0.4018273,0.0003855603,0.8970948,1.899839,0.08840419
-0.1878529,0.4138732,0.0001797777,1.098107,1.899788,0.08786013
-0.2361806,0.4287048,0.0001682731,1.298782,1.899746,0.08763972
-0.2871417,0.4432511,4.772924e-05,1.499203,1.899715,0.08753776
-0.3462428,0.458382,0.0001339768,1.699475,1.899697,0.08749414
-0.4103121,0.4690765,1.382415e-05,1.899655,1.899693,0.08748762
-0.4843893,0.4769569,0.0001220816,2.099779,1.899704,0.08751034
-0.5637019,0.4720653,3.085214e-05,2.299864,1.899727,0.08755699
-0.6511456,0.4597638,-0.0002118381,2.499919,1.899758,0.08761614
0.005591382,0.3733372,-0.0009203423,0.2493485,2.049996,0.04637513
-0.05896541,0.4152713,-0.001072611,0.4967835,2.099967,0.0935423
-0.09371135,0.429662,0.001071887,0.6962371,2.099934,0.08994307
-0.133409,0.4424055,0.0004564778,0.8970657,2.099898,0.08839395
-0.172942,0.4588479,0.0002342707,1.09808,2.099865,0.0878484
-0.2198859,0.4788889,0.0001892256,1.298758,2.099836,0.08762713
-0.2704601,0.5003857,3.627019e-05,1.499183,2.099815,0.08752524
-0.3316038,0.524152,0.0001662883,1.69946,2.099804,0.08748342
-0.3993803,0.5451353,-1.33466e-05,1.899647,2.099803,0.08748118
-0.4820448,0.5639505,0.0002459753,2.099776,2.099814,0.08751196
-0.5717154,0.5702438,0.0001265067,2.299867,2.099837,0.08757311
-0.6776172,0.5626804,-0.0002622257,2.499927,2.099872,0.08765684
0.001935064,0.407707,0.013417,0.2491926,2.249985,0.04631912
-0.05551562,0.4482995,0.001149224,0.4966604,2.29999,0.09351722
-0.07987738,0.4617219,0.0001116056,0.6961952,2.29996,0.08993518
-0.117136,0.4789173,0.0006054276,0.8970442,2.299936,0.08838836
-0.1516156,0.4991435,0.0001837857,1.098065,2.299913,0.08784264
-0.1949026,0.524978,0.0002929748,1.298746,2.299895,0.08762175
-0.2421297,0.553402,0.0001397704,1.499174,2.299881,0.08752112
-0.3017306,0.5862985,0.0002853785,1.699455,2.299874,0.08748277
-0.3706859,0.6171428,3.774298e-05,1.899647,2.299876,0.08748738
-0.4593736,0.6488251,0.0003077373,2.099783,2.299888,0.08753231
-0.5648063,0.6637439,0.0001165463,2.299873,2.299906,0.08762682
-0.695847,0.6699221,1.487936e-05,2.499917,2.299928,0.08778076
0.0120287,0.4009856,-0.0003962484,0.2477267,2.450093,0.04582119
-0.04072259,0.47488,-9.238402e-05,0.496515,2.499987,0.09348945
-0.06650798,0.4934185,0.001445066,0.696166,2.499973,0.08993042
-0.09641638,0.5116936,0.0005975347,0.8970327,2.499959,0.08838604
-0.1273044,0.5368882,0.000414207,1.098059,2.499944,0.08784094
-0.1661396,0.5693568,0.0003650697,1.298742,2.499932,0.08762096
-0.2096223,0.60771,0.0002407045,1.499174,2.499924,0.08752257
-0.268066,0.6538805,0.0004355831,1.699459,2.49992,0.08748897
-0.3367587,0.7042736,0.0001507696,1.899657,2.499923,0.08750373
-0.4341612,0.759408,0.0006021171,2.099803,2.499938,0.08757231
-0.5497568,0.8088767,0.0002834867,2.299882,2.499936,0.08773633
-0.7129529,0.8449176,0.0008140169,2.499699,2.49973,0.08814029
0.007439529,0.4110533,-0.001580687,0.2486658,2.649927,0.04609805
-0.04630786,0.498577,0.0001189224,0.4966141,2.699984,0.0935118
-0.04717718,0.5130721,-0.001265705,0.6961748,2.699982,0.08993238
-0.07437431,0.5377721,0.0006919509,0.8970358,2.699974,0.0883868
-0.09506817,0.5667575,0.0002025662,1.098062,2.699964,0.08784224
-0.1259967,0.605913,0.0004336194,1.298747,2.699957,0.08762355
-0.1599296,0.6530081,0.0004782642,1.499181,2.699952,0.08752794
-0.2087364,0.7125462,0.0005482466,1.699471,2.69995,0.08750004
-0.2687451,0.7804498,0.0008831983,1.899677,2.699954,0.08752787
-0.3595968,0.8632915,0.001112109,2.099837,2.699969,0.08763041
-0.4835295,0.9383821,0.001676066,2.299923,2.699946,0.08790283
-0.6798599,1.006038,-0.001575923,2.499475,2.699425,0.08871999
0.006316899,0.4662033,0.01359821,0.2490042,2.850034,0.04625337
-0.00617586,0.5117777,0.001464186,0.4966235,2.900005,0.09351473
-0.03126138,0.5301512,0.002108493,0.6961877,2.899991,0.08993542
-0.04350136,0.5564644,0.0003942462,0.897047,2.899984,0.08838993
-0.05986071,0.5893393,0.000495587,1.098074,2.899978,0.08784633
-0.08121621,0.6339705,0.0003450145,1.298759,2.899973,0.08762929
-0.1044447,0.6901428,0.0005940932,1.499196,2.89997,0.08753673
-0.1445012,0.762908,0.0006358101,1.69949,2.899969,0.08751468
-0.1897918,0.8532803,0.001512521,1.899706,2.899973,0.08755589
-0.2815028,0.973393,0.001367377,2.099889,2.899984,0.08769504
-0.3928108,1.121921,0.004808586,2.300019,2.899955,0.08808537
-0.6638426,1.32222,-0.0008397111,2.499559,2.899421,0.0892867
0.02582472,0.4571985,-0.003653645,0.248044,3.049942,0.04595908
-0.01630649,0.5189615,0.001063749,0.4966305,3.099991,0.09351803
-0.0063254,0.5402303,-0.0008415606,0.6962121,3.099993,0.08994135
-0.01495358,0.5662171,0.0003310277,0.8970699,3.09999,0.08839658
-0.01681198,0.6016703,7.194959e-07,1.098096,3.099987,0.08785441
-0.02407275,0.6499596,1.644685e-05,1.298781,3.099984,0.08763933
-0.02937159,0.7138444,0.0003121005,1.499218,3.099982,0.08754972
-0.04493116,0.7986189,-0.0001363045,1.699517,3.099981,0.08753247
-0.05887215,0.9144249,0.001791791,1.899744,3.099984,0.08758429
-0.1070154,1.073848,-0.0003493854,2.099956,3.099991,0.08775107
-0.1538527,1.311326,0.008562101,2.300149,3.099974,0.08822918
-0.3155659,1.649311,-0.000268288,2.499715,3.099745,0.08975847
0.02086061,0.4683446,0.01071044,0.2492022,3.25001,0.04633791
0.01672054,0.5198662,0.001079114,0.4967686,3.299997,0.09355018
0.01155061,0.5370354,0.001093142,0.6962672,3.299997,0.08995428
0.01855538,0.5650036,-5.977538e-05,0.8971116,3.299995,0.08840904
0.02477884,0.5995539,3.987372e-06,1.098133,3.299993,0.08786888
0.03262789,0.6472445,-0.0003555658,1.298815,3.299991,0.0876562
0.04739278,0.7096772,-0.0002562642,1.49925,3.29999,0.08756925
0.06130179,0.7933182,-0.001100168,1.69955,3.29999,0.08755558
0.09612102,0.9063787,1.742901e-05,1.899787,3.299992,0.08761386
0.1258765,1.065825,-0.003118156,2.100028,3.299996,0.08779485
0.218771,1.297995,0.002487629,2.300284,3.299996,0.08831518
0.3058757,1.648443,-0.00822951,2.499909,3.299985,0.09000197
0.02969501,0.454901,0.003425078,0.2493365,3.450003,0.04638927
0.02023328,0.5099168,0.00167847,0.496845,3.500003,0.09357143
0.03433161,0.5319622,-4.270455e-05,0.6963308,3.500001,0.08997192
0.04787494,0.5542858,-0.0002028821,0.8971714,3.499999,0.08842885
0.06607319,0.5866926,-0.0002938061,1.098188,3.499998,0.08789208
0.08729287,0.6295283,-0.0006956107,1.298863,3.499997,0.08768257
0.1191198,0.6856801,-0.0005356786,1.499292,3.499996,0.08759827
0.1550566,0.757568,-0.002413186,1.699589,3.499996,0.08758707
0.2213843,0.8523102,-0.0004823008,1.89983,3.499997,0.08764808
0.2923948,0.9751252,-0.01106794,2.100094,3.499999,0.08783394
0.4639901,1.137811,0.000760139,2.300407,3.500004,0.08836655
0.6394056,1.36476,-0.06451016,2.500178,3.500012,0.09006852
0.03686358,0.442153,0.01198663,0.2493476,3.650001,0.04639381
0.02841156,0.4964287,0.0008042388,0.4968948,3.700004,0.09358983
0.0514604,0.51224,-0.000871489,0.6964002,3.700003,0.08999413
0.07335292,0.5338244,-0.0003425245,0.8972464,3.700002,0.08845578
0.1004938,0.5612433,-0.0003632269,1.098259,3.700001,0.08792361
0.1323432,0.597167,-0.0005860679,1.298924,3.7,0.08771804
0.1764542,0.6428115,-0.0003271151,1.499341,3.7,0.08763637
0.2288607,0.6983741,-0.001728909,1.699629,3.7,0.08762676
0.31401,0.7683696,0.0004767521,1.899869,3.7,0.08768802
0.4100893,0.8493011,-0.007789606,2.100143,3.700001,0.08787348
0.6095223,0.9442258,0.006889739,2.300494,3.700003,0.08840519
0.7852741,1.039512,-0.03881893,2.500359,3.700007,0.09010215
0.03825391,0.422305,0.006460556,0.2493535,3.850001,0.04639749
0.04573457,0.4747807,0.001473187,0.4969399,3.900002,0.09360885
0.06717922,0.4892097,0.0001307876,0.6964662,3.900002,0.09001728
0.09627918,0.506809,-0.0002742811,0.8973217,3.900001,0.08848416
0.1285279,0.528808,-0.0002055989,1.098331,3.9,0.08795677
0.167646,0.5566686,-0.0004858758,1.298984,3.9,0.08775499
0.218261,0.590534,-0.0002148686,1.499388,3.899999,0.08767572
0.2784116,0.628721,-0.001465317,1.699665,3.899999,0.08766686
0.3665836,0.6727432,0.0006351386,1.899896,3.899999,0.08772702
0.4663731,0.7130062,-0.006732935,2.100168,3.899999,0.08790944
0.641884,0.7529825,0.005709079,2.300527,3.899999,0.08843628
0.7967625,0.7489848,-0.03959937,2.500414,3.899998,0.09012662
0.04396324,0.399249,0.0096866,0.249353,4.049997,0.04640037
0.04876166,0.4491656,0.0007734912,0.4969405,4.099999,0.09361632
0.0790369,0.4604182,-0.0005813405,0.6964937,4.099999,0.09003094
0.1123425,0.4741504,-0.0003393076,0.8973659,4.099998,0.08850263
0.149432,0.4903742,-0.0002108257,1.098377,4.099996,0.08797877
0.192882,0.5101092,-0.0003325763,1.299025,4.099995,0.08777955
0.2467953,0.5327553,-1.342497e-05,1.499419,4.099994,0.0877018
0.3091928,0.5555961,-0.000882795,1.699686,4.099994,0.08769309
0.395491,0.5790148,0.0009795538,1.899908,4.099994,0.08775186
0.4887711,0.5921216,-0.004006629,2.100168,4.099993,0.08793086
0.6385927,0.5978233,0.006312285,2.300506,4.099991,0.08845216
0.7612369,0.5552998,-0.02314444,2.500355,4.099986,0.09013528
-0.05146768,0.04933667,0.0005380688,0.2916433,0.2901441,0.2951653
-0.09805598,0.02789832,-0.007188608,0.5040905,0.2712964,0.3020482
-0.1313163,0.0216757,-0.0002337732,0.7037751,0.2559925,0.3071938
-0.177514,0.0236239,-0.00428466,0.8993008,0.25093,0.3099161
-0.2220867,0.026088,-0.0004919216,1.099258,0.2497038,0.3099725
-0.2690472,0.02510357,-0.002424575,1.299588,0.249356,0.3097885
-0.3142817,0.02541161,-0.0009684407,1.499795,0.2492273,0.3096945
-0.3608128,0.02508757,-0.001770548,1.699898,0.2491879,0.3096568
-0.4057979,0.02537673,0.0007417732,1.899948,0.2491836,0.3096492
-0.4508429,0.02527021,0.0024228,2.099974,0.2492027,0.3096587
-0.4930138,0.02449779,-0.000721907,2.299989,0.249245,0.3096784
-0.5328534,0.02343877,0.001525114,2.499995,0.2492994,0.3097071
-0.0282969,0.09739534,0.008385403,0.2736126,0.5033337,0.3040221
-0.08800443,0.08789486,0.0001831032,0.4860222,0.4845194,0.2944392
-0.1295574,0.08863674,0.0001112377,0.6932022,0.4728993,0.2920114
-0.1801429,0.08486346,-0.0003418493,0.8963653,0.4676465,0.2912471
-0.2229452,0.08575484,-9.867057e-05,1.097921,0.4653394,0.2908921
-0.2704157,0.08579469,-0.0007076169,1.298799,0.4643758,0.2906503
-0.3160077,0.08594869,-0.0008381354,1.499303,0.4639648,0.2905165
-0.3632924,0.08543356,-0.0009611266,1.699592,0.4638031,0.2904562
-0.4093197,0.08425854,-0.001627628,1.89976,0.4637762,0.290443
-0.4546792,0.08206387,-0.001594357,2.09986,0.4638455,0.2904646
-0.4983908,0.07930917,-0.0008624417,2.29992,0.4639917,0.2905123
-0.5400792,0.07425237,-0.001181761,2.499955,0.4641681,0.2905699
-0.02092586,0.131033,0.004110538,0.2573648,0.7036969,0.3088011
-0.08784046,0.129487,-0.002023682,0.4742355,0.6927735,0.292571
-0.1262742,0.1287529,0.0004240707,0.6868149,0.6862331,0.2869094
-0.1767719,0.1292849,0.001047871,0.893071,0.6819614,0.2846211
-0.2205705,0.1302312,0.001571775,1.096126,0.6796267,0.2837335
-0.2688402,0.1308958,0.001545558,1.297742,0.678432,0.2833318
-0.3149659,0.1312704,0.001896824,1.498648,0.6778437,0.2831374
-0.3630296,0.1308134,0.001766749,1.699175,0.6775873,0.2830509
-0.4099351,0.1293871,0.002654961,1.899492,0.6775408,0.2830321
-0.4567062,0.1264239,0.002717537,2.099688,0.6776552,0.2830648
-0.5018977,0.1213802,0.002724207,2.299811,0.6778917,0.283136
-0.5452217,0.1144598,0.002902492,2.499887,0.6781698,0.2832214
-0.02083293,0.1741376,0.005287817,0.2517338,0.8992353,0.3108082
-0.08215006,0.1796083,-0.0005641092,0.4685515,0.8962033,0.2916567
-0.1241697,0.1783781,-0.0005989001,0.6824283,0.8928425,0.2847191
-0.1745908,0.179987,2.777665e-05,0.8903054,0.8901103,0.2815665
-0.21901,0.1811078,-0.0005876449,1.094429,0.8882971,0.2802799
-0.2676645,0.1827306,-0.0004183757,1.296684,0.8872129,0.279713
-0.3147019,0.1835544,-0.0006011396,1.497971,0.8866134,0.2794479
-0.3639637,0.1835568,-0.0006532888,1.698736,0.88633,0.2793316
-0.4126074,0.1818393,-0.0007162729,1.899204,0.8862742,0.2793059
-0.4617612,0.178127,-0.0007553731,2.099499,0.8864039,0.2793485
-0.5095731,0.1713506,-0.0006764969,2.299689,0.8866746,0.2794421
-0.5559182,0.1618234,-0.0006822678,2.499809,0.886992,0.2795531
-0.0228285,0.2169321,0.001718642,0.2502927,1.099229,0.3107176
-0.08044067,0.2203598,0.0001679112,0.4659957,1.097861,0.2912144
-0.1217845,0.2209537,-0.0009583296,0.6799694,1.096047,0.2838314
-0.1713462,0.2240222,0.0007911621,0.8884331,1.094366,0.2803022
-0.2161631,0.2265831,0.0001761603,1.093115,1.093087,0.278791
-0.2653554,0.2295457,0.0005226908,1.295789,1.092225,0.2781069
-0.3135112,0.2314757,0.0004244748,1.497367,1.091703,0.2777835
-0.3644439,0.2324566,0.00046009,1.698328,1.091438,0.277641
-0.4152808,0.2309838,0.000511857,1.89893,1.091379,0.2776094
-0.4674482,0.2271692,0.0004986909,2.099317,1.091497,0.2776612
-0.5187177,0.2189894,0.0004853004,2.299569,1.091751,0.277775
-0.5691601,0.2073336,0.0004605328,2.499733,1.092051,0.2779098
-0.02064085,0.260603,0.006122368,0.2499004,1.29958,0.3105138
-0.07813008,0.2645133,0.0006770885,0.4649461,1.29878,0.2909518
-0.1182981,0.2664215,-0.0004762872,0.6786998,1.297722,0.2834222
-0.1675076,0.2708489,0.000632484,0.887293,1.296676,0.2797348
-0.2123301,0.2750302,-0.0002412493,1.092209,1.295808,0.2781073
-0.2619792,0.2798235,7.344706e-05,1.295114,1.295171,0.2773507
-0.3112932,0.2835391,-0.0001710661,1.496881,1.294755,0.2769866
-0.3642587,0.286382,-0.0001389023,1.697986,1.294532,0.2768247
-0.4178744,0.2861761,-0.0002358803,1.898693,1.294477,0.2767896
-0.4740511,0.2832501,-0.0002593149,2.099156,1.294572,0.2768505
-0.5297993,0.27445,-0.0002902144,2.299463,1.294783,0.2769832
-0.5856884,0.2610807,-0.0003560781,2.499665,1.295035,0.2771409
-0.01973432,0.3010037,0.006263082,0.2497668,1.499793,0.3104124
-0.07541476,0.3062165,0.0008551819,0.4644961,1.499299,0.2908087
-0.1139924,0.3088878,-0.0004543,0.6780527,1.498647,0.2832169
-0.1620158,0.3148932,0.0008704632,0.8866294,1.497984,0.2794577
-0.2064222,0.3211832,-4.882846e-05,1.091623,1.497402,0.2777702
-0.2562194,0.3284004,0.0003232994,1.29464,1.496949,0.2769714
-0.3064782,0.334564,6.205206e-05,1.496518,1.496638,0.2765818
-0.3615992,0.3399823,0.0001305489,1.697719,1.496464,0.2764082
-0.4183001,0.3416156,1.942298e-05,1.898504,1.496417,0.276373
-0.4794284,0.3402665,9.479962e-06,2.099027,1.496489,0.2764444
-0.5410736,0.331147,-6.964787e-05,2.299378,1.496653,0.2765959
-0.6047164,0.3165355,-0.0002160532,2.499611,1.496854,0.2767769
-0.01869187,0.3397041,0.001898854,0.2497089,1.699895,0.3103739
-0.07137711,0.3469189,0.002383678,0.4642865,1.69959,0.2907369
-0.1085885,0.3509316,-0.001429841,0.6777159,1.699179,0.2831104
-0.1550659,0.3593373,0.0009266192,0.8862485,1.698751,0.2793148
-0.1985204,0.3683688,-0.0002280837,1.091258,1.698363,0.2775956
-0.2483038,0.3790554,0.0002357061,1.294324,1.698049,0.2767734
-0.2993893,0.3890722,-8.631059e-05,1.496265,1.697826,0.2763698
-0.3570847,0.3990063,1.258163e-05,1.697527,1.697697,0.2761916
-0.4173944,0.4048843,-0.0001571389,1.898366,1.697663,0.2761611
-0.4847849,0.4077789,-0.0001329044,2.098932,1.697718,0.2762464
-0.5535492,0.4010392,-0.0002329452,2.299316,1.697846,0.2764208
-0.6268607,0.3866328,-0.0004676664,2.499574,1.698008,0.2766316
-0.01777311,0.3786399,0.004561327,0.2496858,1.899942,0.3103565
-0.06577422,0.3845011,0.001651905,0.4641792,1.899754,0.2906992
-0.1007788,0.3902365,-8.773762e-05,0.6775338,1.899493,0.2830536
-0.1447939,0.401147,0.0009844941,0.8860303,1.899215,0.279239
-0.1866558,0.4133138,-3.447454e-05,1.091037,1.898957,0.2775032
-0.2354087,0.4280646,0.0003255146,1.294124,1.898743,0.2766696
-0.2863316,0.4424889,-2.401032e-05,1.496099,1.898588,0.2762607
-0.3458049,0.4576826,9.805619e-05,1.697399,1.898498,0.2760846
-0.4093096,0.4682359,-0.0001513505,1.898274,1.898477,0.2760648
-0.4837106,0.4763906,-9.561091e-05,2.098872,1.898523,0.2761716
-0.5621079,0.4717735,-0.0003151726,2.299282,1.898627,0.2763803
-0.6499915,0.4596123,-0.0007144186,2.499556,1.898768,0.2766399
-0.01504702,0.410872,0.01255393,0.2496583,2.099966,0.3103349
-0.06143142,0.420895,0.001330233,0.4641039,2.099851,0.2906712
-0.09130019,0.4279677,-3.486298e-06,0.6774264,2.099683,0.2830209
-0.1325035,0.4418724,0.0009494267,0.8859048,2.099502,0.2791984
-0.1718636,0.4580788,-2.223107e-05,1.090909,2.099332,0.2774556
-0.2192887,0.4782215,0.0003036471,1.294006,2.099188,0.2766179
-0.2697163,0.4995202,-7.673699e-05,1.496,2.099083,0.2762101
-0.3314854,0.5232981,9.755951e-05,1.697325,2.099023,0.2760427
-0.3983358,0.5438639,-0.0002451863,1.898227,2.099014,0.2760425
-0.4819068,0.5628957,-2.612301e-05,2.098849,2.099056,0.276185
-0.5697001,0.5693402,-0.0003378029,2.299277,2.099149,0.2764545
-0.6764806,0.5624657,-0.0008530446,2.499561,2.099285,0.2768102
-0.01345005,0.4414866,0.0003556152,0.2495729,2.299998,0.3102328
-0.05076849,0.4524633,0.003385466,0.4640091,2.299913,0.2906269
-0.07935273,0.4609538,-0.0005142299,0.6773526,2.299801,0.2829981
-0.1154894,0.4781926,0.001056668,0.8858344,2.299683,0.2791774
-0.1508123,0.4985266,-3.437925e-05,1.090841,2.29957,0.2774337
-0.1943102,0.5244355,0.0003525581,1.293946,2.299475,0.276597
-0.2414535,0.5526966,-2.341628e-05,1.495954,2.299406,0.2761958
-0.3018092,0.5856871,0.0001459204,1.697298,2.299369,0.2760438
-0.3696172,0.6160303,-0.0002906805,1.89822,2.299369,0.2760743
-0.4595052,0.648264,-0.0001037581,2.098863,2.29941,0.2762762
-0.5621091,0.663076,-0.0005809099,2.299307,2.299497,0.2766592
-0.6934883,0.671186,-0.001251436,2.499596,2.299635,0.2772227
-0.01165831,0.469232,0.01176671,0.2494693,2.499986,0.3100797
-0.04406635,0.4803869,0.001388914,0.4639357,2.499941,0.290589
-0.06521433,0.4908574,0.00051523,0.6773146,2.499873,0.2829866
-0.09604795,0.5110635,0.0008840437,0.8858057,2.499797,0.2791698
-0.1264463,0.5362665,0.0001383743,1.090817,2.499724,0.2774281
-0.1656792,0.5689942,0.0003434989,1.29393,2.499662,0.2765961
-0.2088379,0.6072665,-1.311447e-05,1.495951,2.499617,0.2762053
-0.2685261,0.6531982,0.00022651,1.697311,2.499595,0.2760747
-0.3355432,0.7027654,-0.0003030313,1.898255,2.4996,0.2761491
-0.4361414,0.757404,0.0002335788,2.09892,2.499638,0.2764435
-0.5452477,0.8055435,-0.000399325,2.299384,2.499716,0.2770316
-0.7181696,0.8422844,9.2507e-05,2.49967,2.499843,0.2780466
-0.008928815,0.4846213,-0.000990483,0.2495359,2.699975,0.3102128
-0.03157618,0.5009298,0.003262296,0.4639668,2.699957,0.2906125
-0.04863928,0.5126932,-0.001973029,0.677324,2.699918,0.2829907
-0.07139666,0.5368569,0.0008477271,0.8858165,2.69987,0.2791737
-0.09391533,0.5665231,-7.133375e-05,1.090833,2.699823,0.2774351
-0.1240143,0.6059011,0.000290492,1.293953,2.699783,0.2766099
-0.1580265,0.6533737,8.662113e-05,1.495985,2.699754,0.2762318
-0.2066438,0.7129837,6.652104e-05,1.697362,2.699742,0.2761266
-0.2666869,0.7807506,4.536185e-06,1.89833,2.699748,0.2762545
-0.3580642,0.8624227,3.860515e-06,2.09903,2.699778,0.276673
-0.4809099,0.9413259,0.0005697046,2.299531,2.699832,0.2775773
-0.6763309,1.014136,-0.002109024,2.49982,2.699899,0.279439
-0.005127829,0.5011854,0.003787488,0.2495418,2.900016,0.3102082
-0.01865344,0.5154973,0.0001353949,0.4639949,2.899982,0.2906234
-0.02944733,0.5293034,0.002053756,0.6773631,2.89995,0.2830023
-0.0441404,0.5554234,0.0004867927,0.885864,2.899918,0.2791881
-0.05888281,0.5888914,0.0003066176,1.090888,2.899887,0.2774547
-0.07994352,0.6337823,0.0001498338,1.294014,2.899861,0.2766375
-0.1026889,0.6905044,0.0001515586,1.496055,2.899843,0.2762728
-0.1418311,0.7634271,5.695904e-05,1.69745,2.899836,0.2761927
-0.1864929,0.8548758,0.0003422544,1.898449,2.899841,0.2763738
-0.277744,0.973755,7.059257e-06,2.099204,2.899859,0.2769198
-0.3914377,1.122325,0.003178225,2.299802,2.89988,0.2781678
-0.6505449,1.322822,0.0007063471,2.50022,2.899846,0.2810276
-0.001988987,0.5089853,0.000977961,0.2495488,3.099981,0.310194
-0.006395364,0.5236807,0.00255569,0.4640459,3.099984,0.2906395
-0.008966388,0.5380594,-0.001303852,0.6774443,3.099969,0.2830253
-0.01369328,0.5652819,0.0002323966,0.8859612,3.099949,0.2792173
-0.01706848,0.6012615,-0.0002814106,1.090992,3.099929,0.2774917
-0.02367558,0.6499853,-0.0003360932,1.294121,3.099912,0.2766839
-0.02945531,0.7146174,-0.0003321413,1.496166,3.099901,0.276332
-0.04327376,0.7999341,-0.001011805,1.697574,3.099897,0.2762729
-0.05918509,0.9181745,0.0001686508,1.89861,3.099901,0.2764947
-0.09753382,1.079119,-0.002521436,2.099454,3.099912,0.2771332
-0.1525998,1.324008,0.005397238,2.300256,3.099922,0.2786156
-0.2742867,1.670763,-0.002774543,2.501166,3.099892,0.2820927
0.002082984,0.5072786,0.002167547,0.2496487,3.299997,0.3103325
0.007358436,0.5227293,-0.0003934461,0.4641783,3.299994,0.2906969
0.01177121,0.536796,0.001325212,0.6775965,3.299984,0.2830701
0.01708963,0.5638886,-0.0002434522,0.8861324,3.29997,0.2792705
0.02427196,0.5992781,-0.0002038552,1.091165,3.299956,0.2775562
0.03207215,0.6471478,-0.0007605113,1.294285,3.299945,0.2767599
0.04634667,0.7102763,-0.0009782942,1.496322,3.299938,0.2764201
0.06100245,0.7938095,-0.001998766,1.697734,3.299936,0.2763759
0.09386295,0.9087487,-0.001975514,1.898804,3.29994,0.2766214
0.1286065,1.06386,-0.004730679,2.099752,3.29995,0.2773064
0.2195375,1.304827,-0.002462289,2.300824,3.299968,0.2788842
0.3244698,1.611087,-0.007434319,2.502427,3.299992,0.2825278
0.005322475,0.501518,0.001606968,0.2497125,3.500007,0.3103821
0.02018101,0.5158467,0.0008801565,0.464335,3.500004,0.2907525
0.03206642,0.5288834,4.070103e-05,0.6778239,3.499996,0.2831368
0.04678631,0.5534868,-0.0005228197,0.8863954,3.499985,0.2793551
0.06446964,0.5861804,-0.0005587328,1.091426,3.499974,0.2776582
0.08576668,0.6294872,-0.00126895,1.29452,3.499966,0.2768768
0.1157558,0.6861448,-0.001488049,1.496526,3.499962,0.2765489
0.1537316,0.7579524,-0.0037975,1.697922,3.499961,0.2765144
0.2093629,0.8545875,-0.003374557,1.899009,3.499965,0.2767695
0.2977841,0.9732195,-0.01492884,2.100046,3.499974,0.277468
0.4029372,1.151838,-0.007258192,2.301375,3.499995,0.279067
0.6849021,1.281773,-0.06182476,2.50362,3.500043,0.2827237
0.009101714,0.4878408,-0.007154098,0.2497677,3.70001,0.3104067
0.03185949,0.5002589,-2.824382e-05,0.4645176,3.700009,0.2908113
0.0494104,0.5115482,-0.0004775722,0.6781188,3.700002,0.2832239
0.07266754,0.5331193,-0.0007489034,0.8867405,3.699992,0.2794689
0.09901938,0.5610349,-0.0006055726,1.091762,3.699983,0.2777953
0.1311729,0.597222,-0.001170026,1.294812,3.699977,0.2770319
0.1741878,0.6430458,-0.001250199,1.496766,3.699975,0.276716
0.2288249,0.6990205,-0.002883712,1.698121,3.699974,0.276687
0.3073433,0.7685609,-0.002085986,1.899196,3.699977,0.2769419
0.4195238,0.8509542,-0.009903912,2.100279,3.699983,0.2776346
0.5742425,0.9439063,0.0006276636,2.301771,3.699995,0.2792225
0.8606943,1.056827,-0.03974264,2.504431,3.700018,0.2828574
0.01150315,0.4693441,0.000794605,0.2498239,3.900008,0.3104308
0.04140896,0.4791927,-0.0003705848,0.4647047,3.900006,0.2908733
0.06514741,0.48859,0.0005419048,0.6784209,3.9,0.2833144
0.09478722,0.5061511,-0.0007395749,0.8870951,3.899991,0.2795876
0.1274794,0.5285053,-0.0004226056,1.092104,3.899983,0.2779378
0.166918,0.5564888,-0.001096971,1.295104,3.899978,0.2771924
0.2168604,0.5903618,-0.001154323,1.496997,3.899975,0.2768874
0.2788514,0.6287496,-0.002699009,1.698296,3.899974,0.2768611
0.3610596,0.6721685,-0.001965694,1.899333,3.899975,0.2771099
0.4737326,0.7146331,-0.009228717,2.100403,3.899977,0.2777875
0.6091348,0.7500172,-0.0007037617,2.301927,3.899979,0.279351
0.8434297,0.7614444,-0.04169887,2.504691,3.89998,0.2829528
0.0144042,0.4446613,-0.004127081,0.2498456,4.100002,0.3104328
0.04917661,0.4531474,-0.0007236298,0.4648057,4.099998,0.2909048
0.07681512,0.4601074,-0.0001291217,0.6786068,4.099991,0.2833698
0.1114094,0.4735598,-0.0008569808,0.887325,4.099981,0.2796649
0.1484962,0.4900822,-0.0003712176,1.092331,4.099973,0.2780321
0.1923565,0.5098661,-0.0008683819,1.295299,4.099966,0.2772988
0.2458318,0.5324703,-0.0007877156,1.497147,4.099962,0.2770003
0.3099381,0.5556104,-0.001826146,1.698402,4.099961,0.2769747
0.3921583,0.5783183,-0.001066173,1.899393,4.099961,0.2772171
0.4960386,0.5946067,-0.005472426,2.100407,4.09996,0.2778802
0.6215488,0.5959948,0.001205927,2.301839,4.099952,0.2794204
0.8046501,0.5778223,-0.02065639,2.50443,4.099929,0.2829915
-0.04813396,0.04744149,0.0005629084,0.2879278,0.2876881,0.4987642
-0.09000097,0.01637971,-0.001576219,0.506427,0.2548417,0.504189
-0.1280446,0.02646623,0.004175421,0.7100993,0.225728,0.511899
-0.1767212,0.02679974,0.001770573,0.8996426,0.2151407,0.5127037
-0.2180868,0.02649626,0.004270032,1.098553,0.2118243,0.512761
-0.2657568,0.02611482,0.003018245,1.299094,0.2108891,0.5125395
-0.3102677,0.02586981,0.003850351,1.499538,0.2105972,0.5123947
-0.3564239,0.02558835,0.003632165,1.699772,0.2104925,0.5123412
-0.4010842,0.02556741,0.004118535,1.899886,0.2104716,0.512333
-0.4440955,0.02510316,0.004079799,2.099943,0.2105062,0.5123451
-0.4860424,0.02377565,0.004793514,2.299974,0.2105814,0.5123669
-0.0165565,0.09034468,0.002735839,0.2551996,0.5062067,0.504491
-0.08597519,0.08640766,6.367862e-05,0.473875,0.4735194,0.4976302
-0.1311698,0.07712044,-0.001377621,0.6868803,0.4495529,0.4962922
-0.1792453,0.07451801,-0.002612051,0.8927965,0.4366767,0.4954102
-0.2226033,0.0723791,-0.0023276,1.095727,0.430961,0.4948947
-0.2695778,0.07259106,-0.003098451,1.297464,0.4286638,0.4945311
-0.3148417,0.07232522,-0.002792378,1.498508,0.4277252,0.4943211
-0.361613,0.07185783,-0.003021422,1.699121,0.4273544,0.4942269
-0.4071446,0.07092191,-0.002544865,1.89948,0.4272816,0.4942084
-0.452406,0.06932378,-0.002344642,2.099695,0.427415,0.4942423
-0.4956876,0.06599983,-0.002068386,2.299826,0.4276992,0.4943127
-0.5370008,0.06236242,-0.001758934,2.4999,0.4280335,0.4943951
-0.02355361,0.127401,-0.00401371,0.2259027,0.7100269,0.5120763
-0.07558756,0.1312408,0.001736564,0.4499076,0.6866576,0.4964196
-0.1245163,0.1265301,0.0002744935,0.6723655,0.6720959,0.4931217
-0.1737941,0.1264911,0.0005278957,0.8849766,0.6615453,0.4908744
-0.2197778,0.1261475,0.001253211,1.091423,0.6556845,0.4896862
-0.2680441,0.126842,0.001205866,1.294903,0.6527427,0.4890698
-0.3144988,0.1267694,0.001509682,1.496903,0.6513173,0.4887488
-0.3625605,0.1262989,0.001457255,1.698091,0.6506967,0.4886026
-0.4094334,0.1245158,0.001695764,1.898815,0.6505722,0.4885742
-0.4559692,0.1215623,0.001701475,2.099266,0.6508188,0.4886371
-0.5010311,0.1166411,0.001820204,2.299551,0.6513387,0.4887681
-0.5442838,0.1099063,0.001770557,2.499728,0.6519468,0.4889217
-0.02476864,0.1754464,-0.001361421,0.215271,0.8996082,0.5128275
-0.07151517,0.1781111,0.002980983,0.436957,0.8927062,0.4955328
-0.1218489,0.1752722,-7.290142e-05,0.6617749,0.8848475,0.4909302
-0.1711183,0.1761943,0.0001537116,0.8780414,0.8779334,0.4876608
-0.2180891,0.1760987,-0.0001318339,1.087138,0.8732539,0.4858611
-0.2666664,0.1774916,-0.000124683,1.292212,0.8704988,0.4849527
-0.3142055,0.1779608,-0.000183782,1.49517,0.8689905,0.4844949
-0.3633973,0.1779098,-0.0002254693,1.696957,0.8682771,0.4842888
-0.4120078,0.1761378,-0.0001694091,1.898067,0.8681242,0.4842485
-0.4610293,0.1725719,-0.0001573617,2.098771,0.8684196,0.4843377
-0.5086721,0.1659096,-9.749677e-05,2.299226,0.8690498,0.4845234
-0.5548214,0.1567698,-6.327378e-05,2.49952,0.8697881,0.4847407
-0.02395928,0.2137087,-0.003662599,0.2119195,1.098539,0.5128568
-0.06743797,0.2195232,0.002817104,0.4311707,1.095692,0.4950025
-0.1183225,0.2196718,-0.0006245789,0.6558454,1.091379,0.48975
-0.1666425,0.2226533,0.0005291942,0.8733013,1.087121,0.4858797
-0.2145174,0.2245002,0.0001902084,1.08379,1.08383,0.4836442
-0.2637952,0.2272432,0.0003886103,1.28992,1.081623,0.4824969
-0.3127429,0.2288691,0.0003345035,1.493615,1.080289,0.4819146
-0.3637704,0.2297403,0.0003776131,1.695904,1.079612,0.4816515
-0.4147389,0.2281404,0.0003911704,1.897355,1.079452,0.4815994
-0.4668419,0.2243319,0.0003988982,2.098294,1.079728,0.4817122
-0.5180147,0.2162403,0.0004186805,2.29891,1.080333,0.4819472
-0.5683039,0.2047599,0.0004169325,2.499317,1.081047,0.4822226
-0.02276172,0.2577816,-0.002339476,0.2109666,1.299089,0.5126299
-0.06521461,0.2632176,0.003829347,0.4288202,1.297455,0.49463
-0.1152006,0.2651981,-0.0005373858,0.6528262,1.294902,0.4891272
-0.1626171,0.2693883,0.0004993972,0.8704578,1.292242,0.4849669
-0.2104519,0.2731064,-8.378115e-05,1.08149,1.290007,0.4824918
-0.2601846,0.2777024,9.243829e-05,1.288191,1.288369,0.481188
-0.3103724,0.2811814,-9.784253e-05,1.492364,1.287302,0.4805157
-0.3634632,0.2839313,-5.529039e-05,1.69502,1.286727,0.4802096
-0.4172843,0.2836416,-0.0001194222,1.896742,1.286577,0.4801502
-0.4734479,0.2807357,-0.0001144965,2.097877,1.2868,0.4802847
-0.52916,0.2720093,-0.0001170419,2.298633,1.287309,0.4805634
-0.5849238,0.2587793,-0.0001181119,2.499139,1.287918,0.480891
-0.02134968,0.2984203,-0.002889132,0.21066,1.499537,0.5124827
-0.06227856,0.3039416,0.003723714,0.4278255,1.498507,0.4944098
-0.1107262,0.3078802,-0.0005916119,0.6512969,1.496917,0.4887885
-0.1569042,0.3137696,0.0006541869,0.868814,1.495218,0.4844849
-0.204298,0.3199136,3.002596e-05,1.08001,1.493717,0.4818796
-0.2541712,0.3270581,0.0002779209,1.286981,1.492551,0.4804819
-0.3053854,0.3330774,6.914857e-05,1.491433,1.491749,0.4797516
-0.3606939,0.3384282,0.0001384705,1.694334,1.491298,0.4794188
-0.4176807,0.3399927,5.661471e-05,1.896254,1.491171,0.4793595
-0.4788636,0.3386424,6.212889e-05,2.097541,1.491341,0.4795176
-0.5405458,0.3295726,3.176829e-05,2.29841,1.491742,0.479839
-0.6041059,0.315058,-1.455137e-05,2.498996,1.492232,0.4802188
-0.02062053,0.3378837,-0.002511372,0.2105323,1.69977,0.5124247
-0.05938648,0.344609,0.003667814,0.427365,1.69912,0.4942966
-0.1052101,0.3500248,-0.0006378916,0.6505032,1.698106,0.4886054
-0.1500405,0.3581181,0.0006208777,0.8678736,1.697005,0.4842256
-0.1963068,0.3671736,-7.831671e-05,1.07909,1.696001,0.4815494
-0.246145,0.3778026,0.000170238,1.286177,1.695191,0.4800988
-0.2981774,0.3877709,-7.996979e-05,1.490783,1.694614,0.4793365
-0.3560778,0.3976732,-1.447312e-05,1.693839,1.694281,0.4789929
-0.4167183,0.4034976,-0.000131322,1.895896,1.694187,0.478944
-0.4841957,0.4063816,-0.0001318311,2.097294,1.694318,0.4791334
-0.5530359,0.399647,-0.000168837,2.298249,1.694631,0.4795049
-0.6262726,0.3852539,-0.0002441887,2.498896,1.695026,0.4799493
-0.01858364,0.371775,-0.001577678,0.2104707,1.89988,0.5124065
-0.05488101,0.3819673,0.003761425,0.4271343,1.899472,0.4942416
-0.09777281,0.388815,-0.0003342447,0.6500795,1.898821,0.4885077
-0.1400274,0.3997913,0.0007273537,0.8673377,1.898103,0.484086
-0.1844719,0.4121291,8.808964e-06,1.078535,1.897435,0.4813723
-0.2332466,0.4269091,0.0002222226,1.285669,1.896883,0.479895
-0.2850594,0.441386,-3.923913e-05,1.490359,1.896481,0.4791203
-0.3447603,0.4566033,2.108205e-05,1.693511,1.896247,0.4787815
-0.4086245,0.4671389,-0.0001118259,1.89566,1.896186,0.4787572
-0.4831652,0.4753265,-0.0001346663,2.097138,1.896296,0.4789942
-0.5617398,0.4707191,-0.0001973559,2.298154,1.896549,0.4794395
-0.6495899,0.458622,-0.0003968868,2.498842,1.896888,0.4799841
-0.0158394,0.4085873,-0.003139278,0.2104363,2.099931,0.5123998
-0.04808261,0.4173855,0.003906364,0.4270087,2.099676,0.4942128
-0.08857092,0.4268336,-0.0003649852,0.649848,2.099259,0.4884553
-0.1277241,0.4401672,0.0007224638,0.8670371,2.09879,0.4840127
-0.1697278,0.4567443,-1.677644e-05,1.078215,2.098348,0.4812814
-0.2171335,0.4769203,0.0001567753,1.28537,2.097976,0.4797949
-0.2683929,0.4983556,-0.0001258934,1.490108,2.097704,0.4790232
-0.330391,0.5221921,-9.693125e-05,1.693322,2.097548,0.4787043
-0.3975739,0.5427663,-0.0002564257,1.895536,2.097518,0.4787234
-0.4812899,0.5618056,-0.0003130932,2.097072,2.097617,0.4790369
-0.5692573,0.5681892,-0.0003664954,2.29813,2.097836,0.4796059
-0.6758858,0.5611836,-0.0006911464,2.498839,2.098149,0.4803341
-0.01494937,0.4375869,-0.0004614802,0.2104119,2.299957,0.5123897
-0.04328851,0.4484329,0.003157774,0.4269333,2.299798,0.4941927
-0.07675174,0.4594786,-0.0001750059,0.6497229,2.29953,0.4884272
-0.1116904,0.4762034,0.0006206072,0.8668799,2.299225,0.4839774
-0.1488578,0.4970118,-1.318924e-05,1.078049,2.298934,0.4812417
-0.1923873,0.5229803,0.0001367811,1.285219,2.298688,0.4797579
-0.2402239,0.5514472,-0.0001169712,1.489991,2.298508,0.479001
-0.3008269,0.5845662,-0.0001275208,1.69325,2.298409,0.4787165
-0.3689805,0.6149281,-0.000265232,1.895515,2.298402,0.4788026
-0.4590936,0.6472712,-0.0004330421,2.097096,2.298493,0.4792375
-0.5620652,0.6619725,-0.0004244139,2.298185,2.298686,0.480021
-0.6933417,0.6703429,-0.00108278,2.498896,2.298988,0.481106
-0.01088198,0.4636181,-0.00242852,0.2103978,2.499973,0.5123811
-0.03370595,0.4756033,0.00300194,0.4268975,2.499872,0.4941824
-0.0631119,0.4889457,-0.0001040947,0.6496717,2.4997,0.4884163
-0.09242199,0.5086044,0.0006108249,0.8668218,2.499503,0.4839672
-0.1247364,0.5344014,9.597792e-06,1.077995,2.499313,0.481235
-0.1639621,0.5672098,5.383249e-05,1.28518,2.499152,0.4797618
-0.2076863,0.6057459,-0.0002000196,1.489981,2.499035,0.4790286
-0.2676347,0.6518165,-0.0003140887,1.69328,2.498975,0.4787914
-0.3348726,0.7014222,-0.0004509192,1.895591,2.49898,0.4789683
-0.4357497,0.7560875,-0.0007947819,2.09722,2.499058,0.4795812
-0.5448775,0.8040504,-0.0007565728,2.29834,2.499218,0.4807178
-0.7174161,0.8397843,-0.001797096,2.499035,2.499479,0.4824826
-0.00975218,0.4842669,-0.001465948,0.2104014,2.699983,0.5123878
-0.02637301,0.4964331,0.001567399,0.4269048,2.699919,0.4941877
-0.04653408,0.5112445,-0.0004005553,0.6496863,2.699809,0.4884224
-0.06897885,0.5342459,0.0002563429,0.8668468,2.699681,0.4839773
-0.09257674,0.5644718,-0.0001221673,1.078033,2.699558,0.4812535
-0.1227912,0.6038684,-9.182714e-05,1.285237,2.699453,0.4797956
-0.1572341,0.6515988,-0.0002682448,1.490064,2.699378,0.4790911
-0.2061424,0.7113976,-0.0005347402,1.693403,2.699341,0.4789081
-0.2664992,0.7791569,-0.0005406084,1.895766,2.699349,0.4791917
-0.3582819,0.8610304,-0.001281702,2.097458,2.699405,0.480028
-0.4823815,0.9391338,-0.0006898421,2.298638,2.699504,0.4816562
-0.6758834,1.010185,-0.002868612,2.499312,2.699616,0.4844737
-0.00464875,0.4958567,0.0008613124,0.2104117,2.899991,0.5123918
-0.01582444,0.5107695,0.00163388,0.4269455,2.899952,0.4941991
-0.02876874,0.5270284,0.0004280887,0.6497656,2.899881,0.4884424
-0.04275836,0.5525277,0.0003397432,0.8669578,2.899797,0.4840075
-0.05819223,0.586512,-4.197031e-06,1.078166,2.899716,0.4812972
-0.07929675,0.6314585,-0.0002367488,1.285389,2.899648,0.4798583
-0.1022464,0.6884075,-0.0003881046,1.490239,2.8996,0.4791836
-0.1417544,0.7614526,-0.0008817548,1.693616,2.899577,0.4790528
-0.1864524,0.8527706,-0.0008329648,1.896043,2.899582,0.479438
-0.2785981,0.9718493,-0.002058294,2.09784,2.899612,0.48049
-0.3932703,1.119707,-0.001073911,2.299183,2.899642,0.4826096
-0.6538283,1.31621,-0.005465615,2.500003,2.89956,0.4864591
-0.002042663,0.5040757,-0.0005777341,0.2104343,3.099996,0.5123985
-0.004877362,0.5184711,0.0005975515,0.4270342,3.099974,0.4942217
-0.00851459,0.53579,-0.0001195464,0.6499355,3.099928,0.4884833
-0.01333934,0.5622012,-6.1351e-05,0.8671846,3.099871,0.4840669
-0.01700706,0.5987269,-0.0002724337,1.07842,3.099817,0.4813763
-0.02380305,0.6474879,-0.0005748941,1.285652,3.099773,0.4799595
-0.02978021,0.7123102,-0.0007574869,1.490513,3.099742,0.4793129
-0.04411502,0.797736,-0.001708044,1.693919,3.099728,0.4792245
-0.06028417,0.915809,-0.001787038,1.896422,3.099732,0.4796847
-0.09992699,1.077516,-0.004862197,2.098388,3.099752,0.4808854
-0.1586211,1.321595,-0.003422246,2.300095,3.099768,0.4833161
-0.2725197,1.652049,-0.01264648,2.501629,3.099713,0.4876973
0.002403296,0.5029806,0.001054072,0.2104811,3.300003,0.5124173
0.005922414,0.5179996,0.0001099518,0.4272021,3.299993,0.4942656
0.01099837,0.5346588,0.0003820804,0.6502446,3.299961,0.4885577
0.01617167,0.5610132,-0.0001277661,0.8675816,3.29992,0.4841718
0.02354923,0.5968805,-0.0002676762,1.078841,3.299881,0.4815108
0.03113424,0.6447744,-0.000760508,1.286058,3.29985,0.4801212
0.04540529,0.7081004,-0.001016183,1.490899,3.299831,0.4795007
0.05932857,0.7916886,-0.002116997,1.69431,3.299823,0.4794422
0.09275506,0.9062572,-0.002531732,1.896882,3.29983,0.4799444
0.1250819,1.061626,-0.005554863,2.099056,3.299851,0.4812142
0.2204801,1.299349,-0.006062699,2.301279,3.29989,0.4837595
0.3170875,1.602643,-0.01426626,2.503939,3.299936,0.4882275
0.005776722,0.4979492,0.001055969,0.2105516,3.500009,0.5124378
0.0169497,0.5106765,-0.0004600357,0.4274659,3.500008,0.4943299
0.03066177,0.5268812,0.0002641301,0.6507329,3.499984,0.4886747
0.04485991,0.5507714,-0.0003724408,0.8681975,3.49995,0.4843375
0.06309092,0.5840358,-0.0004669162,1.07947,3.49992,0.48172
0.08412368,0.627483,-0.001103936,1.286635,3.499897,0.4803653
0.114081,0.6844941,-0.00150392,1.491406,3.499884,0.4797707
0.1510333,0.756577,-0.003326091,1.694774,3.499881,0.4797309
0.2065466,0.8533995,-0.004626995,1.897376,3.499889,0.4802475
0.2908149,0.9730919,-0.01124507,2.099733,3.499912,0.4815305
0.395386,1.150151,-0.01700751,2.30247,3.499961,0.4840853
0.6749713,1.291566,-0.03535198,2.506267,3.50005,0.4884815
0.008089058,0.4828178,0.001509026,0.2106449,3.700013,0.5124605
0.02523191,0.4959532,-0.001653303,0.4278181,3.700017,0.4944128
0.04754674,0.5097859,0.0001904681,0.6513852,3.699996,0.4888311
0.06979593,0.5309427,-0.00057247,0.86901,3.699965,0.4845599
0.09725699,0.5593691,-0.0004673144,1.080282,3.699938,0.4819985
0.1292108,0.5957831,-0.001066745,1.28735,3.69992,0.4806854
0.1725184,0.6419804,-0.001279684,1.491998,3.699911,0.4801172
0.2263618,0.6984014,-0.002687357,1.695266,3.699909,0.480088
0.3061197,0.7683982,-0.003223973,1.897832,3.699916,0.4805993
0.4141477,0.8522672,-0.007204436,2.100277,3.699933,0.481861
0.5782739,0.9453815,-0.01004042,2.303351,3.699964,0.4843759
0.8455032,1.066787,-0.01575162,2.507908,3.700012,0.4886719
0.01193458,0.4630009,0.001659854,0.2107428,3.900012,0.5124832
0.03471331,0.4754036,-0.001495802,0.4281844,3.900014,0.4944982
0.06257468,0.4869902,0.0004540096,0.6520613,3.899994,0.4889937
0.09142514,0.5044197,-0.0005312126,0.8698468,3.899965,0.4847907
0.1254287,0.5272473,-0.0004013454,1.081107,3.89994,0.4822864
0.1647289,0.5554818,-0.001026517,1.288063,3.899923,0.4810145
0.2150427,0.5897169,-0.001245328,1.492565,3.899914,0.48047
0.2762408,0.6284407,-0.002677344,1.6957,3.899913,0.4804455
0.3594555,0.6723298,-0.003394139,1.898169,3.899917,0.4809418
0.4679888,0.7151219,-0.007928956,2.100579,3.899925,0.4821671
0.6107491,0.7516796,-0.0118546,2.303712,3.899934,0.4846231
0.8318212,0.7613218,-0.02409829,2.508454,3.899944,0.488832
0.01368499,0.4395123,0.001551166,0.2108045,4.100003,0.5124943
0.04075532,0.4500012,-0.002341542,0.4284194,4.099996,0.4945496
0.07403647,0.4589921,0.0002660197,0.6525043,4.099975,0.4890978
0.1076609,0.4723145,-0.0006585141,0.8704015,4.099948,0.4849419
0.1463865,0.4892456,-0.0003531194,1.081658,4.099923,0.4824766
0.1901743,0.509263,-0.0008558991,1.288538,4.099905,0.481232
0.2441868,0.5322159,-0.0009246343,1.492936,4.099894,0.4807023
0.3077142,0.5556914,-0.001943606,1.695963,4.099891,0.4806791
0.3912322,0.5789751,-0.002218047,1.898324,4.099893,0.4811617
0.491664,0.5956056,-0.004857213,2.100602,4.099894,0.4823566
0.6250472,0.5987991,-0.006269772,2.303531,4.099883,0.4847655
0.7917204,0.579566,-0.009771628,2.507938,4.099854,0.4889258
-0.05090118,0.05008207,0.0006916926,0.2865195,0.2864801,0.6994988
-0.093725,0.01231664,-0.003379663,0.5071292,0.2490895,0.6996385
-0.1301893,0.02382333,-0.001443475,0.7101185,0.2149541,0.7006833
-0.1796473,0.02554264,-0.003167816,0.8996734,0.2034172,0.7011571
-0.2204386,0.02539943,-0.001046183,1.09796,0.1989532,0.7009993
-0.2695382,0.02533602,-0.001788407,1.298638,0.1976296,0.7007787
-0.3142391,0.02465166,-0.001127926,1.499291,0.1972119,0.7006409
-0.3609478,0.02438607,-0.001342128,1.699652,0.1970615,0.7005852
-0.4056535,0.02394041,-0.0006980048,1.89983,0.1970303,0.7005744
-0.4500762,0.02330538,-0.0002806409,2.099918,0.1970763,0.7005857
-0.4924312,0.02234587,-0.0005571652,2.299963,0.197177,0.7006081
-0.01181505,0.09509515,0.00438217,0.2491785,0.5070162,0.6996775
-0.08595583,0.08539284,0.0002169451,0.4675557,0.4674641,0.6985514
-0.1295165,0.07684254,0.001025687,0.682188,0.4364485,0.6977537
-0.1797229,0.07363395,-0.0006118238,0.8898207,0.4178151,0.6971089
-0.2223253,0.07020925,-0.0001511225,1.093735,0.4092751,0.6966418
-0.2697949,0.07035805,-0.0006865674,1.296178,0.4057831,0.6962972
-0.3147367,0.06970804,-0.0004462265,1.497711,0.4043417,0.6960891
-0.3616888,0.06927477,-0.0006193121,1.698638,0.4037652,0.6959921
-0.4070457,0.06812691,-0.0005100252,1.89919,0.403645,0.6959724
-0.452136,0.06639225,-0.000483594,2.099523,0.4038388,0.6960083
-0.4953359,0.06369399,-0.0003025266,2.299726,0.4042572,0.6960831
-0.02125322,0.12882,0.002173062,0.2149527,0.7100932,0.7007165
-0.07549309,0.1296533,-0.001142865,0.4365133,0.6820898,0.697787
-0.1216489,0.1239967,0.0002449884,0.6611981,0.6611325,0.6959578
-0.1732517,0.1225831,-0.0009804035,0.8775612,0.6447357,0.6944139
-0.2188258,0.1211717,-0.0001898502,1.086782,0.6352106,0.6933293
-0.2676921,0.1215775,-0.0003828195,1.291963,0.6303939,0.692693
-0.3139633,0.1211228,-6.786359e-05,1.495036,0.628042,0.6923384
-0.3619859,0.1206055,-0.0001054358,1.696906,0.6270073,0.6921717
-0.4086306,0.1188397,0.0001772184,1.898064,0.6267846,0.6921396
-0.4552251,0.1160206,0.0002442615,2.098794,0.6271641,0.6922148
-0.5000682,0.1113148,0.0003092629,2.299258,0.6279805,0.6923691
-0.5430921,0.1049617,0.0004010721,2.499548,0.6289347,0.6925489
-0.02400359,0.177747,0.003751268,0.2034364,0.8996633,0.7011922
-0.07116868,0.1787028,0.0006453645,0.4178576,0.8898012,0.6971491
-0.1179767,0.1745238,0.001214255,0.6447761,0.8775348,0.6944377
-0.1697638,0.1745513,3.194925e-05,0.8658941,0.8659053,0.6922258
-0.2168888,0.1733348,0.0001004398,1.07932,0.8576544,0.6905628
-0.2660991,0.1743778,2.38953e-05,1.28722,0.8527761,0.6895636
-0.3137311,0.1743613,9.450805e-06,1.491952,0.8501206,0.6890256
-0.3629804,0.1741666,-5.096982e-05,1.694873,0.8488589,0.6887742
-0.4114838,0.1721666,-5.082936e-05,1.896715,0.8485687,0.6887256
-0.4603267,0.1686231,-6.579475e-05,2.097897,0.8490453,0.6888404
-0.5077514,0.1621797,-2.905131e-05,2.298667,0.8500877,0.6890774
-0.5536516,0.1532541,-1.02731e-05,2.499169,0.8513108,0.689354
-0.02341494,0.215946,0.001889551,0.1989685,1.097956,0.7010322
-0.06580081,0.2193205,0.0004256081,0.4093041,1.093731,0.6966814
-0.1135784,0.2187263,0.0006762093,0.6352001,1.086797,0.6933547
-0.1642642,0.2212237,0.0001442274,0.8575694,1.079383,0.6905703
-0.2125474,0.2223093,0.000189726,1.073229,1.073382,0.6884477
-0.262718,0.2246125,0.0002100324,1.283024,1.069318,0.687124
-0.3119442,0.2259047,0.0002088644,1.489089,1.066882,0.6864068
-0.3631112,0.2266243,0.000222158,1.692926,1.065641,0.6860708
-0.4140828,0.2249254,0.000236193,1.895395,1.065328,0.6860046
-0.4661047,0.2211507,0.000243579,2.097008,1.065783,0.6861546
-0.5171401,0.2132,0.0002507569,2.298075,1.066814,0.6864658
-0.5672275,0.2019293,0.0002604608,2.498787,1.068034,0.6868297
-0.02285968,0.2616658,0.002936546,0.1976354,1.298638,0.7008104
-0.0638608,0.2633817,0.001053246,0.4057721,1.296184,0.6963324
-0.1104072,0.2646985,0.0008973715,0.6302983,1.291997,0.6927123
-0.1600446,0.2684602,0.0001987827,0.8525633,1.287312,0.689561
-0.2080944,0.2716783,8.668441e-05,1.069012,1.283216,0.6871108
-0.2587724,0.2759133,6.394321e-05,1.279826,1.280177,0.6855414
-0.3093816,0.2790976,-7.838159e-05,1.486768,1.278199,0.6846805
-0.3627308,0.2816825,-8.848216e-05,1.691283,1.277129,0.6842747
-0.4166645,0.281257,-0.0001608208,1.894254,1.276832,0.6841955
-0.4727791,0.2783366,-0.000169166,2.09623,1.277204,0.6843789
-0.5284126,0.2697058,-0.0001817237,2.297557,1.278084,0.6847575
-0.5839909,0.2566108,-0.0001806664,2.498453,1.279139,0.685202
-0.02127225,0.3015274,0.002721365,0.1972019,1.499291,0.70067
-0.06085662,0.3037952,0.001031045,0.404259,1.497719,0.6961141
-0.1058132,0.3069521,0.0008452977,0.6277942,1.495074,0.6923361
-0.1540691,0.3128298,0.0002945082,0.8496888,1.492052,0.6889897
-0.2016431,0.3187242,0.0001555192,1.066324,1.489289,0.6863503
-0.2524558,0.3256994,0.0002109771,1.277596,1.487119,0.6846309
-0.3041429,0.3315579,4.918548e-05,1.485044,1.485626,0.6836749
-0.3597821,0.3368002,5.742143e-05,1.69001,1.48478,0.6832241
-0.4169735,0.3382868,-2.393756e-05,1.893348,1.48453,0.6831432
-0.4781779,0.3369215,-3.115439e-05,2.095605,1.484816,0.6833624
-0.5398758,0.3279251,-6.379097e-05,2.29714,1.485516,0.683806
-0.6033005,0.313477,-0.0001040392,2.498186,1.486375,0.68433
-0.02011516,0.3416104,0.002420127,0.1970213,1.699648,0.7006088
-0.05776969,0.3444226,0.00129638,0.4035513,1.698639,0.6959959
-0.1005901,0.3491147,0.0007446809,0.6264863,1.696938,0.6921241
-0.1470825,0.3570786,0.0003166617,0.8480469,1.694964,0.6886681
-0.1935658,0.3660049,8.349271e-05,1.064665,1.693109,0.6859222
-0.2442511,0.3765912,0.0001376642,1.276124,1.691601,0.6841169
-0.2967749,0.3865145,-6.131297e-05,1.483845,1.690525,0.6831075
-0.3550569,0.3963819,-6.890936e-05,1.689094,1.689898,0.6826376
-0.4159681,0.4021917,-0.000190218,1.892684,1.689713,0.6825719
-0.4835149,0.4050766,-0.0002143055,2.095148,1.689938,0.6828387
-0.552468,0.3984396,-0.0002658485,2.296841,1.690489,0.6833587
-0.6255858,0.3840747,-0.0003521868,2.497998,1.691187,0.6839783
-0.01842478,0.3782015,0.002643603,0.1969355,1.899821,0.7005875
-0.05339749,0.3815584,0.00130959,0.4031966,1.899178,0.6959367
-0.09335237,0.3880123,0.0009008256,0.6257873,1.898079,0.6920085
-0.1372167,0.3985642,0.0003847376,0.8471132,1.896785,0.6884905
-0.1817096,0.4109009,0.0001343059,1.063667,1.895546,0.6856873
-0.2312609,0.4257213,0.0001756674,1.275197,1.894517,0.6838383
-0.2835132,0.4402612,-3.214741e-05,1.483066,1.893767,0.6828079
-0.3435812,0.455523,-3.592331e-05,1.68849,1.893329,0.6823443
-0.4077555,0.4661189,-0.0001632848,1.892251,1.89321,0.6823163
-0.482381,0.4743055,-0.0002018286,2.094862,1.8934,0.6826558
-0.5611746,0.4698229,-0.0002677182,2.296667,1.89385,0.6832855
-0.648906,0.4576444,-0.0004609952,2.497897,1.894448,0.6840483
-0.01679237,0.4122651,0.004333655,0.1968914,2.099901,0.7005808
-0.04854929,0.4168773,0.00141319,0.4030114,2.099494,0.6959076
-0.08463258,0.4250745,0.001065011,0.6254112,2.098785,0.6919477
-0.1252772,0.4385728,0.0003985156,0.8465931,2.097938,0.6883969
-0.1670761,0.4551285,0.0001245999,1.063094,2.097116,0.6855667
-0.2151546,0.4755078,0.0001044685,1.274654,2.096424,0.6837023
-0.2667928,0.4971227,-0.000129545,1.482608,2.095916,0.6826758
-0.3291307,0.5210868,-0.0001791609,1.688146,2.095624,0.6822431
-0.3966782,0.5418724,-0.0003442737,1.892026,2.095564,0.6822818
-0.4804738,0.5609593,-0.0004467284,2.094742,2.095737,0.6827361
-0.5688579,0.567689,-0.0005159363,2.296623,2.096125,0.6835424
-0.675271,0.5606477,-0.0008542422,2.497891,2.096673,0.6845518
-0.01433274,0.4420515,0.001793434,0.1968682,2.29994,0.7005774
-0.04172313,0.4476189,0.001399423,0.4029159,2.299683,0.695893
-0.07339293,0.4576352,0.0006441477,0.6252188,2.299226,0.6919183
-0.1091653,0.4742486,0.0003549111,0.8463259,2.298674,0.6883539
-0.1464264,0.4950986,5.59334e-05,1.0628,2.298133,0.685516
-0.190429,0.5212791,6.749216e-05,1.274382,2.297674,0.6836553
-0.2386282,0.5500247,-0.0001402676,1.482395,2.297338,0.682652
-0.2994425,0.5832845,-0.0002162675,1.688017,2.297153,0.6822728
-0.36797,0.6140016,-0.000338135,1.891989,2.297135,0.6824122
-0.4579841,0.6462671,-0.0005177745,2.094789,2.297296,0.6830416
-0.5614677,0.6614598,-0.000482233,2.296724,2.297635,0.6841377
-0.6924418,0.669364,-0.001047254,2.497994,2.298154,0.685596
-0.01185565,0.4679132,0.003823812,0.1968583,2.499961,0.7005758
-0.03451233,0.4743715,0.001275556,0.4028776,2.499799,0.6958877
-0.06037584,0.4862937,0.0009953658,0.6251454,2.499506,0.6919093
-0.09066622,0.506129,0.0003429798,0.8462295,2.499147,0.6883438
-0.1226589,0.5319585,8.196843e-05,1.062705,2.498793,0.6855109
-0.1622392,0.5650454,-3.970638e-05,1.274313,2.498492,0.6836668
-0.2062535,0.6039517,-0.0002577711,1.482378,2.498274,0.6827002
-0.266275,0.6501344,-0.0004649211,1.688073,2.49816,0.6823924
-0.3340526,0.7003621,-0.0005803958,1.892129,2.498166,0.682664
-0.4346403,0.754869,-0.001023258,2.09501,2.498302,0.6835366
-0.544992,0.8040984,-0.0009208185,2.296998,2.498582,0.6850814
-0.7170865,0.8395598,-0.002140455,2.49821,2.498991,0.6872441
-0.008742284,0.4870524,0.0007538482,0.1968599,2.699976,0.7005778
-0.02536059,0.4948861,0.0009705978,0.402886,2.699874,0.6958915
-0.04459598,0.5084364,0.0001142337,0.625168,2.699685,0.6919172
-0.06712937,0.5313518,0.0001579076,0.8462716,2.699452,0.6883594
-0.09102716,0.561642,-0.0001132112,1.062771,2.699221,0.6855404
-0.121331,0.6012376,-0.0001833569,1.274414,2.699025,0.6837209
-0.156136,0.6494116,-0.000355656,1.482529,2.698885,0.6827983
-0.2048354,0.7092314,-0.000696349,1.688293,2.698815,0.6825704
-0.265796,0.7778188,-0.000676885,1.892439,2.698826,0.6829909
-0.3565797,0.8590941,-0.001384988,2.095423,2.698923,0.6841516
-0.4815886,0.9392554,-0.0006791113,2.297489,2.699089,0.6862403
-0.6730174,1.008963,-0.001808274,2.498635,2.69929,0.6892715
-0.005102712,0.5011844,0.001654849,0.1968726,2.899986,0.7005815
-0.01555093,0.5091926,0.0007448988,0.4029431,2.899924,0.6959033
-0.02754112,0.5241808,0.0007366287,0.6252927,2.899802,0.6919423
-0.04207879,0.5492698,0.0001250689,0.8464583,2.899649,0.6884015
-0.05729921,0.5832939,-4.934271e-05,1.063003,2.899497,0.6856041
-0.07842447,0.6283484,-0.0003704587,1.274683,2.899369,0.6838144
-0.1017115,0.6856687,-0.0005122177,1.482841,2.899278,0.6829367
-0.1407462,0.7585455,-0.001124739,1.688671,2.899235,0.682784
-0.1865353,0.8506015,-0.000980305,1.89292,2.899242,0.6833402
-0.2768405,0.9680048,-0.002398142,2.096064,2.899296,0.6847622
-0.3946766,1.118089,-0.001090502,2.298323,2.899353,0.6873132
-0.6507666,1.307842,-0.004230056,2.499651,2.899333,0.6910378
-0.001697175,0.5084333,0.0005465443,0.1969017,3.099995,0.7005881
-0.005103656,0.5167361,0.0005686121,0.403071,3.099959,0.6959267
-0.008515848,0.5324096,-2.114715e-05,0.625561,3.09988,0.6919919
-0.01304569,0.5587416,-8.831514e-05,0.8468398,3.099777,0.6884806
-0.01702985,0.5952173,-0.0003185589,1.063444,3.099674,0.6857149
-0.02365178,0.6441149,-0.000683991,1.275147,3.099588,0.6839598
-0.03020167,0.7091836,-0.0008840809,1.483326,3.099529,0.6831242
-0.04390127,0.7944781,-0.001931846,1.689204,3.099502,0.6830311
-0.06219307,0.9129992,-0.001864318,1.893569,3.099509,0.6836832
-0.09901871,1.073436,-0.005045322,2.096957,3.099544,0.6852723
-0.165195,1.319371,-0.003093882,2.299677,3.09958,0.6880789
-0.2680339,1.637202,-0.01000029,2.501822,3.099553,0.6920839
0.002049624,0.5079475,0.0003513026,0.1969576,3.300004,0.7006009
0.0055372,0.5163111,0.0001218519,0.4033091,3.299988,0.6959691
0.01025223,0.531713,0.0001779636,0.6260471,3.299934,0.6920796
0.01542926,0.5576615,-0.0002005146,0.8475055,3.299858,0.6886172
0.02268892,0.5935536,-0.0003534226,1.064174,3.299783,0.6858978
0.03040403,0.641571,-0.0008877818,1.275863,3.299723,0.6841852
0.04407464,0.7050674,-0.001139496,1.484009,3.299685,0.6833891
0.05865217,0.7883495,-0.002384016,1.689891,3.29967,0.6833368
0.08967585,0.9028749,-0.002538721,1.894354,3.29968,0.6840395
0.125158,1.055651,-0.006273676,2.09804,3.299718,0.6856991
0.2119756,1.290975,-0.005011895,2.301436,3.299779,0.6885754
0.3204122,1.574462,-0.01595477,2.504859,3.299849,0.6925722
0.005512438,0.5014146,2.013294e-05,0.1970487,3.500014,0.7006193
0.01590506,0.5091431,7.77078e-05,0.4036947,3.500012,0.6960353
0.02878307,0.5236201,-0.0001460932,0.6268206,3.499971,0.692218
0.04347979,0.5477196,-0.0003414563,0.8485381,3.499907,0.6888306
0.06142191,0.5810614,-0.0005481837,1.065262,3.499846,0.6861775
0.08265842,0.6248267,-0.001189386,1.276873,3.499802,0.6845189
0.1116486,0.6822185,-0.001586881,1.484903,3.499775,0.6837617
0.1490087,0.7544606,-0.003464625,1.690705,3.499768,0.6837349
0.2000715,0.8520801,-0.004375096,1.895199,3.499781,0.6844518
0.2845547,0.9713291,-0.01118506,2.099144,3.499822,0.686115
0.3733392,1.151434,-0.01395227,2.303222,3.499896,0.6889577
0.6315263,1.235223,-0.02146151,2.507966,3.500011,0.6928384
0.008619956,0.4877046,-0.001977411,0.1971739,3.70002,0.700643
0.02514106,0.4945543,-0.0004488509,0.4042174,3.700026,0.6961233
0.04509974,0.5073777,-0.0005553692,0.6278569,3.699991,0.6924029
0.06812734,0.5284403,-0.0004769563,0.8498992,3.699932,0.6891146
0.09516808,0.5570773,-0.0005862931,1.066662,3.699877,0.6865456
0.1274957,0.5938608,-0.001169966,1.278125,3.699839,0.6849514
0.1701336,0.6405365,-0.001402873,1.485947,3.699819,0.6842337
0.225044,0.6976049,-0.002941073,1.691571,3.699816,0.6842209
0.3017697,0.7686215,-0.003111373,1.895987,3.699829,0.6849259
0.4140608,0.8540742,-0.007943504,2.100045,3.69986,0.6865498
0.570743,0.9511765,-0.007041566,2.304562,3.699913,0.6893097
0.8454445,1.071242,-0.01572307,2.510193,3.699982,0.6930533
0.01144128,0.4686512,-0.0007721956,0.1973057,3.900018,0.7006668
0.03326586,0.4743206,-0.0004042854,0.4047638,3.900021,0.6962141
0.05945109,0.4850905,-0.0003434599,0.6289326,3.899988,0.6925942
0.08916136,0.5024557,-0.0004441604,0.8513001,3.899932,0.6894083
0.1230342,0.52552,-0.0005309564,1.068085,3.899881,0.6869241
0.1628319,0.5541718,-0.00112981,1.279369,3.899847,0.6853932
0.2125961,0.5888265,-0.001359087,1.486945,3.899829,0.6847107
0.2748311,0.6282461,-0.002892516,1.692336,3.899826,0.6847042
0.354856,0.6726161,-0.00321829,1.896578,3.899835,0.6853847
0.4664176,0.7170661,-0.008472884,2.100558,3.899853,0.6869513
0.5982169,0.754218,-0.008931488,2.305131,3.899877,0.6896179
0.8108496,0.7499544,-0.02092099,2.510963,3.899906,0.6932415
0.01357881,0.4445543,-0.00196171,0.1973933,4.100005,0.7006805
0.03966539,0.449098,-0.000820995,0.4051266,4.099993,0.6962718
0.07063399,0.4575157,-0.0006807834,0.6296486,4.099957,0.692719
0.1053768,0.4708605,-0.0005231201,0.8522355,4.099906,0.6896017
0.1439673,0.4880568,-0.0004860967,1.069036,4.099859,0.6871742
0.1883666,0.5084803,-0.0009536816,1.280199,4.099824,0.6856849
0.2421159,0.5318149,-0.001038321,1.487599,4.099804,0.6850248
0.3068619,0.5560569,-0.002165786,1.692805,4.099799,0.68502
0.3884156,0.5797323,-0.00205746,1.89686,4.099804,0.6856796
0.4931657,0.5987821,-0.005457914,2.10062,4.099812,0.6872015
0.620536,0.6031238,-0.003432041,2.304886,4.099811,0.6898054
0.7980395,0.5918528,-0.00998615,2.510288,4.099799,0.6933612
-0.04974788,0.04948164,0.000649982,0.2859906,0.2859801,0.8997708
-0.08945544,0.01070974,-0.001022179,0.5064525,0.2475328,0.8994602
-0.1272975,0.02202701,0.0001185584,0.7096993,0.211565,0.8991491
-0.1783764,0.02309834,1.910954e-05,0.8992083,0.198919,0.8988234
-0.2195314,0.02228469,0.001246097,1.097495,0.1938994,0.8985625
-0.2691927,0.02224023,0.0009499779,1.298308,0.1923516,0.8983994
-0.3139292,0.02135752,0.0013423,1.499102,0.1918487,0.8983171
-0.3608549,0.02111783,0.001244901,1.699552,0.1916638,0.8982849
-0.4056642,0.02070761,0.001472293,1.899781,0.1916245,0.89828
-0.4500314,0.02018644,0.001489168,2.099894,0.1916806,0.8982902
-0.4924242,0.01924598,0.001640534,2.299952,0.1918045,0.8983087
-0.01169167,0.09219939,0.001544295,0.2475766,0.5063595,0.8994642
-0.08608481,0.08610044,0.0005361957,0.4646879,0.4646691,0.8990185
-0.1291893,0.07495486,-0.0002553896,0.6795268,0.4305822,0.8984597
-0.1788673,0.07150634,-0.0006182089,0.8877956,0.4092117,0.8979289
-0.2219135,0.0670124,-0.0004737878,1.092249,0.3990477,0.8975247
-0.2693605,0.06711345,-0.0006995929,1.29516,0.3947608,0.8972481
-0.3143914,0.06622477,-0.0005071806,1.49705,0.3929439,0.8970845
-0.3613819,0.06579077,-0.0005957761,1.698221,0.392202,0.8970069
-0.4067126,0.06463197,-0.0004192734,1.898933,0.392041,0.8969913
-0.4518415,0.06301077,-0.0003772583,2.099367,0.3922839,0.8970228
-0.495018,0.06031157,-0.0002647944,2.299634,0.3928146,0.8970876
-0.01916052,0.1265643,-2.705953e-05,0.2115208,0.7096952,0.8991563
-0.07342224,0.1290188,0.0004077869,0.4305525,0.6794773,0.8984684
-0.1198342,0.1222678,0.0001641372,0.6549256,0.6549496,0.8975429
-0.1712968,0.120511,-1.703248e-05,0.8724682,0.6349484,0.8965924
-0.2176813,0.118281,0.0002741536,1.083209,0.6228123,0.8958433
-0.2667956,0.1184517,0.0002141736,1.289544,0.616523,0.8953407
-0.3133693,0.1177144,0.0004420828,1.493433,0.6133924,0.8950414
-0.361526,0.1171459,0.0004421376,1.69586,0.6119929,0.8948946
-0.4082273,0.115307,0.0005778787,1.897389,0.6116765,0.8948652
-0.4548188,0.1125627,0.0006002794,2.098364,0.6121648,0.8949319
-0.4996344,0.1079965,0.0006688806,2.29899,0.6132341,0.8950701
-0.02138436,0.1767621,0.0002083215,0.1989068,0.8992118,0.8988338
-0.06892953,0.1779203,0.0009719716,0.4091639,0.8878136,0.8979408
-0.1160074,0.1725627,0.0002491895,0.6348859,0.8725036,0.8966003
-0.16735,0.1719884,8.099881e-05,0.8571353,0.8572398,0.8951282
-0.2156017,0.1697425,-0.000237033,1.072908,0.8458806,0.8939281
-0.2650318,0.1703848,-0.0002175177,1.282882,0.8389593,0.8930822
-0.3130447,0.1699981,-0.0001888327,1.489051,0.8351834,0.8925928
-0.3623729,0.1696687,-0.000195824,1.69295,0.8333755,0.892354
-0.4109114,0.1675902,-0.0001587224,1.89545,0.8329354,0.8923053
-0.4597024,0.16413,-0.0001460476,2.097073,0.8335665,0.8924124
-0.5070224,0.157855,-0.0001018555,2.298137,0.8349819,0.8926362
-0.5527864,0.1492282,-6.703241e-05,2.498836,0.8366469,0.8928975
-0.02035407,0.2151751,-0.0008265109,0.1938903,1.097498,0.8985731
-0.06269422,0.2188709,0.0007994793,0.3989994,1.092268,0.8975374
-0.1108974,0.2174608,8.067077e-05,0.622687,1.083275,0.8958505
-0.1609029,0.2196789,0.0004518978,0.8456772,1.073047,0.8939294
-0.2105961,0.220018,0.00011913,1.064019,1.064292,0.8924027
-0.2611912,0.2218665,0.0002418653,1.276651,1.058154,0.8912469
-0.3109668,0.2228126,0.0002942836,1.484787,1.054478,0.8905505
-0.3623319,0.2233624,0.000331143,1.690039,1.05261,0.8902132
-0.4134287,0.2215564,0.0003384242,1.893471,1.05211,0.890142
-0.4654263,0.2178157,0.0003430038,2.095736,1.052728,0.8902875
-0.5163645,0.2100098,0.0003461916,2.297246,1.054172,0.8905944
-0.5662851,0.1989656,0.0003515286,2.498259,1.055888,0.8909545
-0.01990591,0.2614409,-0.0004702515,0.1923344,1.298311,0.8984093
-0.06079255,0.2629754,0.001092995,0.394671,1.295179,0.8972573
-0.1076477,0.2636944,0.0001571042,0.6162964,1.28961,0.8953402
-0.1564076,0.2670927,0.0004243599,0.8385801,1.28304,0.8930672
-0.2057302,0.2697993,-2.175751e-05,1.057664,1.276956,0.8912288
-0.2568703,0.2736361,7.508091e-05,1.27174,1.272277,0.8898153
-0.3081652,0.2764693,1.210182e-07,1.481225,1.269212,0.8889374
-0.3617851,0.2788837,2.201327e-05,1.687519,1.267556,0.8885109
-0.415928,0.2783518,-2.000317e-05,1.891719,1.267071,0.8884209
-0.4720589,0.2754412,-1.581019e-05,2.09454,1.267581,0.8886033
-0.5276437,0.2669218,-1.802173e-05,2.296447,1.268835,0.8889874
-0.5830778,0.2539983,-7.767722e-06,2.497743,1.27035,0.8894404
-0.01823019,0.3013259,-0.0006490977,0.1918124,1.499102,0.8983248
-0.05766967,0.3033464,0.001015953,0.3927652,1.497065,0.8970841
-0.1029171,0.3061505,5.866423e-05,0.6129678,1.493495,0.8950199
-0.1502226,0.3117132,0.0004384371,0.8345055,1.489204,0.892544
-0.1990216,0.3172561,-5.297464e-05,1.05363,1.485088,0.8904859
-0.2502067,0.3240096,0.0001307163,1.268306,1.481752,0.8888832
-0.3026688,0.3296193,2.462787e-05,1.478563,1.47943,0.8878711
-0.358661,0.3347261,4.565546e-05,1.685556,1.47811,0.8873801
-0.4161564,0.3361195,-1.096122e-05,1.890324,1.4777,0.8872837
-0.4774509,0.334743,-1.033217e-05,2.09358,1.478096,0.8875078
-0.5391714,0.3258147,-3.370284e-05,2.295808,1.479106,0.88797
-0.6024967,0.3114953,-4.852341e-05,2.497334,1.480352,0.8885179
-0.01718335,0.341783,-0.0005421067,0.1915902,1.699548,0.8982877
-0.05471913,0.3440793,0.001068605,0.3918551,1.698226,0.8969871
-0.09775153,0.3484427,4.931763e-05,0.6112054,1.695906,0.8948304
-0.1432439,0.3559612,0.0004068993,0.8321724,1.693083,0.8922355
-0.1908582,0.3646405,-0.0001336885,1.051164,1.69031,0.8900538
-0.241845,0.3750747,4.609987e-05,1.266066,1.687991,0.8883425
-0.2951228,0.3848695,-7.886386e-05,1.476724,1.686322,0.8872555
-0.3537897,0.3946571,-7.582391e-05,1.684152,1.685346,0.8867346
-0.4150694,0.400402,-0.0001599271,1.88931,1.685043,0.8866537
-0.4827641,0.4032779,-0.0001735214,2.092884,1.685361,0.8869353
-0.5517984,0.3966721,-0.0002113489,2.295354,1.686167,0.8874899
-0.624849,0.3823686,-0.000249412,2.49705,1.687193,0.888151
-0.01575124,0.3779067,-0.0003827122,0.1914829,1.899768,0.8982738
-0.0505944,0.3811856,0.001071083,0.3913933,1.898919,0.8969364
-0.09067837,0.387294,7.801289e-05,0.6102559,1.89741,0.8947238
-0.1335156,0.3973823,0.0004162967,0.830844,1.895551,0.8920607
-0.1790153,0.4095451,-0.0001223023,1.049691,1.893693,0.889812
-0.2288067,0.4242908,4.973446e-05,1.264669,1.892111,0.888046
-0.281764,0.4388182,-8.509058e-05,1.475541,1.890951,0.886929
-0.3422248,0.4540779,-8.690531e-05,1.683235,1.89027,0.886413
-0.4067981,0.4646545,-0.0001858134,1.888657,1.89008,0.8863779
-0.4816293,0.4728674,-0.0002163279,2.092458,1.890359,0.8867491
-0.5606034,0.4684147,-0.000276536,2.295099,1.891029,0.8874361
-0.6483286,0.4563196,-0.0003913526,2.496904,1.891916,0.8882616
-0.01398714,0.4126259,-0.0005409459,0.191428,2.099871,0.8982692
-0.0455254,0.4164045,0.001088737,0.3911521,2.09933,0.8969109
-0.08217441,0.4243682,7.772475e-05,0.6097446,2.098353,0.8946671
-0.1217659,0.4371634,0.0003893959,0.8301049,2.097131,0.8919681
-0.1644867,0.4535879,-0.0001507757,1.048848,2.095896,0.8896876
-0.2127314,0.473917,-2.886963e-05,1.263856,2.094833,0.8879024
-0.2649988,0.4956048,-0.0001896221,1.474852,2.09405,0.8867889
-0.3277173,0.5196308,-0.0002382449,1.682722,2.093599,0.8863106
-0.3956633,0.5404591,-0.0003712026,1.88833,2.093505,0.8863586
-0.4796856,0.5595895,-0.0004591732,2.092295,2.093769,0.8868712
-0.5682874,0.566349,-0.0005387616,2.295054,2.094356,0.8877687
-0.6746935,0.5593658,-0.0007491375,2.496911,2.095173,0.8888663
-0.0123166,0.4424314,-0.000206804,0.1914002,2.299922,0.8982676
-0.03960801,0.4471083,0.0009013201,0.3910305,2.299578,0.896899
-0.07124183,0.4568785,5.587497e-05,0.6094854,2.298947,0.8946403
-0.1061198,0.4726487,0.0003014404,0.8297268,2.298149,0.8919262
-0.1440767,0.4933559,-0.0001699085,1.048418,2.297335,0.8896369
-0.1882107,0.5194903,-7.883002e-05,1.263452,2.296629,0.8878566
-0.2369424,0.5483747,-0.0002290351,1.474539,2.296112,0.8867715
-0.2981065,0.5817692,-0.0003084983,1.68254,2.295829,0.8863597
-0.3670233,0.6125816,-0.0004450505,1.888295,2.295804,0.8865321
-0.4573125,0.6449766,-0.0006013617,2.092394,2.296053,0.8872566
-0.5611355,0.6602435,-0.0006861815,2.295228,2.296564,0.8884687
-0.6920806,0.6681881,-0.001102318,2.497067,2.297298,0.8899632
-0.009809934,0.4682021,-0.0003469604,0.1913891,2.49995,0.8982673
-0.03226,0.4736957,0.00086644,0.3909834,2.499732,0.8968956
-0.05860925,0.4853849,0.0001018966,0.6093879,2.499326,0.8946332
-0.08806471,0.5042104,0.0002654704,0.8295909,2.498807,0.891918
-0.1206541,0.5298682,-0.0001767459,1.048278,2.498273,0.8896349
-0.1603001,0.5628886,-0.0001844394,1.263352,2.49781,0.887875
-0.2047235,0.601959,-0.0003568324,1.47452,2.497475,0.8868352
-0.2650547,0.6483001,-0.000544097,1.682637,2.497302,0.8865107
-0.3331643,0.6986686,-0.0007232156,1.888526,2.497313,0.8868403
-0.4340592,0.7533466,-0.001030674,2.092754,2.497526,0.8878417
-0.5446667,0.8025369,-0.001153151,2.295634,2.497922,0.8894559
-0.7165568,0.8379011,-0.001842706,2.497417,2.498516,0.8914361
-0.007504336,0.4882368,-0.0002733577,0.191391,2.699968,0.8982686
-0.02401768,0.4943425,0.0004728156,0.3909942,2.699831,0.8968991
-0.04324817,0.5076175,-4.803655e-05,0.6094182,2.699571,0.8946416
-0.06526379,0.5292599,7.322469e-05,0.8296484,2.699233,0.8919354
-0.08954397,0.5592945,-0.0002482165,1.048373,2.698883,0.889669
-0.1199408,0.5987722,-0.0003031316,1.263502,2.698581,0.8879394
-0.1550656,0.6471047,-0.0004829132,1.47475,2.698366,0.8869531
-0.2040503,0.7071073,-0.0007592911,1.682977,2.698259,0.8867239
-0.2653121,0.7758423,-0.0009692945,1.889004,2.698279,0.8872244
-0.3564497,0.8573868,-0.001441757,2.09337,2.698422,0.8885111
-0.4816521,0.9373712,-0.001476516,2.296325,2.698677,0.8905335
-0.6727904,1.007018,-0.002372566,2.498069,2.699022,0.8930077
-0.00446847,0.5017366,0.0002185366,0.1914066,2.899982,0.8982714
-0.01485344,0.5086078,0.0004986879,0.3910676,2.899898,0.8969097
-0.026852,0.5231911,0.0001529507,0.6095847,2.89973,0.8946659
-0.04102393,0.5470025,5.650172e-05,0.8299074,2.899508,0.891979
-0.05648444,0.5806906,-0.0002153705,1.048705,2.899278,0.8897386
-0.07766799,0.6255845,-0.0004296255,1.263894,2.89908,0.8880449
-0.1011481,0.6830198,-0.0006367767,1.475213,2.89894,0.8871123
-0.1404437,0.7560099,-0.00108417,1.68354,2.898873,0.8869702
-0.186414,0.8481513,-0.001355363,1.889716,2.898886,0.8876197
-0.2771248,0.9657069,-0.002120818,2.094266,2.898967,0.88913
-0.3951455,1.115399,-0.002306646,2.29744,2.899084,0.8914518
-0.6515114,1.305193,-0.00399699,2.499352,2.899152,0.894285
-0.001440481,0.5090249,-3.520136e-05,0.1914427,3.099994,0.8982768
-0.004826097,0.5160513,0.000161501,0.3912317,3.099946,0.8969307
-0.008373466,0.5313775,-1.699241e-05,0.6099422,3.099836,0.8947127
-0.01288062,0.5563622,-0.0001385202,0.8304357,3.099686,0.8920586
-0.01701562,0.5924736,-0.0003151498,1.049335,3.09953,0.8898549
-0.02379714,0.6411791,-0.0006215189,1.26457,3.099397,0.8882026
-0.0305591,0.706324,-0.0009193102,1.475922,3.099305,0.8873194
-0.0445942,0.7916986,-0.00163137,1.684319,3.099263,0.8872433
-0.06313375,0.9102913,-0.002152762,1.890646,3.099274,0.8879904
-0.1006918,1.071036,-0.003758263,2.095479,3.099329,0.8896302
-0.1671091,1.316641,-0.004283017,2.299153,3.0994,0.8920966
-0.269051,1.63223,-0.006375633,2.50184,3.099422,0.8950517
0.001670518,0.5087152,0.0002907043,0.1915112,3.300006,0.8982865
0.005105725,0.515766,2.851084e-05,0.391536,3.299984,0.8969677
0.009743702,0.5307858,7.648782e-05,0.6105879,3.29991,0.8947937
0.01466618,0.5554279,-0.0001993598,0.8313548,3.2998,0.8921925
0.02188391,0.5909641,-0.0003011771,1.050374,3.299685,0.8900416
0.0293829,0.6388144,-0.0007095032,1.265606,3.299591,0.8884391
0.04288953,0.7024373,-0.001050788,1.476918,3.29953,0.8876018
0.05702995,0.7858219,-0.001855752,1.685313,3.299506,0.8875701
0.08799037,0.9003152,-0.002558359,1.891758,3.299521,0.888365
0.1225477,1.053315,-0.004392954,2.096934,3.299576,0.8900478
0.2097487,1.287636,-0.005428411,2.30133,3.299663,0.8925317
0.3178261,1.569764,-0.008893211,2.505256,3.299765,0.8954421
0.004678384,0.5020844,0.0003489056,0.191624,3.500018,0.8983014
0.01497193,0.5085001,-0.0001443664,0.3920296,3.500015,0.8970256
0.02770413,0.5226935,3.697087e-05,0.6116135,3.499961,0.8949199
0.04187986,0.5456569,-0.0003282857,0.832777,3.499869,0.8923981
0.05987851,0.5787414,-0.0003751434,1.051921,3.499774,0.890322
0.0808777,0.622483,-0.0008983016,1.267066,3.499702,0.8887816
0.1097178,0.6801383,-0.001358557,1.478216,3.49966,0.8879903
0.1464704,0.7526901,-0.002444586,1.68649,3.499647,0.8879857
0.1973731,0.8506614,-0.003678276,1.892954,3.499667,0.8887901
0.2801945,0.9707216,-0.006558518,2.098416,3.499723,0.8904549
0.3686903,1.150704,-0.009337814,2.303531,3.499819,0.8928801
0.6283117,1.234734,-0.009429282,2.50875,3.499961,0.8956797
0.007238622,0.4882334,0.0003501852,0.191779,3.700026,0.8983212
0.0235661,0.494082,-0.0004527466,0.3926987,3.700033,0.8971028
0.04361136,0.5065997,-3.920379e-05,0.6129854,3.699988,0.8950873
0.06587885,0.5267593,-0.0004240255,0.8346473,3.699903,0.892669
0.09314706,0.555236,-0.000361114,1.053907,3.699817,0.8906872
0.1253068,0.5921086,-0.0008641837,1.268871,3.699755,0.8892201
0.1679845,0.6391023,-0.00123828,1.47973,3.699723,0.888475
0.2225276,0.6966152,-0.002155842,1.687741,3.699716,0.8884852
0.2997651,0.768204,-0.003068225,1.894072,3.699735,0.8892717
0.4107883,0.8546277,-0.00496245,2.099632,3.699782,0.8908794
0.5702449,0.9519934,-0.006845579,2.305193,3.699855,0.8932077
0.8433958,1.074663,-0.006986475,2.511275,3.699946,0.8958795
0.009806323,0.4688905,0.0005149029,0.1919425,3.900023,0.8983414
0.03144829,0.4739149,-0.0004280353,0.3933983,3.900027,0.8971824
0.05755361,0.4844275,2.61993e-05,0.6144083,3.899983,0.8952598
0.08645234,0.5011235,-0.0004226987,0.83657,3.899904,0.8929473
0.1206894,0.5241401,-0.0003074842,1.055922,3.899824,0.8910607
0.1603976,0.5529447,-0.0008328593,1.270664,3.899768,0.8896648
0.2103104,0.5879491,-0.001207019,1.481177,3.899739,0.8889614
0.2722223,0.6277876,-0.002134229,1.688851,3.899733,0.8889778
0.3527168,0.6727065,-0.003133658,1.89492,3.899748,0.8897334
0.4627002,0.7176894,-0.005271313,2.100341,3.899779,0.8912716
0.5968815,0.7556099,-0.007781333,2.305921,3.899824,0.8934984
0.8054492,0.7455112,-0.008451059,2.512171,3.899873,0.8960537
0.01167569,0.4448164,0.0003751419,0.1920523,4.100006,0.8983541
0.03755275,0.4487951,-0.000694718,0.3938665,4.09999,0.8972341
0.06854751,0.4570446,-6.53072e-05,0.6153599,4.09994,0.8953731
0.1023985,0.4698968,-0.0004794415,0.8378566,4.099868,0.8931312
0.141514,0.4871247,-0.0002458118,1.057271,4.099795,0.8913076
0.1859168,0.5077276,-0.0006961986,1.271861,4.099739,0.8899581
0.2399716,0.5314085,-0.0009599614,1.482127,4.099708,0.8892813
0.3046083,0.5560675,-0.001658555,1.689535,4.099701,0.8892991
0.3869114,0.5803328,-0.002312624,1.895334,4.099712,0.8900299
0.490777,0.5999152,-0.003582629,2.100456,4.099733,0.8915187
0.6211949,0.6056096,-0.004510578,2.30566,4.099752,0.8936788
0.7959622,0.5942647,-0.003654155,2.511437,4.099763,0.896163
-0.04994242,0.04962703,-9.640828e-06,0.2857948,0.2857858,1.099901
-0.08836816,0.010155,-0.0005603042,0.5060042,0.2470788,1.099719
-0.1271073,0.02315961,-0.0005944653,0.7092351,0.2106075,1.09945
-0.178482,0.02362213,-0.000957973,0.8988002,0.1975999,1.099165
-0.219317,0.02260482,-0.0003009081,1.097193,0.1923637,1.098975
-0.2692604,0.02257616,-0.0005585254,1.29811,0.1907049,1.098878
-0.3138101,0.02157291,-0.0002970154,1.498982,0.1901466,1.098834
-0.3607622,0.02133177,-0.000368069,1.699484,0.189936,1.098818
-0.4054279,0.02083136,-0.0002020438,1.899743,0.1898901,1.098817
-0.4499355,0.02026094,-0.0001392317,2.099874,0.1899536,1.098825
-0.4923205,0.01937724,-0.0001241879,2.299942,0.1900954,1.098838
-0.0118932,0.09144703,0.001063093,0.2471147,0.5059153,1.099721
-0.08657114,0.08662125,0.0002792889,0.4634579,0.4634572,1.099438
-0.1292198,0.0751148,0.0001853961,0.6780911,0.4282107,1.099085
-0.1789622,0.07148178,-0.0002900504,0.8865361,0.4057277,1.098736
-0.2217818,0.06671762,-0.0001027969,1.091266,0.394794,1.098463
-0.2693646,0.0667928,-0.0002996446,1.294452,0.3900544,1.09828
-0.3142738,0.06577608,-0.0001679584,1.49657,0.3879915,1.098172
-0.3613138,0.06534365,-0.0002366968,1.697907,0.3871315,1.098121
-0.4065682,0.06411374,-0.0001607883,1.898732,0.3869389,1.098111
-0.451712,0.06247034,-0.0001546347,2.099244,0.3872165,1.098133
-0.4948652,0.05986126,-0.0001086026,2.29956,0.3878294,1.098179
-0.02045136,0.1264765,0.0009343567,0.2105513,0.7092378,1.099453
-0.07363383,0.128767,-6.460958e-05,0.4281498,0.6780579,1.099088
-0.1194166,0.1218631,0.0001238975,0.6518116,0.6518765,1.098566
-0.1710534,0.1197046,-0.0003842909,0.869535,0.6300773,1.098012
-0.2170874,0.1171677,-0.0001048603,1.080878,0.6165067,1.097546
-0.2665086,0.1171624,-0.0002812482,1.287843,0.6092834,1.097215
-0.3130124,0.1162494,-0.0001325286,1.492253,0.6056108,1.097007
-0.3612565,0.115643,-0.0001565752,1.695065,0.6039411,1.096901
-0.4079102,0.1137593,-6.205261e-05,1.896865,0.6035491,1.096879
-0.4545408,0.1110531,-4.141832e-05,2.098026,0.6041125,1.096926
-0.4993228,0.1065746,-3.41282e-06,2.298777,0.6053652,1.097026
-0.02202541,0.1769487,0.001151877,0.1975768,0.8988088,1.099168
-0.06894912,0.1780624,0.0004685739,0.4056406,0.8865731,1.098739
-0.1152694,0.1722899,0.0005078707,0.6299589,0.8696051,1.098013
-0.1666359,0.1712326,2.275972e-05,0.8520448,0.8522069,1.097186
-0.2146889,0.1684467,-7.390018e-05,1.068639,0.8388455,1.096452
-0.2644828,0.1687907,-0.0002278476,1.279756,0.8304434,1.095905
-0.3125728,0.1680799,-0.0002167065,1.486869,0.8257974,1.095558
-0.3620057,0.1676491,-0.0002397574,1.691465,0.8235484,1.09538
-0.4105403,0.1654818,-0.0002268941,1.894458,0.8229766,1.095341
-0.459304,0.1620618,-0.0002257636,2.096422,0.8237158,1.095418
-0.5065609,0.1559117,-0.0002021287,2.297718,0.82541,1.095582
-0.02081578,0.2150611,0.0006124845,0.1923448,1.097199,1.098978
-0.06248185,0.2187511,0.0002876805,0.3947075,1.091298,1.098466
-0.109876,0.2169116,0.0003411269,0.6163121,1.080976,1.097546
-0.1597576,0.2186767,0.0001597032,0.8385586,1.068832,1.096449
-0.209234,0.2185367,5.597517e-05,1.057624,1.057993,1.09542
-0.2603342,0.2199839,-8.713619e-05,1.271815,1.050101,1.094625
-0.3102925,0.2206105,-2.722801e-05,1.481417,1.04528,1.09409
-0.361782,0.2210088,-3.355013e-06,1.687735,1.042835,1.093821
-0.4129086,0.219111,2.763594e-06,1.891919,1.042153,1.093759
-0.4648712,0.2153973,8.066335e-06,2.094705,1.042887,1.093867
-0.51574,0.2077131,1.975223e-05,2.296573,1.04466,1.0941
-0.5655536,0.1968483,3.065476e-05,2.497832,1.046775,1.094375
-0.02038093,0.2616289,0.0008753365,0.1906771,1.298114,1.09888
-0.06060326,0.2630377,0.0005084746,0.3899209,1.294481,1.09828
-0.1065235,0.2633649,0.0004888018,0.6089689,1.287936,1.097208
-0.155053,0.2663963,0.0002985142,0.8299356,1.279967,1.09589
-0.2040515,0.2687153,0.0001642832,1.049458,1.272214,1.094609
-0.2557078,0.2721988,1.414514e-05,1.265274,1.265972,1.093646
-0.3073255,0.2747146,2.833994e-05,1.476661,1.261772,1.092948
-0.3611204,0.2769827,6.143651e-05,1.684387,1.259506,1.092583
-0.4153648,0.2763491,2.628234e-05,1.889596,1.258817,1.092499
-0.4714721,0.2734285,1.825705e-05,2.093119,1.259429,1.092638
-0.5269938,0.2649962,4.065572e-06,2.295513,1.261004,1.09294
-0.5822972,0.2522098,6.584716e-07,2.497146,1.262915,1.093299
-0.01866254,0.3012831,0.0007790447,0.1900969,1.498983,1.098835
-0.05744316,0.3032743,0.000472198,0.3877543,1.49659,1.098165
-0.1017069,0.3057383,0.0004482269,0.6050611,1.492333,1.096984
-0.148637,0.3110584,0.0003233466,0.8249259,1.487065,1.095515
-0.1970822,0.3163365,0.0001491656,1.044186,1.481802,1.094034
-0.2487187,0.3228916,2.192584e-05,1.260601,1.477339,1.092902
-0.3015445,0.3282676,2.140883e-05,1.473019,1.474139,1.092068
-0.3578078,0.3332255,3.890477e-05,1.681725,1.472306,1.091624
-0.4154919,0.3345465,-3.319796e-06,1.887713,1.471715,1.091527
-0.4768279,0.3331486,-1.718526e-05,2.091828,1.472195,1.091704
-0.5385507,0.3242911,-3.730284e-05,2.294655,1.473482,1.092081
-0.6017785,0.3100622,-5.463874e-05,2.496597,1.475081,1.09253
-0.01756506,0.3417512,0.0008203248,0.1898432,1.699479,1.098815
-0.05449305,0.3440257,0.0005459098,0.3866974,1.697914,1.098099
-0.0965682,0.3480779,0.0004560838,0.6029597,1.695124,1.096846
-0.1415995,0.3553367,0.0003157835,0.8220374,1.691632,1.095284
-0.1888195,0.3637457,8.012864e-05,1.040994,1.688077,1.09369
-0.2402096,0.3740391,-7.124176e-05,1.257589,1.684992,1.092445
-0.2938045,0.3837196,-7.325728e-05,1.470517,1.682712,1.091522
-0.3527928,0.3934201,-7.894264e-05,1.679823,1.681365,1.091033
-0.4143343,0.3991345,-0.000150554,1.886351,1.680933,1.090945
-0.4821297,0.4020018,-0.0001774605,2.090901,1.681333,1.09118
-0.5512362,0.3954855,-0.0002014074,2.294057,1.682383,1.091651
-0.6242231,0.3812601,-0.00024021,2.496225,1.683722,1.092213
-0.01612031,0.3780919,0.0008198182,0.1897188,1.899728,1.098808
-0.05037054,0.3811101,0.000545739,0.3861534,1.898717,1.098063
-0.08953015,0.3869316,0.0004628011,0.6018162,1.896892,1.096766
-0.1318894,0.396712,0.0003168066,0.820387,1.894583,1.095149
-0.1769479,0.4086028,7.738118e-05,1.039099,1.892197,1.093495
-0.2270872,0.423258,-7.161176e-05,1.255742,1.890096,1.092195
-0.2803173,0.4377709,-7.631805e-05,1.468934,1.888522,1.091237
-0.3410784,0.4530261,-7.353199e-05,1.678602,1.887592,1.090748
-0.4059557,0.4636394,-0.0001367159,1.885493,1.887329,1.090706
-0.480917,0.4718571,-0.0001672303,2.090355,1.887701,1.091034
-0.5600572,0.4675451,-0.0002034587,2.293744,1.888601,1.091645
-0.6477364,0.4554974,-0.0003243681,2.496051,1.889782,1.092368
-0.01456532,0.4123281,0.00105783,0.1896545,2.099847,1.098805
-0.04557253,0.4161927,0.0006166988,0.3858674,2.0992,1.098045
-0.08116862,0.4237919,0.0005045419,0.6011977,2.098013,1.096723
-0.1202734,0.4363363,0.0003068196,0.8194679,2.096492,1.095077
-0.1624959,0.45244,5.494732e-05,1.03802,2.094904,1.093394
-0.2110036,0.4727104,-0.0001211183,1.254678,2.093493,1.092076
-0.2635089,0.494474,-0.0001414924,1.46803,2.092436,1.091121
-0.3264973,0.5185797,-0.0001829673,1.677939,2.091827,1.090669
-0.3947917,0.5395626,-0.0002793526,1.885093,2.091708,1.090716
-0.4789946,0.5587931,-0.0003625207,2.090187,2.09208,1.091197
-0.5678241,0.5658027,-0.0004348314,2.293717,2.092869,1.092
-0.6741665,0.5588045,-0.0006506486,2.496079,2.093929,1.092925
-0.0125394,0.4421106,0.0006605859,0.189622,2.299906,1.098805
-0.03939049,0.4468231,0.0005009137,0.3857234,2.299494,1.098036
-0.07031883,0.4562256,0.0003759795,0.6008839,2.298726,1.096702
-0.1047137,0.4716642,0.0002463592,0.8189982,2.29773,1.095044
-0.1422466,0.4919951,2.172719e-05,1.037471,2.296682,1.093354
-0.1865497,0.5180513,-0.0001415339,1.254155,2.295747,1.092042
-0.2354758,0.5470751,-0.0001588534,1.467632,2.295052,1.091116
-0.2968335,0.580594,-0.0002207873,1.677733,2.294675,1.090736
-0.3661086,0.6116642,-0.0002832396,1.885105,2.294656,1.090919
-0.4564997,0.6441157,-0.0004128292,2.090371,2.294998,1.091595
-0.5605561,0.6596154,-0.0004126511,2.293982,2.295673,1.092629
-0.6913361,0.667289,-0.000694841,2.496325,2.296616,1.093786
-0.0102859,0.4676971,0.0009250822,0.1896093,2.49994,1.098805
-0.03236517,0.4732698,0.000542326,0.3856676,2.499678,1.098034
-0.05790284,0.4845085,0.00043524,0.6007661,2.499183,1.096697
-0.08695428,0.502995,0.0002199657,0.8188294,2.498534,1.095039
-0.1190962,0.5281917,2.33726e-06,1.037293,2.497847,1.093354
-0.1588187,0.5610898,-0.0002150326,1.254029,2.497234,1.092062
-0.2034047,0.6003364,-0.0002553795,1.467624,2.496784,1.091183
-0.2638584,0.6468223,-0.0004163894,1.677899,2.496556,1.090894
-0.3324188,0.6975793,-0.0004700366,1.885472,2.496583,1.09124
-0.4333071,0.7522675,-0.0007563982,2.090879,2.496864,1.092127
-0.5444079,0.8019039,-0.0007909136,2.294546,2.497393,1.093399
-0.7161342,0.8372073,-0.001386654,2.496813,2.49815,1.094789
-0.007568724,0.4874545,0.0003678613,0.1896115,2.699962,1.098805
-0.0238677,0.4937969,0.0003204304,0.3856804,2.699797,1.098037
-0.04269387,0.5066263,0.0001879054,0.6008022,2.699478,1.096704
-0.06434369,0.5278532,9.771136e-05,0.8188992,2.699056,1.095054
-0.0883804,0.5573492,-7.820047e-05,1.037412,2.698606,1.093384
-0.1187829,0.5966332,-0.0002744491,1.254226,2.698206,1.092122
-0.154063,0.6451505,-0.0003319515,1.467939,2.697917,1.091296
-0.2030624,0.7052885,-0.0005449908,1.678381,2.697778,1.091105
-0.2647349,0.7744861,-0.0005499427,1.886137,2.697803,1.091599
-0.3555726,0.8559144,-0.0009574739,2.09169,2.698002,1.092677
-0.4812451,0.9365127,-0.0008236633,2.295435,2.698353,1.09416
-0.6718735,1.005804,-0.001298709,2.497612,2.698801,1.095789
-0.004632788,0.5012359,0.0004678519,0.1896296,2.899979,1.098807
-0.01483655,0.5080747,0.0003015422,0.3857669,2.899877,1.098045
-0.02654781,0.5221673,0.0002489679,0.6010013,2.899672,1.096723
-0.04053905,0.5454451,4.93391e-05,0.8192159,2.899395,1.095089
-0.05581485,0.5785102,-9.430067e-05,1.037828,2.899098,1.093442
-0.07695604,0.6231278,-0.0003692478,1.25473,2.898835,1.092214
-0.1006105,0.6806953,-0.0004458054,1.468548,2.898647,1.09144
-0.1398053,0.7537454,-0.0008041513,1.679136,2.898558,1.091334
-0.1863138,0.8462693,-0.0008218628,1.887063,2.898574,1.091939
-0.27656,0.9633933,-0.001574514,2.092814,2.898692,1.093153
-0.39567,1.113717,-0.001410728,2.296758,2.89887,1.094786
-0.651521,1.301539,-0.002568439,2.499067,2.898999,1.096594
-0.0014486,0.5083172,0.0001727297,0.1896715,3.099993,1.098811
-0.004861293,0.5154319,0.0001421289,0.3859593,3.099934,1.09806
-0.008361227,0.5302162,4.013156e-05,0.6014274,3.099801,1.096759
-0.01278343,0.5547111,-8.052653e-05,0.8198599,3.099614,1.095151
-0.01697049,0.5901484,-0.0001963526,1.038614,3.099412,1.093536
-0.0237203,0.6385578,-0.0004713488,1.25559,3.099235,1.092346
-0.03075022,0.7037753,-0.000629945,1.469464,3.099111,1.091618
-0.04466868,0.7892422,-0.00117293,1.680144,3.099054,1.091572
-0.06400834,0.9081966,-0.001359222,1.888238,3.099068,1.092245
-0.1008921,1.068718,-0.002768625,2.094281,3.099146,1.093532
-0.1696304,1.315131,-0.002592883,2.2987,3.099254,1.095232
-0.2687946,1.627631,-0.004329117,2.501742,3.099313,1.097088
0.001680769,0.5081414,6.464514e-05,0.1897507,3.300007,1.098818
0.005019906,0.5151934,3.076941e-05,0.386315,3.29998,1.098087
0.009508832,0.529721,-5.160158e-06,0.6021944,3.299891,1.09682
0.01432088,0.5538429,-0.0001572878,0.8209767,3.299754,1.095253
0.02133228,0.5887427,-0.0002261561,1.039908,3.299606,1.093683
0.02881947,0.6363241,-0.0005148435,1.256905,3.29948,1.092537
0.04200075,0.7000066,-0.0007086341,1.470736,3.299396,1.091852
0.05630287,0.7835174,-0.001350282,1.681411,3.299362,1.091844
0.08636384,0.898272,-0.001628891,1.889624,3.299382,1.092547
0.1217945,1.050985,-0.003244342,2.096011,3.299453,1.09385
0.2064334,1.285043,-0.003011152,2.301123,3.299566,1.095545
0.3176601,1.564577,-0.006508674,2.505347,3.299695,1.097354
0.004747584,0.5013021,-6.074555e-05,0.1898806,3.500021,1.098828
0.01478498,0.5079138,-4.731186e-05,0.3868907,3.500017,1.098129
0.02718635,0.5216292,-0.0001151165,0.6034091,3.499952,1.096913
0.04114466,0.5442091,-0.0002484912,0.8227,3.49984,1.095407
0.058773,0.5767751,-0.0003067408,1.04183,3.499719,1.093901
0.07973495,0.620362,-0.0006105666,1.258754,3.499619,1.09281
0.1082109,0.6781985,-0.0009094081,1.472391,3.499559,1.092167
0.1450827,0.7510442,-0.00176691,1.682905,3.499542,1.092182
0.1948141,0.8495304,-0.002354958,1.891108,3.499566,1.092884
0.2778773,0.969628,-0.004603507,2.097761,3.499637,1.09416
0.3635414,1.150499,-0.005443447,2.303556,3.499755,1.095802
0.6215097,1.221161,-0.005314167,2.509016,3.499918,1.097527
0.007528682,0.4877336,-0.0004330572,0.1900592,3.70003,1.098842
0.02352434,0.4936102,-0.0002268076,0.3876698,3.700039,1.098184
0.04296211,0.5057639,-0.0002547267,0.6050309,3.699985,1.097035
0.06492621,0.5255838,-0.0003264608,0.8249612,3.699883,1.095608
0.09170657,0.5536806,-0.0003207514,1.044293,3.699772,1.094181
0.1238808,0.5905121,-0.0005751297,1.261038,3.699687,1.093155
0.1662879,0.6377757,-0.0008258336,1.474318,3.69964,1.092553
0.2211962,0.6957076,-0.001611323,1.684491,3.69963,1.092581
0.2977242,0.7678937,-0.001969728,1.892496,3.699655,1.09326
0.4097243,0.855,-0.003638709,2.099201,3.699716,1.094482
0.568242,0.9531339,-0.003624032,2.305398,3.699807,1.096045
0.8425056,1.075373,-0.005197205,2.511675,3.699917,1.097675
0.009983103,0.4685746,-0.000297723,0.1902475,3.900026,1.098856
0.0312173,0.4735415,-0.0002163453,0.3884838,3.900031,1.098241
0.05673657,0.4837747,-0.0002359977,0.6067114,3.899979,1.09716
0.08527812,0.5002077,-0.0003360121,0.8272833,3.899884,1.095814
0.1190246,0.5229657,-0.0003052843,1.04679,3.899782,1.094467
0.1588188,0.5518172,-0.0005410719,1.263305,3.899703,1.093502
0.2085497,0.5870967,-0.0007989783,1.47616,3.899661,1.092938
0.2708626,0.6273862,-0.001580195,1.685896,3.899653,1.09297
0.3506343,0.6727407,-0.001981226,1.893554,3.899674,1.093618
0.4612438,0.7183998,-0.003756094,2.100057,3.89972,1.09478
0.5935699,0.7567973,-0.00412795,2.306225,3.899783,1.096261
0.7997129,0.739562,-0.005763922,2.512632,3.899849,1.097803
0.01196615,0.4445109,-0.0005590867,0.1903741,4.100006,1.098865
0.0374072,0.448486,-0.0003650315,0.3890298,4.099987,1.098279
0.06769873,0.4565543,-0.0003419827,0.607837,4.099927,1.097243
0.1011712,0.4692297,-0.0003744888,0.8288386,4.099838,1.095949
0.1397851,0.4863073,-0.0002762405,1.048463,4.099744,1.094655
0.1843488,0.5070213,-0.0004383437,1.264819,4.099669,1.093731
0.2383588,0.5309704,-0.0006271088,1.47737,4.099626,1.09319
0.3035285,0.5560779,-0.001247778,1.686765,4.099616,1.093224
0.3855023,0.5807166,-0.001440526,1.894081,4.099634,1.093848
0.4905309,0.6011717,-0.00258861,2.100224,4.09967,1.094968
0.6203148,0.6075203,-0.002013799,2.305973,4.099709,1.096395
0.7969038,0.5977506,-0.003133371,2.511884,4.099738,1.097883
-0.04971759,0.04939139,8.047665e-05,0.2857282,0.2857118,1.299964
-0.08799371,0.01086344,0.0001103445,0.5058108,0.2469276,1.299894
-0.1265924,0.023126,-4.561187e-05,0.708982,0.2103214,1.299781
-0.1780236,0.02322681,1.262935e-05,0.8985689,0.1972068,1.299655
-0.2189465,0.0220305,0.0001981557,1.097035,0.1918954,1.29957
-0.2690563,0.02197216,0.0001263047,1.298007,0.1901861,1.299527
-0.3136608,0.02091848,0.000234502,1.498917,0.1895979,1.299508
-0.3606986,0.02067453,0.0002081086,1.699444,0.1893722,1.299501
-0.4053993,0.02018297,0.0002641496,1.89972,0.1893221,1.299502
-0.449923,0.01963176,0.0002625199,2.09986,0.1893899,1.299506
-0.4923317,0.01875917,0.0002928118,2.299935,0.1895425,1.299512
-0.01240018,0.09027174,-0.0001055944,0.2469626,0.5057175,1.299896
-0.08672906,0.08677213,0.0002682003,0.4629573,0.4629597,1.299757
-0.1290496,0.07473749,-2.872102e-05,0.6774089,0.4272861,1.299591
-0.178596,0.07108384,-7.564469e-05,0.8858756,0.4043743,1.299426
-0.2215053,0.06606135,-4.81708e-05,1.090723,0.393107,1.299295
-0.2691114,0.06609516,-0.0001054978,1.294045,0.3881433,1.299206
-0.3140916,0.06499463,-4.67187e-05,1.496283,0.3859448,1.299154
-0.3611927,0.0645507,-7.343235e-05,1.697714,0.3850153,1.299128
-0.4064799,0.06331873,-3.000007e-05,1.898607,0.3848028,1.299124
-0.4516519,0.06169871,-3.231382e-05,2.099164,0.3851002,1.299135
-0.4948185,0.05910956,-6.858682e-06,2.299512,0.3857618,1.299159
-0.02055693,0.1259384,0.0002015538,0.2102619,0.7089858,1.299782
-0.07329863,0.1285433,0.0001561471,0.4272148,0.6773805,1.299591
-0.1189928,0.1214286,5.94908e-05,0.6503937,0.6504776,1.299343
-0.1704956,0.1191621,1.199365e-05,0.8680543,0.6278658,1.299085
-0.2166017,0.1164067,8.17486e-05,1.079603,0.6135995,1.298864
-0.2661117,0.116328,3.995427e-05,1.286856,0.6058816,1.298701
-0.3127311,0.1153024,0.0001043149,1.49154,0.6018984,1.298597
-0.3610494,0.1146642,9.888366e-05,1.694572,0.6000652,1.298542
-0.4077563,0.1127597,0.0001359947,1.896535,0.5996239,1.29853
-0.4544159,0.1100786,0.0001359391,2.097811,0.6002294,1.298554
-0.4992118,0.1056433,0.000151415,2.29864,0.6015906,1.298606
-0.02166192,0.176507,8.364652e-05,0.1971793,0.8985791,1.299656
-0.06854127,0.1777019,0.0002073362,0.4042693,0.8859218,1.299426
-0.1147648,0.1717056,5.817565e-05,0.6277176,0.8681429,1.299085
-0.1659287,0.1704922,1.736982e-05,0.8495173,0.849713,1.298704
-0.2140703,0.1673998,-7.643965e-05,1.066339,0.8353398,1.298358
-0.2639197,0.1676038,-0.000107702,1.277938,0.8261412,1.298091
-0.3121905,0.1667232,-0.0001109049,1.485545,0.8209768,1.297915
-0.3617017,0.1662274,-0.000122628,1.690543,0.81845,1.297821
-0.4102991,0.1640203,-0.0001116249,1.893834,0.8177887,1.297799
-0.4590834,0.1606259,-0.0001143034,2.096008,0.8185873,1.297839
-0.5063343,0.1545406,-0.0001033334,2.297451,0.8204471,1.297924
-0.02023754,0.2147306,-9.626585e-05,0.191872,1.097042,1.29957
-0.06186415,0.2184736,0.000139921,0.3930011,1.090763,1.299295
-0.1091663,0.2163886,1.760106e-06,0.6133659,1.079719,1.298863
-0.1587529,0.2179964,0.0001157258,0.8350011,1.066566,1.298356
-0.208327,0.2175354,1.243921e-05,1.054136,1.054564,1.297873
-0.2594802,0.2187734,-3.46466e-05,1.268941,1.045615,1.297483
-0.3097369,0.219162,-5.145105e-05,1.479328,1.040033,1.297214
-0.3613521,0.2194331,-3.913881e-05,1.686283,1.037188,1.297069
-0.4125785,0.2174743,-3.422159e-05,1.890933,1.03637,1.297032
-0.4645582,0.2137781,-3.691019e-05,2.094048,1.037168,1.297088
-0.5154117,0.2061737,-3.427225e-05,2.296144,1.039145,1.29721
-0.01980674,0.2614851,-1.191855e-05,0.1901529,1.298012,1.299527
-0.05999371,0.2628065,0.0001933358,0.3879857,1.294079,1.299205
-0.1057915,0.2629471,3.427023e-05,0.605515,1.286965,1.298697
-0.153965,0.2657287,0.0001311667,0.8255536,1.278184,1.298082
-0.2029843,0.2677149,4.049226e-05,1.044875,1.269399,1.297474
-0.2546682,0.2709667,-1.894325e-05,1.261281,1.262086,1.296949
-0.3066659,0.2732376,-7.48814e-05,1.473699,1.257019,1.296572
-0.3606193,0.2753532,-2.675611e-05,1.682351,1.254245,1.296352
-0.4149671,0.2746392,-2.361764e-05,1.888215,1.253383,1.296297
-0.4710837,0.2717123,-3.242569e-05,2.092196,1.254053,1.29637
-0.5265813,0.2633538,-3.932736e-05,2.294907,1.255841,1.296535
-0.5818124,0.2506798,-4.509245e-05,2.49676,1.258021,1.296732
-0.01805247,0.3011682,-5.5655e-05,0.1895408,1.498918,1.299507
-0.05677626,0.3030868,0.0001729883,0.385674,1.496308,1.299149
-0.100911,0.3054145,1.663484e-05,0.6012722,1.491633,1.298583
-0.1474389,0.3105322,0.0001470419,0.8199831,1.48577,1.297891
-0.1958483,0.3155624,6.785015e-05,1.038777,1.479769,1.297184
-0.2474809,0.3219517,4.246495e-05,1.255668,1.474475,1.296547
-0.3007212,0.3271411,-1.361762e-05,1.469245,1.470539,1.296106
-0.3572427,0.3319492,7.622013e-05,1.679125,1.468231,1.295824
-0.4150477,0.3332044,9.501378e-05,1.885955,1.467471,1.295753
-0.4764134,0.3317917,7.273297e-05,2.090652,1.468003,1.29585
-0.5381259,0.3229882,4.162024e-05,2.293885,1.469493,1.296066
-0.6012999,0.3088562,-2.472016e-06,2.496107,1.471356,1.296325
-0.0169767,0.3417502,-3.15453e-05,0.1892684,1.699439,1.299499
-0.05384734,0.3439024,0.0001877759,0.3845295,1.697722,1.299116
-0.09578743,0.3478239,1.761647e-05,0.5989642,1.69464,1.298512
-0.1403951,0.3548535,0.0001391366,0.8167454,1.690733,1.297769
-0.1874998,0.3630428,2.868256e-05,1.035089,1.68667,1.296998
-0.2388518,0.3732086,-3.476545e-05,1.252036,1.683039,1.296275
-0.2928106,0.3828186,-0.0001264446,1.466159,1.680262,1.295767
-0.3521014,0.3924231,-3.580099e-05,1.676796,1.678581,1.295437
-0.4138266,0.398077,-1.153911e-05,1.884309,1.678034,1.295367
-0.4816999,0.4009454,-4.797861e-05,2.089546,1.678499,1.295507
-0.5508729,0.3944913,-0.0001153396,2.293184,1.679758,1.295802
-0.6238172,0.3803388,-0.0001941868,2.495671,1.681361,1.296147
-0.01557482,0.3780892,-1.06869e-05,0.1891331,1.899704,1.299496
-0.04976552,0.3810178,0.0001872029,0.3839344,1.89859,1.299098
-0.08877945,0.3867119,1.811376e-05,0.5976989,1.896566,1.298469
-0.1307187,0.396257,0.000131964,0.8148883,1.893973,1.297696
-0.1756188,0.4079431,1.157154e-05,1.032905,1.891245,1.29689
-0.2256796,0.4224513,-7.465733e-05,1.249849,1.888781,1.296129
-0.2792458,0.436935,-0.0001997245,1.464252,1.886885,1.295591
-0.34028,0.4521681,-0.0001269762,1.675333,1.885746,1.295255
-0.4053899,0.4627718,-0.0001085926,1.883306,1.885431,1.29522
-0.4805139,0.471058,-0.0001540956,2.088932,1.885901,1.295439
-0.5597416,0.4667817,-0.0002283093,2.29283,1.887,1.295827
-0.6474032,0.4547506,-0.0003198362,2.495479,1.888407,1.296259
-0.0140237,0.4124058,1.235344e-06,0.1890628,2.099832,1.299495
-0.04498276,0.4161055,0.0002006472,0.3836197,2.099117,1.299088
-0.08048343,0.4235863,2.638508e-05,0.5970118,2.097796,1.298446
-0.1191815,0.4358394,0.0001198605,0.8138529,2.096086,1.297657
-0.1612241,0.4517239,-6.987653e-06,1.031666,2.094269,1.296835
-0.2096102,0.471808,-0.0001084441,1.248604,2.092618,1.296062
-0.2624137,0.4935569,-0.0002401597,1.463188,2.091352,1.295526
-0.3256615,0.5177016,-0.0002011463,1.674576,2.090619,1.29522
-0.3942398,0.5387719,-0.0002068741,1.882892,2.090497,1.295262
-0.4785933,0.5580431,-0.0002700905,2.088788,2.090966,1.295581
-0.5674959,0.5650386,-0.0003471135,2.292845,2.091918,1.296073
-0.6738463,0.5580648,-0.0004414546,2.495545,2.093162,1.296599
-0.01212051,0.4422523,-4.040998e-06,0.1890272,2.299896,1.299495
-0.0389197,0.4467703,0.0001502778,0.383461,2.29944,1.299084
-0.06972503,0.4560414,3.194285e-06,0.5966625,2.298584,1.298436
-0.1037631,0.4711382,7.923954e-05,0.8133238,2.297463,1.297639
-0.1411023,0.4912178,-2.92755e-05,1.031038,2.296263,1.296813
-0.1852718,0.5170393,-0.0001263336,1.247999,2.29517,1.296044
-0.2344497,0.5460558,-0.0002414671,1.462738,2.294343,1.295532
-0.296062,0.5796889,-0.0001997528,1.674395,2.2939,1.295293
-0.3656194,0.6108787,-0.0002052593,1.882986,2.293885,1.295428
-0.4561163,0.6433557,-0.0002885898,2.089066,2.294313,1.295855
-0.5602967,0.6588526,-0.0003585436,2.293201,2.295117,1.296441
-0.691136,0.6665618,-0.0005169829,2.495864,2.296187,1.297042
-0.009905412,0.4678405,2.90434e-05,0.1890132,2.499933,1.299495
-0.0319578,0.4731982,0.0001671994,0.3833994,2.499643,1.299082
-0.05743537,0.484303,2.906602e-05,0.5965315,2.49909,1.298433
-0.0861761,0.5023917,6.800633e-05,0.8131337,2.498359,1.297637
-0.1181394,0.5272907,-3.99323e-05,1.030836,2.497573,1.296814
-0.1577215,0.559888,-0.0001610327,1.24786,2.496857,1.296059
-0.2025021,0.5991211,-0.0002693177,1.462757,2.496323,1.295583
-0.2631908,0.6457696,-0.0002517532,1.674668,2.496057,1.295423
-0.3319616,0.6966571,-0.0002974786,1.883488,2.496092,1.295646
-0.4329843,0.7513981,-0.0004580529,2.089708,2.496438,1.296173
-0.5442496,0.801108,-0.0005600119,2.293866,2.497061,1.296837
-0.7159992,0.8365979,-0.0008141026,2.496428,2.497904,1.297534
-0.007325501,0.4877249,-4.315003e-05,0.1890156,2.699958,1.299495
-0.02358856,0.4937716,6.066852e-05,0.3834132,2.699775,1.299084
-0.0423583,0.5064461,-2.724419e-05,0.5965711,2.699419,1.298437
-0.06379923,0.5272108,-2.227024e-06,0.8132118,2.698943,1.297645
-0.08769476,0.5563576,-8.017512e-05,1.030972,2.698428,1.296832
-0.1179998,0.5952776,-0.0001856614,1.248093,2.69796,1.296095
-0.1534409,0.6437685,-0.0002807382,1.46316,2.697618,1.295659
-0.2026192,0.704087,-0.0002950872,1.675294,2.697447,1.295561
-0.2644471,0.7734329,-0.0003659007,1.884306,2.697486,1.295865
-0.3554551,0.8549909,-0.0005886091,2.09066,2.697734,1.296472
-0.4811547,0.9356172,-0.0006657126,2.294863,2.698142,1.297217
-0.6716764,1.005109,-0.0008706005,2.497322,2.698648,1.298018
-0.004511144,0.5014752,6.150209e-05,0.1890354,2.899976,1.299496
-0.0147149,0.5080611,9.077273e-05,0.383508,2.899863,1.299088
-0.02639871,0.5219726,2.287856e-05,0.5967908,2.899634,1.298447
-0.04026269,0.5447736,-1.048977e-05,0.8135651,2.899322,1.297665
-0.05545052,0.5774422,-8.005578e-05,1.031443,2.898982,1.296865
-0.07652894,0.6216375,-0.0002153082,1.248678,2.898675,1.296149
-0.1002941,0.6791429,-0.0003058791,1.463895,2.89845,1.29575
-0.1396133,0.7523718,-0.0004018003,1.676204,2.89834,1.295696
-0.1862428,0.8450277,-0.0005256875,1.885392,2.898365,1.29606
-0.2767259,0.96226,-0.0008435268,2.091924,2.898515,1.296721
-0.3957737,1.112449,-0.0009989027,2.296311,2.89873,1.297529
-0.6518602,1.30027,-0.001357119,2.498885,2.898892,1.298405
-0.001418264,0.5085445,-4.623576e-06,0.1890809,3.099992,1.299498
-0.004842517,0.5153997,1.0605e-05,0.3837183,3.099927,1.299097
-0.008373391,0.5300178,-2.141527e-05,0.5972598,3.099778,1.298467
-0.0127968,0.5540199,-6.719094e-05,0.8142814,3.099568,1.297699
-0.01699432,0.5890428,-0.0001182965,1.032331,3.099337,1.296917
-0.02378844,0.6369943,-0.0002459512,1.249665,3.099129,1.296224
-0.03091809,0.7021242,-0.0003703268,1.464965,3.09898,1.295856
-0.04497588,0.7877826,-0.0005778524,1.677381,3.098909,1.295831
-0.06447216,0.9069087,-0.0008033646,1.886733,3.098928,1.29623
-0.101675,1.067601,-0.00132829,2.09354,3.099026,1.296919
-0.1704295,1.314024,-0.00159941,2.298387,3.099158,1.297755
-0.2694413,1.626568,-0.001985984,2.501674,3.099238,1.298647
0.001591413,0.5084181,4.944703e-05,0.1891667,3.300008,1.299501
0.004893971,0.5152077,2.5951e-06,0.3841059,3.299977,1.299111
0.00931678,0.5295652,6.095596e-06,0.5981012,3.299878,1.298499
0.01401295,0.5532129,-8.385557e-05,0.8155203,3.299725,1.297753
0.02093038,0.587716,-0.0001187549,1.033788,3.299557,1.296996
0.02828319,0.6348764,-0.0002502251,1.251168,3.299408,1.296331
0.04137275,0.6985151,-0.0003761121,1.466435,3.299306,1.295989
0.05552554,0.78222,-0.0006613243,1.678841,3.299263,1.295984
0.08550276,0.8971624,-0.0009234449,1.888298,3.299286,1.296396
0.1207129,1.050061,-0.001436053,2.095426,3.299372,1.297089
0.2055149,1.283973,-0.00172584,2.30094,3.299502,1.297917
0.31745,1.563687,-0.002490606,2.505373,3.299647,1.298781
0.004564428,0.5015323,6.796477e-05,0.1893076,3.500023,1.299507
0.0145442,0.5079009,-1.67366e-05,0.3847316,3.500018,1.299132
0.02683765,0.5214687,7.936222e-06,0.5994314,3.499946,1.298548
0.04057526,0.5436378,-0.0001140452,0.8174277,3.499822,1.297835
0.05803381,0.575864,-0.0001443733,1.035949,3.499685,1.297112
0.07879901,0.619126,-0.0002809109,1.253279,3.499567,1.29648
0.1071956,0.6769893,-0.0004444648,1.46834,3.499492,1.296164
0.1439101,0.7500991,-0.0008366554,1.68055,3.499468,1.296171
0.1936179,0.8488888,-0.001224753,1.889963,3.499498,1.296579
0.2763132,0.9692009,-0.001882598,2.097324,3.499581,1.297254
0.3623699,1.150198,-0.002561018,2.303484,3.499712,1.298052
0.6203631,1.219777,-0.001909398,2.509111,3.499888,1.29887
0.007238677,0.4879419,6.315966e-05,0.1895007,3.700033,1.299514
0.02317292,0.4936198,-5.952585e-05,0.3855773,3.700042,1.299161
0.04249918,0.5056505,-8.903692e-07,0.6012047,3.699983,1.298611
0.06416209,0.5251251,-0.000135852,0.8199272,3.699871,1.29794
0.0907393,0.5529629,-0.0001450436,1.038714,3.699746,1.29726
0.1226914,0.589566,-0.0002590738,1.255883,3.699644,1.296667
0.1650985,0.6369066,-0.0003984019,1.470555,3.699584,1.296376
0.2199666,0.6951524,-0.0007841563,1.68236,3.69957,1.296388
0.2966691,0.767682,-0.001086692,1.891519,3.699601,1.296782
0.4084359,0.8551181,-0.001517254,2.098886,3.699673,1.297424
0.5679912,0.9534382,-0.002015911,2.30541,3.699777,1.29818
0.8421839,1.07612,-0.001818615,2.511815,3.699897,1.298948
0.009640945,0.4687175,0.0001135847,0.1897039,3.900029,1.299521
0.03080585,0.4735453,-4.012966e-05,0.3864606,3.900034,1.29919
0.05617571,0.4836799,3.488347e-05,0.6030409,3.899976,1.298676
0.08437368,0.4998554,-0.0001292433,0.8224918,3.899871,1.298048
0.1179103,0.5224391,-0.0001281541,1.041515,3.899756,1.29741
0.1574854,0.5511557,-0.0002379918,1.258468,3.899663,1.296854
0.2072965,0.5865536,-0.0003787578,1.47267,3.899609,1.296586
0.2696201,0.6271338,-0.0007666025,1.683962,3.899599,1.296599
0.3495681,0.6727856,-0.001083885,1.892707,3.899626,1.296974
0.4599069,0.7186589,-0.001556851,2.099824,3.899683,1.297581
0.5931573,0.7573372,-0.002158887,2.306285,3.899757,1.298293
0.7988202,0.7383566,-0.001888725,2.512794,3.899835,1.299015
0.01157341,0.4446245,7.703866e-05,0.1898408,4.100006,1.299525
0.03694478,0.4484933,-9.009616e-05,0.3870535,4.099986,1.299209
0.06709477,0.45648,1.343266e-05,0.6042717,4.099919,1.298719
0.1002026,0.468985,-0.0001390117,0.8242103,4.099818,1.298119
0.1386146,0.4859634,-0.0001092432,1.043393,4.099711,1.297509
0.1829801,0.5066152,-0.0001885598,1.260194,4.099623,1.296978
0.2371517,0.5306968,-0.000290694,1.47406,4.09957,1.296723
0.3024238,0.556058,-0.00061987,1.684954,4.099558,1.296737
0.3846609,0.5809765,-0.0008405152,1.893306,4.099583,1.297097
0.4895974,0.6016422,-0.001112448,2.100026,4.099631,1.29768
0.6204225,0.6083904,-0.001362085,2.306045,4.099682,1.298363
0.7967275,0.5985292,-0.001057558,2.512042,4.099723,1.299056
-0.04864366,0.04845144,0.0002131581,0.285711,0.2856832,1.5
-0.08826286,0.01187834,-4.484393e-05,0.5057624,0.2468882,1.499999
-0.127264,0.02323024,-5.769107e-05,0.7089101,0.2102515,1.499999
-0.1782244,0.0233572,-6.051613e-05,0.8984996,0.1971113,1.499999
-0.2191038,0.02220411,-4.486741e-05,1.096987,0.1917805,1.5
-0.269169,0.02215713,-5.559136e-05,1.297975,0.1900564,1.5
-0.3136942,0.02108216,-5.709565e-05,1.498896,0.1894588,1.5
-0.360707,0.02083971,-6.694506e-05,1.699432,0.1892284,1.5
-0.4053567,0.02032884,-5.805804e-05,1.899712,0.1891767,1.5
-0.449894,0.01976918,-7.218628e-05,2.099856,0.1892458,1.5
-0.4922942,0.01889637,-7.49877e-05,2.299932,0.1894019,1.5
-0.0145493,0.09086077,1.867348e-05,0.2469234,0.5056617,1.500001
-0.0865733,0.08656066,3.988619e-05,0.4628219,0.4628242,1.499999
-0.1293246,0.07483949,-4.261787e-05,0.6772106,0.4270397,1.499998
-0.1787733,0.07112458,-4.308207e-05,0.8856736,0.4040139,1.499998
-0.2216143,0.06615187,-4.413409e-05,1.090551,0.3926528,1.499998
-0.2692086,0.06619321,-5.250011e-05,1.293913,0.3876216,1.499998
-0.314123,0.06509006,-5.516141e-05,1.496188,0.3853802,1.499998
-0.3612069,0.06465311,-6.687907e-05,1.697649,0.3844277,1.499998
-0.4064557,0.06340383,-6.102564e-05,1.898564,0.3842083,1.499998
-0.4516271,0.06178042,-7.533257e-05,2.099137,0.3845118,1.499998
-0.4947851,0.05919463,-7.43195e-05,2.299496,0.3851892,1.499998
-0.02076995,0.1265461,-4.623179e-06,0.2101913,0.708914,1.5
-0.07341371,0.1284788,-4.401363e-05,0.4269646,0.6771843,1.499999
-0.1191164,0.1214957,-2.794543e-05,0.649986,0.6500772,1.499998
-0.1706212,0.1191373,-4.67708e-05,0.8676053,0.627233,1.499996
-0.2165984,0.1163681,-4.229287e-05,1.0792,0.6127607,1.499996
-0.2661298,0.1162715,-5.18748e-05,1.286534,0.6048894,1.499995
-0.3126887,0.1152247,-4.998213e-05,1.491302,0.600806,1.499995
-0.361019,0.1145804,-5.816969e-05,1.694405,0.5989182,1.499996
-0.4076991,0.1126603,-5.624327e-05,1.896422,0.5984595,1.499996
-0.4543655,0.1099833,-6.907333e-05,2.097737,0.5990782,1.499996
-0.499154,0.1055579,-7.273799e-05,2.298594,0.6004747,1.499996
-0.02176344,0.1767313,-3.525652e-05,0.1970825,0.8985103,1.5
-0.0685876,0.17783,-3.593622e-05,0.4039023,0.8857234,1.499999
-0.1147903,0.1718151,-3.894963e-05,0.6270731,0.867702,1.499997
-0.1659798,0.1705296,-4.502939e-05,0.8487547,0.8489648,1.499996
-0.2140128,0.1673564,-4.262685e-05,1.065618,0.8342846,1.499995
-0.2638863,0.1675368,-4.835393e-05,1.277347,0.8248367,1.499994
-0.3121314,0.1666076,-4.93496e-05,1.485103,0.8195028,1.499994
-0.361656,0.1660901,-5.776953e-05,1.690231,0.8168814,1.499994
-0.4102359,0.1638593,-6.018762e-05,1.893621,0.8161882,1.499995
-0.4590134,0.1604666,-7.362245e-05,2.095867,0.8170048,1.499995
-0.5062526,0.1543957,-7.959679e-05,2.297359,0.8189187,1.499995
-0.02043064,0.2148878,-3.195031e-05,0.1917554,1.096995,1.5
-0.06195505,0.2185409,-4.135112e-05,0.3925394,1.090595,1.499999
-0.1091501,0.2164048,-3.404634e-05,0.6125114,1.079325,1.499997
-0.1587411,0.2179335,-4.359286e-05,0.8339246,1.065859,1.499996
-0.2081768,0.2173956,-3.962993e-05,1.053052,1.053503,1.499995
-0.2593359,0.2185877,-4.649231e-05,1.268013,1.044225,1.499995
-0.3095978,0.2189181,-4.848324e-05,1.478628,1.038397,1.499995
-0.3612563,0.2191294,-5.603293e-05,1.68579,1.03541,1.499994
-0.4124792,0.2171485,-6.04806e-05,1.890596,1.034542,1.499995
-0.4644573,0.2134501,-7.325131e-05,2.093823,1.03536,1.499995
-0.5153008,0.2058677,-8.328818e-05,2.295997,1.037403,1.499996
-0.02000673,0.2616113,-4.64735e-05,0.1900213,1.297981,1.5
-0.06008016,0.2629043,-4.756016e-05,0.3874547,1.29395,1.499999
-0.1057555,0.2629701,-4.382365e-05,0.6045026,1.286651,1.499998
-0.1539329,0.2656887,-4.586165e-05,0.8242182,1.277607,1.499997
-0.2027972,0.2675524,-4.469279e-05,1.043447,1.268495,1.499996
-0.2544371,0.2707146,-4.585917e-05,1.259967,1.260811,1.499996
-0.3064614,0.2728928,-4.875107e-05,1.472677,1.255424,1.499996
-0.3605128,0.2749167,-5.46278e-05,1.681649,1.252442,1.499995
-0.4148517,0.2741629,-6.15954e-05,1.88774,1.25151,1.499995
-0.4709633,0.2712257,-7.571335e-05,2.091879,1.252197,1.499996
-0.5264379,0.2628948,-9.047163e-05,2.2947,1.254059,1.499996
-0.01825446,0.3012237,-2.307319e-05,0.1893991,1.498898,1.5
-0.05687526,0.3031307,-3.265416e-05,0.3850968,1.496215,1.499999
-0.1008655,0.3053837,-3.650531e-05,0.6001514,1.491401,1.499998
-0.1473787,0.3104635,-3.744676e-05,0.8184637,1.485339,1.499997
-0.195622,0.3153971,-3.884549e-05,1.037082,1.479089,1.499997
-0.2471796,0.321707,-4.053189e-05,1.254008,1.473489,1.499997
-0.300473,0.3268407,-4.488555e-05,1.467907,1.469264,1.499997
-0.357149,0.3315838,-5.254651e-05,1.678201,1.466757,1.499997
-0.4149232,0.3328042,-6.179238e-05,1.885337,1.465924,1.499997
-0.476277,0.331386,-7.843815e-05,2.09024,1.466472,1.499997
-0.537967,0.3226222,-9.722518e-05,2.293615,1.468036,1.499997
-0.6011155,0.308537,-0.0001273105,2.495937,1.469998,1.499998
-0.01716593,0.3417675,-4.624131e-05,0.1891205,1.699426,1.5
-0.05394344,0.3439257,-4.048271e-05,0.3839233,1.697658,1.499999
-0.09573288,0.3477834,-4.811298e-05,0.5977742,1.694477,1.499999
-0.1403061,0.3547857,-3.869727e-05,0.8151074,1.690429,1.499998
-0.1872151,0.3629122,-3.960599e-05,1.03322,1.686193,1.499998
-0.2384662,0.3730493,-3.870796e-05,1.250126,1.682366,1.499998
-0.2925001,0.382677,-4.300563e-05,1.46458,1.679391,1.499998
-0.3519794,0.3922687,-5.195175e-05,1.675691,1.677566,1.499998
-0.4136995,0.3978966,-6.464968e-05,1.883574,1.676967,1.499998
-0.4815642,0.4007788,-8.496e-05,2.08906,1.677458,1.499998
-0.5507389,0.3943621,-0.0001079584,2.292867,1.678799,1.499998
-0.6236557,0.3802094,-0.0001435783,2.495472,1.680507,1.499998
-0.01575396,0.3781012,-2.492129e-05,0.1889817,1.899696,1.5
-0.04985938,0.3810177,-3.249203e-05,0.383311,1.898547,1.499999
-0.08871857,0.3866535,-3.42839e-05,0.5964674,1.896455,1.499999
-0.1306089,0.3961676,-3.235499e-05,0.8131792,1.893766,1.499998
-0.1753084,0.4077997,-3.196405e-05,1.030935,1.890921,1.499998
-0.2252455,0.4222722,-3.215299e-05,1.24781,1.888328,1.499998
-0.278877,0.4367751,-3.583833e-05,1.462543,1.886309,1.499998
-0.3400813,0.4520406,-4.454849e-05,1.67413,1.885082,1.499998
-0.4052344,0.4626712,-5.882712e-05,1.882515,1.884745,1.499998
-0.4803642,0.470974,-8.101508e-05,2.088416,1.885253,1.499999
-0.559586,0.466688,-0.0001061027,2.292502,1.88644,1.499999
-0.6472539,0.4546203,-0.0001541101,2.495278,1.887955,1.499999
-0.01421333,0.4123133,2.391961e-06,0.1889092,2.099827,1.5
-0.045097,0.4160474,-1.183942e-05,0.3829866,2.099088,1.5
-0.08043053,0.4234696,-1.806873e-05,0.5957568,2.097722,1.499999
-0.1190706,0.4357068,-2.127497e-05,0.8121037,2.095947,1.499998
-0.1609085,0.4515352,-2.291522e-05,1.02964,2.094052,1.499998
-0.2091568,0.4715788,-2.505744e-05,1.246498,2.092317,1.499999
-0.2620224,0.4933333,-2.958322e-05,1.461418,2.090971,1.499999
-0.3254319,0.5175364,-3.977941e-05,1.673339,2.090186,1.499999
-0.3940949,0.5386709,-5.764455e-05,1.882099,2.090058,1.499999
-0.4784217,0.5579383,-8.456349e-05,2.088298,2.090575,1.499999
-0.567377,0.5649849,-0.0001161412,2.292552,2.091607,1.499999
-0.6737695,0.5580262,-0.0001738177,2.495366,2.092903,1.5
-0.01225197,0.4421186,-6.832326e-05,0.1888726,2.299893,1.5
-0.03898691,0.4466791,-4.825974e-05,0.3828227,2.299421,1.499999
-0.06965974,0.4558927,-5.061059e-05,0.5953954,2.298535,1.499999
-0.1036344,0.4709643,-3.200063e-05,0.8115543,2.297371,1.499998
-0.1407954,0.4909768,-2.612924e-05,1.028985,2.29612,1.499998
-0.1848283,0.5167404,-2.135348e-05,1.245865,2.294972,1.499999
-0.2340594,0.5457536,-2.03737e-05,1.460951,2.294093,1.499999
-0.2958127,0.5794629,-2.719242e-05,1.673177,2.293619,1.499999
-0.3654181,0.6107111,-3.991938e-05,1.882244,2.293607,1.499999
-0.4558764,0.6431904,-6.775025e-05,2.088634,2.294084,1.499999
-0.5601787,0.6587987,-9.417234e-05,2.292936,2.294926,1.499999
-0.6910257,0.6664549,-0.0001707594,2.495705,2.296035,1.5
-0.01003924,0.4676365,3.39821e-05,0.1888582,2.499931,1.5
-0.03203729,0.4730509,6.065621e-06,0.3827592,2.499631,1.499999
-0.05738574,0.484092,5.532857e-06,0.5952598,2.499059,1.499999
-0.08607043,0.5021589,-6.193222e-06,0.8113571,2.498299,1.499998
-0.1178707,0.5269777,-5.990074e-06,1.028775,2.497479,1.499998
-0.1573216,0.5594973,-7.843371e-06,1.245722,2.496727,1.499999
-0.2021598,0.5987179,-8.808453e-06,1.460987,2.496163,1.5
-0.2629457,0.6454517,-1.808077e-05,1.673501,2.495878,1.5
-0.3317732,0.6964263,-3.076763e-05,1.88283,2.495917,1.5
-0.4327901,0.7512135,-6.464268e-05,2.089316,2.496294,1.499999
-0.5442333,0.8010738,-9.211792e-05,2.293635,2.496942,1.499999
-0.715976,0.8365135,-0.0001901522,2.496299,2.497813,1.5
-0.007383445,0.4874671,-8.034127e-05,0.1888606,2.699956,1.5
-0.02360773,0.4935852,-5.595351e-05,0.3827735,2.699767,1.499999
-0.04229609,0.5061969,-5.936087e-05,0.5953008,2.699398,1.499999
-0.06368458,0.5269289,-2.84399e-05,0.8114381,2.698904,1.499998
-0.08747375,0.5559805,-1.704263e-05,1.028917,2.698367,1.499999
-0.117673,0.5948007,-5.317392e-06,1.245971,2.697876,1.499999
-0.1531661,0.6432711,2.410587e-06,1.461433,2.697515,1.5
-0.2023802,0.7036724,1.570123e-06,1.674192,2.697329,1.5
-0.2642764,0.7731563,1.216857e-06,1.883713,2.697378,1.5
-0.3552306,0.854733,-2.472043e-05,2.090311,2.69764,1.5
-0.4810897,0.9355475,-4.008e-05,2.294674,2.698065,1.499999
-0.671556,1.004888,-0.0001387437,2.497231,2.698589,1.499999
-0.004555365,0.5012494,-6.200646e-06,0.188881,2.899975,1.5
-0.01472597,0.5078759,-9.167747e-06,0.3828711,2.899858,1.499999
-0.02635689,0.5217141,-5.2819e-06,0.5955274,2.899621,1.499999
-0.04018909,0.5444583,-2.130278e-06,0.8118038,2.899297,1.499999
-0.05530724,0.5770134,4.798972e-06,1.029409,2.898943,1.499999
-0.07630773,0.6210827,1.015666e-05,1.246587,2.89862,1.5
-0.1001267,0.6785491,1.839288e-05,1.462224,2.898382,1.5
-0.1394306,0.7518497,1.70691e-05,1.675168,2.898262,1.5
-0.1861887,0.8446634,2.527777e-05,1.88485,2.898293,1.5
-0.2765644,0.9618179,-2.351794e-06,2.091625,2.898452,1.499999
-0.3959609,1.112175,1.279697e-06,2.296171,2.898677,1.499999
-0.6519709,1.299652,-9.991055e-05,2.498843,2.898849,1.499999
-0.001418434,0.5082803,-2.563606e-05,0.1889277,3.099992,1.5
-0.004834288,0.5151892,-2.08662e-05,0.3830872,3.099924,1.5
-0.008347775,0.5297252,-2.081431e-05,0.5960106,3.09977,1.499999
-0.0127518,0.5536779,-2.737442e-06,0.8125448,3.099551,1.499999
-0.01694596,0.5885798,7.548372e-06,1.030331,3.099311,1.5
-0.02370975,0.6363934,1.996492e-05,1.24762,3.099093,1.5
-0.03090427,0.7014686,2.998569e-05,1.463355,3.098934,1.500001
-0.04492481,0.7872197,3.573678e-05,1.676411,3.098856,1.5
-0.06459988,0.9065213,4.504521e-05,1.886248,3.098878,1.5
-0.101601,1.06719,2.750072e-05,2.093296,3.098983,1.5
-0.1709143,1.313836,2.372659e-05,2.298301,3.099121,1.5
-0.2693696,1.625809,-3.6122e-05,2.501685,3.099207,1.5
0.001618528,0.5081886,4.478678e-06,0.1890157,3.300008,1.5
0.004915668,0.5150167,3.074221e-06,0.3834853,3.299976,1.5
0.009323725,0.5292962,1.17238e-05,0.5968769,3.299873,1.5
0.01401722,0.5528799,1.76161e-05,0.8138246,3.299715,1.5
0.02088378,0.587266,2.644554e-05,1.031843,3.29954,1.5
0.02821664,0.6342912,3.613838e-05,1.249189,3.299384,1.500001
0.04123082,0.697873,5.028294e-05,1.464898,3.299273,1.500001
0.05545409,0.7817047,6.5279e-05,1.677942,3.299226,1.500001
0.08526017,0.8967784,8.957933e-05,1.887873,3.299252,1.500002
0.1207421,1.049672,0.0001134729,2.095236,3.299342,1.500001
0.2050703,1.283632,0.0001619626,2.3009,3.299477,1.500001
0.3175849,1.563226,0.0001946826,2.505422,3.299625,1.500001
0.004618451,0.5012922,3.337379e-05,0.1891602,3.500023,1.5
0.0145723,0.5077142,3.016102e-05,0.3841276,3.500018,1.5
0.02681637,0.5212095,2.889597e-05,0.5982454,3.499944,1.5
0.04053748,0.543332,3.38113e-05,0.8157933,3.499816,1.5
0.05789827,0.5754631,3.806453e-05,1.034084,3.499673,1.500001
0.07859506,0.6186187,4.909319e-05,1.251392,3.49955,1.500001
0.1069446,0.6764615,5.801047e-05,1.466893,3.499468,1.500002
0.1437363,0.7497194,7.902419e-05,1.679729,3.499441,1.500002
0.1932392,0.8486421,9.482661e-05,1.889598,3.499474,1.500003
0.2761418,0.9689459,0.0001388955,2.097179,3.49956,1.500003
0.3618152,1.150119,0.0001663126,2.303475,3.499695,1.500003
0.6196748,1.217629,0.000199153,2.509169,3.499874,1.500002
0.007335387,0.4877613,5.832855e-05,0.189358,3.700033,1.5
0.02323319,0.4934697,5.301098e-05,0.3849954,3.700043,1.5
0.04247485,0.5054411,4.828028e-05,0.6000688,3.699982,1.5
0.06411669,0.5248796,4.998534e-05,0.8183721,3.699866,1.500001
0.09055556,0.552647,5.007181e-05,1.03695,3.699738,1.500001
0.1224208,0.5891841,5.723901e-05,1.254109,3.699631,1.500001
0.1647947,0.6365367,6.37804e-05,1.469211,3.699564,1.500002
0.2197781,0.6949205,8.364183e-05,1.681618,3.699548,1.500003
0.2963435,0.7675756,9.049134e-05,1.891206,3.699583,1.500004
0.4083991,0.855115,0.000126806,2.098776,3.699658,1.500004
0.5677324,0.9535408,0.0001285252,2.305418,3.699765,1.500004
0.8420578,1.076112,0.0001591284,2.51187,3.699889,1.500003
0.009739571,0.4685764,8.965078e-05,0.1895662,3.900029,1.5
0.03085676,0.4734209,7.956245e-05,0.3859016,3.900034,1.5
0.05613932,0.4835126,7.169221e-05,0.6019567,3.899975,1.5
0.08431308,0.4996615,6.51836e-05,0.8210173,3.899867,1.500001
0.1177004,0.5221969,6.061928e-05,1.039854,3.899748,1.500001
0.1571775,0.5508821,6.45566e-05,1.256804,3.89965,1.500002
0.206977,0.5863029,6.557523e-05,1.471423,3.89959,1.500002
0.2694328,0.6270138,8.205896e-05,1.683289,3.899579,1.500003
0.3492365,0.6727547,8.075392e-05,1.892435,3.89961,1.500004
0.4598102,0.7187433,0.0001181731,2.099737,3.89967,1.500004
0.5927101,0.7574827,0.0001056373,2.3063,3.899748,1.500004
0.7981132,0.7375039,0.0001586827,2.512845,3.899829,1.500004
0.01169642,0.4445054,8.725114e-05,0.1897066,4.100007,1.5
0.03701951,0.4483906,8.243753e-05,0.3865099,4.099985,1.5
0.06706964,0.4563518,7.843147e-05,0.6032224,4.099916,1.5
0.1001528,0.4688398,6.957467e-05,0.8227904,4.099812,1.5
0.1384048,0.4857898,6.424909e-05,1.041799,4.0997,1.500001
0.1826733,0.5064366,6.353528e-05,1.258605,4.099607,1.500001
0.2368539,0.530551,6.210957e-05,1.472876,4.09955,1.500002
0.3022823,0.556023,7.271505e-05,1.684323,4.099537,1.500003
0.3844327,0.5810157,6.67197e-05,1.893055,4.099565,1.500003
0.4896784,0.6018245,9.35184e-05,2.099948,4.099617,1.500004
0.6203066,0.6086495,6.908601e-05,2.306058,4.099673,1.500004
0.796871,0.5990016,0.000106457,2.512086,4.099718,1.500004
-0.04943788,0.04950596,-0.0002096391,0.285725,0.2857038,1.700036
-0.08785115,0.01059802,-0.0001425982,0.5058123,0.2469279,1.700106
-0.126497,0.02317858,4.130343e-06,0.7089819,0.2103223,1.700217
-0.1780146,0.02324483,-9.621793e-05,0.8985688,0.197208,1.700343
-0.2189418,0.02203229,-0.0002593302,1.097034,0.1918966,1.700429
-0.2690683,0.02197625,-0.0002121804,1.298007,0.1901871,1.700472
-0.3136721,0.02092056,-0.0003034624,1.498917,0.1895987,1.700491
-0.3606998,0.02067465,-0.0002999507,1.699445,0.1893731,1.700497
-0.405405,0.02018031,-0.0003400768,1.89972,0.1893228,1.700497
-0.4499398,0.01962884,-0.0003701071,2.09986,0.1893905,1.700493
-0.4923466,0.01876007,-0.000379053,2.299935,0.1895428,1.700487
-0.01280127,0.09012015,3.421523e-05,0.2469615,0.505714,1.700103
-0.08675093,0.0868586,-0.000305144,0.4629566,0.4629613,1.700241
-0.1291275,0.07474788,-2.070174e-05,0.677408,0.4272897,1.700405
-0.178596,0.07109732,5.820806e-06,0.8858747,0.4043785,1.700569
-0.2215144,0.0660641,-9.662635e-06,1.090722,0.3931114,1.7007
-0.2691223,0.06609935,2.377598e-05,1.294045,0.3881475,1.700788
-0.3141065,0.0650018,-2.530637e-05,1.496283,0.3859486,1.700841
-0.3611985,0.06455922,-2.066271e-05,1.697714,0.3850185,1.700867
-0.4064884,0.06332035,-5.110681e-05,1.898607,0.3848056,1.700872
-0.4516652,0.06170096,-8.010507e-05,2.099164,0.3851025,1.70086
-0.4948365,0.05911124,-9.570194e-05,2.299512,0.3857637,1.700837
-0.02060038,0.1258879,-0.0002736095,0.2102616,0.7089866,1.700217
-0.07333899,0.1284676,-0.0002400057,0.4272132,0.6773841,1.700405
-0.1189945,0.1214328,-0.0001149341,0.6503916,0.6504841,1.70065
-0.1705084,0.1191598,-9.663691e-05,0.868052,0.6278736,1.700906
-0.2166065,0.1164086,-0.0001468707,1.079601,0.6136075,1.701127
-0.2661187,0.1163319,-0.0001214425,1.286855,0.605889,1.701289
-0.3127372,0.1153081,-0.0001824892,1.491538,0.601905,1.701393
-0.3610554,0.1146732,-0.0001928052,1.694571,0.600071,1.701448
-0.4077676,0.112761,-0.0002263658,1.896534,0.5996289,1.701461
-0.4544325,0.1100808,-0.0002515778,2.097811,0.6002335,1.701437
-0.4992322,0.1056389,-0.0002683402,2.29864,0.6015936,1.701386
-0.02166239,0.1764669,-0.0001584349,0.197179,0.8985799,1.700343
-0.06854532,0.1777046,-0.000277695,0.4042673,0.885925,1.700571
-0.114774,0.171701,-0.0001225081,0.6277145,0.8681495,1.700908
-0.1659315,0.1704961,-9.333653e-05,0.8495138,0.849722,1.701286
-0.2140729,0.1674036,6.840594e-06,1.066337,0.8353493,1.701631
-0.2639253,0.1676095,2.467327e-05,1.277936,0.8261503,1.701897
-0.3121991,0.1667259,2.929688e-05,1.485543,0.820985,1.702073
-0.3617124,0.1662303,2.410897e-05,1.690542,0.8184571,1.702167
-0.4103153,0.1640168,1.162208e-05,1.893833,0.8177948,1.70219
-0.4591026,0.1606219,-1.089894e-05,2.096008,0.8185922,1.702151
-0.5063583,0.1545303,-3.219149e-05,2.297451,0.8204509,1.702067
-0.02024768,0.214718,2.62555e-05,0.1918717,1.097043,1.700429
-0.06186715,0.2184628,-0.0002147756,0.3929993,1.090766,1.700703
-0.109168,0.2163849,-6.817207e-05,0.6133622,1.079725,1.701132
-0.1587571,0.2179975,-0.0001901847,0.8349967,1.066574,1.701636
-0.2083297,0.2175357,-8.240422e-05,1.054133,1.054573,1.702117
-0.2594876,0.2187784,-4.57083e-05,1.268939,1.045625,1.702506
-0.3097461,0.2191651,-3.041774e-05,1.479327,1.040042,1.702775
-0.3613641,0.2194382,-5.860664e-05,1.686282,1.037196,1.70292
-0.412596,0.2174744,-7.219445e-05,1.890932,1.036377,1.702957
-0.4645809,0.2137779,-9.556256e-05,2.094048,1.037174,1.702902
-0.5154425,0.2061655,-0.0001187034,2.296144,1.03915,1.702781
-0.01980811,0.2614945,-8.670282e-05,0.1901526,1.298012,1.700473
-0.05999075,0.2628162,-0.0002853543,0.3879838,1.294081,1.700794
-0.1057894,0.2629458,-0.0001150817,0.6055111,1.286969,1.701299
-0.1539645,0.2657362,-0.0002148499,0.8255486,1.27819,1.701912
-0.2029848,0.2677179,-0.0001158976,1.044871,1.269407,1.702518
-0.254671,0.2709748,-6.527478e-05,1.261279,1.262094,1.703043
-0.3066737,0.273243,-1.123699e-05,1.473698,1.257027,1.703419
-0.3606319,0.2753591,-7.778911e-05,1.68235,1.254253,1.703638
-0.4149884,0.274641,-9.614623e-05,1.888214,1.25339,1.703694
-0.4711125,0.2717098,-0.0001171139,2.092195,1.254059,1.703621
-0.5266205,0.2633419,-0.0001386571,2.294907,1.255846,1.703458
-0.01806259,0.3011679,1.672351e-06,0.1895404,1.498918,1.700493
-0.05678892,0.3030935,-0.0002334053,0.3856722,1.496309,1.700851
-0.1009155,0.3054105,-7.046046e-05,0.6012682,1.491636,1.701414
-0.147439,0.3105397,-0.0002152839,0.8199777,1.485774,1.702104
-0.1958507,0.3155687,-0.000132835,1.038774,1.479774,1.702811
-0.2474853,0.3219606,-0.0001191042,1.255666,1.474481,1.703447
-0.3007313,0.3271486,-6.876829e-05,1.469244,1.470545,1.703887
-0.3572591,0.3319537,-0.0001770826,1.679124,1.468237,1.704169
-0.4150734,0.3332031,-0.0002137985,1.885954,1.467477,1.704241
-0.4764489,0.331784,-0.000224822,2.090651,1.468008,1.704144
-0.5381756,0.3229727,-0.0002290146,2.293885,1.469498,1.703929
-0.01696966,0.341749,-6.074799e-05,0.189268,1.699439,1.700501
-0.05384805,0.3439027,-0.0002734136,0.3845276,1.697723,1.700884
-0.09578544,0.3478268,-9.200839e-05,0.59896,1.694642,1.701486
-0.1403856,0.3548595,-0.000216447,0.8167399,1.690735,1.702228
-0.1874991,0.3630504,-9.961267e-05,1.035085,1.686673,1.702998
-0.2388535,0.3732179,-4.302596e-05,1.252034,1.683043,1.703721
-0.2928227,0.382829,4.267458e-05,1.466158,1.680266,1.704229
-0.3521221,0.3924318,-6.597584e-05,1.676795,1.678585,1.704558
-0.4138592,0.3980814,-0.000111571,1.884309,1.678037,1.704629
-0.4817438,0.4009443,-0.0001136124,2.089546,1.678502,1.70449
-0.550934,0.3944829,-9.173354e-05,2.293183,1.67976,1.704195
-0.6238933,0.3803126,-8.815282e-05,2.49567,1.681362,1.70385
-0.01558123,0.3781377,-4.489682e-05,0.1891328,1.899704,1.700504
-0.04977447,0.3810476,-0.0002525167,0.3839325,1.89859,1.700902
-0.08877755,0.3867426,-7.419154e-05,0.5976949,1.896567,1.701529
-0.1307152,0.3962751,-0.0001979565,0.814883,1.893975,1.702301
-0.1756181,0.4079604,-7.269211e-05,1.032902,1.891247,1.703107
-0.2256822,0.4224651,6.503081e-06,1.249847,1.888784,1.703868
-0.2792574,0.4369481,0.0001264674,1.464251,1.886888,1.704406
-0.3403025,0.4521801,3.591742e-05,1.675333,1.885748,1.704742
-0.4054266,0.4627788,-2.145367e-07,1.883306,1.885432,1.704777
-0.4805611,0.4710574,1.152937e-07,2.088932,1.885902,1.704558
-0.5598161,0.466773,2.658577e-05,2.292829,1.886999,1.704171
-0.6474996,0.4547215,2.458689e-05,2.495478,1.888406,1.70374
-0.01403831,0.4123618,-4.047608e-05,0.1890625,2.099832,1.700505
-0.04500391,0.4160873,-0.0002331176,0.3836181,2.099117,1.700912
-0.08049156,0.4235677,-6.323207e-05,0.5970081,2.097796,1.701553
-0.1191857,0.4358384,-0.0001648995,0.8138481,2.096087,1.702341
-0.1612275,0.4517291,-3.964654e-05,1.031663,2.09427,1.703163
-0.2096165,0.4718184,5.246788e-05,1.248603,2.092619,1.703936
-0.2624274,0.4935716,0.0001766441,1.463188,2.091352,1.704472
-0.3256893,0.5177184,0.0001168871,1.674576,2.090619,1.704777
-0.3942836,0.5387906,9.986537e-05,1.882893,2.090497,1.704736
-0.4786514,0.5580565,0.000109191,2.088788,2.090964,1.704417
-0.5675855,0.5650515,0.0001306395,2.292844,2.091915,1.703925
-0.6739593,0.5580462,0.0001094234,2.495543,2.093158,1.703402
-0.01209951,0.4422853,-7.047891e-05,0.1890271,2.299896,1.700505
-0.03889997,0.4467914,-0.000250563,0.3834596,2.29944,1.700916
-0.06970829,0.456068,-7.987244e-05,0.5966593,2.298584,1.701563
-0.1037391,0.4711543,-0.000155515,0.8133196,2.297463,1.702358
-0.141092,0.4912355,-2.984575e-05,1.031036,2.296264,1.703185
-0.1852668,0.5170571,7.292322e-05,1.247999,2.295171,1.703954
-0.2344559,0.5460762,0.0001926075,1.462739,2.294342,1.704466
-0.296081,0.5797098,0.0001399255,1.674397,2.2939,1.704705
-0.3656599,0.6109045,0.0001375839,1.882988,2.293883,1.704571
-0.4561688,0.6433721,0.0001652566,2.089067,2.294309,1.704143
-0.5604027,0.6588673,0.0001923006,2.293202,2.295111,1.703558
-0.6912882,0.6665325,0.0002054868,2.495862,2.296178,1.702959
-0.00993548,0.4678266,-2.63198e-05,0.189013,2.499933,1.700505
-0.03198781,0.4731874,-0.0001617448,0.3833983,2.499643,1.700917
-0.05744749,0.4842911,-3.389558e-05,0.5965287,2.49909,1.701565
-0.08618736,0.5023933,-8.309239e-05,0.8131301,2.498359,1.702361
-0.1181427,0.527299,2.29025e-05,1.030834,2.497573,1.703184
-0.1577247,0.5599041,0.0001375586,1.24786,2.496856,1.70394
-0.2025142,0.5991452,0.0002454092,1.46276,2.496323,1.704416
-0.2632135,0.6457992,0.0002114576,1.674672,2.496055,1.704576
-0.3320119,0.6966973,0.000247172,1.883493,2.496088,1.704353
-0.4330475,0.7514383,0.0003418624,2.089714,2.496432,1.703825
-0.5443794,0.8011572,0.0003976733,2.293872,2.49705,1.703161
-0.7161662,0.8366169,0.0004490744,2.496433,2.497888,1.702466
-0.007299373,0.487687,-0.0001371279,0.1890154,2.699958,1.700505
-0.02356623,0.4937572,-0.0002118314,0.3834123,2.699775,1.700915
-0.04233116,0.5064365,-8.305065e-05,0.5965684,2.699419,1.701561
-0.06375864,0.5272162,-7.837908e-05,0.8132084,2.698942,1.702352
-0.0876732,0.5563692,3.257956e-05,1.030971,2.698428,1.703167
-0.1179811,0.5952974,0.0001626277,1.248094,2.69796,1.703904
-0.1534372,0.6437983,0.0002782664,1.463165,2.697616,1.70434
-0.2026222,0.7041241,0.0002949311,1.6753,2.697444,1.704438
-0.2644819,0.7734902,0.0003808155,1.884315,2.697482,1.704133
-0.3555003,0.8550522,0.0005523727,2.090673,2.697726,1.703525
-0.4812764,0.9357204,0.0006259028,2.294881,2.698127,1.70278
-0.6718607,1.005146,0.0006413244,2.497342,2.698625,1.70198
-0.004514866,0.50153,-7.765197e-05,0.1890352,2.899976,1.700504
-0.01471358,0.5080969,-0.0001171538,0.3835068,2.899863,1.700911
-0.02639081,0.5220111,-3.512112e-05,0.5967879,2.899634,1.701551
-0.04025393,0.5447983,1.545833e-06,0.8135613,2.899322,1.702334
-0.05543942,0.5774669,8.534936e-05,1.031442,2.898982,1.703135
-0.07651668,0.6216643,0.0002323284,1.24868,2.898674,1.703851
-0.1002921,0.6791735,0.0003366872,1.463901,2.898449,1.704249
-0.1396121,0.7524106,0.0004355021,1.676214,2.898337,1.704304
-0.1862765,0.8450824,0.0005807468,1.885407,2.89836,1.703938
-0.276764,0.9623328,0.0008498116,2.09195,2.898506,1.703276
-0.3959566,1.112535,0.001028114,2.296353,2.898713,1.702468
-0.6520928,1.300383,0.001136097,2.49894,2.898867,1.701592
-0.001412964,0.5085547,-0.0001164608,0.1890806,3.099992,1.700502
-0.004837749,0.5154117,-9.327945e-05,0.3837166,3.099927,1.700904
-0.008355786,0.5300345,-3.842837e-05,0.597256,3.099778,1.701533
-0.01276935,0.554039,4.345918e-05,0.814277,3.099567,1.702301
-0.01697268,0.589064,0.0001232269,1.032329,3.099337,1.703084
-0.02376745,0.6370205,0.0002794272,1.249668,3.099128,1.703777
-0.03090513,0.7021595,0.0004317318,1.464973,3.098978,1.704145
-0.0449669,0.78784,0.0006503394,1.677395,3.098906,1.704169
-0.06448982,0.9069942,0.0009092669,1.886757,3.098923,1.703769
-0.101718,1.067772,0.001381404,2.093583,3.099018,1.703079
-0.1705959,1.314291,0.001684469,2.298458,3.099144,1.702244
-0.2696865,1.626913,0.001892383,2.501775,3.099218,1.701353
0.001589833,0.5084777,-7.771076e-05,0.1891663,3.300007,1.700499
0.004900661,0.5152586,-1.533837e-05,0.3841036,3.299977,1.70089
0.009330812,0.5296145,-7.715571e-07,0.5980964,3.299878,1.701502
0.01402559,0.5532486,0.0001114581,0.8155147,3.299725,1.702248
0.02094725,0.5877461,0.0001635477,1.033786,3.299557,1.703005
0.02830534,0.6349057,0.0003207546,1.251171,3.299408,1.703671
0.04140123,0.6985456,0.0004719507,1.466444,3.299304,1.704014
0.05556631,0.7822726,0.0007953328,1.678857,3.299261,1.704018
0.08555693,0.897233,0.001109713,1.888328,3.299283,1.703606
0.1208153,1.050223,0.001659893,2.095481,3.299366,1.702913
0.2056922,1.284205,0.002067552,2.301028,3.299491,1.702085
0.3177485,1.564249,0.002807081,2.505497,3.299632,1.701222
0.004561119,0.5015851,-3.869189e-05,0.1893069,3.500023,1.700494
0.01453956,0.5079507,5.941466e-05,0.3847288,3.500018,1.700869
0.02684085,0.5215046,3.627452e-05,0.5994255,3.499946,1.701455
0.04058318,0.5436694,0.0001737604,0.8174211,3.499822,1.702167
0.05804832,0.5758871,0.0002164488,1.035946,3.499684,1.70289
0.07881677,0.6191482,0.0003767827,1.253281,3.499567,1.703523
0.1072265,0.6770053,0.0005625624,1.468349,3.499491,1.70384
0.143949,0.7501256,0.000998158,1.680567,3.499466,1.703834
0.1936906,0.8489081,0.001421773,1.889994,3.499495,1.703426
0.2764025,0.9692563,0.002150895,2.097377,3.499576,1.702752
0.36259,1.15023,0.00287954,2.303565,3.499705,1.701955
0.6205934,1.220042,0.002308058,2.509213,3.499879,1.701136
0.007233054,0.4879976,3.739317e-05,0.1894999,3.700033,1.700487
0.02316274,0.4936693,0.0001599615,0.3855741,3.700042,1.700841
0.04249577,0.5056932,9.585157e-05,0.6011981,3.699983,1.701391
0.06416302,0.5251559,0.0002338064,0.8199197,3.699871,1.702062
0.09074637,0.552985,0.0002453305,1.03871,3.699746,1.702743
0.122704,0.589582,0.0003760142,1.255885,3.699644,1.703337
0.1651276,0.6369167,0.0005268417,1.470563,3.699583,1.703628
0.2199985,0.6951612,0.0009555878,1.682376,3.699569,1.703618
0.2967287,0.7676811,0.001274794,1.891546,3.6996,1.703226
0.4085054,0.8551242,0.001777432,2.098929,3.69967,1.702585
0.5681047,0.9534364,0.002277764,2.30547,3.699773,1.701831
0.8423357,1.076127,0.002159483,2.511882,3.699894,1.701062
0.009630385,0.4687463,6.361934e-05,0.1897031,3.900029,1.70048
0.03078779,0.4735744,0.0002091031,0.3864571,3.900034,1.700812
0.05616162,0.4837096,0.0001159593,0.6030341,3.899976,1.701326
0.08436249,0.4998747,0.0002653687,0.8224839,3.899871,1.701955
0.1179098,0.522453,0.0002538226,1.041511,3.899756,1.702593
0.1574895,0.5511626,0.0003696692,1.258468,3.899663,1.70315
0.2073164,0.5865544,0.0005123634,1.472676,3.899609,1.703419
0.2696403,0.6271266,0.0009370278,1.683975,3.899598,1.703407
0.3496169,0.6727662,0.001252387,1.892728,3.899625,1.703034
0.4599527,0.7186335,0.001803069,2.099855,3.899682,1.702429
0.5932509,0.7572787,0.002375012,2.306325,3.899755,1.701719
0.7989605,0.738393,0.002218779,2.512834,3.899834,1.700997
0.01156764,0.4446425,0.0001125399,0.1898401,4.100006,1.700475
0.03693558,0.4485096,0.0002701609,0.3870502,4.099986,1.700792
0.06708203,0.4565042,0.0001358744,0.6042652,4.099918,1.701282
0.1001887,0.4689952,0.0002828951,0.824203,4.099818,1.701883
0.1386091,0.4859688,0.0002383092,1.043388,4.099711,1.702493
0.1829783,0.5066133,0.0003200571,1.260194,4.099623,1.703026
0.2371626,0.5306897,0.000417611,1.474065,4.099569,1.703281
0.3024324,0.5560412,0.0007734397,1.684964,4.099557,1.703269
0.3846881,0.5809536,0.0009800012,1.893321,4.099582,1.70291
0.4896122,0.6015991,0.001310141,2.100047,4.09963,1.702329
0.6204533,0.6083372,0.001511009,2.306069,4.099682,1.701647
0.7967402,0.5984273,0.001284384,2.512064,4.099723,1.700954
-0.04996762,0.04965725,-0.0003175457,0.2857917,0.2857844,1.900097
-0.08878235,0.01022388,0.0005470697,0.5060021,0.2470809,1.900278
-0.1271108,0.02317597,0.0005638664,0.7092344,0.2106113,1.900546
-0.1785202,0.02363098,0.0008526429,0.8987996,0.1976035,1.900831
-0.2193206,0.0226088,0.000227968,1.097193,0.1923671,1.901021
-0.2692681,0.02258087,0.0004580241,1.29811,0.1907079,1.901118
-0.3138169,0.02157037,0.0002059343,1.498982,0.1901494,1.901162
-0.3607685,0.02133101,0.0002563869,1.699484,0.1899386,1.901179
-0.4054435,0.02082624,0.0001261408,1.899743,0.1898923,1.90118
-0.4499457,0.02025688,3.043037e-05,2.099874,0.1899556,1.901172
-0.4923547,0.0193609,-1.462721e-05,2.299942,0.1900972,1.90116
-0.01192968,0.09147061,-0.001211543,0.2471135,0.5059183,1.900276
-0.0865419,0.08662601,-0.0004294875,0.463456,0.4634662,1.900555
-0.1292569,0.07508583,-0.0002674326,0.678089,0.4282242,1.900905
-0.1789703,0.07148205,0.0001700372,0.8865345,0.4057422,1.901254
-0.2217942,0.06671582,2.09607e-05,1.091264,0.3948078,1.901527
-0.2693777,0.06679852,0.0001815169,1.294452,0.3900673,1.901711
-0.3142856,0.06577035,7.743351e-05,1.496569,0.388003,1.901819
-0.3613225,0.06534331,0.000106164,1.697907,0.387142,1.901872
-0.4065872,0.06410168,6.488817e-05,1.898732,0.3869486,1.901882
-0.4517331,0.0624631,1.673314e-05,2.099243,0.387225,1.90186
-0.494901,0.05983357,-6.525528e-06,2.29956,0.387837,1.901815
-0.02045064,0.1264751,-0.001070235,0.21055,0.709241,1.900545
-0.07363373,0.1287381,-6.695402e-05,0.4281469,0.6780694,1.900906
-0.1194196,0.1218529,-0.0001928543,0.6518076,0.6518963,1.901423
-0.1710626,0.1197015,0.0002813092,0.8695315,0.6301012,1.901975
-0.2170853,0.1171618,3.123948e-05,1.080876,0.616531,1.90244
-0.2665194,0.1171651,0.0001898716,1.287842,0.6093064,1.902772
-0.3130248,0.116243,4.710703e-05,1.492252,0.6056321,1.902981
-0.3612683,0.1156406,5.622009e-05,1.695064,0.6039605,1.903087
-0.4079314,0.1137434,-2.352794e-05,1.896864,0.6035667,1.903111
-0.4545659,0.1110435,-7.693058e-05,2.098026,0.6041283,1.903064
-0.4993604,0.106545,-0.0001156114,2.298777,0.6053787,1.902965
-0.02202166,0.1769368,-0.001281812,0.1975757,0.8988114,1.900831
-0.06894134,0.1780739,-0.000579709,0.4056373,0.8865833,1.901257
-0.1152761,0.1722833,-0.0006061664,0.6299536,0.8696244,1.901978
-0.1666389,0.1712465,-0.0001229176,0.8520398,0.8522321,1.902801
-0.2146942,0.1684486,-1.342994e-05,1.068635,0.8388731,1.903534
-0.2644936,0.1687978,0.0001277299,1.279753,0.8304706,1.904081
-0.3125888,0.168081,0.0001205858,1.486867,0.8258229,1.904429
-0.3620244,0.1676519,0.0001245884,1.691464,0.8235718,1.904607
-0.4105678,0.165471,0.0001189372,1.894458,0.8229981,1.904648
-0.4593403,0.1620495,8.968538e-05,2.096421,0.8237351,1.904571
-0.5066106,0.1558795,6.29149e-05,2.297718,0.825427,1.904408
-0.02082289,0.2150349,-0.0006972683,0.1923439,1.097201,1.901023
-0.06248057,0.2187314,-0.0003971637,0.3947042,1.091306,1.901532
-0.1098761,0.2168987,-0.0004121744,0.6163067,1.080991,1.902449
-0.1597596,0.218675,-0.0002512899,0.8385532,1.068852,1.903542
-0.2092382,0.2185371,-0.0001321395,1.05762,1.058017,1.904569
-0.2603444,0.2199889,-1.633812e-06,1.271812,1.050125,1.905364
-0.310309,0.2206125,-5.945972e-05,1.481415,1.045304,1.905898
-0.3618053,0.2210094,-9.881116e-05,1.687734,1.042858,1.906167
-0.4129441,0.2190993,-0.0001088681,1.891918,1.042173,1.90623
-0.4649178,0.2153808,-0.000142166,2.094705,1.042905,1.906123
-0.5158009,0.2076801,-0.0001681039,2.296573,1.044676,1.90589
-0.02037507,0.2616461,-0.001041851,0.1906762,1.298115,1.90112
-0.06058586,0.2630543,-0.000636426,0.3899179,1.294485,1.90172
-0.1065145,0.2633813,-0.000607949,0.6089639,1.287946,1.90279
-0.1550463,0.2664079,-0.0003987636,0.8299302,1.279982,1.904106
-0.2040504,0.2687251,-0.0002526772,1.049454,1.272232,1.905384
-0.2557163,0.272207,-0.0001064819,1.265271,1.265991,1.906347
-0.3073444,0.2747195,-0.0001216379,1.476659,1.261791,1.907043
-0.3611521,0.2769847,-0.0001688617,1.684386,1.259523,1.907408
-0.4154097,0.276343,-0.0001437176,1.889595,1.258832,1.907493
-0.4715303,0.2734147,-0.0001635998,2.093119,1.259443,1.907354
-0.5270695,0.264967,-0.0001729137,2.295512,1.261016,1.907053
-0.01866967,0.3012895,-0.0007587513,0.1900961,1.498983,1.901166
-0.05744307,0.3032805,-0.0005426882,0.3877513,1.496593,1.901836
-0.1017125,0.3057454,-0.0004884956,0.6050561,1.49234,1.903017
-0.1486459,0.3110673,-0.0003952831,0.8249207,1.487074,1.904483
-0.197089,0.3163444,-0.0002136091,1.044181,1.481814,1.905961
-0.2487338,0.3229006,-0.000101488,1.260598,1.477352,1.907093
-0.3015664,0.3282728,-0.0001038201,1.473016,1.474152,1.907926
-0.3578417,0.3332311,-0.0001380143,1.681723,1.472318,1.90837
-0.4155428,0.3345457,-0.0001098377,1.887712,1.471726,1.908467
-0.4768972,0.3331386,-0.0001268806,2.091827,1.472205,1.90829
-0.5386461,0.3242652,-0.0001388649,2.294654,1.473491,1.907914
-0.01755805,0.3417504,-0.001021146,0.1898424,1.699479,1.901186
-0.05447588,0.3440211,-0.0006524691,0.3866946,1.697915,1.901903
-0.09655822,0.3480766,-0.0005667853,0.6029547,1.695128,1.903156
-0.1415955,0.3553405,-0.0003996125,0.8220326,1.691638,1.904717
-0.1888193,0.3637523,-0.0001565989,1.04099,1.688085,1.906308
-0.2402218,0.3740504,-8.558591e-06,1.257586,1.685,1.907552
-0.293826,0.3837309,-9.655892e-06,1.470515,1.68272,1.908475
-0.3528303,0.393432,-1.907903e-05,1.679821,1.681372,1.908963
-0.414394,0.3991451,3.440934e-05,1.88635,1.68094,1.909051
-0.4822131,0.4020019,2.242659e-05,2.0909,1.681338,1.908817
-0.551354,0.3954732,6.718022e-06,2.294056,1.682387,1.908347
-0.01612888,0.378145,-0.0008483876,0.1897181,1.899728,1.901194
-0.05037074,0.3811666,-0.0006342784,0.3861508,1.898717,1.901939
-0.08952829,0.3869721,-0.0005084544,0.6018118,1.896894,1.903237
-0.1318917,0.3967457,-0.000385389,0.8203827,1.894586,1.904852
-0.1769495,0.4086284,-0.0001345366,1.039096,1.892201,1.906505
-0.2270983,0.4232815,5.346858e-06,1.255739,1.890101,1.907803
-0.2803386,0.4377915,5.49317e-06,1.468933,1.888527,1.908761
-0.3411124,0.4530439,-1.174455e-05,1.678601,1.887596,1.90925
-0.406019,0.4636545,3.671107e-05,1.885493,1.887332,1.909291
-0.4810095,0.4718573,2.513479e-05,2.090355,1.887703,1.908964
-0.5601975,0.4675308,2.391837e-05,2.293742,1.888601,1.908354
-0.6479229,0.4554416,5.729394e-05,2.496048,1.889781,1.907633
-0.01455935,0.4123075,-0.0009221873,0.1896539,2.099847,1.901196
-0.04557065,0.4161525,-0.0006116076,0.3858653,2.0992,1.901957
-0.08118057,0.4237679,-0.000504849,0.6011945,2.098013,1.90328
-0.1202841,0.4363245,-0.0003417801,0.819465,2.096494,1.904925
-0.1625062,0.452441,-9.334536e-05,1.038018,2.094907,1.906606
-0.2110203,0.4727255,6.964693e-05,1.254677,2.093496,1.907923
-0.2635365,0.4944999,8.330437e-05,1.46803,2.092437,1.908878
-0.3265403,0.5186117,0.0001047305,1.67794,2.091828,1.909329
-0.3948688,0.5396033,0.000185367,1.885093,2.091707,1.909282
-0.479105,0.5588219,0.0002128866,2.090188,2.092078,1.908801
-0.5679965,0.5658357,0.0002367129,2.293715,2.092864,1.907999
-0.6743822,0.5587818,0.0003445037,2.496074,2.093922,1.907077
-0.01256466,0.442153,-0.001045508,0.1896217,2.299906,1.901196
-0.03939104,0.4468681,-0.0006691891,0.3857222,2.299494,1.901965
-0.07029227,0.4562626,-0.0005213614,0.6008821,2.298726,1.903299
-0.1046959,0.4716978,-0.0003340454,0.8189968,2.297731,1.904957
-0.1422237,0.4920277,-8.999438e-05,1.037471,2.296683,1.906646
-0.1865402,0.518086,8.756698e-05,1.254156,2.295748,1.907958
-0.2354826,0.5471151,0.0001128953,1.467633,2.295052,1.908883
-0.2968545,0.5806377,0.000165339,1.677735,2.294673,1.909263
-0.3661777,0.6117193,0.0002297079,1.885108,2.294653,1.909079
-0.4565976,0.6441503,0.0003002007,2.090373,2.294992,1.908402
-0.5607473,0.6596505,0.0002798278,2.293981,2.295661,1.90737
-0.6916022,0.6672321,0.0004079203,2.49632,2.296598,1.906215
-0.01028628,0.4675885,-0.0005471049,0.189609,2.499939,1.901196
-0.03237462,0.473211,-0.0004647721,0.3856673,2.499678,1.901967
-0.05792571,0.4844684,-0.0003340538,0.6007656,2.499183,1.903304
-0.08696845,0.5029864,-0.0002142353,0.8188293,2.498534,1.904962
-0.1191064,0.528201,2.654378e-06,1.037294,2.497847,1.906646
-0.1588273,0.5611203,0.0002002049,1.254032,2.497233,1.907938
-0.2034243,0.6003838,0.0002393705,1.467628,2.496783,1.908816
-0.2638873,0.6468821,0.0003790475,1.677904,2.496553,1.909104
-0.3325059,0.6976643,0.0004331827,1.885479,2.496577,1.908757
-0.4334245,0.7523521,0.0006485923,2.090886,2.496853,1.907869
-0.5446581,0.8020248,0.0006581332,2.294552,2.497372,1.906597
-0.7164562,0.8372771,0.001049488,2.496814,2.498116,1.90521
-0.007536979,0.4874405,-0.0007959535,0.1896114,2.699962,1.901195
-0.02379673,0.4937684,-0.0005411073,0.3856803,2.699797,1.901964
-0.04262418,0.5066215,-0.0004031131,0.6008019,2.699478,1.903297
-0.06428228,0.5278616,-0.000199203,0.8188999,2.699056,1.904947
-0.08832605,0.557373,1.070516e-05,1.037414,2.698606,1.906617
-0.1187398,0.596673,0.0002443914,1.254229,2.698205,1.907879
-0.1540448,0.6452079,0.0003306817,1.467945,2.697914,1.908704
-0.203049,0.7053654,0.0005456605,1.678391,2.697773,1.908893
-0.2647873,0.7745944,0.0005905897,1.886151,2.697795,1.908397
-0.3556359,0.8560327,0.000938837,2.09171,2.697985,1.907317
-0.4814498,0.9366952,0.000864174,2.29546,2.698322,1.905834
-0.6722218,1.005851,0.001123635,2.49764,2.698749,1.904207
-0.004643615,0.5012949,-0.0004668036,0.1896294,2.899979,1.901193
-0.01483315,0.5081445,-0.0003374107,0.3857663,2.899877,1.901956
-0.02653171,0.5222166,-0.0002354387,0.6010002,2.899672,1.903279
-0.04052473,0.5454997,-5.829369e-05,0.8192156,2.899395,1.904913
-0.05579351,0.5785615,0.0001047197,1.037829,2.899098,1.906559
-0.07693321,0.6231839,0.0003849557,1.254735,2.898834,1.907787
-0.1005988,0.6807614,0.0004847966,1.468557,2.898644,1.90856
-0.1397928,0.7538256,0.000839894,1.679151,2.898553,1.908665
-0.1863695,0.8463776,0.0009048806,1.887089,2.898565,1.908057
-0.2766184,0.9635264,0.001588313,2.092857,2.898674,1.906841
-0.3959894,1.113941,0.001526959,2.296825,2.898835,1.905207
-0.6519968,1.301651,0.002414328,2.499156,2.898939,1.903401
-0.001408264,0.5083052,-0.0002899662,0.1896709,3.099993,1.90119
-0.004800971,0.5154451,-0.0002311615,0.3859574,3.099935,1.901942
-0.008304925,0.5302328,-0.0001343604,0.6014241,3.099801,1.903245
-0.01272304,0.5547474,4.347534e-05,0.8198575,3.099614,1.904853
-0.0169172,0.5901884,0.0001870225,1.038614,3.099412,1.906467
-0.02366766,0.6386148,0.0004996732,1.255595,3.099234,1.907657
-0.0307152,0.7038459,0.0006987093,1.469476,3.099108,1.908383
-0.04463292,0.7893558,0.001257781,1.680167,3.099049,1.908428
-0.06404569,0.9083626,0.001513417,1.888279,3.099059,1.907753
-0.1009625,1.069031,0.002832732,2.094354,3.09913,1.906464
-0.169979,1.31568,0.002836794,2.298821,3.099224,1.904763
-0.2692078,1.628335,0.004319436,2.501916,3.099265,1.902909
0.001696729,0.5082927,-8.08937e-05,0.1897496,3.300007,1.901184
0.005051286,0.5153183,-7.207843e-05,0.3863111,3.29998,1.901917
0.009545147,0.5298255,2.785386e-05,0.602188,3.299891,1.903186
0.01435679,0.5539265,0.0001772514,0.8209712,3.299754,1.904753
0.02137232,0.5888104,0.0002761864,1.039906,3.299606,1.906321
0.02886642,0.63639,0.0005876981,1.25691,3.299479,1.907466
0.0420612,0.7000707,0.0008190924,1.47075,3.299394,1.908151
0.05639501,0.7836213,0.00149158,1.68144,3.299359,1.908158
0.08646142,0.8983968,0.001860667,1.889677,3.299375,1.907454
0.1219974,1.051282,0.00350062,2.096105,3.299441,1.906151
0.2066962,1.285442,0.003518539,2.301276,3.299545,1.904456
0.3182732,1.565515,0.006956724,2.505561,3.299664,1.902649
0.004761443,0.5014273,0.0001377566,0.1898792,3.500021,1.901175
0.01480045,0.5080273,0.0001119048,0.386885,3.500017,1.901876
0.02720113,0.5217191,0.0001676765,0.6033999,3.499952,1.903095
0.04116914,0.5442793,0.0003100017,0.8226917,3.49984,1.9046
0.05880628,0.5768303,0.0003787113,1.041827,3.499718,1.906104
0.07977965,0.6204094,0.0007068126,1.258758,3.499618,1.907195
0.1082767,0.6782371,0.001031963,1.472405,3.499558,1.907838
0.1451626,0.7510978,0.001936804,1.682935,3.499539,1.907823
0.19494,0.8495624,0.002576616,1.891163,3.499562,1.907122
0.2780336,0.9697278,0.004897454,2.097855,3.499629,1.905848
0.3638336,1.150541,0.0058702,2.303699,3.499742,1.904208
0.621734,1.22108,0.005758907,2.509197,3.499902,1.902487
0.007529556,0.4878807,0.0006079503,0.1900576,3.70003,1.901161
0.02351882,0.4937365,0.0003597968,0.3876631,3.700039,1.901822
0.04295829,0.5058696,0.0003713913,0.6050199,3.699985,1.902973
0.06493082,0.5256595,0.0004313289,0.824951,3.699883,1.9044
0.09172397,0.5537345,0.0004234546,1.044288,3.699772,1.905825
0.1239083,0.5905503,0.0006938712,1.26104,3.699686,1.906851
0.1663458,0.6377947,0.0009581272,1.474331,3.699638,1.907453
0.2212631,0.6957273,0.001790204,1.684518,3.699628,1.907426
0.2978397,0.7678892,0.002167636,1.892545,3.699651,1.906749
0.4098532,0.8550274,0.003928386,2.09928,3.699711,1.905531
0.5684575,0.9531314,0.003937108,2.305508,3.699802,1.903973
0.84269,1.075431,0.005608873,2.511798,3.699911,1.902348
0.009974127,0.4686654,0.0005775606,0.1902458,3.900027,1.901147
0.03119086,0.4736218,0.000437333,0.3884773,3.900031,1.901764
0.05670421,0.4838305,0.0004247826,0.6067003,3.899979,1.902847
0.08525348,0.5002531,0.0004848077,0.8272728,3.899884,1.904194
0.1190219,0.5229944,0.0004351349,1.046784,3.899781,1.905539
0.1588268,0.5518326,0.0006747693,1.263307,3.899702,1.906503
0.2085919,0.5870974,0.0009299069,1.476171,3.89966,1.907068
0.2709049,0.6273743,0.001753777,1.685919,3.899652,1.907037
0.3507304,0.6727031,0.002144914,1.893593,3.899672,1.906392
0.4613259,0.7183556,0.00401993,2.100115,3.899717,1.905235
0.5937326,0.7566902,0.004337794,2.3063,3.89978,1.90376
0.7998481,0.7394989,0.006147622,2.512709,3.899847,1.902223
0.01195528,0.4445682,0.0007922401,0.1903728,4.100006,1.901137
0.03736758,0.4485354,0.0005860244,0.3890245,4.099987,1.901725
0.06766282,0.4565849,0.0005222484,0.607828,4.099927,1.902763
0.10115,0.4692567,0.0005272205,0.8288298,4.099838,1.904056
0.139775,0.4863232,0.0004055849,1.048458,4.099743,1.90535
0.1843463,0.507022,0.0005691787,1.26482,4.099668,1.906273
0.2383842,0.530959,0.0007471157,1.477379,4.099625,1.906815
0.3035488,0.5560455,0.001399283,1.686783,4.099615,1.906783
0.3855607,0.5806725,0.001565836,1.894109,4.099633,1.90616
0.490561,0.6010909,0.002796322,2.100264,4.099669,1.905044
0.620376,0.6074306,0.002126206,2.306021,4.099708,1.903621
0.7969038,0.5975735,0.00339541,2.51193,4.099738,1.902138
-0.04970107,0.04951313,-0.0006328352,0.2859898,0.2859891,2.100221
-0.08941318,0.01070635,0.001017714,0.5064504,0.2475436,2.100526
-0.1273547,0.02199177,-0.000249757,0.7096973,0.2115775,2.100838
-0.1784234,0.02309489,-0.0001323267,0.8992065,0.1989301,2.101164
-0.2195224,0.02227894,-0.001291128,1.097494,0.1939086,2.101426
-0.2692218,0.02222746,-0.001061296,1.298308,0.1923596,2.10159
-0.313951,0.02136128,-0.001405212,1.499102,0.1918558,2.101673
-0.3608412,0.02109946,-0.001373265,1.699553,0.19167,2.101705
-0.4056689,0.02068509,-0.001497889,1.899781,0.1916302,2.101711
-0.4501098,0.02015626,-0.00160569,2.099894,0.1916858,2.101701
-0.4924431,0.01926908,-0.001590787,2.299952,0.1918092,2.101683
-0.01182365,0.09221992,-0.001594774,0.2475736,0.5063748,2.100527
-0.08605581,0.08605013,-0.0005970035,0.4646854,0.4647006,2.100959
-0.1292443,0.07493864,0.0002663191,0.679524,0.4306226,2.101514
-0.1788641,0.07152401,0.0005342265,0.8877929,0.4092508,2.102047
-0.2219197,0.0670191,0.0004487711,1.092247,0.3990817,2.102454
-0.2693794,0.06712911,0.0006258451,1.295159,0.3947906,2.102733
-0.3144195,0.06624144,0.0004552979,1.49705,0.3929706,2.102898
-0.3613924,0.06581174,0.0004937609,1.698221,0.3922262,2.102977
-0.4067288,0.06462752,0.0003862335,1.898932,0.3920633,2.102994
-0.4518735,0.06300638,0.0002699222,2.099367,0.3923042,2.102963
-0.4950709,0.06033527,0.0002239046,2.299634,0.3928334,2.102899
-0.01919538,0.1265648,-1.304779e-05,0.2115177,0.7097054,2.100839
-0.07339237,0.1289946,-0.0005034829,0.4305468,0.6795103,2.101515
-0.1198126,0.1222694,-0.0002180788,0.6549199,0.6550022,2.102432
-0.1713106,0.1205349,-6.715241e-05,0.8724637,0.6350068,2.103381
-0.2176741,0.1182875,-0.0003318582,1.083206,0.6228674,2.104132
-0.266813,0.1184802,-0.0002954453,1.289542,0.6165726,2.104637
-0.3133841,0.1177244,-0.0005111521,1.493432,0.6134376,2.104938
-0.3615311,0.1171775,-0.0005392265,1.695859,0.6120342,2.105086
-0.4082569,0.1153047,-0.0006385922,1.897389,0.6117149,2.105117
-0.4548697,0.1125744,-0.0007056397,2.098364,0.6122002,2.105052
-0.4996873,0.1079774,-0.0007343345,2.298989,0.6132664,2.104914
-0.0213687,0.1767885,-0.0002658247,0.1989043,0.8992183,2.101166
-0.06890433,0.1779528,-0.001039577,0.4091573,0.8878378,2.102052
-0.1160087,0.1725659,-0.0002955607,0.634878,0.8725479,2.103384
-0.1673394,0.1720131,-0.000158997,0.8571287,0.8572944,2.104851
-0.2156024,0.1697551,0.000179763,1.072904,0.8459366,2.106051
-0.2650428,0.1704036,0.0001442126,1.282879,0.8390122,2.106898
-0.3130667,0.1700108,0.0001210364,1.48905,0.8352327,2.107389
-0.3623951,0.169681,0.0001076608,1.692949,0.8334209,2.107629
-0.4109495,0.1675776,8.35667e-05,1.895449,0.8329773,2.107679
-0.4597535,0.1641214,3.424617e-05,2.097073,0.8336051,2.107573
-0.5070929,0.157826,4.70489e-07,2.298137,0.8350172,2.10735
-0.02039124,0.2151263,0.0007697922,0.1938881,1.097502,2.101429
-0.06268883,0.2188476,-0.000880813,0.3989923,1.092283,2.102461
-0.1108844,0.2174416,-0.0001333955,0.6226781,1.083305,2.104143
-0.1609084,0.2196874,-0.0005284096,0.8456694,1.073087,2.10606
-0.2105916,0.2200256,-0.000182047,1.064013,1.064336,2.107584
-0.2612053,0.221886,-0.0003147266,1.276646,1.058197,2.10874
-0.310988,0.2228234,-0.000367137,1.484784,1.054518,2.109436
-0.362363,0.2233782,-0.0004177351,1.690037,1.052648,2.109774
-0.4134783,0.2215521,-0.0004227282,1.89347,1.052145,2.109846
-0.4654928,0.2178102,-0.0004537903,2.095735,1.05276,2.109702
-0.5164508,0.209976,-0.0004652048,2.297245,1.054201,2.109396
-0.01986753,0.261559,0.000344007,0.1923322,1.298313,2.101593
-0.06074259,0.2630285,-0.001215306,0.3946639,1.295188,2.102745
-0.1076216,0.2637317,-0.0002563877,0.6162873,1.289629,2.10466
-0.1563759,0.267126,-0.0005181904,0.8385723,1.283066,2.106929
-0.2057186,0.2698199,-5.694796e-05,1.057658,1.276985,2.108765
-0.2568754,0.2736586,-0.0001537525,1.271735,1.272307,2.110177
-0.3081879,0.2764842,-7.733932e-05,1.481222,1.26924,2.111053
-0.3618211,0.2788963,-0.0001105935,1.687517,1.267582,2.11148
-0.4159872,0.2783494,-7.379782e-05,1.891718,1.267095,2.111571
-0.4721398,0.2754308,-0.0001041937,2.094539,1.267602,2.111389
-0.5277536,0.2668868,-0.0001199902,2.296446,1.268855,2.111005
-0.01833262,0.3012875,0.0006100041,0.1918102,1.499103,2.101679
-0.05774616,0.3033721,-0.001051245,0.3927583,1.49707,2.10292
-0.1029232,0.3061547,-9.885471e-05,0.6129591,1.493506,2.104984
-0.150245,0.311737,-0.000495308,0.8344982,1.48922,2.107457
-0.1990258,0.3172758,-4.43019e-06,1.053623,1.485106,2.109513
-0.2502263,0.324033,-0.0001952512,1.268301,1.48177,2.111113
-0.3026985,0.329639,-9.445132e-05,1.478559,1.479448,2.112123
-0.3587087,0.3347418,-0.0001279084,1.685554,1.478127,2.112614
-0.4162287,0.3361207,-8.449296e-05,1.890323,1.477715,2.112711
-0.4775492,0.3347282,-0.0001113736,2.093579,1.478109,2.112487
-0.5393087,0.3257765,-0.0001130494,2.295807,1.479118,2.112026
-0.01708264,0.3417338,0.0004380846,0.1915878,1.699549,2.101716
-0.05462864,0.3440609,-0.001203421,0.3918483,1.698228,2.103019
-0.09773076,0.3484395,-0.0001581665,0.6111971,1.695912,2.105176
-0.1432032,0.3559717,-0.0004959006,0.8321657,1.693092,2.107768
-0.1908488,0.364656,5.560383e-05,1.051158,1.69032,2.109948
-0.2418517,0.3750978,-0.0001169848,1.266061,1.688002,2.111656
-0.2951523,0.384894,7.280259e-06,1.476721,1.686333,2.112742
-0.3538442,0.3946818,-9.296062e-06,1.68415,1.685356,2.113262
-0.4151588,0.400422,6.198858e-05,1.889309,1.685052,2.113343
-0.4828837,0.40328,4.431752e-05,2.092884,1.685368,2.113061
-0.5519661,0.3966589,5.065174e-05,2.295353,1.686174,2.112508
-0.01581466,0.378296,0.0003855971,0.1914807,1.899768,2.10173
-0.05061994,0.3813337,-0.001118858,0.3913868,1.89892,2.10307
-0.09065871,0.3874396,-0.0001166323,0.6102484,1.897413,2.105283
-0.1335215,0.3974516,-0.0004734326,0.8308386,1.895555,2.107944
-0.1790095,0.4096015,6.963176e-05,1.049687,1.893699,2.110191
-0.2288181,0.4243326,-0.0001064768,1.264665,1.892117,2.111954
-0.281793,0.4388561,2.864528e-05,1.475538,1.890957,2.11307
-0.342277,0.4541088,1.634238e-05,1.683234,1.890275,2.113585
-0.4068931,0.4646836,0.0001027409,1.888656,1.890083,2.11362
-0.4817592,0.4728705,0.0001018449,2.092457,1.890361,2.113249
-0.5608074,0.468401,0.0001347992,2.295097,1.89103,2.112563
-0.01413982,0.4122144,0.0004198313,0.1914262,2.099871,2.101734
-0.04569353,0.4162939,-0.001063854,0.3911471,2.09933,2.103094
-0.08222421,0.4242396,-9.919774e-05,0.6097396,2.098354,2.105339
-0.1218064,0.437141,-0.0004137306,0.8301021,2.097134,2.108037
-0.1645037,0.4535817,0.0001171513,1.048846,2.0959,2.110316
-0.2127556,0.4739412,-1.185583e-05,1.263854,2.094836,2.112098
-0.2650398,0.4956456,0.0001438588,1.474852,2.094052,2.11321
-0.3277803,0.5196799,0.0001731252,1.682722,2.093601,2.113688
-0.3957802,0.5405266,0.0002928576,1.88833,2.093505,2.11364
-0.4798459,0.5596388,0.0003330027,2.092295,2.093767,2.113127
-0.5685336,0.5664135,0.0003830185,2.295051,2.09435,2.112231
-0.6749955,0.5593418,0.0004945623,2.496904,2.095164,2.111136
-0.01207022,0.4427245,0.0003987567,0.1913992,2.299921,2.101734
-0.03933528,0.4472219,-0.001075546,0.3910281,2.299578,2.103104
-0.0711486,0.4570234,-0.0001451372,0.6094839,2.298948,2.105364
-0.1060229,0.4727142,-0.0004063126,0.8297273,2.298151,2.108078
-0.1440294,0.4934215,0.0001042012,1.048419,2.297336,2.110366
-0.1881835,0.5195451,2.709029e-05,1.263452,2.29663,2.112144
-0.2369496,0.5484373,0.000194028,1.47454,2.296113,2.113228
-0.2981342,0.581832,0.0002678525,1.682543,2.295827,2.113639
-0.3671216,0.6126643,0.0004125248,1.888298,2.2958,2.113466
-0.4574429,0.6450282,0.0005297078,2.092395,2.296045,2.112741
-0.5614115,0.6603061,0.0006216254,2.295225,2.29655,2.111531
-0.6924554,0.6681042,0.0009159718,2.497056,2.297275,2.11004
-0.01015456,0.468127,0.0003106972,0.1913889,2.499949,2.101733
-0.03259342,0.4736121,-0.0007024595,0.3909833,2.499732,2.103105
-0.05869606,0.4852912,-2.910691e-05,0.60939,2.499327,2.105369
-0.08817249,0.5041931,-0.0002220621,0.8295944,2.498807,2.108085
-0.1206789,0.5298745,0.0001916502,1.048281,2.498273,2.110368
-0.1603239,0.5629306,0.0001814333,1.263354,2.49781,2.112126
-0.2047563,0.602029,0.0003538526,1.474524,2.497474,2.113165
-0.265098,0.6483883,0.000521967,1.682643,2.497298,2.113487
-0.3332936,0.6988062,0.0007059945,1.888533,2.497306,2.113157
-0.434222,0.7534733,0.0009474031,2.09276,2.497512,2.112154
-0.5450287,0.8027553,0.001084344,2.295636,2.497895,2.11054
-0.716973,0.8379903,0.00159159,2.497408,2.498468,2.108565
-0.007254151,0.4878358,-0.0001651711,0.191391,2.699968,2.101731
-0.02376519,0.4942265,-0.0008601147,0.3909952,2.699831,2.103101
-0.04310789,0.5075295,-0.0002272751,0.6094214,2.699571,2.10536
-0.06508239,0.5292616,-0.0002419014,0.8296532,2.699233,2.108067
-0.08945142,0.5593193,0.0001563788,1.048378,2.698883,2.110334
-0.119858,0.5988284,0.000261968,1.263506,2.698581,2.112062
-0.1550309,0.647193,0.0004885946,1.474757,2.698363,2.113046
-0.2040136,0.7072204,0.0007743322,1.682988,2.698255,2.113274
-0.2653825,0.7760214,0.001046898,1.88902,2.69827,2.112771
-0.3564997,0.8575561,0.00145599,2.09339,2.698401,2.111481
-0.4819569,0.9376626,0.001629956,2.296348,2.698635,2.109459
-0.6732268,1.007034,0.002278244,2.498086,2.698943,2.106989
-0.004521645,0.5021074,-0.0001011225,0.1914063,2.899982,2.101729
-0.01484992,0.5087756,-0.0005062551,0.3910673,2.899898,2.103092
-0.02681857,0.5233503,-0.0001242867,0.6095858,2.89973,2.105338
-0.04102245,0.5470905,-4.903314e-05,0.8299103,2.899508,2.108025
-0.05645004,0.5807759,0.0002358453,1.048709,2.899278,2.110265
-0.07763158,0.6256709,0.0004536431,1.263899,2.899079,2.111957
-0.1011303,0.6831222,0.0006865778,1.475223,2.898937,2.112888
-0.1404088,0.7561365,0.001131503,1.683558,2.898868,2.113028
-0.1864972,0.8483297,0.001471174,1.889746,2.898875,2.112375
-0.2771744,0.9658923,0.002158308,2.094314,2.898943,2.110861
-0.395646,1.115786,0.002529914,2.297514,2.899034,2.108538
-0.6521097,1.305285,0.003885211,2.499445,2.899059,2.105707
-0.001395886,0.5090011,-0.0004077398,0.1914412,3.099994,2.101725
-0.004792915,0.5160563,-0.000370341,0.3912274,3.099946,2.103074
-0.00830546,0.5314042,-0.0001851588,0.6099378,3.099836,2.105294
-0.01276969,0.5564138,5.251697e-05,0.8304336,3.099686,2.107948
-0.01693153,0.5925356,0.0002833228,1.049335,3.099529,2.110151
-0.02370295,0.6412629,0.0006397123,1.264574,3.099396,2.111801
-0.03049359,0.7064346,0.0009960141,1.475936,3.099303,2.112682
-0.04450737,0.7918714,0.001709152,1.684345,3.099258,2.112756
-0.06319304,0.9105465,0.00237387,1.890695,3.099264,2.112006
-0.100704,1.071513,0.00381017,2.095565,3.099308,2.110363
-0.1676385,1.317502,0.004724385,2.299296,3.099358,2.107895
-0.2696231,1.632923,0.006250418,2.502045,3.099346,2.104943
0.001644685,0.5089796,-0.000438093,0.191508,3.300007,2.101719
0.00515006,0.51597,-0.0001213791,0.3915264,3.299984,2.103042
0.009815836,0.5309823,-0.0001087546,0.6105758,3.29991,2.105218
0.01470193,0.5555621,0.0002122516,0.831346,3.2998,2.107818
0.02194789,0.5910758,0.0003379111,1.05037,3.299684,2.109967
0.02946223,0.6389133,0.0007796208,1.26561,3.29959,2.111566
0.04298431,0.7025255,0.001165777,1.476933,3.299528,2.112401
0.05719183,0.7859701,0.002005101,1.685346,3.299502,2.112432
0.08815866,0.9004735,0.002843864,1.891821,3.299514,2.111635
0.1229375,1.053762,0.004676538,2.097048,3.299561,2.109952
0.2102014,1.288163,0.006135392,2.301518,3.299635,2.107471
0.3187736,1.571192,0.009276008,2.505518,3.299719,2.104566
0.004664735,0.5023229,-0.0004066141,0.1916195,3.500018,2.101707
0.01494493,0.5087245,0.0001651295,0.3920151,3.500015,2.102988
0.0277066,0.522823,-3.904966e-05,0.6115945,3.499961,2.105095
0.0419053,0.5457735,0.0003693408,0.8327621,3.499869,2.107615
0.05992509,0.5788182,0.0004325838,1.051914,3.499774,2.109688
0.08094437,0.6225526,0.0009914537,1.267069,3.499701,2.111225
0.109821,0.6801781,0.001484847,1.478232,3.499658,2.112015
0.1466112,0.7527619,0.002617402,1.686526,3.499644,2.112019
0.1975787,0.8506662,0.00393077,1.893022,3.499662,2.111216
0.2804951,0.9708558,0.006841374,2.098535,3.499713,2.109556
0.3692016,1.150627,0.009808589,2.303714,3.499804,2.10714
0.6290086,1.23533,0.009877828,2.508981,3.49994,2.104354
0.007194184,0.4884903,-0.0002550249,0.1917739,3.700026,2.101688
0.02350085,0.4942882,0.0005795868,0.392682,3.700033,2.102912
0.04358368,0.5067785,0.000132654,0.612963,3.699988,2.104929
0.06586662,0.5268782,0.0005281377,0.8346292,3.699903,2.107345
0.0931661,0.5553165,0.0004580664,1.053897,3.699816,2.109323
0.1253477,0.5921619,0.0009817832,1.268872,3.699755,2.110787
0.1680713,0.6391235,0.00137045,1.479745,3.699722,2.111531
0.2226328,0.6966337,0.002343382,1.687776,3.699714,2.111522
0.2999524,0.7681597,0.003287263,1.894135,3.699732,2.11074
0.4110043,0.8546401,0.005283851,2.099736,3.699776,2.10914
0.5705789,0.9518472,0.007213781,2.305343,3.699848,2.106827
0.8438256,1.074688,0.007517736,2.511445,3.699938,2.104176
0.009737005,0.4689812,-0.0002349547,0.1919379,3.900023,2.101667
0.03134049,0.474032,0.0006978455,0.3933828,3.900027,2.102831
0.05747425,0.4845208,0.0001514137,0.6143876,3.899983,2.104756
0.08638659,0.5011918,0.000582201,0.836553,3.899904,2.107066
0.1206736,0.5241807,0.0004387452,1.055913,3.899824,2.108949
0.1604029,0.5529634,0.0009676203,1.270665,3.899767,2.110342
0.2103721,0.5879385,0.001338432,1.48119,3.899738,2.111045
0.272282,0.6277583,0.00231643,1.68888,3.899732,2.11103
0.3528718,0.6726213,0.003305351,1.894972,3.899746,2.110279
0.4628157,0.7175956,0.005556182,2.100423,3.899776,2.10875
0.5971547,0.7553619,0.007993485,2.306032,3.89982,2.10654
0.8057603,0.745455,0.008878307,2.512288,3.899871,2.104006
0.01165551,0.4448925,-0.0001055301,0.192049,4.100005,2.101652
0.03749155,0.4488603,0.0009578751,0.3938557,4.09999,2.102776
0.06847452,0.4571008,0.000253852,0.6153453,4.09994,2.104638
0.1023381,0.4699331,0.0006431478,0.8378448,4.099868,2.106879
0.1414865,0.4871415,0.0003776204,1.057265,4.099794,2.1087
0.1859057,0.5077232,0.0008276944,1.271862,4.099739,2.110048
0.2400065,0.5313842,0.001079243,1.482138,4.099708,2.110724
0.3046269,0.5560101,0.001819237,1.689559,4.0997,2.110708
0.3870055,0.5802525,0.002442711,1.895374,4.09971,2.10998
0.490795,0.5997726,0.003812051,2.100516,4.099731,2.108499
0.6213118,0.605433,0.004635963,2.305736,4.09975,2.106351
0.7959568,0.5939548,0.003963332,2.511514,4.099762,2.103882
-0.05072587,0.05019709,-0.0008734351,0.2865184,0.286515,2.300443
-0.09356412,0.01238324,0.00344988,0.5071369,0.2491382,2.300281
-0.1301817,0.02387552,0.001600357,0.7101149,0.2149981,2.299266
-0.1795929,0.02559857,0.002936032,0.8996681,0.2034516,2.298804
-0.2204385,0.02542858,0.0009953103,1.097957,0.1989795,2.298969
-0.2695615,0.02537983,0.001721046,1.298638,0.1976519,2.299191
-0.314265,0.02467071,0.0009933759,1.499291,0.1972317,2.299332
-0.3609145,0.02441764,0.001231835,1.699652,0.1970794,2.299389
-0.4056574,0.02392645,0.0007310043,1.89983,0.1970474,2.2994
-0.4500135,0.02330984,0.0002740193,2.099918,0.1970919,2.299391
-0.4925421,0.02227662,0.0001867489,2.299962,0.1971916,2.29937
-0.0120435,0.09500768,-0.004537157,0.2491658,0.5070663,2.300284
-0.08587124,0.08535895,-0.0003467137,0.4675555,0.4675728,2.301366
-0.1295641,0.07690079,-0.001128187,0.6821857,0.4365693,2.302167
-0.1797612,0.07367243,0.0004039089,0.889816,0.4179181,2.302829
-0.2223272,0.07021043,0.0001255648,1.093731,0.4093581,2.303309
-0.269833,0.07040497,0.0005054723,1.296176,0.4058533,2.30366
-0.3147772,0.06970648,0.0003845496,1.497711,0.4044034,2.303873
-0.3616782,0.06931755,0.0003804339,1.698638,0.4038214,2.303972
-0.4070708,0.06809311,0.0004426737,1.89919,0.4036977,2.303993
-0.4521633,0.06640468,0.0002859354,2.099523,0.4038876,2.30396
-0.4954043,0.06356886,0.0002935914,2.299726,0.4043025,2.303887
-0.02130801,0.1287655,-0.002320487,0.214943,0.7101233,2.299271
-0.07551071,0.1296379,0.0008326148,0.4364988,0.6821791,2.302168
-0.1216454,0.1239641,-0.000267512,0.6611872,0.6612612,2.30398
-0.1732525,0.1226098,0.0008265525,0.8775528,0.6448636,2.305529
-0.2188201,0.1211579,0.0001300428,1.086776,0.6353215,2.306622
-0.2677137,0.1215976,0.0003188587,1.29196,0.6304894,2.307265
-0.3139927,0.1211176,-1.902806e-05,1.495035,0.6281261,2.307624
-0.3619874,0.1206271,3.336891e-05,1.696906,0.6270837,2.307794
-0.4086637,0.1187957,-0.0001911521,1.898064,0.6268558,2.307828
-0.4552551,0.1160139,-0.0003263448,2.098793,0.62723,2.307755
-0.50014,0.1112386,-0.0003856675,2.299258,0.6280418,2.307602
-0.02400475,0.1777215,-0.003960904,0.2034286,0.8996782,2.298809
-0.07115445,0.1787457,-0.000727994,0.4178391,0.8898544,2.302836
-0.1179878,0.1745407,-0.001330657,0.6447574,0.8776248,2.305532
-0.1697655,0.1745928,-0.0001413542,0.865881,0.8660066,2.307739
-0.2168871,0.1733502,-0.0001768727,1.079312,0.8577492,2.309404
-0.2661201,0.1744071,-0.0001205662,1.287215,0.8528601,2.310407
-0.3137641,0.1743714,-8.880238e-05,1.49195,0.8501956,2.310947
-0.3630077,0.174191,-6.907666e-05,1.694872,0.8489271,2.311201
-0.4115383,0.1721429,-2.805817e-05,1.896714,0.8486317,2.311251
-0.4603905,0.1686154,-6.03617e-05,2.097897,0.8491034,2.311138
-0.5078445,0.1621071,-5.850223e-05,2.298666,0.850142,2.310902
-0.02344606,0.2158517,-0.001961131,0.1989618,1.097963,2.298973
-0.06579101,0.2192584,-0.0006236245,0.4092856,1.093759,2.303319
-0.1135724,0.2186741,-0.0007258128,0.6351787,1.086849,2.306636
-0.1642666,0.2212221,-0.0002530848,0.8575531,1.079447,2.309415
-0.2125454,0.2223023,-0.00025123,1.073218,1.073445,2.311535
-0.2627392,0.2246227,-0.0002832048,1.283018,1.069376,2.312859
-0.3119752,0.2259074,-0.0002791453,1.489086,1.066934,2.313577
-0.3631475,0.2266338,-0.0002999997,1.692924,1.06569,2.313914
-0.4141459,0.2249043,-0.0003029374,1.895395,1.065372,2.313981
-0.4661862,0.2211341,-0.0003415908,2.097008,1.065824,2.313832
-0.517251,0.2131382,-0.0003490795,2.298075,1.066852,2.313522
-0.02282049,0.2617054,-0.003402243,0.1976289,1.298641,2.299198
-0.06381434,0.2634521,-0.001206165,0.4057532,1.296198,2.303675
-0.1103655,0.2647369,-0.001067865,0.6302758,1.292024,2.30729
-0.1600109,0.2684993,-0.0003078171,0.8525453,1.287348,2.310436
-0.208078,0.2717009,-0.0001748397,1.069,1.283254,2.312882
-0.2587803,0.2759359,-0.0001450512,1.279819,1.280213,2.31445
-0.309411,0.2791109,4.343325e-06,1.486764,1.278232,2.31531
-0.3627809,0.281694,3.226534e-06,1.691281,1.27716,2.315716
-0.4167437,0.2812458,7.682514e-05,1.894253,1.27686,2.315796
-0.4728833,0.2783176,5.913496e-05,2.096229,1.27723,2.315613
-0.5285513,0.269653,6.364831e-05,2.297556,1.278107,2.315235
-0.02132149,0.3015533,-0.002089183,0.1971952,1.499293,2.29934
-0.06085082,0.3037871,-0.001183764,0.4042396,1.497726,2.303897
-0.1058391,0.3069478,-0.0007778934,0.6277708,1.495089,2.307672
-0.1540877,0.3128455,-0.0003690256,0.8496704,1.492071,2.311014
-0.2016553,0.318734,-0.0001946391,1.066312,1.48931,2.313649
-0.2524834,0.3257175,-0.00027249,1.277588,1.48714,2.315366
-0.3041821,0.3315696,-0.0001086393,1.48504,1.485646,2.31632
-0.3598418,0.3368108,-0.0001274967,1.690008,1.484798,2.316771
-0.4170664,0.3382841,-5.344163e-05,1.893346,1.484547,2.316851
-0.4783005,0.3369037,-6.930913e-05,2.095604,1.484831,2.316633
-0.5400454,0.3278771,-5.330862e-05,2.297139,1.48553,2.31619
-0.02006413,0.3416546,-0.003500213,0.1970145,1.699649,2.299402
-0.05775873,0.3444044,-0.00135028,0.4035314,1.698643,2.304017
-0.1005303,0.3491173,-0.001044754,0.6264627,1.696945,2.307887
-0.1470437,0.3570847,-0.0004071707,0.8480288,1.694974,2.311339
-0.1935504,0.3660175,-0.0001825048,1.064653,1.693121,2.31408
-0.2442589,0.3766112,-0.0002086824,1.276116,1.691612,2.315883
-0.2968121,0.3865384,-7.105915e-06,1.483841,1.690536,2.316891
-0.3551201,0.3964062,-4.809282e-06,1.689092,1.689909,2.31736
-0.4160757,0.4022158,0.0001098828,1.892683,1.689722,2.317425
-0.4836635,0.4050853,0.0001092365,2.095148,1.689945,2.317159
-0.552678,0.3984331,0.0001391998,2.29684,1.690496,2.316639
-0.01850404,0.3782417,-0.002349638,0.1969285,1.899821,2.299424
-0.05342599,0.3817777,-0.001532905,0.4031769,1.89918,2.304077
-0.09335695,0.3881452,-0.0008283964,0.6257648,1.898082,2.308003
-0.1372255,0.3986603,-0.0004643071,0.8470965,1.89679,2.311518
-0.18171,0.4109703,-0.0001684997,1.063657,1.895552,2.314316
-0.2312776,0.4257738,-0.0002300599,1.275191,1.894523,2.316162
-0.2835494,0.4403079,-1.603564e-05,1.483063,1.893773,2.317191
-0.3436409,0.4555612,-2.107474e-05,1.688489,1.893334,2.317654
-0.4078645,0.4661538,0.000100592,1.89225,1.893214,2.317682
-0.4825318,0.4743105,0.0001174423,2.094861,1.893403,2.317343
-0.5614191,0.4698176,0.0001653267,2.296665,1.893852,2.316714
-0.01674666,0.4124264,-0.003116732,0.1968855,2.099901,2.299429
-0.04845127,0.4166995,-0.001352676,0.4029952,2.099495,2.304104
-0.08469082,0.4249908,-0.0009669655,0.6253933,2.098786,2.308063
-0.1252982,0.4385122,-0.0004144912,0.8465804,2.097941,2.31161
-0.1671031,0.4551148,-0.000137495,1.063086,2.097119,2.314437
-0.2151852,0.4755286,-0.0001395999,1.27465,2.096427,2.316299
-0.2668445,0.4971726,9.332511e-05,1.482606,2.095919,2.317324
-0.3292051,0.5211508,0.0001280774,1.688146,2.095626,2.317756
-0.3968191,0.5419655,0.0002861102,1.892026,2.095564,2.317717
-0.4806598,0.5610332,0.0003472287,2.094741,2.095736,2.317263
-0.5691598,0.5678072,0.000399209,2.29662,2.096121,2.316458
-0.0145188,0.4421761,-0.004124857,0.1968651,2.299939,2.299428
-0.04198573,0.4478258,-0.001607628,0.4029075,2.299683,2.304113
-0.07328752,0.457786,-0.001039577,0.6252098,2.299227,2.308088
-0.1091168,0.4743565,-0.0004824081,0.8463197,2.298675,2.311651
-0.146354,0.4951864,-0.000159992,1.062797,2.298134,2.314487
-0.1903919,0.521354,-0.000121959,1.27438,2.297675,2.316346
-0.2386261,0.5501087,0.00010857,1.482395,2.297339,2.317348
-0.2994605,0.5833692,0.0001897726,1.688019,2.297152,2.317726
-0.3680735,0.6141173,0.0003351923,1.891992,2.297132,2.317586
-0.4581089,0.6463453,0.0004839097,2.09479,2.297289,2.316957
-0.5617738,0.6615783,0.0004883473,2.296719,2.297623,2.315862
-0.6928473,0.6693116,0.0009168303,2.49798,2.298134,2.314409
-0.01189388,0.4671708,-0.000887692,0.1968587,2.499961,2.299423
-0.03443037,0.4740723,-0.001108468,0.4028779,2.499799,2.304112
-0.06053288,0.4860406,-0.0003751352,0.6251459,2.499506,2.308092
-0.09074394,0.5060467,-0.0002781229,0.8462301,2.499148,2.311659
-0.1227143,0.5319361,1.727548e-05,1.062705,2.498793,2.314491
-0.162267,0.5650907,5.108556e-05,1.274314,2.498492,2.316334
-0.2062936,0.6040431,0.0002736917,1.482381,2.498273,2.3173
-0.2663179,0.6502522,0.0004518871,1.688077,2.498157,2.317606
-0.3342045,0.7005625,0.0005909038,1.892135,2.498159,2.317333
-0.4348025,0.7550446,0.0009444555,2.095015,2.49829,2.31646
-0.5454037,0.8044422,0.0008841795,2.296996,2.498556,2.314916
-0.7175829,0.8397317,0.001850119,2.498193,2.498944,2.312761
-0.008502818,0.4872078,-0.003025222,0.1968615,2.699975,2.299419
-0.02512078,0.494704,-0.001443068,0.4028901,2.699874,2.304106
-0.04429732,0.5084087,-0.0009282188,0.6251724,2.699686,2.308083
-0.06688499,0.5313414,-0.0003764325,0.8462746,2.699453,2.311643
-0.09084715,0.5616794,-6.472464e-05,1.062773,2.699221,2.314461
-0.1211956,0.6013085,0.000133316,1.274417,2.699024,2.31628
-0.1560643,0.6495272,0.0003682072,1.482535,2.698883,2.317201
-0.2047472,0.7093818,0.0007222791,1.688303,2.69881,2.317428
-0.2658535,0.7780631,0.0008232867,1.892453,2.698817,2.317004
-0.3565567,0.8593264,0.001438821,2.095441,2.698904,2.315841
-0.4818931,0.9396995,0.001036532,2.297506,2.699047,2.313753
-0.6734418,1.009038,0.001830396,2.498638,2.699205,2.310731
-0.005243541,0.5012428,-0.001548019,0.1968731,2.899986,2.299417
-0.01563335,0.5094384,-0.0008949301,0.4029436,2.899924,2.304097
-0.02752384,0.5242961,-0.0005155532,0.6252926,2.899802,2.30806
-0.04207819,0.5493957,-0.000136285,0.8464579,2.89965,2.311602
-0.05726287,0.5834005,0.0001004707,1.063004,2.899497,2.314399
-0.07837547,0.6284627,0.0003957946,1.274686,2.899368,2.316187
-0.1016791,0.6858072,0.0005788786,1.48285,2.899276,2.317063
-0.1406712,0.7586935,0.001174925,1.688688,2.89923,2.317214
-0.1866138,0.850859,0.001153644,1.892949,2.899232,2.316654
-0.2767982,0.9681875,0.002425824,2.09611,2.899274,2.315228
-0.395248,1.118601,0.001469429,2.298393,2.899303,2.312677
-0.6512838,1.307742,0.004077763,2.499735,2.89923,2.30896
-0.001429928,0.5081644,-0.0008708534,0.1968985,3.099996,2.299416
-0.004814048,0.516666,-0.0007247263,0.4030603,3.09996,2.304081
-0.00833523,0.5323634,-0.0004379637,0.6255475,3.099881,2.308017
-0.01281922,0.5587832,-2.3739e-05,0.8468295,3.099777,2.311528
-0.01687483,0.5952733,0.0002302351,1.063439,3.099673,2.314291
-0.02349105,0.6442201,0.0006922825,1.275149,3.099588,2.316044
-0.03010795,0.7093217,0.0009895345,1.483337,3.099527,2.316877
-0.0437195,0.7947008,0.002013462,1.68923,3.099498,2.316967
-0.06226827,0.9133435,0.002274371,1.893617,3.0995,2.316312
-0.09887901,1.074025,0.005037218,2.097043,3.099525,2.31472
-0.1659912,1.320438,0.004222356,2.299824,3.099538,2.311914
-0.2683452,1.637807,0.009527272,2.502036,3.099471,2.307917
0.00211441,0.5084787,-0.0005234316,0.1969479,3.300005,2.299414
0.005675876,0.5166617,-0.0005340117,0.4032817,3.299989,2.304051
0.0103766,0.5320136,-9.915603e-05,0.6260145,3.299934,2.30794
0.01552759,0.5578675,0.0001640038,0.8474815,3.299858,2.311397
0.02278388,0.5937077,0.0004090783,1.064161,3.299783,2.314111
0.03052596,0.6417098,0.000956763,1.275863,3.299723,2.31582
0.0442142,0.7051814,0.001276097,1.484023,3.299683,2.316614
0.05891192,0.7885531,0.00255725,1.689923,3.299666,2.316665
0.08991475,0.9030345,0.002981874,1.894418,3.299673,2.315961
0.1257739,1.056205,0.006643355,2.098159,3.299705,2.314303
0.2124395,1.291406,0.006488186,2.301639,3.299751,2.311436
0.3218191,1.575986,0.01644519,2.505149,3.299801,2.307457
0.00559489,0.5017635,6.314727e-05,0.1970338,3.500014,2.299405
0.01597481,0.5094763,2.102764e-05,0.4036521,3.500012,2.303995
0.02881751,0.5238315,9.629641e-05,0.6267712,3.499971,2.307809
0.04355553,0.5478768,0.0003760351,0.848502,3.499907,2.311189
0.06150585,0.5811719,0.0005938361,1.065244,3.499846,2.313834
0.0827714,0.6249186,0.00127604,1.276871,3.499801,2.315488
0.1117948,0.682273,0.001723316,1.484917,3.499774,2.316243
0.1492163,0.754554,0.003653706,1.690741,3.499765,2.31627
0.2003104,0.8520529,0.004710269,1.895272,3.499777,2.315555
0.2849166,0.9715051,0.01153476,2.099276,3.499814,2.313901
0.373735,1.151201,0.01481597,2.303435,3.499881,2.311081
0.6317945,1.234339,0.02183307,2.508244,3.49999,2.307242
0.00862147,0.4881864,0.002508422,0.1971566,3.70002,2.299386
0.02513008,0.4949226,0.0006520677,0.4041687,3.700026,2.303912
0.04506659,0.5076572,0.0007117262,0.6278001,3.699991,2.307628
0.0681316,0.5286292,0.0005905404,0.8498577,3.699932,2.310907
0.09520117,0.5572013,0.0006848485,1.066641,3.699876,2.313467
0.1275598,0.5939388,0.001289082,1.278121,3.699839,2.315056
0.1702607,0.6405592,0.00153577,1.48596,3.699818,2.315772
0.2252028,0.6976351,0.003146874,1.691606,3.699814,2.315786
0.3020299,0.7685402,0.003363942,1.896057,3.699825,2.315087
0.4143596,0.8541246,0.008364058,2.100168,3.699855,2.313478
0.5712422,0.9509542,0.00756908,2.304753,3.699906,2.310752
0.8458497,1.071356,0.01648377,2.510426,3.699974,2.307068
0.01137426,0.4689157,0.001520262,0.1972901,3.900017,2.299359
0.03313767,0.4745308,0.0008110579,0.4047197,3.900021,2.303818
0.05931663,0.4852411,0.0006388728,0.6288812,3.899988,2.307434
0.08909196,0.5025581,0.0006303164,0.8512627,3.899932,2.310611
0.1230089,0.5255817,0.0006745174,1.068065,3.899881,2.313088
0.1628437,0.5541991,0.001266463,1.279366,3.899846,2.314614
0.2126862,0.5888121,0.001483882,1.486957,3.899828,2.315295
0.2749201,0.6282064,0.003085617,1.692367,3.899824,2.315303
0.3550675,0.6724921,0.003379768,1.896639,3.899833,2.314629
0.4665583,0.7169404,0.008829333,2.100661,3.89985,2.313079
0.5985441,0.7538854,0.009107435,2.305286,3.899874,2.310447
0.810905,0.7494324,0.02150243,2.511145,3.899903,2.306883
0.01354164,0.4446854,0.002357267,0.1973831,4.100004,2.299336
0.03954513,0.4492234,0.00121504,0.4050973,4.099993,2.30375
0.0705053,0.4576238,0.0008948367,0.6296141,4.099956,2.307301
0.1053,0.4709223,0.0007074011,0.8522101,4.099906,2.310413
0.1439273,0.4880925,0.0006156388,1.069023,4.099858,2.312835
0.1883553,0.5084775,0.001083589,1.280198,4.099823,2.314321
0.2421714,0.5317841,0.001144235,1.48761,4.099803,2.31498
0.3068971,0.5559807,0.00233076,1.692831,4.099797,2.314986
0.3885558,0.5796255,0.002155033,1.896908,4.099803,2.314332
0.4932101,0.598599,0.005739693,2.1007,4.09981,2.312822
0.6207101,0.6029296,0.003443046,2.305002,4.099809,2.310245
0.7980016,0.5914788,0.01044506,2.510421,4.099797,2.306731
-0.04798812,0.0474373,-0.0005447906,0.287906,0.2878802,2.500882
-0.08983978,0.016681,0.001698321,0.5064743,0.2551175,2.495351
-0.1284894,0.02627199,-0.004294169,0.7101092,0.2259159,2.487878
-0.1769934,0.02680401,-0.00196128,0.8996351,0.2152634,2.487172
-0.2179348,0.02649455,-0.004207891,1.098548,0.2119152,2.487149
-0.2658621,0.02604612,-0.003251325,1.299092,0.2109676,2.487378
-0.3103154,0.02591236,-0.003877521,1.499538,0.2106653,2.487533
-0.356264,0.02549668,-0.003963748,1.699772,0.2105549,2.487591
-0.4010124,0.02541094,-0.003967601,1.899886,0.2105334,2.487597
-0.4445265,0.02494288,-0.00428126,2.099943,0.2105619,2.487592
-0.4858475,0.02384486,-0.003989849,2.299973,0.2106309,2.487578
-0.01668077,0.09026279,-0.00271207,0.2551452,0.5064042,2.49535
-0.0859267,0.08600039,-0.0001664582,0.4738972,0.4739162,2.502075
-0.1313214,0.07695889,0.001569971,0.6868919,0.4499322,2.503467
-0.1791641,0.07462157,0.002528829,0.8927916,0.4369622,2.504432
-0.2225829,0.07239566,0.002374701,1.09572,0.431178,2.504991
-0.2696272,0.07262918,0.003075809,1.29746,0.4288468,2.505372
-0.3149311,0.07239217,0.002763656,1.498507,0.4278843,2.505593
-0.3616313,0.07191674,0.002883088,1.69912,0.4274999,2.505694
-0.4071259,0.07088072,0.002660315,1.899479,0.4274216,2.505713
-0.4523815,0.06927345,0.002258937,2.099696,0.4275433,2.505685
-0.4958222,0.06625466,0.002169354,2.299825,0.4278167,2.505621
-0.02378633,0.1274288,0.003932842,0.225866,0.710116,2.487888
-0.07544228,0.1313529,-0.001953566,0.4498645,0.6868957,2.503468
-0.1243363,0.1265864,-0.0003233347,0.6723444,0.6724005,2.506739
-0.1738178,0.1266585,-0.0006152997,0.8849627,0.6618088,2.509014
-0.2196773,0.1261512,-0.001274914,1.091413,0.6558955,2.510229
-0.2680874,0.1269741,-0.001266258,1.294899,0.652919,2.510859
-0.3145228,0.1267942,-0.001564736,1.496901,0.65147,2.511189
-0.3624972,0.1264587,-0.00156837,1.69809,0.6508352,2.51134
-0.409477,0.1245244,-0.001680947,1.898814,0.6507029,2.511371
-0.4560859,0.1216552,-0.00179897,2.099266,0.6509397,2.511312
-0.501072,0.1165699,-0.001764693,2.29955,0.6514512,2.511185
-0.02467258,0.1755777,0.001262357,0.2152417,0.8996414,2.48718
-0.07142384,0.1783059,-0.002971805,0.4369012,0.892816,2.504444
-0.1218528,0.1753088,2.003841e-05,0.6617337,0.8850125,2.50902
-0.1710491,0.1763035,-0.0002325975,0.8780181,0.8780961,2.512288
-0.218078,0.1761405,8.821607e-05,1.087126,0.8733929,2.514095
-0.2666817,0.1775265,6.499734e-05,1.292206,0.8706165,2.515009
-0.3142524,0.1780095,0.0001230764,1.495167,0.8690928,2.515472
-0.3634228,0.1779364,0.0001405843,1.696956,0.8683693,2.51568
-0.4120567,0.1760963,0.0001355729,1.898066,0.8682099,2.515722
-0.4610939,0.1725658,6.433628e-05,2.098771,0.8684991,2.515635
-0.5087841,0.1658756,5.775103e-05,2.299225,0.8691243,2.515451
-0.02411273,0.2134186,0.003554271,0.2118965,1.098552,2.487159
-0.06741426,0.2194472,-0.002987589,0.4311186,1.095739,2.505006
-0.1182198,0.2196217,0.0005596552,0.6558001,1.091458,2.510242
-0.1666458,0.2226781,-0.0006136887,0.8732739,1.087206,2.514103
-0.2144742,0.2245071,-0.0002350121,1.083775,1.083908,2.516337
-0.2638201,0.2272875,-0.0004434069,1.289913,1.08169,2.517485
-0.3127694,0.2288926,-0.000384625,1.493611,1.080349,2.518069
-0.3638,0.2297951,-0.000439646,1.695902,1.079666,2.518333
-0.4148119,0.2281386,-0.0004341273,1.897355,1.079501,2.518386
-0.4669442,0.2243483,-0.0004744747,2.098294,1.079773,2.518274
-0.5181398,0.2161861,-0.000478188,2.29891,1.080375,2.51804
-0.02245083,0.2585595,0.002061104,0.2109435,1.299094,2.487392
-0.06491075,0.2633211,-0.00400778,0.428767,1.297474,2.505392
-0.1151196,0.265365,0.0003942626,0.6527786,1.294938,2.510882
-0.1624994,0.2694614,-0.000600123,0.8704281,1.292283,2.515032
-0.2104113,0.2731548,1.222221e-05,1.081474,1.290047,2.517502
-0.2601782,0.2777399,-0.0001535432,1.288183,1.288406,2.518804
-0.3104012,0.2812079,4.279075e-05,1.49236,1.287335,2.519477
-0.3635115,0.2839518,-8.789942e-06,1.695018,1.286756,2.519783
-0.4173694,0.2836303,6.331308e-05,1.896742,1.286604,2.519843
-0.4735654,0.2807228,3.696772e-05,2.097876,1.286824,2.519709
-0.5293208,0.2719565,4.093242e-05,2.298633,1.287332,2.51943
-0.02199662,0.2978078,0.002609984,0.2106355,1.499539,2.487543
-0.06283254,0.3040584,-0.003662317,0.4277699,1.498516,2.505618
-0.110657,0.3077426,0.0005818192,0.6512467,1.496933,2.511229
-0.1570176,0.3138107,-0.0006954486,0.8687828,1.495238,2.515521
-0.2042861,0.3199202,-5.72021e-05,1.079993,1.493738,2.518121
-0.2542123,0.3270917,-0.0003213447,1.286973,1.49257,2.519516
-0.3054257,0.3331037,-0.0001094556,1.491429,1.491767,2.520245
-0.3607609,0.3384559,-0.0001892336,1.694332,1.491313,2.520577
-0.4177866,0.339997,-0.0001077103,1.896253,1.491186,2.520637
-0.4790054,0.3386304,-0.0001299002,2.097541,1.491354,2.520479
-0.5407428,0.3295247,-0.0001080949,2.298409,1.491754,2.520158
-0.01978039,0.3375537,0.002508499,0.2105069,1.69977,2.487602
-0.05863573,0.3445145,-0.00407315,0.4273068,1.699124,2.505734
-0.1052058,0.3500314,0.0004155984,0.6504509,1.698114,2.511415
-0.149805,0.3581244,-0.0007441274,0.8678416,1.697014,2.515784
-0.1962794,0.3671944,-8.420676e-06,1.079074,1.696011,2.518454
-0.2461214,0.3778329,-0.0002244507,1.286169,1.695201,2.519901
-0.2982128,0.3878074,3.228087e-05,1.49078,1.694624,2.520662
-0.3561467,0.3977112,-3.681033e-05,1.693837,1.694289,2.521005
-0.4168428,0.4035334,7.61746e-05,1.895895,1.694194,2.521054
-0.4843649,0.4063989,5.806729e-05,2.097294,1.694324,2.520865
-0.5532785,0.3996504,8.181056e-05,2.298248,1.694637,2.520494
-0.01913713,0.3742158,0.001841806,0.2104426,1.89988,2.487624
-0.05507872,0.3822456,-0.003720192,0.427073,1.899473,2.505792
-0.09760983,0.3893691,0.0003954476,0.6500269,1.898825,2.511514
-0.1401225,0.3999322,-0.0007545495,0.8673068,1.898108,2.515924
-0.1844369,0.4122693,-2.230707e-05,1.07852,1.89744,2.518632
-0.233273,0.4269857,-0.0002548605,1.285662,1.896887,2.520106
-0.2850925,0.4414552,1.187915e-05,1.490356,1.896485,2.520879
-0.3448274,0.4566561,-5.678322e-05,1.693509,1.896251,2.521218
-0.4087512,0.4671911,7.753396e-05,1.895659,1.89619,2.521242
-0.4833374,0.4753395,8.087889e-05,2.097137,1.896298,2.521005
-0.5620217,0.4707215,0.0001423137,2.298153,1.896552,2.520561
-0.01657919,0.4057492,0.002175345,0.2104108,2.099932,2.487628
-0.04920705,0.4172453,-0.003697593,0.426955,2.099677,2.505817
-0.08870073,0.4261919,0.0002970475,0.6498034,2.09926,2.511564
-0.1278651,0.4400893,-0.0007309583,0.8670119,2.098792,2.515996
-0.1697634,0.4566651,-3.773463e-06,1.078203,2.09835,2.518722
-0.2171811,0.4769448,-0.0001792665,1.285364,2.097978,2.520207
-0.2684519,0.4984148,0.0001056482,1.490105,2.097706,2.520977
-0.3304763,0.5222738,6.420516e-05,1.693321,2.09755,2.521295
-0.3977396,0.5428963,0.0002244205,1.895536,2.097519,2.521276
-0.4815052,0.561909,0.0002461062,2.097071,2.097616,2.520963
-0.5696239,0.568369,0.0002976402,2.298128,2.097834,2.520395
-0.01378899,0.4395444,0.00288566,0.2103983,2.299958,2.487625
-0.04133395,0.4487369,-0.0035949,0.4269059,2.299797,2.505822
-0.07653555,0.4602199,0.00019764,0.6496995,2.29953,2.511583
-0.111302,0.4763698,-0.0007531806,0.866866,2.299226,2.516028
-0.1487314,0.497204,-4.157134e-05,1.078042,2.298935,2.518761
-0.1922885,0.5230825,-0.0001769737,1.285216,2.298689,2.520243
-0.240207,0.551563,0.000104332,1.48999,2.298508,2.520999
-0.3008241,0.5846683,0.0001178798,1.693251,2.298409,2.521283
-0.369092,0.6150822,0.000295389,1.895516,2.2984,2.521197
-0.4592131,0.6473488,0.0004298552,2.097097,2.298489,2.520762
-0.5624292,0.6621245,0.0005115792,2.298182,2.298679,2.51998
-0.01300994,0.4634817,0.001518272,0.2104028,2.499973,2.487611
-0.03606485,0.4751663,-0.002136473,0.4269029,2.499871,2.505813
-0.06335493,0.4883745,0.0003594012,0.6496726,2.4997,2.511583
-0.09303817,0.5084748,-0.0004410726,0.8668203,2.499503,2.516034
-0.1248219,0.5343239,6.845668e-05,1.077993,2.499313,2.518766
-0.1640649,0.5672623,-2.814689e-05,1.28518,2.499152,2.520239
-0.2077437,0.6058628,0.0002251548,1.489982,2.499035,2.520971
-0.2676792,0.6519629,0.0003126839,1.693283,2.498973,2.521208
-0.3350701,0.7017201,0.0004913828,1.895596,2.498976,2.52103
-0.4359355,0.7563142,0.0007627172,2.097224,2.49905,2.520417
-0.5454579,0.8046543,0.0008257336,2.29834,2.499201,2.519283
-0.7179714,0.8400641,0.001773798,2.499024,2.499448,2.517527
-0.007909309,0.4814005,7.013344e-05,0.2104115,2.699983,2.487599
-0.02483352,0.496083,-0.002792038,0.4269235,2.699919,2.505801
-0.04611189,0.510801,-0.0003411876,0.6496972,2.699809,2.511573
-0.06817157,0.5342171,-0.0006057285,0.8668505,2.699682,2.516023
-0.09231967,0.5644649,-5.794736e-05,1.078034,2.699558,2.518747
-0.1225208,0.6039456,3.128622e-05,1.285239,2.699453,2.520205
-0.1571246,0.6517433,0.0002859622,1.490068,2.699377,2.520908
-0.2059564,0.7115771,0.0005638986,1.69341,2.699339,2.52109
-0.266553,0.7794973,0.000732139,1.895778,2.699344,2.520805
-0.3580864,0.8612943,0.001352199,2.097474,2.699392,2.519967
-0.4826944,0.9397998,0.001249192,2.298657,2.699475,2.518343
-0.6764488,1.010349,0.003036289,2.499321,2.699553,2.51554
-0.005194752,0.4979901,0.0001926194,0.210418,2.89999,2.487599
-0.01572067,0.5112328,-0.001599507,0.4269547,2.899952,2.505795
-0.02861026,0.527535,-0.0001609795,0.6497677,2.899881,2.511557
-0.04294434,0.5526983,-0.0002794342,0.8669559,2.899797,2.515995
-0.05812405,0.5866824,7.467e-05,1.078165,2.899716,2.518705
-0.07924818,0.6316002,0.000270674,1.28539,2.899647,2.520143
-0.1022083,0.6886019,0.0004660844,1.490246,2.899598,2.520816
-0.1416109,0.7616348,0.0009389,1.693629,2.899574,2.520945
-0.1865764,0.8532138,0.001056205,1.896068,2.899576,2.520557
-0.2784201,0.9720081,0.002164808,2.097883,2.899597,2.519503
-0.3941547,1.120945,0.001721486,2.299252,2.899606,2.517388
-0.6543791,1.315882,0.006134092,2.500095,2.899479,2.513555
-0.001381543,0.5037199,-0.001273837,0.2104259,3.099996,2.487607
-0.004956511,0.5182171,-0.001065626,0.4270094,3.099975,2.505791
-0.008399994,0.5356719,-0.0005006355,0.6499083,3.099929,2.511529
-0.01285656,0.5622364,-0.0001463056,0.8671661,3.099872,2.515941
-0.01681386,0.5987929,0.0001522162,1.078411,3.099817,2.518629
-0.02351606,0.6476171,0.0005637514,1.285651,3.099772,2.520043
-0.02964399,0.7124931,0.0008576209,1.490521,3.09974,2.520688
-0.04370135,0.7980356,0.001772377,1.69394,3.099725,2.520774
-0.06044209,0.9163271,0.002226436,1.896464,3.099727,2.520312
-0.09905672,1.078362,0.004797229,2.098469,3.099739,2.51911
-0.1600621,1.323599,0.004588734,2.300243,3.099737,2.516687
-0.2713423,1.652363,0.01199806,2.501861,3.099647,2.512329
0.002249284,0.5036795,-0.0015602,0.2104445,3.300002,2.487623
0.006218073,0.5184465,-0.0004512659,0.4271203,3.299994,2.505781
0.01140251,0.5352511,-0.0004013805,0.6501719,3.299962,2.511475
0.0161718,0.5612776,0.000119061,0.8675386,3.299921,2.515845
0.02371066,0.5971179,0.0003097717,1.078821,3.299881,2.518498
0.03128906,0.6449488,0.0008260115,1.286054,3.29985,2.519883
0.04560704,0.7082188,0.001159278,1.490909,3.29983,2.520501
0.05978061,0.7919451,0.002298386,1.694338,3.299821,2.520558
0.09314488,0.9063286,0.003058266,1.89694,3.299825,2.520056
0.1265112,1.06246,0.006040325,2.099172,3.299842,2.518791
0.2213034,1.299447,0.008211939,2.301493,3.299869,2.516266
0.3209035,1.605044,0.01496615,2.504274,3.299896,2.511848
0.005918835,0.4987976,-0.001407094,0.2104901,3.500009,2.487633
0.01681983,0.5114995,0.0004362294,0.4273331,3.500009,2.505747
0.0306066,0.5270713,-0.0004044084,0.65062,3.499985,2.511376
0.04496743,0.5510266,0.0003646303,0.8681328,3.49995,2.515687
0.06318675,0.5841481,0.0004774301,1.079441,3.499919,2.518291
0.08427884,0.6275976,0.00117342,1.286627,3.499896,2.51964
0.1142892,0.6845242,0.001625961,1.491416,3.499883,2.520233
0.1513765,0.7566779,0.003496667,1.694805,3.499879,2.520272
0.2069211,0.8532185,0.004962924,1.897443,3.499886,2.519759
0.2916091,0.9732938,0.01155316,2.099867,3.499906,2.518489
0.3959989,1.149169,0.01773762,2.302713,3.49995,2.515975
0.6765455,1.291276,0.03536205,2.506632,3.500033,2.511674
0.007832105,0.4836695,-0.001369185,0.2105742,3.700013,2.487622
0.02485982,0.4964482,0.001908447,0.4276644,3.700017,2.505676
0.04742973,0.5102988,-6.925484e-05,0.6512553,3.699996,2.511227
0.06972711,0.5311994,0.0006846604,0.8689364,3.699965,2.515468
0.09727998,0.5595409,0.0005487862,1.080248,3.699938,2.518015
0.1292837,0.5958812,0.001169437,1.287341,3.699919,2.519321
0.172694,0.6419861,0.001398477,1.492008,3.69991,2.519887
0.2265913,0.6984216,0.002884782,1.695297,3.699908,2.519917
0.3065369,0.7681703,0.003483757,1.8979,3.699914,2.519412
0.4146831,0.8522931,0.007671347,2.100412,3.699929,2.51817
0.5790712,0.9445806,0.01059761,2.303591,3.699959,2.515711
0.8466226,1.066977,0.01683274,2.50826,3.700006,2.511545
0.01151859,0.4629822,-0.0009860828,0.2106785,3.900013,2.487593
0.03420988,0.4757075,0.002081729,0.4280455,3.900015,2.505584
0.06228104,0.487134,-0.0001585144,0.6519443,3.899994,2.511059
0.09121229,0.5045503,0.0007306245,0.8697805,3.899964,2.515235
0.1253632,0.5273126,0.0005272691,1.081077,3.899939,2.517725
0.1647196,0.5555063,0.001146919,1.288055,3.899922,2.518992
0.2151626,0.5896759,0.00135136,1.492574,3.899914,2.519534
0.2763404,0.6283667,0.002857384,1.695728,3.899912,2.51956
0.3597921,0.6720871,0.003542817,1.89823,3.899915,2.519071
0.4681489,0.7148971,0.008299842,2.100698,3.899923,2.517866
0.6113414,0.7509133,0.01196825,2.30392,3.899932,2.515465
0.8320635,0.7607876,0.02463517,2.508758,3.899942,2.511382
0.01352156,0.4398067,-0.0006929642,0.2107638,4.100004,2.487554
0.04052547,0.4501534,0.002907921,0.4283304,4.099995,2.505504
0.07376587,0.4591519,-1.192466e-05,0.6524275,4.099973,2.510938
0.1075166,0.4723903,0.0008489239,0.8703571,4.099947,2.515076
0.1463062,0.489285,0.0004661397,1.081638,4.099922,2.517532
0.1901428,0.5092539,0.0009676629,1.288533,4.099904,2.518773
0.2442597,0.5321655,0.001012016,1.492945,4.099894,2.519301
0.3077287,0.5555761,0.002096478,1.695987,4.099891,2.519326
0.3914619,0.5787987,0.002307485,1.898374,4.099892,2.518848
0.4916205,0.5953136,0.005153644,2.100698,4.099893,2.517668
0.6254064,0.5984125,0.006274607,2.303695,4.099882,2.5153
0.7914959,0.5789727,0.01018643,2.508171,4.099853,2.511229
-0.5286766,0.03875865,-0.04037305,2.35081,0.1217132,2.654394
-0.05145275,0.05114967,-0.0008900868,0.2915514,0.2914814,2.703248
-0.09630474,0.02818884,0.007559036,0.5042254,0.2733695,2.69555
-0.1317787,0.0229933,0.001915936,0.703942,0.2572253,2.691194
-0.1772345,0.0242304,0.003465691,0.8992876,0.2515797,2.689358
-0.2221624,0.02610878,0.0003039763,1.099237,0.2502198,2.689364
-0.2691743,0.02503795,0.002729198,1.299588,0.249845,2.689551
-0.3144278,0.0253698,0.0003848853,1.499815,0.2496396,2.689776
-0.3606494,0.02499397,0.001677123,1.699889,0.2495625,2.689847
-0.4057198,0.02504995,-0.0002996765,1.899937,0.2495847,2.689786
-0.450159,0.02487871,-0.001988034,2.099998,0.2495553,2.689845
-0.4935454,0.02375228,-0.001819535,2.299979,0.2495191,2.689962
-0.0284494,0.09757063,-0.008798063,0.2734257,0.5041735,2.695485
-0.08774862,0.08788333,-6.186039e-05,0.486117,0.486115,2.704645
-0.1295599,0.08891525,-0.0004833926,0.6933054,0.4741653,2.707235
-0.1803146,0.08516168,-0.0002957098,0.8963733,0.4684368,2.708345
-0.2229289,0.0857793,0.0004503163,1.09791,0.465923,2.708811
-0.2705729,0.08613407,0.0002390906,1.298796,0.4648918,2.709078
-0.3161961,0.08598476,0.001036984,1.499308,0.4644094,2.709251
-0.3632103,0.08581259,0.0002319691,1.699589,0.4642116,2.709327
-0.4093745,0.0841999,0.001475758,1.899757,0.4641905,2.709329
-0.4547164,0.0822848,0.001100989,2.099867,0.4642168,2.709331
-0.49852,0.07852046,0.001288777,2.299918,0.4643125,2.709314
-0.02086945,0.1310036,-0.00438828,0.2571555,0.7039543,2.691279
-0.08734056,0.1292507,0.000558596,0.4740985,0.693316,2.707251
-0.126077,0.1287405,-0.0004362797,0.6867869,0.6868221,2.71286
-0.1767604,0.1294723,-0.001148983,0.8930568,0.6824048,2.715224
-0.220548,0.1302413,-0.001723244,1.096117,0.6799566,2.716158
-0.2689103,0.130971,-0.001393758,1.297739,0.6787053,2.716578
-0.315043,0.1313249,-0.00218509,1.498648,0.6780791,2.716784
-0.3629581,0.1309453,-0.001740502,1.699175,0.6778018,2.716877
-0.4099813,0.1292821,-0.002507023,1.899492,0.6777484,2.716896
-0.456709,0.1264742,-0.002767316,2.09969,0.6778453,2.716869
-0.5020158,0.1211815,-0.002798425,2.299811,0.678066,2.716804
-0.02112373,0.174117,-0.005651107,0.2515413,0.8992737,2.689396
-0.08207256,0.179763,0.0008585273,0.4683777,0.8963802,2.708366
-0.1242219,0.1784529,0.0004372787,0.6823581,0.8930806,2.71523
-0.1745745,0.1800666,-6.14959e-05,0.8902771,0.890315,2.718384
-0.2190111,0.1811303,0.0005799906,1.094417,0.8884573,2.719681
-0.2677052,0.1827737,0.0003602378,1.296679,0.8873436,2.720255
-0.314769,0.1835925,0.0005797222,1.49797,0.8867249,2.720524
-0.3639792,0.1836217,0.0005308416,1.698735,0.8864307,2.720642
-0.4126706,0.1817695,0.0006779107,1.899204,0.8863694,2.720669
-0.4618263,0.1781467,0.0006389933,2.099499,0.8864919,2.720628
-0.5097002,0.1711814,0.0006788934,2.299688,0.8867567,2.720536
-0.02261603,0.2166854,-0.00192562,0.2501671,1.099255,2.689424
-0.08032854,0.2201358,-0.0006835104,0.465853,1.097923,2.70884
-0.1216723,0.2208183,0.001001999,0.6798964,1.096138,2.71617
-0.1713381,0.2240001,-0.0009043659,0.888401,1.094452,2.719687
-0.2161329,0.2265425,-0.0002019201,1.093102,1.093158,2.721197
-0.2653898,0.2295533,-0.0005401366,1.295784,1.092284,2.721882
-0.3135516,0.2314728,-0.0004744258,1.497365,1.091753,2.722206
-0.364475,0.2324886,-0.0004827168,1.698327,1.091483,2.722349
-0.415362,0.2309394,-0.0005170445,1.89893,1.091421,2.722381
-0.4675472,0.2271641,-0.0005362688,2.099317,1.091536,2.72233
-0.5188587,0.2188845,-0.0005222718,2.299569,1.091788,2.722217
-0.02026089,0.2604532,-0.007302833,0.2497549,1.29959,2.689676
-0.07797186,0.2647435,-0.0004930358,0.4647928,1.298803,2.709124
-0.1181755,0.266509,0.0002192563,0.6786224,1.297755,2.716597
-0.1674024,0.2709153,-0.0006660725,0.8872584,1.296711,2.720268
-0.2122881,0.2750642,0.0001814293,1.092195,1.295838,2.72189
-0.2619774,0.2798489,-0.0001093808,1.295108,1.295197,2.722645
-0.3113299,0.2835548,0.000139081,1.496878,1.294778,2.72301
-0.3643139,0.2863959,9.705063e-05,1.697985,1.294552,2.723171
-0.4179706,0.2861504,0.0002017961,1.898693,1.294496,2.723207
-0.4741778,0.2832307,0.0002077029,2.099156,1.294589,2.723146
-0.5299763,0.2743711,0.000246119,2.299463,1.294799,2.723013
-0.02045801,0.3012751,-0.002164973,0.2495979,1.499788,2.68982
-0.07500472,0.3059817,-0.002071808,0.4643293,1.499305,2.70928
-0.1140525,0.3087811,0.0008905666,0.6779706,1.498659,2.716809
-0.1620573,0.3148918,-0.001006842,0.8865927,1.497997,2.720549
-0.2064264,0.3211705,7.609682e-05,1.091608,1.497415,2.722231
-0.2562667,0.3284216,-0.0003539368,1.294633,1.496961,2.723028
-0.3065266,0.3345775,-8.307727e-05,1.496516,1.496648,2.723417
-0.361672,0.340001,-0.0001566463,1.697718,1.496473,2.72359
-0.4184137,0.3416099,-4.591242e-05,1.898504,1.496426,2.723625
-0.4795794,0.3402467,-4.845653e-05,2.099027,1.496497,2.723554
-0.5412878,0.3310859,2.623235e-05,2.299378,1.496661,2.723403
-0.01822316,0.3403054,-0.008264497,0.2495493,1.699904,2.689822
-0.07169731,0.3468988,-0.001061836,0.4641144,1.699595,2.709352
-0.1082765,0.3510258,0.0001726905,0.6776288,1.699184,2.716918
-0.1548886,0.3593555,-0.000905817,0.88621,1.698757,2.720694
-0.1984619,0.3683956,7.127448e-05,1.091242,1.698369,2.722407
-0.2482782,0.379084,-0.0002686157,1.294318,1.698055,2.723227
-0.2994287,0.3891073,4.762623e-05,1.496262,1.697831,2.72363
-0.357158,0.3990432,-4.662478e-05,1.697526,1.697702,2.723807
-0.4175283,0.4049228,0.0001247072,1.898365,1.697667,2.723838
-0.4849669,0.4078,8.671105e-05,2.098932,1.697721,2.723753
-0.5538139,0.4010543,0.0001815546,2.299316,1.697849,2.723579
-0.0174565,0.3774426,-0.001891021,0.2494704,1.899949,2.689922
-0.06579413,0.385077,-0.003193314,0.4639796,1.899758,2.709405
-0.1008186,0.3904997,0.001027612,0.6774412,1.899495,2.716977
-0.1448902,0.4013143,-0.001123776,0.8859913,1.899218,2.72077
-0.1866489,0.4134444,9.876346e-05,1.091022,1.89896,2.7225
-0.2354476,0.4281447,-0.0003516309,1.294118,1.898746,2.723331
-0.286372,0.4425619,1.325393e-05,1.496096,1.89859,2.723739
-0.3458741,0.4577392,-0.0001196127,1.697398,1.8985,2.723915
-0.4094406,0.4682951,0.0001347718,1.898274,1.898478,2.723935
-0.483883,0.4764051,6.741727e-05,2.098872,1.898524,2.723828
-0.562402,0.4717888,0.0002940363,2.299281,1.898629,2.72362
-0.01588845,0.4135844,-0.007299189,0.2494555,2.099963,2.689916
-0.06041343,0.4204578,-0.001639591,0.4639176,2.09985,2.709426
-0.09141543,0.4278303,-0.0002854824,0.6773446,2.099683,2.717006
-0.1324586,0.4417559,-0.001003533,0.8858716,2.099503,2.72081
-0.1718925,0.4580199,-4.407526e-06,1.090896,2.099333,2.722547
-0.2193232,0.4782409,-0.0003242385,1.294001,2.099189,2.723383
-0.2697795,0.4995882,6.194712e-05,1.495998,2.099084,2.72379
-0.3315706,0.5233915,-0.0001198279,1.697325,2.099024,2.723957
-0.3985143,0.5440266,0.0002247133,1.898227,2.099014,2.723957
-0.4821273,0.5630321,-2.47052e-05,2.098849,2.099056,2.723815
-0.5700925,0.5696126,0.0002905146,2.299276,2.099149,2.723546
-0.01464424,0.4412528,-0.01281639,0.2494471,2.299977,2.689944
-0.05332608,0.4532149,-0.002612969,0.4639106,2.299904,2.709425
-0.07910507,0.4614886,0.0001638307,0.6773108,2.299799,2.717015
-0.1155238,0.4784448,-0.001105255,0.8858168,2.299682,2.720827
-0.1506778,0.4987285,-4.24233e-05,1.090833,2.299571,2.722568
-0.1942336,0.5245564,-0.0003811663,1.293943,2.299476,2.723403
-0.2414265,0.5528292,1.203506e-05,1.495953,2.299406,2.723804
-0.3017826,0.5858066,-0.0001470279,1.697299,2.299369,2.723956
-0.3697147,0.6162234,0.0003277623,1.898222,2.299368,2.723925
-0.4595623,0.6483803,0.0001173307,2.098864,2.299409,2.723723
-0.56245,0.6633368,0.0006973414,2.299307,2.299495,2.723342
-0.01132619,0.464967,0.004762346,0.2495536,2.499968,2.689766
-0.04269905,0.4792108,-0.002823428,0.4639831,2.499933,2.709378
-0.06593059,0.4897368,0.001582591,0.6773232,2.499871,2.717009
-0.09631326,0.5107688,-0.0009150418,0.8858062,2.499796,2.72083
-0.126595,0.5361086,0.0001029273,1.090817,2.499724,2.722572
-0.1657588,0.569029,-0.0003328698,1.29393,2.499662,2.723404
-0.2088998,0.6073943,4.913796e-05,1.495951,2.499617,2.723795
-0.2685481,0.6533618,-0.0002260064,1.697313,2.499595,2.723925
-0.3357335,0.7031405,0.0003296423,1.898258,2.499599,2.72385
-0.4362608,0.7576683,-0.0002955034,2.098924,2.499636,2.723556
-0.5456661,0.8063862,0.0003883533,2.299388,2.49971,2.72297
-0.008623573,0.4869021,-0.009528121,0.2496256,2.699991,2.689663
-0.03094741,0.5002775,-0.002539338,0.4640496,2.699961,2.709339
-0.04746667,0.5128288,-0.001030565,0.677353,2.699919,2.716998
-0.07057442,0.5368246,-0.001007283,0.8858245,2.69987,2.720824
-0.09349635,0.5665731,-0.0002777435,1.090835,2.699823,2.722565
-0.1236754,0.6059932,-0.0003309968,1.293954,2.699783,2.72339
-0.1578675,0.6535498,-7.941811e-05,1.495987,2.699754,2.723768
-0.206363,0.7131981,-2.942254e-05,1.697366,2.699741,2.723872
-0.266714,0.7811871,0.0001957943,1.898338,2.699747,2.723744
-0.3576067,0.862781,6.706892e-05,2.099043,2.699773,2.723325
-0.4812456,0.9423474,0.0001888302,2.299553,2.69982,2.722425
-0.6759419,1.015091,0.002185706,2.499846,2.699871,2.720579
-0.005153593,0.5006216,-0.00345765,0.2496187,2.899999,2.689675
-0.01931796,0.5162977,-0.001600004,0.4640542,2.89998,2.70934
-0.02956142,0.529443,-0.0003584527,0.6773786,2.899951,2.716992
-0.04439636,0.5556323,-0.0005773237,0.8858658,2.899918,2.720812
-0.05885589,0.5890491,-0.0001345778,1.090887,2.899887,2.722546
-0.07988997,0.6339422,-0.0001331602,1.294015,2.899861,2.723363
-0.1026338,0.6907236,-8.712757e-05,1.496059,2.899843,2.723727
-0.1415988,0.7636103,-2.107852e-05,1.697458,2.899835,2.723806
-0.1865361,0.855377,-0.0001813693,1.898466,2.899839,2.723624
-0.2771991,0.9738484,5.367954e-06,2.099239,2.899853,2.723077
-0.3916772,1.123582,-0.002776139,2.29987,2.899864,2.721836
-0.6500305,1.322478,-0.0006563219,2.500333,2.899806,2.719001
-0.001224965,0.5072,-0.001427198,0.2495357,3.100011,2.689796
-0.005105402,0.523235,-0.001129263,0.4640036,3.099995,2.709378
-0.008381518,0.5377417,-0.001203049,0.6774088,3.099972,2.716986
-0.0129156,0.5652704,-0.0002731709,0.8859417,3.09995,2.720788
-0.01673934,0.6012934,-9.495774e-06,1.090983,3.099929,2.722511
-0.02328521,0.650125,0.0003208629,1.294119,3.099912,2.723317
-0.02928734,0.7148219,0.000426276,1.49617,3.099901,2.723668
-0.04272254,0.8002825,0.001020589,1.697587,3.099896,2.723726
-0.05940059,0.9188052,0.0004675306,1.89864,3.099898,2.723503
-0.09647512,1.080113,0.002144893,2.09952,3.099907,2.722866
-0.1540193,1.32674,-0.002626574,2.300397,3.099909,2.721395
-0.275616,1.678243,-0.0004880623,2.501434,3.099859,2.717961
0.002144385,0.5091818,-0.002907245,0.2493961,3.300026,2.690008
0.008076526,0.5234888,-0.002413074,0.4639248,3.300007,2.70944
0.01214588,0.5375609,-0.0001614931,0.6774732,3.299988,2.716972
0.01718658,0.5642552,3.614586e-05,0.8860791,3.299972,2.720744
0.02444947,0.5995557,0.0003329578,1.091145,3.299957,2.722449
0.03228846,0.6473603,0.0007998153,1.29428,3.299945,2.723242
0.04660964,0.7104072,0.00111458,1.496327,3.299938,2.72358
0.06163761,0.7941129,0.002159888,1.697751,3.299935,2.723624
0.09444589,0.908772,0.002662346,1.898846,3.299938,2.723378
0.1308795,1.06479,0.005324401,2.099849,3.299946,2.722699
0.2207001,1.304658,0.006977535,2.301036,3.299958,2.721146
0.3339027,1.614438,0.008996951,2.502834,3.299967,2.717586
0.005725592,0.502361,-0.002172098,0.2492575,3.500014,2.690242
0.02034578,0.5166147,2.536084e-05,0.4638961,3.50001,2.709487
0.03214321,0.529146,-0.0008809523,0.6776225,3.499998,2.716933
0.04702687,0.5537551,0.0005400318,0.886312,3.499985,2.720667
0.06462959,0.586313,0.0004992223,1.091395,3.499974,2.722349
0.08599468,0.6296113,0.001315252,1.294512,3.499966,2.723126
0.1160075,0.6861653,0.001581309,1.496531,3.499962,2.723452
0.1541513,0.7580504,0.003946206,1.697942,3.499961,2.723487
0.2097367,0.8542798,0.00374006,1.89906,3.499964,2.723234
0.2984802,0.9733844,0.0153899,2.100165,3.499972,2.722547
0.4032224,1.150111,0.008763924,2.301634,3.49999,2.720991
0.6838444,1.276397,0.06145936,2.504116,3.500033,2.717475
0.008879656,0.4892798,0.009709566,0.2492509,3.70001,2.690291
0.03180618,0.5010753,0.0003250128,0.46401,3.700009,2.709466
0.04922947,0.5122423,0.0005992468,0.6778855,3.700002,2.716858
0.07264284,0.533481,0.000840763,0.8866446,3.699992,2.720557
0.09905657,0.5612648,0.0006653396,1.091726,3.699983,2.722213
0.1312787,0.5973441,0.001247985,1.294803,3.699977,2.722971
0.1744139,0.6430474,0.001335049,1.496771,3.699974,2.723286
0.2291232,0.699052,0.003060332,1.698142,3.699974,2.723315
0.3078934,0.7682726,0.002321449,1.899249,3.699976,2.723065
0.4201785,0.8510618,0.01046671,2.100403,3.699981,2.722388
0.5757066,0.9430906,0.0002753547,2.302046,3.699992,2.720856
0.8617568,1.057156,0.04118754,2.504966,3.700013,2.717403
0.01095753,0.4704195,0.001528446,0.2493487,3.900003,2.690225
0.04088479,0.4796166,0.001049055,0.4642413,3.900004,2.709387
0.06464933,0.4888627,-0.0001106801,0.6782105,3.899999,2.716761
0.09456857,0.5063267,0.0009096288,0.8870088,3.899991,2.720436
0.1273954,0.5285952,0.0005336302,1.092073,3.899983,2.72207
0.166917,0.5565198,0.001186758,1.295096,3.899977,2.72281
0.217015,0.5903109,0.001225973,1.497001,3.899974,2.723114
0.2789801,0.6286576,0.002854076,1.698315,3.899974,2.723141
0.3614807,0.6718651,0.002051261,1.899381,3.899974,2.722897
0.4738785,0.7143287,0.009680863,2.100517,3.899976,2.722235
0.6099361,0.74913,0.000708821,2.302177,3.899977,2.720726
0.8428838,0.7603746,0.04294176,2.505174,3.899978,2.717296
0.01251275,0.4448628,0.003768483,0.2495543,4.099968,2.689963
0.04844186,0.4533671,0.001533871,0.4645162,4.099984,2.709263
0.07631061,0.460317,0.0002477887,0.6784728,4.099987,2.71668
0.1112064,0.4736654,0.001035903,0.8872689,4.09998,2.720351
0.1483905,0.4901433,0.0004382013,1.09231,4.099972,2.721973
0.192324,0.5098578,0.0009520752,1.295293,4.099965,2.722703
0.2459303,0.532414,0.0008405577,1.497152,4.099962,2.723001
0.3099731,0.5554757,0.001956781,1.698418,4.09996,2.723027
0.3924611,0.5781175,0.001092571,1.899433,4.09996,2.722788
0.4960355,0.5942663,0.005833227,2.100498,4.099959,2.722136
0.6220453,0.5956722,-0.001421419,2.302033,4.099951,2.720635
0.8042809,0.5772344,0.02163528,2.504787,4.099927,2.717182
-0.02690185,0.02669033,-0.001613408,0.2448167,0.2447433,2.854759
-0.07511271,0.02438952,0.009716974,0.4489003,0.2432041,2.85639
-0.1130158,0.02180896,0.009581987,0.6496904,0.2414594,2.85655
-0.1560029,0.03098471,0.01260447,0.8498312,0.2402637,2.857112
-0.2065032,0.03836814,0.01493742,1.049916,0.2405255,2.856734
-0.2583187,0.04129836,0.01462233,1.249965,0.2406062,2.856624
-0.3045532,0.04014991,0.01878542,1.450016,0.2403233,2.856891
-0.3549327,0.04362934,0.01352264,1.649986,0.2399994,2.857205
-0.4012978,0.04049297,0.01737488,1.850003,0.2402101,2.85699
-0.449325,0.03925691,0.01259664,2.050009,0.2403005,2.856903
-0.4938863,0.03795412,0.01354144,2.250027,0.2395182,2.857681
-0.02384763,0.07383234,-0.01221909,0.2435847,0.4488531,2.856024
-0.08913872,0.0905138,-7.90193e-05,0.4987701,0.4987288,2.903633
-0.1290348,0.09692374,-0.004754468,0.6988549,0.4981153,2.905362
-0.1778598,0.09072575,-0.003823679,0.8991623,0.4973742,2.906098
-0.2206632,0.09573993,-0.003967167,1.099515,0.4970525,2.906302
-0.2672455,0.09205229,-0.003477539,1.299734,0.4968786,2.906387
-0.3129731,0.09681255,-0.003551481,1.499856,0.4966784,2.906452
-0.3588195,0.09258716,-0.003611056,1.699907,0.4966012,2.906478
-0.4038014,0.09585555,-0.003271679,1.899943,0.4966442,2.906472
-0.4501439,0.09554297,-0.003439997,2.099983,0.4965836,2.906482
-0.4942855,0.09158136,-0.003031957,2.29998,0.4964976,2.906493
-0.02074182,0.1106429,-0.01233205,0.2413128,0.6496933,2.856691
-0.09373706,0.1295577,0.004347892,0.4980353,0.6988629,2.905376
-0.1281946,0.1307449,-0.0005624224,0.6979058,0.6979294,2.908376
-0.1777325,0.1333326,-0.0006331622,0.8984896,0.6972186,2.909486
-0.2209806,0.1337708,-0.001222951,1.099132,0.6967458,2.909826
-0.2692237,0.1352038,-0.0006683951,1.299507,0.6964855,2.90995
-0.3154911,0.1348333,-0.001332463,1.499712,0.6963339,2.910008
-0.3634141,0.1353116,-0.0008889496,1.699826,0.6962637,2.910034
-0.4111902,0.1323669,-0.001580352,1.899894,0.696256,2.910039
-0.4572948,0.1295884,-0.001834183,2.099939,0.6962625,2.910034
-0.502142,0.1239402,-0.001875636,2.299962,0.6962964,2.910019
-0.02870453,0.1442049,-0.01362243,0.240089,0.8497864,2.857291
-0.08456143,0.1778934,0.004107339,0.4973167,0.8991582,2.906109
-0.1285371,0.1799226,-7.646266e-05,0.697189,0.8984985,2.909489
-0.1755542,0.1816604,-5.21958e-06,0.8979399,0.8979541,2.910868
-0.2198687,0.1837627,-9.767379e-05,1.098786,0.8975823,2.911305
-0.2680992,0.1850833,-2.857055e-05,1.299294,0.8973536,2.911466
-0.3151997,0.1867179,6.883299e-05,1.499576,0.8972216,2.911537
-0.3642781,0.1863569,4.669696e-05,1.69974,0.8971579,2.911567
-0.4130028,0.1851677,0.0001764512,1.899838,0.8971456,2.911575
-0.4622863,0.1816773,0.0001427994,2.099901,0.8971683,2.911566
-0.5102602,0.1746558,0.0001590648,2.29994,0.897222,2.911545
-0.03128521,0.1930631,-0.0188838,0.2404832,1.049927,2.856771
-0.08874092,0.21773,0.003638983,0.4969715,1.099525,2.906318
-0.1251284,0.2212217,0.0005407546,0.6967101,1.099138,2.909831
-0.1734492,0.2248597,-9.9922e-05,0.8975632,1.098795,2.911307
-0.2172677,0.227749,-0.0001196741,1.09852,1.098533,2.911799
-0.2661332,0.230966,-0.0001457503,1.299113,1.098356,2.911986
-0.3141862,0.2329464,-0.0001731678,1.499455,1.098247,2.912069
-0.3650075,0.2340423,-0.0001607045,1.699659,1.098192,2.912105
-0.4160249,0.2323543,-0.0002275126,1.899785,1.09818,2.912114
-0.4681241,0.2284881,-0.000252923,2.099865,1.098204,2.912103
-0.5193742,0.2200095,-0.000256389,2.299917,1.098257,2.912078
-0.03667613,0.2394137,-0.01946995,0.2402395,1.249948,2.856982
-0.07873193,0.2616322,0.002905382,0.4967428,1.299736,2.906416
-0.1224125,0.266941,-0.0004165826,0.6964391,1.299511,2.909957
-0.1687567,0.2715537,-7.408727e-05,0.897328,1.2993,2.911469
-0.2135816,0.2761067,-7.455321e-05,1.098336,1.299124,2.911987
-0.2627308,0.2810072,-5.445851e-05,1.298977,1.298996,2.91219
-0.3120066,0.2849376,6.856477e-06,1.499358,1.298911,2.912282
-0.3648233,0.2877807,-8.809779e-06,1.699591,1.298866,2.912323
-0.4185809,0.2876137,3.037648e-05,1.899738,1.298855,2.912333
-0.4747438,0.2846283,3.967738e-05,2.099834,1.298875,2.91232
-0.5306122,0.2755985,6.940592e-05,2.299897,1.298919,2.91229
-0.03229583,0.2879669,-0.01915694,0.2399584,1.450018,2.857246
-0.08097365,0.3029385,0.001342381,0.4966193,1.499845,2.906466
-0.1166696,0.3093819,0.0001147601,0.6962982,1.499712,2.910015
-0.1641431,0.3154555,-0.0003045949,0.8971902,1.499581,2.911543
-0.2076479,0.3219066,-9.439871e-05,1.098217,1.499465,2.912074
-0.2571625,0.3292018,-0.0001605821,1.298882,1.499374,2.912287
-0.3072979,0.3354549,-8.593584e-05,1.499286,1.499312,2.912384
-0.3622614,0.3408718,-0.000126726,1.699538,1.499277,2.912427
-0.4191766,0.3424794,-8.98502e-05,1.899701,1.499268,2.912437
-0.4802475,0.3409952,-0.0001073826,2.099808,1.499283,2.912422
-0.5421397,0.3315956,-7.230459e-05,2.29988,1.499317,2.912388
-0.03681963,0.3163471,-0.02289981,0.240292,1.650012,2.85691
-0.07256494,0.3428875,0.002384021,0.4965922,1.699914,2.906483
-0.1118251,0.3519942,-0.0006617156,0.6962214,1.699828,2.910044
-0.1562274,0.359882,-0.0002865794,0.89711,1.699743,2.911579
-0.1997592,0.3691385,-0.0001649903,1.098143,1.699666,2.912118
-0.2490835,0.3798472,-0.0001296799,1.298819,1.699604,2.912335
-0.3002181,0.3900103,-3.321275e-05,1.499235,1.699559,2.912436
-0.3576782,0.3999333,-8.639612e-05,1.6995,1.699534,2.91248
-0.4183702,0.405894,-2.024387e-05,1.899673,1.699527,2.912489
-0.485628,0.4086181,-7.128485e-05,2.09979,1.699539,2.912471
-0.5548842,0.4016149,-4.111772e-05,2.299869,1.699566,2.912432
-0.02593261,0.3629115,-0.02119775,0.2399311,1.850014,2.857263
-0.07476722,0.381298,0.0002786958,0.4964972,1.89995,2.906509
-0.1020687,0.3909687,0.0001759616,0.6961707,1.899895,2.91006
-0.1470778,0.4018889,-0.0005137539,0.8970624,1.89984,2.911598
-0.1877063,0.4141266,-0.0001094915,1.098097,1.899789,2.91214
-0.2362882,0.4287936,-0.0001860408,1.298779,1.899746,2.91236
-0.2871717,0.4433437,-5.01419e-05,1.499202,1.899715,2.912462
-0.3463189,0.4584463,-0.0001420583,1.699474,1.899698,2.912506
-0.4104481,0.469142,-2.131664e-05,1.899655,1.899694,2.912512
-0.4845721,0.4769643,-0.0001353849,2.099779,1.899704,2.91249
-0.5640163,0.4720718,-4.278672e-05,2.299864,1.899727,2.912443
-0.0334003,0.379353,-0.01967311,0.2399503,2.049982,2.857245
-0.05615385,0.4168589,-0.0001135501,0.4964809,2.099967,2.906515
-0.09386612,0.4278453,-0.001155519,0.6961464,2.099934,2.910069
-0.1332633,0.4424294,-0.0004817579,0.8970371,2.099898,2.911608
-0.1729495,0.458637,-0.0002357075,1.098072,2.099865,2.912152
-0.2199168,0.4789173,-0.0001968397,1.298755,2.099837,2.912373
-0.2705202,0.5004485,-3.986316e-05,1.499183,2.099816,2.912475
-0.3316955,0.5242565,-0.0001740675,1.69946,2.099804,2.912516
-0.3995733,0.5453214,1.997145e-06,1.899647,2.099803,2.912519
-0.4822907,0.5641001,-0.000274546,2.099776,2.099814,2.912488
-0.5721616,0.570563,-0.000158924,2.299867,2.099837,2.912427
-0.03765678,0.4147243,-0.01589133,0.2397401,2.250055,2.857452
-0.05379933,0.4471708,-0.0001438015,0.4964756,2.299979,2.906518
-0.07975692,0.4646867,-0.0008844927,0.6961506,2.299958,2.910071
-0.11654,0.4790606,-0.0006700631,0.8970297,2.299935,2.911613
-0.1514681,0.49958,-0.0002892821,1.098061,2.299913,2.912157
-0.1947464,0.5251099,-0.0003088679,1.298744,2.299895,2.912378
-0.2420871,0.5535672,-0.0001489044,1.499174,2.299881,2.912479
-0.3016881,0.5864236,-0.000284955,1.699456,2.299874,2.912517
-0.3707788,0.6173422,-2.494513e-05,1.899648,2.299876,2.912513
-0.4594259,0.6488927,-0.0003096571,2.099784,2.299888,2.912468
-0.5651911,0.6639462,-7.993229e-05,2.299874,2.299907,2.912374
-0.01424239,0.3990071,-0.01929889,0.2402506,2.450014,2.856943
-0.05563177,0.4758586,0.0005028292,0.4966434,2.499978,2.906482
-0.06574351,0.4902541,0.000878205,0.6961831,2.499972,2.910067
-0.09866261,0.511555,-0.0006084753,0.8970359,2.499958,2.911614
-0.127324,0.5365706,-0.0001499826,1.098059,2.499944,2.912159
-0.1664225,0.5694002,-0.0003574388,1.298742,2.499932,2.912379
-0.2096828,0.607845,-0.0002127857,1.499174,2.499924,2.912477
-0.2681178,0.6540717,-0.0004408274,1.69946,2.49992,2.912511
-0.3369943,0.7047487,-0.0001534768,1.899659,2.499924,2.912496
-0.434372,0.759742,-0.0006795659,2.099806,2.499938,2.912428
-0.5505118,0.8102065,-0.0003805187,2.299887,2.499936,2.912264
-0.02821606,0.4448933,-0.0183289,0.2406481,2.650032,2.856546
-0.02602556,0.4975101,-0.002288181,0.4967573,2.699992,2.906458
-0.0477601,0.5124465,-0.001504185,0.6962142,2.699983,2.910062
-0.07138155,0.537655,-0.0007619882,0.8970462,2.699974,2.911612
-0.09477862,0.5666946,-0.0004980913,1.098064,2.699965,2.912158
-0.125454,0.6059996,-0.0004467139,1.298747,2.699957,2.912377
-0.1597674,0.6531814,-0.0004840469,1.499182,2.699952,2.912472
-0.2083952,0.7127619,-0.0005273686,1.699472,2.69995,2.9125
-0.2687149,0.7809176,-0.0007782225,1.899681,2.699954,2.912472
-0.3589093,0.8635999,-0.001099824,2.099846,2.699969,2.912369
-0.4837582,0.9394484,-0.001221423,2.299942,2.699946,2.912098
-0.01120599,0.4138108,-0.02074299,0.2406618,2.850019,2.856532
-0.01819131,0.5129215,-0.001089168,0.4967444,2.899997,2.90646
-0.02940914,0.5310821,-0.0006845912,0.6962153,2.89999,2.910061
-0.04494379,0.556776,-0.0004855816,0.8970532,2.899984,2.91161
-0.05963453,0.5895653,-0.0003616077,1.098075,2.899978,2.912154
-0.08122465,0.6341483,-0.0003463577,1.29876,2.899973,2.912371
-0.1043631,0.6904194,-0.0005645577,1.499197,2.89997,2.912463
-0.1442329,0.7630924,-0.0006370114,1.699493,2.899969,2.912485
-0.1899052,0.8540695,-0.001459142,1.899715,2.899973,2.912443
-0.2811042,0.9733436,-0.001461396,2.099911,2.899984,2.912304
-0.3940131,1.124838,-0.004916741,2.300072,2.899954,2.911916
-0.6653385,1.321527,-0.000304236,2.49967,2.899414,2.910728
-0.009724099,0.4304827,-0.0218648,0.2403911,3.050029,2.856796
0.0006861983,0.5178445,-0.001619678,0.4966096,3.100003,2.906487
-0.00819395,0.5395948,-0.001057853,0.6961867,3.099996,2.910062
-0.01224468,0.5661449,-0.0002831848,0.8970581,3.099991,2.911605
-0.01662505,0.6016977,-0.0002158066,1.098091,3.099987,2.912146
-0.02339648,0.6501139,-1.707301e-05,1.29878,3.099984,2.912361
-0.02920765,0.7140881,-0.0002530013,1.49922,3.099982,2.91245
-0.04395392,0.799041,0.0001299138,1.699522,3.099981,2.912467
-0.05941557,0.9153314,-0.001360032,1.899759,3.099984,2.912415
-0.1035637,1.075376,1.37806e-05,2.099999,3.099991,2.912248
-0.1584491,1.316024,-0.00620515,2.300264,3.099974,2.911776
-0.3045987,1.65324,-0.00291793,2.499993,3.099742,2.910274
3.134238e-05,0.4545229,-0.02153276,0.2399103,3.249999,2.857272
0.005652237,0.5191994,-0.002457706,0.4963709,3.300011,2.906534
0.01468638,0.5391718,-5.94175e-05,0.6961384,3.300001,2.910064
0.01742247,0.5653067,-0.0001110545,0.8970687,3.299997,2.911595
0.02517811,0.6000042,0.0001173777,1.09812,3.299994,2.912132
0.03277214,0.6474756,0.0003698779,1.298812,3.299992,2.912344
0.04771838,0.7097925,0.0003354102,1.499252,3.29999,2.912431
0.06226098,0.7936926,0.001179546,1.699557,3.29999,2.912444
0.09698509,0.9061662,0.0004548013,1.899809,3.299992,2.912385
0.1309084,1.067359,0.003478619,2.100093,3.299996,2.912206
0.2217258,1.296475,0.001095751,2.300462,3.299994,2.911696
0.338171,1.654865,0.01122834,2.500346,3.299974,2.91006
0.0007043161,0.3976847,-0.01864001,0.2390119,3.450002,2.858162
0.02761424,0.513332,-0.001590414,0.4961234,3.500007,2.906579
0.0332702,0.5310807,-0.0005681424,0.6961112,3.500002,2.910059
0.04885298,0.5548054,0.000235148,0.8971006,3.5,2.911578
0.0662,0.5867295,0.0002561022,1.098167,3.499998,2.912109
0.08761551,0.6296737,0.0007168669,1.298859,3.499997,2.912318
0.1194381,0.6856592,0.0005792015,1.499293,3.499996,2.912402
0.1556453,0.7576654,0.002500413,1.699597,3.499996,2.912413
0.2220332,0.851697,0.0007299853,1.899858,3.499997,2.912352
0.2940521,0.9752462,0.01146491,2.100176,3.499999,2.912169
0.4659266,1.133362,0.0008220537,2.300636,3.500004,2.911654
0.6448198,1.365738,0.0669986,2.500747,3.500011,2.91003
0.007822708,0.3956816,-0.01726826,0.2387907,3.650017,2.858386
0.0273992,0.496192,-0.0006362181,0.4960716,3.700003,2.906583
0.05117411,0.5139341,0.001037829,0.6961451,3.700003,2.910042
0.07318287,0.5341908,0.0004038103,0.8971641,3.700002,2.911552
0.1004961,0.5615711,0.0003989306,1.098235,3.700001,2.912078
0.132432,0.5972996,0.0006214233,1.298918,3.7,2.912283
0.1767216,0.6427916,0.0003609086,1.499343,3.7,2.912364
0.2291988,0.6983924,0.001822075,1.699639,3.7,2.912374
0.3148228,0.7678558,-0.0003455878,1.899899,3.7,2.912313
0.4111564,0.8493875,0.008186173,2.100234,3.7,2.912132
0.6119617,0.9418759,-0.006034576,2.300751,3.700002,2.911622
0.7891482,1.039659,0.04040608,2.501015,3.700005,2.910023
-0.002074902,0.4105393,-0.01241792,0.2388463,3.850037,2.858362
0.04352557,0.4753112,-0.0008047212,0.4961839,3.9,2.906557
0.066419,0.4892842,0.0002130629,0.6962357,3.900002,2.910016
0.09580845,0.5070116,0.00035969,0.8972478,3.900001,2.911523
0.1284052,0.5288735,0.0002660404,1.098309,3.9,2.912045
0.167606,0.5566967,0.0005234375,1.29898,3.9,2.912245
0.218448,0.5904578,0.0002372798,1.49939,3.899999,2.912324
0.2785071,0.6285992,0.00154398,1.699674,3.899999,2.912333
0.3672272,0.672283,-0.000610802,1.899924,3.899999,2.912274
0.4663439,0.7125823,0.007087966,2.100252,3.899998,2.912096
0.6439202,0.7511453,-0.005547009,2.300763,3.899997,2.91159
0.7956264,0.7478298,0.04134687,2.501014,3.899997,2.909991
0.002494609,0.3900006,-0.007700731,0.2393112,4.050039,2.857916
0.04826917,0.4492727,-0.0003542697,0.4964829,4.099984,2.90649
0.07825787,0.460933,0.0005797364,0.6963519,4.099996,2.909991
0.112203,0.4742767,0.000424427,0.8973196,4.099996,2.911502
0.149273,0.4904626,0.0002225676,1.098363,4.099995,2.912022
0.1928445,0.5100997,0.0003642271,1.299021,4.099995,2.912221
0.2469147,0.5326865,2.190585e-05,1.499421,4.099994,2.912298
0.30917,0.555432,0.0009430969,1.699694,4.099994,2.912307
0.395954,0.5787374,-0.0009991909,1.89993,4.099993,2.912249
0.4884541,0.5916555,0.004280743,2.100233,4.099992,2.912073
0.639971,0.5971455,-0.006410463,2.30068,4.099989,2.911566
0.7596476,0.5541363,0.02413063,2.50077,4.099982,2.909944
-0.02186729,0.02137371,-0.000813072,0.1736038,0.1711068,0.02089273
-0.01785001,0.01849528,-0.001713846,0.1674166,0.1669034,0.1724823
-0.02947033,0.009127785,-0.0002078723,0.2498178,0.14587,0.04590183
-0.0547442,0.01224964,-0.0007091256,0.352664,0.1458393,0.04289227
-0.02627079,0.01196068,-0.002574881,0.2468033,0.1456954,0.1440486
-0.05410726,0.006676742,0.007436153,0.3484558,0.143277,0.1411744
-0.06370408,0.004269412,-0.0007662273,0.4512201,0.1437484,0.04300778
-0.08970384,0.01314307,0.01947983,0.5490096,0.1440109,0.04332052
-0.06658022,0.004891893,-0.0042201,0.4490837,0.1419922,0.1399503
-0.08807606,0.01811589,0.001779087,0.5494866,0.1416613,0.1402382
-0.1338085,-0.000868351,0.005430572,0.6468647,0.146706,0.04387125
-0.1787963,0.02161521,0.002230473,0.7753909,0.1690731,0.01949399
-0.1180618,0.00532819,-0.01713161,0.6489855,0.142704,0.1420343
-0.1230078,0.008120762,0.01522479,0.7488681,0.1430315,0.1423397
-0.175315,0.008621864,-0.00246678,0.8245007,0.1701559,0.01981752
-0.2276851,0.02042576,9.164291e-05,0.9755616,0.1710085,0.02000251
-0.1416004,0.005572902,-0.0183327,0.8498333,0.1439009,0.1437967
-0.1598867,0.008420239,0.01327744,0.9499316,0.1440828,0.1441618
-0.2262514,0.002550141,-0.003893678,1.02445,0.1710468,0.0200098
-0.2825988,0.01839782,-0.001985088,1.175551,0.1710767,0.02001286
-0.1807134,0.006205443,-0.02233318,1.049972,0.1441239,0.1442409
-0.1990514,0.009212298,0.01475817,1.149961,0.1441311,0.1442593
-0.2770505,0.003117919,-0.004404912,1.224447,0.1710779,0.02001311
-0.3338347,0.01966874,-0.0009033462,1.375551,0.1710814,0.02000555
-0.2212173,0.006128577,-0.02529248,1.249999,0.1441314,0.1442653
-0.239607,0.009793341,0.01593892,1.349983,0.1441352,0.1442673
-0.3250265,0.001878596,-0.004525777,1.424449,0.1710818,0.02000502
-0.3849017,0.02060445,-0.0008246309,1.575551,0.1710817,0.02000513
-0.2620394,0.006054714,-0.02714041,1.450011,0.1441406,0.1442658
-0.2816092,0.01019955,0.01663795,1.549986,0.1441397,0.1442673
-0.3735094,0.0006241855,-0.005349281,1.624449,0.1710814,0.0200058
-0.4401621,0.02109423,-0.0007803199,1.775552,0.171079,0.02001365
-0.3033338,0.005779256,-0.02885093,1.650011,0.1441332,0.144272
-0.3243549,0.01044869,0.01733477,1.749987,0.144128,0.144273
-0.4254308,0.001368353,-0.005445463,1.824448,0.1710791,0.02001365
-0.4860094,0.0216658,-0.0005559143,1.975552,0.1710792,0.02001364
-0.3452257,0.005389562,-0.02994644,1.850013,0.1441293,0.1442728
-0.3675703,0.01048638,0.01763128,1.949986,0.1441297,0.1442729
-0.4688061,0.0009610242,-0.005928664,2.024448,0.1710792,0.02001365
-0.5354314,0.01890655,-0.001284447,2.175552,0.1710793,0.02001369
-0.3875637,0.004937765,-0.03095775,2.050013,0.1441301,0.1442731
-0.4108685,0.01029387,0.01796131,2.149986,0.1441308,0.1442735
-0.5147089,0.0001412008,-0.005845118,2.224448,0.1710793,0.02001371
-0.5817267,0.01972157,-0.0008578952,2.375552,0.1710797,0.02001393
-0.429766,0.004290504,-0.03185222,2.250013,0.144132,0.144274
-0.453403,0.009974863,0.01827683,2.349987,0.144134,0.1442751
-0.5573244,0.0006401504,-0.00625699,2.424448,0.1710799,0.02001407
-0.5564783,0.00424498,-0.002293146,2.57502,0.121286,0.02111701
-0.4710478,0.0036303,-0.03240677,2.450014,0.1441371,0.1442771
-0.4945133,0.009466136,0.01831063,2.549988,0.1441421,0.1442804
-0.01122547,0.02160065,-0.001298966,0.1741458,0.2210689,0.02125164
-0.03722525,0.07160072,-0.003255804,0.1748561,0.3745684,0.02185286
-0.009639046,0.02644458,0.004495394,0.1477777,0.2462568,0.147478
-0.01066539,0.05421589,-0.01171922,0.1470995,0.3481511,0.1481527
0.004818435,0.07623815,0.003794887,0.175117,0.4239512,0.02194292
-0.03591279,0.1131568,-0.002589619,0.1747201,0.575919,0.02166259
-0.006519851,0.07063591,0.0168779,0.1467087,0.44902,0.1483884
-0.0102087,0.08945954,-0.01281908,0.1461076,0.5494311,0.1481186
0.005634613,0.1245281,0.006505677,0.1756827,0.6244684,0.02214024
-0.04721379,0.1665759,-0.006349971,0.1751428,0.7754882,0.02193949
-0.005462866,0.1089562,0.01882472,0.1456651,0.6496421,0.1478522
-0.008799188,0.12381,-0.01521038,0.1454356,0.749691,0.1477332
0.01088352,0.1807586,0.005014308,0.1751647,0.8244813,0.02194977
-0.05349629,0.2027332,-0.00664116,0.1751705,0.9755009,0.02194989
-0.003783259,0.1389015,0.02265892,0.1453643,0.849844,0.1476723
-0.007206539,0.1485117,-0.01692224,0.1453291,0.9498896,0.1476204
0.01046041,0.2234757,0.005945106,0.1751712,1.024491,0.02194938
-0.06226897,0.2519263,-0.00683948,0.1751749,1.175505,0.02194704
-0.005050664,0.1730759,0.02457338,0.1453168,1.049954,0.1475928
-0.007584126,0.1813514,-0.01945615,0.1453066,1.149955,0.1475843
0.01628934,0.2756126,0.008390215,0.1751748,1.224493,0.02194726
-0.06146412,0.2869156,-0.008678891,0.1751706,1.375504,0.02195052
-0.004778876,0.2109968,0.02988523,0.1453016,1.249998,0.1475839
-0.007489653,0.2137431,-0.02028149,0.14529,1.349976,0.1475951
0.01688606,0.3226103,0.00788562,0.1751677,1.424497,0.02195245
-0.06268032,0.3221505,-0.01016905,0.1751667,1.575504,0.02195416
-0.003803123,0.2411928,0.03039145,0.1452781,1.45001,0.1476099
-0.007138421,0.2444779,-0.02191565,0.1452754,1.549986,0.147613
0.009246144,0.3579818,0.005810672,0.1751666,1.624497,0.0219542
-0.07007496,0.3651536,-0.01140186,0.1751667,1.775503,0.02195369
-0.002122737,0.2638644,0.02665349,0.145275,1.650013,0.1476141
-0.006569874,0.2712565,-0.02379653,0.1452759,1.749987,0.1476143
0.01991292,0.4056298,0.00761359,0.1751669,1.824496,0.02195224
-0.06154521,0.3846605,-0.01279544,0.1751706,1.975506,0.0219497
-0.0008666795,0.2896161,0.02662606,0.1452782,1.850014,0.1476144
-0.006090623,0.2953761,-0.02476099,0.1452822,1.949986,0.1476095
0.01992617,0.4415251,0.005210032,0.1751704,2.024493,0.02194912
-0.06763655,0.4316638,-0.0117671,0.1751543,2.175502,0.0219433
-0.002406338,0.3263555,0.03530564,0.1452818,2.050011,0.1476007
-0.005728371,0.3184352,-0.02369832,0.1452722,2.149978,0.1475705
0.01796804,0.4767573,0.004667611,0.1751257,2.224481,0.02193231
-0.05053983,0.4547248,-0.009606675,0.1737753,2.376005,0.02129489
0.001168269,0.3288487,0.02622321,0.1452263,2.250001,0.1474403
-0.004689681,0.3340284,-0.02457595,0.1450203,2.350064,0.1468852
-0.005439809,0.5113721,0.009773476,0.1735434,2.42482,0.02111614
-0.02770525,0.4962094,-0.01461727,0.1735427,2.57518,0.0211157
0.000295254,0.349383,0.027076,0.1447229,2.4501,0.1459154
-0.0042984,0.3470524,-0.02634445,0.1447209,2.549898,0.1459119
0.02169652,0.5383624,-0.004274119,0.1737739,2.623995,0.02129381
-0.05803778,0.4914747,-0.01121135,0.1750815,2.775509,0.02191869
0.002560001,0.3514091,0.02243728,0.1450168,2.649934,0.1468615
-0.005723458,0.3649175,-0.02989839,0.1452026,2.749987,0.1473614
0.02597596,0.542869,-0.0001872584,0.1750206,2.82448,0.02190223
-0.01957886,0.5254055,-0.002934281,0.1738513,2.975856,0.02120183
0.005071909,0.3680531,0.0280479,0.145144,2.850048,0.1472576
-0.002653535,0.3562394,-0.02477123,0.1449169,2.950077,0.1465825
-0.002147126,0.5735455,0.00830779,0.1733215,3.024453,0.02080319
-0.07125513,0.5198962,-0.01749984,0.1747557,3.175481,0.02178788
0.004195221,0.3559839,0.02207652,0.1448396,3.049957,0.1462696
-0.004683707,0.3690071,-0.03171127,0.145038,3.149906,0.1469897
0.02319865,0.5617419,0.003018523,0.1750348,3.224515,0.02190923
-0.05640219,0.5180895,-0.01112736,0.1751615,3.375505,0.02195191
0.006041426,0.3629038,0.02461313,0.1452233,3.250021,0.147466
-0.001832548,0.347099,-0.02687536,0.1452631,3.349993,0.1475801
0.0269389,0.5558006,0.002892258,0.1751644,3.424497,0.02195337
-0.0578999,0.5158365,-0.01359692,0.1751666,3.575504,0.02195426
0.005307356,0.340586,0.02163611,0.1452715,3.450016,0.1476074
-0.003002133,0.3481441,-0.03027699,0.1452744,3.549987,0.1476142
0.03630213,0.55642,0.003191099,0.1751667,3.624497,0.02195432
-0.04989104,0.4940302,-0.01154405,0.175167,3.775504,0.02195455
0.005870457,0.3305736,0.02137396,0.1452763,3.650014,0.1476163
-0.0007438242,0.3208935,-0.02713401,0.1452783,3.749987,0.1476175
0.03484351,0.5250427,0.002951169,0.1751672,3.824497,0.02195467
-0.05337087,0.4792243,-0.0130285,0.1751681,3.975504,0.02195552
0.005896161,0.3091322,0.02002731,0.145281,3.850014,0.1476186
-0.0007311377,0.3082663,-0.02803276,0.1452841,3.949987,0.1476188
0.04161675,0.5118842,0.003726024,0.1751686,4.024497,0.02195603
-0.04598978,0.4485823,-0.01193284,0.1751542,4.175499,0.02195481
0.006150182,0.289597,0.01923,0.1452862,4.050011,0.1476135
0.0003930219,0.2847267,-0.02654996,0.1452794,4.149977,0.1475812
-0.02345896,0.02047391,0.000135101,0.1668258,0.166551,0.2233644
-0.01289601,0.01270231,0.001618443,0.1662321,0.1661923,0.3747023
-0.01755055,0.02141112,-0.001164389,0.1661975,0.166179,0.4247486
-0.01226772,0.01080754,-0.001354784,0.1660792,0.1661286,0.5749805
-0.01966624,0.01731299,0.001904115,0.1660483,0.1661283,0.6249342
-0.01513346,0.01617172,0.001919811,0.1660545,0.1661092,0.7750019
-0.01255682,0.01495584,-0.0004895721,0.1660711,0.1661114,0.8249569
-0.01792077,0.0169176,0.00031707,0.1660543,0.1661063,0.9750341
-0.01048336,0.01242726,0.000514362,0.1660339,0.1661087,1.024977
-0.01748243,0.01706591,-0.001167375,0.1660698,0.1661344,1.175018
-0.01405338,0.01211739,-0.0004649003,0.1660905,0.1661372,1.224973
-0.01437648,0.01626686,-0.001124854,0.1660569,0.1661197,1.375034
-0.01471457,0.01380513,-0.001237349,0.1660467,0.1661082,1.424971
-0.0125866,0.01468485,-0.0005631713,0.1660922,0.166068,1.575034
-0.01643905,0.01607146,-0.0007960212,0.1660942,0.1660534,1.624973
-0.01048336,0.01226063,0.000119503,0.1660563,0.1660966,1.775039
-0.01663301,0.0170805,-0.0007405489,0.1660254,0.1661077,1.82498
-0.01141012,0.01213408,-0.0009411085,0.1660403,0.1661222,1.975019
-0.01629433,0.01719253,-0.0003788241,0.1660543,0.166136,2.02497
-0.01264181,0.01498855,0.0001003305,0.1660421,0.1661206,2.175037
-0.01462184,0.01549147,-0.002179028,0.1660534,0.1661252,2.224979
-0.0193769,0.01723224,-0.001609371,0.1660728,0.1661373,2.375066
-0.01190393,0.01104432,0.001460828,0.1660728,0.1661287,2.425005
-0.01721883,0.0209606,0.0005151599,0.1661872,0.1661378,2.575133
-0.01262802,0.01266361,-0.001380087,0.1662229,0.1661292,2.625108
-0.02353838,0.02047071,-0.001101752,0.1666071,0.1665175,2.776009
-0.01939156,0.01956572,0.0006893964,0.1668988,0.1668576,2.826842
-0.02161396,0.02143229,-0.0002821504,0.1722033,0.1722793,2.97893
-0.02793739,0.01201456,0.004800603,0.2462564,0.1473678,2.852784
-0.05713943,0.01137641,-0.01132727,0.3485678,0.1468469,2.852285
-0.02233854,0.01167793,-0.001016207,0.2232391,0.1713881,2.978595
-0.07362787,0.03484115,-0.001003882,0.3758621,0.173746,2.978679
-0.07182505,0.008179573,0.01380083,0.4492559,0.1464557,2.852332
-0.0911299,0.009598748,-0.01241291,0.5494546,0.1459299,2.852269
-0.07728022,0.003849021,0.002715703,0.424777,0.174387,2.978516
-0.1164383,0.03721929,-0.001257583,0.5755068,0.1747016,2.978238
-0.1086085,0.004562557,0.01594898,0.6496737,0.1455644,2.852385
-0.1265321,0.008734706,-0.01321639,0.74979,0.1451557,2.852968
-0.1179499,-0.01321472,0.005592076,0.6249358,0.1745527,2.97838
-0.1740954,0.04122926,-0.0003682982,0.7759475,0.1737422,2.978741
-0.1401249,0.005182969,0.01835962,0.8499124,0.1449121,2.853696
-0.1607153,0.008953054,-0.01348381,0.9498018,0.1449552,2.853414
-0.1814872,0.0001965446,0.004447736,0.8248523,0.1737874,2.97881
-0.2182824,0.03809901,-0.003503066,0.9750543,0.1738677,2.978677
-0.18126,0.006338347,0.02342106,1.049961,0.1451437,2.852779
-0.2014379,0.009742477,-0.01464791,1.149953,0.1452293,2.852625
-0.2190375,-0.01793802,0.006792343,1.024482,0.174721,2.978227
-0.2826364,0.02938319,-0.003736333,1.175452,0.1756553,2.977895
-0.2233453,0.006385543,0.02621332,1.249957,0.1452087,2.852584
-0.2403894,0.01010861,-0.01639855,1.34997,0.1452181,2.852583
-0.2693647,-0.01638353,0.002478727,1.22397,0.1746977,2.978371
-0.3137676,0.03241243,-0.001974445,1.375486,0.1750266,2.978099
-0.2626267,0.005760536,0.0291236,1.450094,0.1450413,2.853045
-0.2822113,0.01050808,-0.01632132,1.550036,0.1448302,2.853794
-0.3080147,-0.02749337,0.0122381,1.424516,0.1747702,2.978225
-0.3874616,0.01597009,-0.003076813,1.57554,0.1732812,2.979211
-0.3036559,0.005973644,0.02868037,1.64996,0.1448356,2.853646
-0.32562,0.01075581,-0.01751785,1.750009,0.1449275,2.853403
-0.37603,-0.005239093,5.827953e-05,1.624132,0.1737418,2.978838
-0.447812,0.0272992,0.0003233433,1.775841,0.1743907,2.978592
-0.3453024,0.00551254,0.02999089,1.849997,0.1449854,2.853235
-0.3690075,0.01128637,-0.01819099,1.949935,0.1451199,2.852874
-0.4260413,-0.005436787,0.0007572308,1.824185,0.1744518,2.978573
-0.4917977,0.02144614,-0.003714068,1.975452,0.1755071,2.977949
-0.3885201,0.004984449,0.03154426,2.049997,0.1450607,2.852966
-0.4099785,0.01061836,-0.01828905,2.150061,0.1448169,2.85374
-0.4602573,-0.02427134,0.00327327,2.023949,0.174534,2.978434
-0.5415591,0.0332323,0.001137609,2.175807,0.173463,2.978937
-0.4291988,0.00439349,0.03220236,2.250047,0.14451,2.854652
-0.4552503,0.01057445,-0.0185239,2.349891,0.1446426,2.8543
-0.5133588,0.006292701,0.003855115,2.224448,0.1723729,2.97955
-0.5783605,0.00721271,-0.003010701,2.375192,0.1734314,2.978933
-0.01196053,0.02787121,-0.005888778,0.1474055,0.246214,2.852704
-0.011483,0.05644722,0.01280295,0.1470191,0.3484485,2.851865
-0.01231685,0.02130471,0.0008274395,0.1714003,0.2232801,2.978585
-0.03815156,0.07122253,0.003412233,0.1747737,0.3752984,2.978134
-0.007490067,0.07122545,-0.01644958,0.1466851,0.4492278,2.851583
-0.009683586,0.08833822,0.01213622,0.1460991,0.5494885,2.851892
0.006351235,0.07611055,-0.004357575,0.1750448,0.4244426,2.978028
-0.03733598,0.1126424,0.005099739,0.1750308,0.5754713,2.978071
-0.003393458,0.1065909,-0.01992095,0.1454209,0.6497563,2.8527
-0.007891347,0.1190881,0.01423014,0.1448998,0.7498355,2.853875
0.01121369,0.1215487,-0.006694729,0.1747405,0.6244944,2.978208
-0.01742466,0.1695279,0.003920195,0.1726457,0.7755642,2.979446
-0.004597841,0.1339784,-0.01749266,0.1448002,0.8497648,2.854015
-0.007263634,0.1484864,0.01761609,0.1450358,0.9498081,2.853141
-0.01005381,0.1847595,-0.001677393,0.1726421,0.8244152,2.979447
-0.05502716,0.2012766,0.008299525,0.1747116,0.975476,2.978247
-0.004989435,0.1723954,-0.02482935,0.1451509,1.05,2.852795
-0.007350173,0.181609,0.01847733,0.1450407,1.150009,2.853147
0.008269506,0.2207288,-0.005002889,0.1749524,1.024502,2.978146
-0.03540382,0.2560016,0.002999051,0.1745242,1.17582,2.978546
-0.00479591,0.2090134,-0.02902662,0.1450059,1.249943,2.853231
-0.007267554,0.2141505,0.01964365,0.1449538,1.350025,2.853249
0.00743169,0.278359,-0.005780329,0.1744996,1.224166,2.978555
-0.05376868,0.2897242,0.004271589,0.1737653,1.376032,2.978705
-0.003321366,0.2344657,-0.02464773,0.1448215,1.450071,2.8538
-0.007190427,0.2429715,0.02355216,0.1449003,1.549893,2.853488
-0.005569354,0.3295771,-0.008866685,0.1737859,1.424866,2.978808
-0.05747436,0.3146527,0.01454916,0.1738424,1.575052,2.978687
-0.003139766,0.2702544,-0.03169836,0.145059,1.650015,2.852974
-0.006298104,0.2722775,0.02179911,0.1449745,1.75004,2.853302
0.008266531,0.3487395,-0.001219202,0.17466,1.62447,2.978254
-0.03879575,0.371017,0.006209243,0.174361,1.77581,2.978604
-0.0008225373,0.2879717,-0.02593626,0.1448057,1.850045,2.853736
-0.005859445,0.2953844,0.024628,0.1447385,1.95,2.854021
0.01201366,0.4119555,-0.006519173,0.1740741,1.824206,2.978732
-0.02471836,0.4031849,0.006859283,0.17317,1.975552,2.979252
-0.0003248972,0.3111587,-0.02493716,0.1448492,2.049919,2.853641
-0.005361537,0.3168491,0.02470776,0.1448892,2.150032,2.853435
0.01411382,0.4474277,-0.003233274,0.1737603,2.024135,2.978838
-0.04776414,0.4212243,0.007341349,0.1736565,2.176023,2.978759
0.0009096161,0.3293478,-0.02473099,0.1446895,2.250114,2.85415
-0.007585892,0.3492734,0.0273547,0.1447077,2.349898,2.854094
-0.007311044,0.4842569,-0.01035305,0.17351,2.224835,2.978909
-0.03392124,0.4706203,0.01455028,0.1735539,2.375175,2.978892
0.002104882,0.3502803,-0.02588461,0.1450049,2.449941,2.853108
-0.00444834,0.3472022,0.02756178,0.1452159,2.549998,2.852559
0.01584636,0.5124303,0.004281863,0.173775,2.424,2.978707
-0.06569748,0.4774143,0.0110642,0.1751265,2.575519,2.978065
0.001395568,0.3572888,-0.02606027,0.1452596,2.650021,2.852428
-0.004234145,0.3580825,0.0272132,0.1452671,2.749987,2.852401
0.02111001,0.5246522,-0.005410742,0.1751483,2.624501,2.978052
-0.06601264,0.5033402,0.01395312,0.1751645,2.775503,2.978047
0.004391268,0.3628571,-0.02572387,0.1452634,2.850009,2.852414
-0.003264404,0.3565607,0.02654631,0.145232,2.949983,2.852502
0.02423947,0.5554253,-0.003360612,0.1751681,2.824493,2.97805
-0.05585548,0.5109193,0.01349326,0.1750679,2.975493,2.978085
0.004517009,0.3595495,-0.02476201,0.1450829,3.050087,2.852876
-0.00252318,0.3539976,0.02597892,0.1449771,3.149969,2.853358
0.03415403,0.5594266,-0.001285813,0.174834,3.024537,2.978188
-0.02121717,0.5123558,0.01299472,0.1743441,3.175148,2.978583
0.004297378,0.350712,-0.02225539,0.1447985,3.249989,2.853638
-0.004436329,0.3626184,0.02940405,0.1445505,3.350052,2.854555
0.02497639,0.5519918,0.009932115,0.1736499,3.22395,2.978765
-0.008689684,0.5193851,0.006466205,0.1721522,3.375515,2.979609
0.004982442,0.3444253,-0.02133322,0.144254,3.449993,2.855375
-0.00124832,0.3339093,0.02630248,0.1441683,3.549973,2.855636
0.005965849,0.5638654,-0.001995459,0.1715127,3.424385,2.979856
-0.001573224,0.5188232,0.01097121,0.171107,3.575546,2.979986
0.005300013,0.3248048,-0.01967152,0.1441493,3.650009,2.855702
-0.0005684834,0.3193565,0.02645402,0.1441494,3.749989,2.85571
0.01099553,0.5578661,-0.002644946,0.1710922,3.624447,2.979991
-0.0001346736,0.4950089,0.01082219,0.1710867,3.775552,2.979992
0.005585171,0.3073545,-0.01890887,0.1441554,3.85002,2.855671
4.758214e-05,0.3028979,0.02669042,0.1442057,3.950011,2.855527
0.01122352,0.5298955,-0.002413247,0.1710918,3.824451,2.97999
-0.002433267,0.4803349,0.01091321,0.1712619,3.975582,2.979936
0.005856039,0.2885818,-0.01777997,0.1443964,4.05,2.854993
-0.001791663,0.3016055,0.03489769,0.1448065,4.149928,2.853776
0.01504226,0.5154535,-0.00223653,0.1715245,4.02452,2.979846
-0.05170771,0.4369709,0.01656997,0.1736961,4.1751,2.978712
-0.04638933,0.01903982,-0.003346001,0.3512727,0.2418343,0.0437161
-0.03338421,0.05261667,-0.001990901,0.2492524,0.3462426,0.04633662
-0.05465551,0.06498322,-0.002915268,0.3539528,0.3455989,0.04323833
-0.02678165,0.02512381,-0.001594862,0.2452066,0.2415434,0.142447
-0.05081628,0.02105893,0.006453372,0.3474624,0.2376279,0.1384933
-0.02536082,0.05199752,-0.007774331,0.2443478,0.3453547,0.1432147
-0.0588657,0.05888153,0.00428325,0.3464805,0.3423075,0.1392748
-0.04258676,0.06700327,-0.003738336,0.3541969,0.4464786,0.04339262
-0.03280267,0.08755518,-0.004311924,0.2495111,0.5493036,0.0464301
-0.05930515,0.1068406,-0.005844488,0.3542356,0.549999,0.04327547
-0.02412074,0.0732414,0.01373274,0.2436329,0.4476345,0.1435338
-0.05018058,0.07578612,0.02161659,0.3458225,0.4455748,0.1396463
-0.02163901,0.08338098,-0.003748759,0.2425474,0.5488617,0.1435529
-0.06170441,0.09750234,0.01231295,0.3443598,0.5475316,0.1392902
-0.04510426,0.1078982,-0.006597019,0.3543094,0.6485839,0.04318555
-0.04377448,0.1396828,-0.01591513,0.249395,0.7498121,0.04639118
-0.06859585,0.1506397,-0.01023733,0.3544657,0.7507236,0.04304729
-0.02146634,0.1114925,0.009845329,0.2417052,0.6494022,0.1435505
-0.04890174,0.114823,0.02057638,0.343649,0.64878,0.1392128
-0.02137612,0.1184686,-0.0064325,0.2412361,0.7495981,0.1435568
-0.06414148,0.1406812,0.006170425,0.3429233,0.7490419,0.1389891
-0.04169182,0.1532222,-0.007335146,0.3544456,0.8488387,0.0430226
-0.0442532,0.1777445,-0.002159615,0.2493997,0.9499461,0.04638983
-0.06364183,0.1896718,-0.009725486,0.35441,0.9509079,0.04300504
-0.02550173,0.1372388,0.01284512,0.2410114,0.849761,0.1435518
-0.05907167,0.1576112,0.02364199,0.3426398,0.8496352,0.138968
-0.01469773,0.1854761,-0.002455855,0.2408697,0.9498,0.1435298
-0.06634455,0.1665163,-0.0002628513,0.3423236,0.9494587,0.13887
-0.03641996,0.1943937,-0.00366193,0.3543799,1.048936,0.04300674
-0.03970849,0.2067921,-0.007189124,0.2493887,1.149981,0.04637575
-0.06618133,0.2315677,-0.0116925,0.3543576,1.150963,0.04300055
-0.03195699,0.1931126,0.01843435,0.2408056,1.049902,0.1435204
-0.04701654,0.1924297,0.02103398,0.3422149,1.049933,0.138876
-0.01122044,0.2329406,-0.00678113,0.2407636,1.149899,0.1435053
-0.06779109,0.2093729,-0.002032499,0.342091,1.149625,0.1388253
-0.04091368,0.2466163,-0.002630871,0.3543481,1.248971,0.04299901
-0.05327994,0.2647281,-0.009783699,0.249368,1.349997,0.04638161
-0.06055276,0.2511896,-0.007215238,0.3543396,1.350984,0.04299486
-0.03510079,0.2377286,0.01839397,0.2407462,1.249972,0.1435008
-0.04838986,0.2411141,0.03096954,0.3420574,1.250067,0.1388279
-0.01325801,0.2760478,-0.008055155,0.2407278,1.349943,0.1434983
-0.06246114,0.2275458,-0.005076574,0.3420066,1.349706,0.1388005
-0.02710591,0.2636202,-0.003191387,0.3543358,1.448985,0.04299374
-0.04999082,0.2974528,-0.01032037,0.2493462,1.549996,0.04639205
-0.06220752,0.297095,-0.01717517,0.3543321,1.550992,0.04299214
-0.03256376,0.2780846,0.02080856,0.2407166,1.450001,0.143502
-0.04289197,0.2746059,0.02258902,0.3419954,1.450134,0.1388026
-0.01638721,0.3139868,-0.01017743,0.2407095,1.549961,0.1435013
-0.06084217,0.2589072,-0.006768281,0.3419723,1.549745,0.1387896
-0.02055706,0.3098448,0.001858193,0.354331,1.648991,0.04299178
-0.03531356,0.3098555,-0.005230248,0.2493458,1.749998,0.04639035
-0.05870043,0.3343062,-0.003278789,0.3543305,1.750996,0.04298932
-0.02479481,0.3209532,0.02538701,0.2407077,1.650013,0.143501
-0.02750635,0.2765284,0.0198091,0.3419693,1.650167,0.1387914
-0.002155206,0.3384067,-0.009437904,0.2407081,1.749968,0.1434973
-0.0597308,0.3179556,-0.004712298,0.3419605,1.749766,0.1387816
-0.03100788,0.3499011,0.007614126,0.3543354,1.848991,0.0429822
-0.06181899,0.372762,-0.01337252,0.2493546,1.949997,0.04638006
-0.04979936,0.3235933,-0.003732983,0.3543375,1.950998,0.04297392
-0.03023779,0.3499137,0.01953086,0.240718,1.85002,0.1434846
-0.03440159,0.3457155,0.03679536,0.3419665,1.850183,0.1387726
-0.01096383,0.3760297,-0.01684856,0.2407263,1.94997,0.143468
-0.06213226,0.3433279,0.004819566,0.341964,1.949776,0.1387564
-0.007045786,0.3246586,0.0003843289,0.3543261,2.048994,0.0429701
-0.03996736,0.3969361,-0.01897535,0.2493183,2.14999,0.04636465
-0.04997725,0.3802899,-0.02726215,0.3542857,2.150995,0.04296358
-0.04351217,0.3896166,0.02176201,0.2407196,2.050017,0.1434555
-0.02703098,0.3766871,0.009878691,0.3419497,2.05019,0.1387471
-0.01510121,0.4019459,-0.01504573,0.2406872,2.149964,0.1434254
-0.04838669,0.3368371,-0.01404121,0.3419045,2.149778,0.1387259
-0.009111749,0.3915888,0.01626239,0.3541695,2.248992,0.04294576
-0.04227239,0.412145,0.005630626,0.2486788,2.350065,0.04610584
-0.03926167,0.3724244,-0.0003690631,0.3539131,2.35101,0.04291014
-0.01933965,0.3957657,0.02153002,0.2405823,2.250008,0.1433289
-0.008808429,0.3532969,0.02181987,0.3417962,2.250189,0.1386784
0.01178955,0.4282872,-0.00364347,0.2402785,2.349982,0.1430447
-0.05457485,0.3944375,0.009230688,0.3415996,2.349788,0.138591
0.002579252,0.422795,0.004655422,0.3538793,2.648988,0.04291298
-0.0278428,0.4620886,-0.02494179,0.2491245,2.750008,0.04629521
-0.04393898,0.4466585,0.004582961,0.3540711,2.751004,0.042946
-0.01073852,0.4566389,0.01280064,0.2402461,2.650008,0.1430353
0.009034336,0.3792063,0.01949691,0.3415538,2.650198,0.1385881
0.006599604,0.4195894,-0.02246796,0.2404901,2.749979,0.1432853
-0.02241591,0.4218675,-0.01380274,0.3416855,2.749796,0.1386589
0.02385249,0.4362952,0.000188783,0.3541847,3.248999,0.0429673
-0.01977513,0.4576358,0.001862178,0.2493104,3.350008,0.04637936
-0.01206626,0.4272792,-0.007916406,0.3542809,3.351006,0.04298377
-0.006474885,0.4257766,0.02037196,0.240577,3.250033,0.1433817
0.01554116,0.4381333,0.02076525,0.3418158,3.250209,0.138723
0.006330727,0.4483389,-0.01777632,0.2406643,3.349983,0.1434659
-0.01318039,0.402732,-0.01840616,0.3419022,3.349799,0.1387638
-0.05758501,0.02411716,-0.004937214,0.3476151,0.2440202,2.855842
-0.02451275,0.05643056,0.004519552,0.2442555,0.3475294,2.855641
-0.05932632,0.05822088,-0.0005806552,0.3466703,0.3465208,2.858247
-0.02492327,0.02525802,-0.0002150435,0.2475338,0.2474535,2.952337
-0.04981983,0.02794395,1.089018e-05,0.3495525,0.248332,2.953147
-0.02966323,0.04820622,-8.551074e-05,0.2487476,0.3494008,2.952981
-0.0657703,0.06577551,-0.001589241,0.352133,0.3519403,2.955604
-0.08705969,0.02081561,-0.004095451,0.5494605,0.2422589,2.856497
-0.07555041,0.0478655,0.01957688,0.4480996,0.3456641,2.859422
-0.09737755,0.06017912,0.01305406,0.5487753,0.3441586,2.86038
-0.06548523,0.02128783,-0.0003880546,0.4500367,0.248452,2.953389
-0.09274937,0.03504881,-0.005135072,0.5500162,0.2488483,2.953558
-0.07441423,0.05009954,-0.002590182,0.4514977,0.3511032,2.955316
-0.1052053,0.05846373,-0.00577995,0.5514481,0.3537296,2.956513
-0.1295141,0.02180856,-0.006166384,0.7497406,0.2407725,2.856803
-0.1142077,0.05299402,0.01959491,0.649356,0.3434089,2.860702
-0.1435177,0.0686542,0.006027334,0.7493111,0.342568,2.86109
-0.1074498,0.02335222,-0.00301342,0.6499196,0.2491081,2.953618
-0.1442791,0.04301355,-0.01065369,0.749974,0.2486972,2.953865
-0.1087287,0.04672624,-0.007239539,0.6490477,0.3541445,2.956796
-0.1516201,0.06820732,-0.01187009,0.7509258,0.3540843,2.95699
-0.1898,0.01601881,-0.00249438,0.9497971,0.2402696,2.857014
-0.1579182,0.06064431,0.02457882,0.8497542,0.3421702,2.861211
-0.1731752,0.06533936,0.0001759062,0.9495126,0.3419141,2.861308
-0.1638785,0.02559296,0.004862015,0.8500004,0.2480739,2.95403
-0.186066,0.04867264,-0.005305063,0.9498812,0.2483761,2.95396
-0.1589312,0.04943,-0.006195598,0.8489283,0.3538814,2.95705
-0.1852497,0.06083705,-0.007907481,0.9509311,0.3539191,2.957066
-0.2440052,0.01296085,-0.003592906,1.149914,0.2405802,2.85666
-0.2033569,0.05770969,0.01737592,1.049958,0.3419665,2.861242
-0.2117819,0.06790266,-0.002268242,1.149642,0.3419315,2.861256
-0.2022034,0.01969077,0.002806709,1.049979,0.2489981,2.953766
-0.22192,0.04323909,-0.007498035,1.149987,0.2491409,2.953672
-0.1918737,0.03867378,-0.006226831,1.048949,0.3541105,2.95704
-0.241984,0.06796262,-0.01556938,1.150971,0.3542038,2.95703
-0.2911969,0.01624038,-0.006393858,1.349936,0.2405666,2.856656
-0.245645,0.055508,0.02626431,1.25007,0.3419241,2.861242
-0.2449836,0.06888493,-0.005674286,1.349706,0.3418298,2.861288
-0.2437679,0.02661204,-0.002024153,1.249942,0.2491783,2.953692
-0.2806606,0.05633059,-0.01087886,1.349984,0.2491784,2.953683
-0.2513758,0.04813936,-0.00419046,1.248969,0.3542239,2.957027
-0.2768007,0.06709995,-0.01017885,1.350984,0.3541609,2.957039
-0.3401441,0.009523727,-0.004695002,1.549973,0.2399725,2.857235
-0.2817091,0.04777747,0.02190872,1.450132,0.3416706,2.861361
-0.2876309,0.0717456,-0.006510443,1.549752,0.3414967,2.861454
-0.2938468,0.01562751,0.00483986,1.450067,0.2487432,2.953864
-0.3079055,0.04491172,-0.008448277,1.550055,0.2480069,2.954066
-0.2847892,0.03763922,-0.006120039,1.448993,0.3539636,2.95707
-0.3322266,0.06872674,-0.0160455,1.551,0.3537436,2.957108
-0.3879459,0.0137348,-0.005456032,1.749987,0.2401099,2.857091
-0.3272824,0.05235797,0.02473393,1.650156,0.3414664,2.861466
-0.3266733,0.07257997,-0.008862955,1.749776,0.3415093,2.861443
-0.3321749,0.02779705,-0.002084026,1.649939,0.2481449,2.95406
-0.3736159,0.06448544,-0.01122803,1.750027,0.2483771,2.953968
-0.3451732,0.0491848,-0.003081177,1.648985,0.3537204,2.957113
-0.3677517,0.06950462,-0.01340833,1.751003,0.3537999,2.957101
-0.4359284,0.008254004,-0.003668122,1.949963,0.240353,2.856849
-0.3602743,0.04396942,0.0214483,1.850176,0.3415819,2.861403
-0.3734951,0.07338189,-0.009361012,1.949778,0.3416315,2.861378
-0.3858392,0.01535563,0.003661513,1.849979,0.248536,2.953909
-0.4027549,0.05008884,-0.00904635,1.949953,0.2488849,2.953775
-0.3795871,0.03658864,-0.005680558,1.848987,0.3539003,2.957084
-0.4229151,0.0655054,-0.01578941,1.950992,0.3539894,2.95707
-0.4786941,0.006264227,-0.008703057,2.149998,0.2399212,2.857282
-0.4015168,0.04188787,0.02192928,2.050182,0.341567,2.861408
-0.4232411,0.07263594,-0.009381981,2.149793,0.3413747,2.86151
-0.4196185,0.02505631,-0.002638636,2.049974,0.2488006,2.95384
-0.455724,0.05646349,-0.01141281,2.150076,0.2480556,2.954081
-0.432613,0.03871775,-0.004013671,2.048989,0.3539083,2.957083
-0.4653621,0.06841706,-0.01426143,2.151009,0.3536179,2.957129
-0.5210186,-2.052469e-05,-0.005179366,2.349947,0.2396652,2.857537
-0.4482449,0.04134525,0.02058993,2.250188,0.3411972,2.861603
-0.4774976,0.0729758,-0.01135617,2.349793,0.3412583,2.86157
-0.4655767,0.0222706,-0.001086335,2.250029,0.2471604,2.954378
-0.4953293,0.0542314,-0.01023274,2.349911,0.2475024,2.954244
-0.4779927,0.03665544,0.0002131407,2.248998,0.3533508,2.957171
-0.4983601,0.06218886,-0.009475392,2.350989,0.3534357,2.957155
-0.05160137,0.1144483,-0.02027552,0.3433048,0.6493442,2.86075
-0.02023808,0.1243095,0.005982593,0.2403473,0.7497483,2.857222
-0.06581915,0.1416216,-0.004643104,0.3423579,0.7493096,2.861195
-0.02116285,0.102753,0.002335945,0.2488082,0.6499988,2.953766
-0.04255184,0.1040341,0.006074539,0.3540024,0.6490491,2.956816
-0.0401515,0.1392923,0.01254332,0.2478153,0.7500213,2.954117
-0.06715603,0.1494219,0.01182601,0.3537915,0.7509241,2.957035
-0.05872618,0.1560245,-0.02481642,0.34204,0.849744,2.861277
-0.01635464,0.1854882,0.00305944,0.2403567,0.9498096,2.856931
-0.06534495,0.1643887,0.0002894125,0.34188,0.949516,2.861318
-0.02073035,0.1614364,-0.005148885,0.247774,0.8498492,2.95415
-0.04581643,0.1557763,0.007096411,0.3537226,0.8489104,2.957076
-0.04847312,0.1805474,0.004746628,0.2486506,0.9498919,2.953891
-0.06246975,0.1861777,0.008947824,0.3539158,0.9509321,2.957067
-0.04513141,0.187275,-0.01994607,0.3418866,1.049961,2.861275
-0.009318624,0.2335212,0.005152197,0.2403105,1.149926,2.856921
-0.06825015,0.2088463,0.002458504,0.3417435,1.149646,2.861346
-0.01442564,0.1988635,-0.006803721,0.248982,1.050016,2.953761
-0.03456976,0.1890859,0.004041225,0.3540404,1.048955,2.95705
-0.036961,0.2032848,0.005726175,0.2486343,1.15004,2.953861
-0.06549828,0.2329617,0.0125162,0.3539722,1.150979,2.957066
-0.04862625,0.2345074,-0.02720852,0.3416683,1.250064,2.861368
-0.01498105,0.2791144,0.001015341,0.2401922,1.349957,2.857024
-0.06222927,0.22496,0.005676,0.3415703,1.349714,2.861421
-0.01513786,0.2323003,-0.002922405,0.2485506,1.249927,2.953893
-0.03741643,0.244396,0.006168942,0.3539063,1.248966,2.957078
-0.04299765,0.2501134,0.002675187,0.2485331,1.350042,2.953944
-0.06071241,0.2675121,0.01628357,0.3538371,1.350991,2.957094
-0.03128794,0.2446249,-0.02040118,0.3414856,1.450134,2.861457
-0.00366362,0.3085789,0.01389828,0.2400776,1.549928,2.857122
-0.06286265,0.2774852,-0.009625973,0.3414961,1.549745,2.861449
-0.01587242,0.2520617,-0.0008114941,0.2479865,1.450052,2.954064
-0.04074415,0.29267,-0.01038095,0.3537232,1.448993,2.957111
-0.05496709,0.2976957,0.01619133,0.248293,1.549907,2.953992
-0.05850829,0.2771894,0.003771692,0.3537795,1.550984,2.957102
-0.04281998,0.3042182,-0.0163149,0.3415612,1.650162,2.861408
-0.01338277,0.3541461,0.002092546,0.2401436,1.749989,2.857053
-0.05839212,0.2852423,0.01044148,0.3414943,1.749775,2.861443
-0.003240444,0.3090352,-0.006677818,0.2487934,1.649996,2.953841
-0.0193998,0.2834036,0.002683037,0.3538951,1.648989,2.957084
-0.03348416,0.3056532,0.003914188,0.2484718,1.750053,2.953922
-0.05399523,0.3350081,0.0261697,0.3538123,1.751007,2.957097
-0.01986924,0.3006426,-0.0210716,0.3413804,1.850176,2.861501
0.001170082,0.3653765,0.01162759,0.2398044,1.949977,2.857389
-0.05144191,0.3443124,-0.007426902,0.3413186,1.949782,2.861534
-0.008817752,0.3131809,-0.002098004,0.2480654,1.85002,2.954094
-0.02742135,0.3614813,-0.01072613,0.3536554,1.848995,2.957123
-0.04360316,0.3538184,0.008281107,0.2477832,1.950022,2.954157
-0.05454883,0.3489299,-0.004624553,0.3535801,1.950999,2.957136
-0.03380428,0.3697037,-0.03065419,0.3413498,2.050178,2.861515
-0.008812705,0.4033058,0.01331006,0.2400266,2.149988,2.857171
-0.05249185,0.3472188,0.007426417,0.341356,2.149792,2.861512
-0.008571292,0.3456224,-0.0004439262,0.248146,2.049899,2.954049
-0.01843836,0.3628268,0.001578591,0.3536396,2.048982,2.957127
-0.05739099,0.3982443,0.008969313,0.2483498,2.150051,2.954011
-0.04463867,0.3482759,0.005037128,0.3536569,2.151007,2.957125
-0.006301998,0.3898995,-0.009666454,0.341284,2.2502,2.861553
-0.01180712,0.3890285,0.0165447,0.2397896,2.349956,2.857403
-0.04098522,0.3563859,0.01455826,0.3413412,2.349794,2.861526
0.01136006,0.3933289,0.008435155,0.2476439,2.250097,2.954197
-0.002575367,0.3441847,-0.001379319,0.3535256,2.249009,2.957145
-0.03772329,0.4176583,0.0204188,0.2476977,2.349917,2.954176
-0.03944574,0.4103617,0.02638459,0.3535873,2.350995,2.957135
-7.399482e-05,0.3574158,-0.01930256,0.3415731,2.450201,2.861402
0.01594197,0.423555,0.01393782,0.2405482,2.549988,2.856646
-0.04938934,0.4132988,0.009196191,0.3417643,2.549799,2.861302
0.01088738,0.4259545,-0.0120716,0.2486532,2.449931,2.953883
0.0005450227,0.408863,-0.005734776,0.3538964,2.448992,2.957084
-0.02764273,0.4152789,0.005392233,0.2491783,2.550015,2.953672
-0.04528649,0.4369281,-0.00658272,0.3541509,2.551006,2.957039
0.006052447,0.4324618,-0.01956765,0.3418884,2.850202,2.861241
0.005781143,0.4359415,0.01805439,0.2405953,2.949968,2.856597
-0.02569223,0.4118223,0.01644759,0.3418252,2.949788,2.861272
0.01824159,0.4620031,-0.01046657,0.249315,2.849995,2.95362
0.01523079,0.3985299,-0.00164467,0.3542843,2.848995,2.957017
-0.02123188,0.4501887,0.007464205,0.2492325,2.949994,2.953653
-0.02579576,0.4287145,0.007130005,0.354212,2.951001,2.95703
0.01059409,0.4332936,-0.0223088,0.3416806,3.050197,2.861345
0.007602373,0.4521688,0.01157924,0.2401181,3.149955,2.857066
-0.01625003,0.3990855,0.01532766,0.3415028,3.149784,2.861435
0.02332997,0.4671307,-0.01633839,0.2488741,3.05007,2.953805
0.01983303,0.4220178,-0.00233899,0.3540453,3.048999,2.957058
-0.01422452,0.4409781,-0.004929141,0.2484032,3.14998,2.953905
-0.01575641,0.4268364,0.006817281,0.3538326,3.150993,2.957094
0.02817146,0.4211902,-0.0173549,0.3406959,3.450179,2.861838
0.01359188,0.4235764,0.01726828,0.2388416,3.549964,2.858333
-0.0005551056,0.3987676,0.01825566,0.3405466,3.5498,2.861911
0.02678359,0.430631,-0.008616898,0.2464539,3.449972,2.954633
0.03122379,0.4051001,-0.002207133,0.3528251,3.448988,2.957256
-0.005344499,0.4076337,0.001484513,0.2462061,3.549985,2.95472
-0.003657005,0.4045704,0.005452969,0.3526337,3.550996,2.957286
0.03751905,0.3746038,-0.01470599,0.3404878,3.650187,2.861939
0.03393086,0.4165792,0.01721678,0.238795,3.749982,2.85839
-0.003399947,0.4263636,0.01987829,0.3405009,3.749813,2.861938
0.03333033,0.4136247,-0.00988387,0.2461432,3.649994,2.954741
0.03439633,0.4057382,-0.01026199,0.3525658,3.648993,2.957295
0.0008862765,0.3851449,-0.001662995,0.2461383,3.750004,2.954742
3.057562e-05,0.382334,-0.00263416,0.3525615,3.751005,2.957296
-0.00222396,0.001830058,-6.122726e-06,0.1098604,0.1098668,0.08792517
-0.01463986,0.001936175,-0.001722278,0.1761843,0.1214636,0.02153073
-0.0008740252,0.02124504,0.0008816578,0.1099504,0.1879151,0.009932226
-0.02270303,0.0192766,0.001410327,0.1701719,0.1679616,0.06833481
-0.0171562,0.0004156642,0.002010064,0.1733101,0.1206971,0.07132131
-0.0008022266,0.01900483,-0.002386341,0.1217405,0.1730896,0.07339734
-0.002428373,0.001119657,4.235255e-05,0.1118051,0.1115572,0.01152037
-0.003447705,0.03182127,-0.002748033,0.1217748,0.2741866,0.0740614
-0.00285919,0.02589861,7.544093e-05,0.1231626,0.2238725,0.02290597
-0.01236158,0.03786369,-0.0006549923,0.1743621,0.2725421,0.02144299
-0.01189203,0.02553957,0.004119478,0.1694665,0.220373,0.06842519
-0.001245086,0.02530642,0.000998782,0.1222846,0.2239814,0.072851
-0.0127818,0.03494346,0.001045763,0.1691797,0.2720898,0.06872213
-0.003727001,0.03393218,-0.001169494,0.1231603,0.273847,0.02295948
-0.004264224,0.03718963,0.0005944744,0.1215986,0.3233082,0.07391279
-0.01478029,0.03873952,-0.002763356,0.1740834,0.3223417,0.02143873
-0.003058062,0.06169941,-0.0008687848,0.1106145,0.3874894,0.01053859
-0.02927715,0.06859766,-0.009854057,0.1700385,0.3739316,0.06993701
-0.02018519,0.04203747,-0.001182673,0.1697644,0.3231408,0.06950643
-0.004646788,0.07423459,-0.0208409,0.121923,0.3750752,0.07466686
-0.00322676,0.03636018,-0.001910492,0.1099467,0.3109502,0.009905484
-0.003231935,0.07159343,0.003332045,0.1219408,0.5244488,0.07478148
-0.006781581,0.07145095,-0.002704299,0.1750723,0.5243652,0.02189596
-0.0002829189,0.1049092,0.0006775011,0.1101843,0.5889268,0.01009322
-0.03404495,0.1106024,-0.0218472,0.16984,0.574809,0.06988786
-0.02434791,0.07893229,-0.009068765,0.1700888,0.5247088,0.07008093
-0.001856275,0.1183668,-0.02504858,0.1216775,0.5759162,0.07443465
-0.002061077,0.07865695,-0.0004027795,0.1106433,0.5124584,0.01054886
-0.001625079,0.1116993,-0.01211424,0.1216797,0.6749854,0.07438082
-0.0005077055,0.122374,0.004461245,0.1237858,0.6249814,0.02370057
-0.01783585,0.1058338,-0.001093785,0.1747052,0.6750077,0.0216662
0.003310991,0.1288072,0.01082001,0.1696992,0.6248753,0.0697572
-0.0002603195,0.1174306,0.007320569,0.1221395,0.6244773,0.07540264
0.002061463,0.1149681,0.009976785,0.1697719,0.6748644,0.06983877
-0.002820906,0.114544,-0.001874795,0.1104688,0.6872803,0.01037062
-0.003538568,0.1067354,0.004035049,0.1219128,0.7243999,0.07470253
-0.007047877,0.1113257,-0.004193894,0.1750487,0.7244101,0.02189022
-0.004909635,0.1366439,-0.0008348598,0.1106606,0.7875159,0.01057009
-0.04036929,0.16318,-0.0368376,0.1699608,0.7749178,0.0700455
-0.02399229,0.1242977,-0.01679673,0.1699306,0.7249481,0.06999916
-0.01139768,0.170499,-0.04543972,0.1219604,0.7754468,0.07479605
-0.002695234,0.117067,-0.001008464,0.1105993,0.7124866,0.0105058
0.0005983438,0.1446007,-0.001738965,0.1219697,0.8754658,0.07482088
-0.003085158,0.1482486,-0.0002170511,0.1106623,0.8124815,0.01057212
-0.01398083,0.1445693,0.001855582,0.1751684,0.8754971,0.02195172
0.005459562,0.1777949,0.03044545,0.1699772,0.8249832,0.07006752
0.001661838,0.1869888,0.03491571,0.1219673,0.8244745,0.0748206
0.008393388,0.1536702,0.03250894,0.1699792,0.8749369,0.07006725
-0.002907425,0.1450576,-0.0009695773,0.1106638,0.8875156,0.01057201
-0.004675154,0.1414431,0.005327008,0.1219697,0.9244895,0.07482124
-0.003986348,0.1419598,-0.002693682,0.1751701,0.9244876,0.02195171
-0.002353345,0.1727095,-0.0032261,0.1106641,0.9875163,0.01057163
-0.04835222,0.2046069,-0.05014194,0.1699842,0.9749488,0.07005208
-0.02304547,0.161431,-0.02153161,0.1699837,0.9249998,0.07006696
-0.01520897,0.212469,-0.05493454,0.1219707,0.9754777,0.07481689
-0.002775845,0.1530705,-0.0006680621,0.1106639,0.9124821,0.01057203
0.001875613,0.1825043,0.0007954721,0.1219723,1.075486,0.07481595
-0.002923009,0.1876192,-0.0007758993,0.1106641,1.012483,0.01057163
-0.01200857,0.1823352,0.002889598,0.175172,1.075503,0.02194897
0.005685858,0.222341,0.03020786,0.1699886,1.025013,0.07005055
0.002342517,0.23232,0.03710826,0.1219711,1.0245,0.07481689
0.01229075,0.1934772,0.04003455,0.1699948,1.07496,0.07005011
-0.00256305,0.1797387,-0.0009802322,0.1106639,1.087517,0.01057154
-0.004853751,0.1769309,0.005860395,0.1219726,1.124506,0.07481469
-0.00248948,0.1739032,-0.002248715,0.175174,1.124492,0.02194802
-0.001996363,0.2068338,-0.0037165,0.1106635,1.187517,0.01057213
-0.05662866,0.2464838,-0.0604801,0.1699853,1.174963,0.07004494
-0.02439656,0.2003452,-0.02391144,0.1699955,1.125019,0.07004987
-0.01637356,0.2553808,-0.06220025,0.1219721,1.175488,0.07481316
-0.003050191,0.1889208,-0.00101098,0.1106639,1.112483,0.01057159
0.003037323,0.221319,0.003736534,0.1219715,1.27549,0.07481671
-0.002882721,0.2266519,-0.001147217,0.1106636,1.212483,0.01057214
-0.009161753,0.2210579,0.00445268,0.1751732,1.275506,0.02194874
0.008367317,0.268146,0.02997065,0.1699851,1.225026,0.07004636
0.001887072,0.2805705,0.03810107,0.1219719,1.224509,0.07481396
0.0211069,0.2330962,0.04936156,0.1699904,1.274969,0.07005125
-0.001994897,0.2134392,-0.001053025,0.1106639,1.287517,0.01057167
-0.004909254,0.2100513,0.00711292,0.1219691,1.324509,0.07482009
-0.0004278338,0.2087764,-0.001901495,0.17517,1.324495,0.02195192
-0.002002442,0.2395379,-0.003732444,0.1106666,1.387517,0.01056743
-0.05852086,0.2893791,-0.0682817,0.1699532,1.374965,0.07007581
-0.01963098,0.2384193,-0.02180386,0.1699829,1.325026,0.07005948
-0.01884936,0.2947154,-0.0687652,0.1219718,1.375494,0.07481441
-0.003683687,0.2261252,-0.001850936,0.1106639,1.312483,0.01057158
0.004035327,0.2595539,0.006616273,0.1219716,1.475494,0.07481632
-0.00282482,0.2631546,-0.001462945,0.1106668,1.412483,0.01056718
-0.006248893,0.2599695,0.005666052,0.175168,1.475503,0.02195386
0.007070701,0.3138984,0.02751226,0.1699404,1.42503,0.0700892
0.002274335,0.3261964,0.03823978,0.1219717,1.424507,0.07481484
0.02579148,0.2740045,0.05711742,0.169945,1.47497,0.07009586
-0.0009076925,0.2481595,-0.0004117704,0.1106666,1.487517,0.01056726
-0.005313954,0.2443688,0.007323334,0.1219713,1.524507,0.07481665
0.001622444,0.2414148,-0.001134842,0.1751677,1.524497,0.0219542
-0.001649329,0.2724844,-0.003297373,0.1106668,1.587517,0.01056725
-0.06199537,0.3311895,-0.07554314,0.1699348,1.574968,0.07009422
-0.01694616,0.2772905,-0.02036751,0.169944,1.525029,0.07009711
-0.02026021,0.333743,-0.07509416,0.1219701,1.575493,0.07481654
-0.00423502,0.2630961,-0.00271462,0.1106666,1.512483,0.01056728
0.005014317,0.2971826,0.009554538,0.1219712,1.675494,0.07481735
-0.003189159,0.3021586,-0.001772589,0.1106668,1.612483,0.01056725
-0.004074705,0.2980888,0.006980833,0.1751676,1.675503,0.02195434
0.003204455,0.3575078,0.02606402,0.1699348,1.625031,0.07009444
0.004115648,0.3721156,0.03909533,0.12197,1.624507,0.07481672
0.02661573,0.3169583,0.06200518,0.1699435,1.67497,0.07009755
0.0009891394,0.2910664,0.001096914,0.1106666,1.687517,0.01056732
-0.005685482,0.2828977,0.009032971,0.1219713,1.724506,0.07481733
0.004805288,0.2732847,-0.0004286797,0.1751677,1.724497,0.02195425
-0.001153641,0.3051369,-0.002449829,0.1106668,1.787517,0.01056728
-0.06854673,0.364498,-0.07810956,0.1699357,1.774968,0.07009307
-0.01733448,0.3173326,-0.01528645,0.1699437,1.725029,0.07009731
-0.01885551,0.3687379,-0.07345716,0.1219704,1.775493,0.07481684
-0.00378347,0.3044611,-0.002864432,0.1106666,1.712483,0.01056732
0.00582537,0.3309386,0.01163031,0.1219658,1.875491,0.07482562
-0.002707465,0.3351878,-0.001682522,0.1106668,1.812483,0.01056728
0.000362328,0.3318509,0.008158985,0.1751619,1.875505,0.02195525
0.008782554,0.3921128,0.02172757,0.1699381,1.825032,0.07008918
0.002153581,0.4111231,0.0361226,0.1219712,1.824507,0.07481674
0.03837942,0.349784,0.06496409,0.1699518,1.874972,0.07007974
0.001382775,0.3256902,0.00151078,0.1106644,1.887517,0.01057051
-0.006547495,0.3120247,0.01060233,0.1219665,1.92451,0.07482051
0.007810988,0.310987,-0.0008456281,0.1751706,1.924493,0.02195166
-0.0002297166,0.3343598,-0.001476495,0.1106634,1.987517,0.01057233
-0.06354349,0.4028641,-0.07768235,0.1699548,1.974968,0.07005985
-0.006558377,0.3480794,-0.007150279,0.1699608,1.925029,0.07006713
-0.02160626,0.3992759,-0.07553408,0.1219665,1.97549,0.07481868
-0.002793725,0.3390798,-0.002069643,0.1106634,1.912483,0.01057225
0.007173615,0.3634662,0.01400131,0.1219673,2.07549,0.07481661
-0.0019969,0.3656197,-0.001380339,0.1106634,2.012483,0.01057231
0.004032705,0.3673794,0.008989236,0.1751698,2.075505,0.02194861
0.004296724,0.42956,0.01231963,0.1699548,2.025032,0.07005798
0.002877318,0.4449564,0.03212142,0.1219666,2.02451,0.07481797
0.03925535,0.3816881,0.06469701,0.1699614,2.074969,0.0700582
0.001147734,0.3527625,0.001340874,0.1106632,2.087517,0.01057224
-0.006112268,0.3382582,0.008445851,0.121966,2.124509,0.07481298
0.01001039,0.3304376,0.0006825946,0.1751666,2.124492,0.02194717
-0.0002259807,0.3603022,-0.001392326,0.1106624,2.187516,0.01057106
-0.06620112,0.4292743,-0.09133718,0.1699343,2.174961,0.07003571
-0.005543932,0.3766539,-0.01474614,0.1699565,2.125027,0.07005292
-0.02251109,0.4285458,-0.08497956,0.1219617,2.175486,0.0748003
-0.002384643,0.3674357,-0.002338585,0.1106631,2.112483,0.01057216
0.008696722,0.38835,0.01795865,0.121924,2.275471,0.07465836
-0.001612104,0.3958036,-0.0002094107,0.1106616,2.212482,0.01057006
0.006725905,0.3950113,0.0105484,0.1750348,2.275481,0.02189662
0.004638761,0.4579723,0.02011765,0.1699012,2.225018,0.06999959
0.004576593,0.4795167,0.03765995,0.1219521,2.224499,0.07476814
0.0323049,0.4070361,0.06149347,0.1698238,2.274939,0.06990792
0.001689942,0.3753904,0.002321832,0.1106428,2.287505,0.01055152
-0.005144334,0.374344,0.01754911,0.1218002,2.324524,0.07433363
0.01450139,0.3676122,-0.002566504,0.1747384,2.324509,0.02176576
-0.001291241,0.4025338,-0.0001843904,0.1098722,2.388823,0.009760897
-0.0787801,0.4510648,-0.0858458,0.1689814,2.374945,0.06903146
-0.007188389,0.4064264,0.001354898,0.169579,2.324972,0.06964625
-0.01443255,0.4553979,-0.05408663,0.1213275,2.37597,0.07334764
-0.003165394,0.3826519,-0.002188166,0.1106138,2.312456,0.01051932
0.002615059,0.4728081,0.02277534,0.1218001,2.675475,0.07432699
-0.006363539,0.4615374,-0.007661109,0.1098721,2.611177,0.009760813
0.007163429,0.4707603,0.003523273,0.1747342,2.67549,0.02176319
0.02096922,0.5215623,0.02674278,0.1689813,2.625054,0.06902649
-0.00741472,0.5437925,0.02463583,0.1213274,2.62403,0.07334533
0.04001093,0.4439302,0.05860038,0.1695833,2.675027,0.06963264
0.006031325,0.4015569,0.005283545,0.1106135,2.687544,0.010519
-0.002464992,0.4313399,0.005678474,0.1219197,2.724525,0.07464279
0.0117408,0.4240225,0.001664226,0.175021,2.724516,0.02189242
0.000971698,0.420008,-0.0004171286,0.110661,2.787516,0.01056068
-0.0558088,0.4863209,-0.08440817,0.1698478,2.774967,0.06996186
0.01374533,0.4457512,0.001421397,0.1698146,2.725055,0.06988602
-0.01815301,0.4958857,-0.08307556,0.1219419,2.775494,0.07471656
-0.001527242,0.4152075,-0.002262992,0.1106424,2.712494,0.01055087
0.01533549,0.4820438,0.02584009,0.1219561,3.275503,0.07477255
0.001637262,0.4701145,0.002191809,0.1106473,3.212494,0.01054419
0.01580392,0.4808357,0.01130132,0.1751243,3.275514,0.02194011
0.01184484,0.5309069,0.01245879,0.1698075,3.225059,0.0699555
0.00406081,0.5651679,0.02440486,0.1219261,3.224525,0.07467597
0.0410608,0.4761426,0.06070769,0.1698952,3.274982,0.07004201
0.00141556,0.4417211,0.0024529,0.1106648,3.287518,0.01056525
-0.0006648921,0.4520608,0.009026435,0.1219652,3.324511,0.0748016
0.02080933,0.4400272,-8.849074e-05,0.1751506,3.324501,0.02194992
0.002153448,0.4437192,0.0003219015,0.1106666,3.387517,0.01056709
-0.05584885,0.5105348,-0.08786877,0.1699268,3.37497,0.07008546
0.01646003,0.4712085,0.002713476,0.1699252,3.325036,0.07007467
-0.01767574,0.5152431,-0.08552545,0.1219681,3.375494,0.07481123
0.0002325048,0.4500518,-0.0007694335,0.1106657,3.312484,0.01056623
-0.04022785,0.00214613,-0.005546248,0.3234248,0.1213787,2.926817
-0.07045947,0.02674252,-0.008816231,0.3745626,0.1693232,2.930765
-0.07335511,0.0002920457,0.003360924,0.3888675,0.1098942,2.990213
-0.04264261,0.01529502,-0.002716577,0.3235959,0.1734672,2.978652
-0.07060397,0.001767076,-0.0121344,0.3757084,0.1213837,2.926567
-0.04123924,0.01724653,-0.0005856636,0.3239503,0.1693078,2.930797
-0.0387319,0.003033274,-0.001968808,0.3110471,0.1098467,2.990261
-0.07500678,0.004000013,0.002346358,0.4750619,0.1215519,2.925834
-0.08111016,0.005602839,0.010541,0.4247599,0.1688801,2.931177
-0.0761297,0.0042116,0.002104937,0.4253201,0.1230522,2.977057
-0.07014696,0.01109403,-0.001232114,0.4751544,0.1744639,2.978503
-0.07057613,0.001328858,0.007405481,0.4246508,0.1215423,2.925901
-0.07426427,0.01056225,0.004448962,0.4747986,0.1688609,2.93116
-0.0783989,0.00580729,0.003305153,0.4746279,0.1230753,2.977027
-0.1242866,0.006361553,-0.005743525,0.723963,0.1215046,2.92608
-0.164323,0.03301102,-0.02318498,0.7749265,0.1689676,2.930933
-0.1649989,0.0001883271,0.001927796,0.7888412,0.1098676,2.99025
-0.1233872,0.01634017,-0.005755274,0.7239795,0.1742965,2.978526
-0.1792936,0.005483919,-0.03216418,0.7758889,0.1213009,2.926675
-0.1210365,0.02358409,-0.0127544,0.7249085,0.1693752,2.930525
-0.107554,0.005122672,-0.003838208,0.7110368,0.110135,2.989971
-0.1507782,0.0004475189,0.0008406639,0.8755105,0.1208552,2.927136
-0.1753371,-0.008774619,0.03623379,0.8250013,0.1681016,2.931803
-0.1500986,0.0002883271,0.004361266,0.8253091,0.1227156,2.977423
-0.1457899,0.01529498,0.0002420376,0.8755434,0.173311,2.979198
-0.1852482,-0.002798134,0.02373022,0.8248144,0.1212436,2.926647
-0.1553367,0.009727302,0.01353867,0.8749679,0.1676769,2.932245
-0.1494622,0.009172623,-0.002833508,0.8750207,0.1223345,2.977784
-0.1728666,0.009047772,-0.007115256,0.9241542,0.1212509,2.926591
-0.2173092,0.0224399,-0.02047178,0.9749735,0.1690104,2.93089
-0.2115211,0.002216337,-0.001038633,0.9873705,0.1103365,2.989778
-0.173881,0.02238688,-0.004878295,0.9241343,0.1738518,2.9788
-0.2300435,0.01064141,-0.04426705,0.9750494,0.1213711,2.926585
-0.1751058,0.03999385,-0.03578829,0.9249526,0.1681708,2.931749
-0.1791933,0.005877045,0.004512897,0.9246782,0.1227371,2.977402
-0.1812424,0.001300123,-0.009635864,1.075557,0.1218564,2.925462
-0.2189819,-0.01754973,0.04798591,1.02505,0.1695727,2.930318
-0.1860076,-0.0008354315,0.0009942974,1.012523,0.1105399,2.989568
-0.1848088,0.01951642,-7.126636e-05,1.07558,0.1748894,2.978155
-0.2290866,-0.003828504,0.04766118,1.024477,0.1218076,2.925683
-0.1954054,0.01104484,0.007229147,1.074987,0.1697315,2.930169
-0.2040345,-6.597719e-07,0.00167227,1.087513,0.1105935,2.989515
-0.259639,0.01177711,-0.0136064,1.324503,0.1219359,2.925258
-0.3134191,0.02540481,-0.02427478,1.374943,0.1698025,2.93007
-0.2967809,0.0007708833,0.0003396123,1.387506,0.1106467,2.989456
-0.2613955,0.02906219,-0.003511417,1.324484,0.1750785,2.978073
-0.3340934,0.01325183,-0.04412093,1.375478,0.1219248,2.92534
-0.2562055,0.05198964,-0.05338734,1.325019,0.1698753,2.930015
-0.2390468,0.001048054,0.0006040722,1.312488,0.1106562,2.989444
-0.266513,-3.262913e-05,-0.01432585,1.475988,0.121358,2.926554
-0.3096409,-0.02195653,0.05981031,1.424985,0.1695878,2.930307
-0.2666011,-0.00521215,0.002927932,1.412458,0.1106182,2.989485
-0.2685291,0.02385769,0.0002024681,1.476025,0.1738729,2.978674
-0.3264692,-0.009014402,0.06428121,1.424535,0.1218125,2.925645
-0.2874202,0.02659606,-0.008479818,1.474965,0.169063,2.930872
-0.2754537,-0.003794714,0.007056114,1.488832,0.1098876,2.990221
-0.3187081,0.01260308,-0.016625,1.524853,0.1212398,2.926616
-0.3691815,0.02215661,-0.02033159,1.574983,0.1676235,2.932279
-0.3197866,0.001698395,0.002794124,1.57502,0.1223268,2.977795
-0.3205805,0.0265838,-0.006464371,1.524855,0.173801,2.978794
-0.3886686,0.01330565,-0.01972127,1.575534,0.1208469,2.927167
-0.3085496,0.05548123,-0.06067188,1.525029,0.1681183,2.931813
-0.3056279,-0.002971795,0.01275151,1.525308,0.1227224,2.977409
-0.325709,5.356703e-05,-0.009129379,1.675091,0.1212357,2.926894
-0.3536755,-0.03652163,0.07287982,1.624964,0.1680477,2.931851
-0.3236039,0.002301777,0.003793645,1.624665,0.1226983,2.977442
-0.327735,0.02672722,0.001012016,1.675095,0.1735148,2.97879
-0.3777365,-8.145177e-05,0.0349869,1.624161,0.1212161,2.926699
-0.3137514,0.01712493,0.00201468,1.674977,0.1687616,2.931155
-0.3319523,-0.004375663,0.006843095,1.687337,0.1102337,2.989905
-0.3708469,0.009115637,-0.009695606,1.724964,0.1212925,2.926723
-0.4234496,0.01571567,-0.01078912,1.775051,0.1685071,2.931381
-0.3813087,0.007870068,-0.002160103,1.775383,0.123037,2.977088
-0.3800018,0.02480447,-0.001176172,1.724961,0.1736746,2.978731
-0.4428364,0.0138964,-0.03072075,1.775827,0.121452,2.92603
-0.3536179,0.05886562,-0.0663894,1.725068,0.1688932,2.931018
-0.3080195,-0.009406314,0.01131139,1.712688,0.1102484,2.989889
-0.3722226,0.0004110528,-0.01058947,1.875073,0.1213737,2.92644
-0.4057646,-0.03603501,0.07827335,1.824978,0.168564,2.93132
-0.3647981,0.004076016,0.003082773,1.824637,0.1230571,2.977065
-0.3744964,0.03341477,-0.002338678,1.875081,0.1739357,2.978645
-0.4224548,-0.003121061,0.04191382,1.824198,0.1214717,2.925964
-0.3642759,0.02411185,-0.001106424,1.874968,0.169112,2.930789
-0.3814975,-0.002241727,0.004781742,1.887347,0.1103026,2.989827
-0.4187388,0.01516417,-0.01379129,1.924922,0.1215305,2.926037
-0.4576173,0.01094862,-0.002867384,1.974976,0.1693854,2.930485
-0.4453251,0.006128644,0.0005219564,1.975007,0.1237301,2.976383
-0.4293393,0.03304136,-0.005593266,1.92491,0.1743241,2.978482
-0.4901851,0.01815303,-0.01906758,1.975444,0.122079,2.924874
-0.4013295,0.05712626,-0.06103192,1.925058,0.1693867,2.930509
-0.3617875,-0.00498154,0.006746277,1.912751,0.1103613,2.989762
-0.4102249,0.001774775,-0.01111156,2.075433,0.1217303,2.92585
-0.4327868,-0.03488651,0.07879393,2.02499,0.1694878,2.930395
-0.4077224,0.0003831077,-0.001120903,2.011063,0.1101724,2.989929
-0.4124258,0.02739594,-0.0008671291,2.075448,0.1745706,2.978308
-0.4616063,-0.001353046,0.05935061,2.023975,0.1216012,2.925866
-0.4070375,0.03670549,-0.01657896,2.074927,0.1694512,2.930474
-0.4218628,-0.00694433,0.008318404,2.087483,0.110514,2.989593
-0.4733787,0.01077483,-0.01698352,2.12491,0.1213107,2.926751
-0.5150974,0.0115107,-0.001696561,2.174971,0.1678299,2.932084
-0.4811973,0.009839279,-0.004342517,2.175236,0.1225775,2.977579
-0.4807212,0.03002729,-0.002514166,2.124907,0.1736918,2.978734
-0.5416919,0.01158546,-0.02787304,2.175775,0.1211298,2.927008
-0.4511733,0.06126555,-0.06829403,2.124978,0.1688647,2.931068
-0.4072445,-0.0102526,0.01045219,2.112627,0.1103175,2.9898
-0.4695929,0.00151376,-0.006690516,2.275535,0.1203655,2.92852
-0.498374,-0.03165347,0.08068666,2.224952,0.1669282,2.932989
-0.4593715,0.004671643,0.006652496,2.224878,0.1218758,2.978267
-0.4698946,0.02741935,-0.005228802,2.275547,0.171964,2.979704
-0.5147714,-0.006657078,0.0447101,2.22444,0.1205227,2.928111
-0.4664103,0.0273109,0.003046752,2.275008,0.1666661,2.933266
-0.4645503,0.009538254,0.002317683,2.275018,0.1216436,2.978497
-0.5176481,0.02098718,-0.03531989,2.324485,0.1205249,2.92812
-0.5406632,0.0001360547,0.004246627,2.375012,0.1677702,2.932135
-0.5323071,0.0002329373,0.004333931,2.374774,0.12257,2.977588
-0.5224263,0.03096495,-0.008972365,2.324456,0.1723627,2.979539
-0.4907535,0.04188592,-0.04266024,2.325041,0.1669537,2.932975
-0.4986754,0.003601615,0.001932755,2.325077,0.1218728,2.978266
-0.5844205,0.01521546,-0.001554407,2.375206,0.1211271,2.927044
-0.003954949,0.03227749,0.003027843,0.1214796,0.2740031,2.926834
-0.01348291,0.0284063,-0.003076837,0.168226,0.2211251,2.931772
-0.002870154,0.02478409,0.001621205,0.1221393,0.2240367,2.977987
-0.01478133,0.03916261,0.001322455,0.1734262,0.2742467,2.978554
-0.0010943,0.02449536,-0.0006469623,0.1214554,0.2229797,2.928856
-0.01485283,0.03628851,-0.0006953648,0.168678,0.2730378,2.931404
-0.004203099,0.03439898,0.001598534,0.1226956,0.2742644,2.977423
-0.004467561,0.03797966,-0.0008092023,0.121505,0.323381,2.926459
-0.02896354,0.06887767,0.01011097,0.1700115,0.3745307,2.930049
-0.01266036,0.03895016,0.002305735,0.1737727,0.3235529,2.978508
-0.003154884,0.06163042,0.0007882448,0.1106197,0.3875246,2.989481
-0.01975546,0.04204463,0.001260182,0.1695764,0.3239651,2.930509
-0.002324156,0.07504673,0.02158323,0.1218996,0.3751629,2.925459
-0.003338249,0.03739938,0.001994666,0.1098905,0.3110718,2.990218
0.0001967193,0.1121025,0.00500017,0.1213513,0.6759181,2.926611
0.00574453,0.1226831,-0.0116722,0.1696805,0.6248891,2.930246
0.0004719323,0.1176309,0.001830033,0.1106176,0.612452,2.989485
-0.01222459,0.1057133,-0.001331074,0.1737855,0.675986,2.978694
-0.0007560959,0.1186656,-0.01027444,0.1218218,0.624456,2.925595
-0.002176216,0.1154959,-0.005493925,0.1690408,0.6748906,2.930881
0.002732342,0.1035417,-0.004728191,0.1098745,0.6888192,2.990241
-0.005142233,0.1092664,0.006461846,0.1211786,0.7247576,2.926866
-0.04254744,0.1656187,0.03789514,0.1672011,0.7749389,2.93272
-0.01357468,0.1120399,0.003744428,0.173564,0.7248099,2.978881
-0.003785887,0.1370255,-0.0005703124,0.1219942,0.7749707,2.978137
-0.02783891,0.1233743,0.02274599,0.1679585,0.7249405,2.931965
-0.01054245,0.1709246,0.01529927,0.120627,0.7755088,2.92781
-0.00103846,0.1252263,-0.004803504,0.1226164,0.7252355,2.977526
0.0004316324,0.1486523,-0.00501835,0.1211562,0.875153,2.926888
0.005693844,0.1800945,-0.0284778,0.1671952,0.8249759,2.932729
-0.004436236,0.1455503,0.0007120061,0.1219924,0.8250081,2.978138
-0.009273626,0.1476379,-0.002756426,0.1735383,0.875173,2.97888
-0.0003069764,0.1859162,-0.01163081,0.1206226,0.824409,2.927815
0.01290544,0.1525394,-0.03528084,0.1679214,0.8749706,2.932021
-0.01021483,0.1580278,0.007581502,0.1226073,0.8747449,2.977528
-0.003584679,0.1819043,-0.009382478,0.1214405,1.12498,2.926297
-0.05559312,0.2502644,0.06308647,0.1686327,1.175018,2.931252
0.003617038,0.1812145,0.0009840473,0.174077,1.124977,2.978581
-0.00527644,0.2072436,0.002268579,0.1230847,1.175361,2.977036
-0.02719382,0.195351,0.02846039,0.1692203,1.125026,2.930685
-0.01290541,0.2563671,0.04124041,0.1214986,1.175806,2.925889
-0.001462172,0.2117293,-8.344988e-05,0.1103667,1.112646,2.989755
-7.496525e-05,0.220544,0.002428842,0.1214038,1.275001,2.926412
0.007192205,0.2712247,-0.02939012,0.168607,1.224958,2.931278
-0.002139136,0.2335368,-0.002342261,0.1230775,1.224632,2.977044
-0.01460418,0.2230618,-0.001834951,0.1739659,1.275005,2.978617
0.003165521,0.2802664,-0.02692874,0.1214904,1.224181,2.925915
0.02513367,0.2328604,-0.05148554,0.1691155,1.274941,2.930789
-0.005675274,0.2229942,0.004995821,0.1103487,1.287344,2.989777
-0.003405265,0.202377,-0.006805187,0.1216759,1.324502,2.925967
-0.06248652,0.2802446,0.0736118,0.1689372,1.374978,2.930947
-0.00301144,0.2073256,0.003487779,0.1744146,1.324484,2.978341
0.001704807,0.260679,-0.002050163,0.1098829,1.388835,2.990235
-0.01873736,0.229681,0.01761369,0.1693366,1.325,2.930571
-0.01224487,0.290975,0.06073148,0.1213282,1.376008,2.92665
-0.004403186,0.2256944,0.003423851,0.1105115,1.312493,2.989608
0.005809216,0.2649507,-0.007531581,0.1208499,1.475537,2.927142
0.0008111937,0.3157622,-0.02304028,0.1680662,1.425044,2.931822
-0.002577872,0.2673024,-0.001009419,0.1227206,1.425313,2.977419
-0.003845441,0.2670578,-0.008332588,0.1733038,1.475549,2.9792
0.005752391,0.3301889,-0.01331834,0.121242,1.424856,2.926655
0.02891547,0.2775224,-0.05293281,0.1676505,1.474996,2.932258
-0.01123461,0.2661422,0.01083102,0.122333,1.475026,2.977785
-0.003440712,0.2421346,-0.008331227,0.1212451,1.524174,2.926602
-0.05813693,0.3377238,0.06388814,0.1689727,1.574985,2.930924
-0.001804179,0.253414,0.001708502,0.1738395,1.524138,2.978804
-0.006135271,0.2707311,0.006897125,0.1103345,1.587371,2.989781
-0.02023741,0.2846679,0.0136831,0.1681411,1.524977,2.931767
-0.02305373,0.3292507,0.06689897,0.1213619,1.575059,2.92661
-0.003290608,0.2890941,-0.006561973,0.122734,1.524682,2.977405
-0.004425778,0.2909997,-0.01107085,0.1214144,1.724979,2.926376
-0.06914507,0.3680058,0.08708692,0.1684874,1.775006,2.931404
0.01046509,0.2841857,0.0003229874,0.1740004,1.724973,2.978608
-0.001188803,0.3115529,-0.0006028743,0.1230229,1.775341,2.977104
-0.02114815,0.3055179,0.02506587,0.1691359,1.725031,2.93077
-0.01577854,0.3730524,0.05214175,0.1214436,1.775799,2.926065
0.0005766218,0.3281013,-0.001605677,0.1103611,1.712646,2.989762
0.005816703,0.3396461,-0.01171514,0.1208443,1.875519,2.92767
0.007528207,0.3955991,-0.02455113,0.1682687,1.824927,2.931639
-0.001692355,0.3531428,-0.002399075,0.1228788,1.824565,2.977268
-0.0009653404,0.3401865,-0.007759883,0.1727974,1.875541,2.979194
0.004079537,0.4152842,-0.02822267,0.1213227,1.824225,2.926384
0.03109199,0.3505053,-0.05723794,0.168329,1.874964,2.931616
-0.001360684,0.3032843,0.0003235104,0.1095789,1.888664,2.990553
-0.006172949,0.3271501,0.01039421,0.1210973,1.924815,2.927026
-0.06752542,0.4035883,0.08079575,0.167522,1.975002,2.932387
-0.005485396,0.3225939,0.001268285,0.1734213,1.924818,2.978942
-0.0007833561,0.3293297,-0.001541403,0.1222826,1.975041,2.977845
-0.0108787,0.3468659,0.01402998,0.1678322,1.925051,2.932109
-0.0170179,0.4039399,0.0394486,0.1208097,1.975543,2.92729
0.003809233,0.3335391,-0.006299853,0.1225448,1.925366,2.977604
0.00205769,0.3780877,-0.006713735,0.1213187,2.075042,2.926728
0.007450441,0.4332011,-0.0224777,0.1680503,2.024977,2.931856
-0.0002452174,0.3641075,-0.003223799,0.1227094,2.024684,2.977437
-0.005195772,0.3787909,-0.003812704,0.173712,2.075042,2.978726
-6.023608e-05,0.4510219,-0.02709299,0.1212244,2.024167,2.926693
0.03750132,0.3780025,-0.06003426,0.1688745,2.074971,2.931058
-0.01074551,0.3365759,0.01046642,0.1103164,2.087361,2.989802
-0.01045511,0.3499307,-0.004776437,0.1216487,2.12451,2.926124
-0.06443056,0.4197865,0.08714297,0.1688212,2.174971,2.931087
0.008198451,0.3469667,0.003836461,0.1743149,2.124493,2.978395
-1.827689e-05,0.3802876,0.000419586,0.109864,2.188827,2.99025
0.00741989,0.3713186,-0.001633626,0.1692231,2.125011,2.930713
-0.01655364,0.4313286,0.06604315,0.1212955,2.175995,2.926808
-0.006032284,0.3587787,0.006308459,0.1104925,2.112499,2.989618
0.01667829,0.4158637,-0.02874623,0.1206072,2.275553,2.927845
-0.007781096,0.464823,-0.004656369,0.1678345,2.225015,2.93207
-0.004647902,0.4018693,0.00257545,0.1226033,2.225254,2.977552
0.0007504947,0.4119285,-0.01288985,0.1726225,2.275582,2.979452
0.008790208,0.488523,-0.005069579,0.1211515,2.224819,2.926961
0.02733432,0.4202499,-0.05914633,0.1671539,2.27499,2.932766
-0.007414296,0.3970256,0.003451975,0.121985,2.274985,2.978145
-0.004810127,0.388179,0.003606101,0.1206105,2.324452,2.927833
-0.06631872,0.4744171,0.08362106,0.1678808,2.374998,2.932016
0.001020211,0.3793151,0.001605477,0.1726322,2.324424,2.979448
-0.004671545,0.3752682,0.005833246,0.1226151,2.374752,2.977537
-0.004880245,0.4204142,0.006246717,0.1671654,2.325017,2.932753
-0.02403203,0.4739325,0.05519508,0.1211648,2.375189,2.926908
0.009948751,0.3823531,-0.009630769,0.121988,2.325019,2.978142
0.003053881,0.4499043,-0.02014225,0.1218007,2.475476,2.925666
0.01394967,0.4965247,-0.02640519,0.1689466,2.425057,2.930937
-0.006680979,0.4451231,0.007294077,0.1098737,2.411176,2.990242
0.003069667,0.4447622,-0.004210157,0.1747316,2.475493,2.978228
-0.006688224,0.5185424,-0.02534876,0.1213339,2.424025,2.92666
0.033414,0.421515,-0.05584004,0.1695564,2.475028,2.930322
0.00492197,0.385934,-0.004130163,0.1106173,2.487544,2.98949
0.01395016,0.4684575,-0.02742042,0.1219692,2.875489,2.925201
0.003163974,0.5296414,-0.01014079,0.1699291,2.825031,2.929916
0.001347111,0.4655157,-0.001924249,0.1106665,2.812483,2.989433
0.01513236,0.4706299,-0.01143704,0.1751621,2.875502,2.978053
0.003600966,0.5573595,-0.03343067,0.1219702,2.824508,2.925192
0.03986812,0.4726459,-0.0632595,0.1699295,2.874966,2.929922
0.001867844,0.4404011,-0.003211993,0.1106658,2.887516,2.989433
-0.001911041,0.4408329,-0.01280435,0.1219621,2.9245,2.925223
-0.05691436,0.5063045,0.086731,0.1698357,2.974948,2.930018
0.0203334,0.4297144,-0.00043311,0.1751414,2.924487,2.978061
0.002734477,0.4276327,-0.001296398,0.11065,2.987507,2.989452
0.01406927,0.4683274,-0.004939515,0.1699061,2.92502,2.929948
-0.01875379,0.5075078,0.08078413,0.1219357,2.975479,2.925299
0.0007020136,0.4480039,-7.651038e-05,0.1106651,2.912483,2.989434
0.01905407,0.4640341,-0.03906069,0.1214385,3.07603,2.926291
0.006754232,0.5297954,-0.01008393,0.1696532,3.025001,2.930207
0.001994966,0.4504591,-0.002230787,0.1106254,3.01246,2.98948
0.02990434,0.4699438,-0.01640507,0.1740934,3.07605,2.978588
0.005552249,0.5603073,-0.0391413,0.1218307,3.024548,2.925535
0.03830775,0.4740943,-0.05784518,0.1692283,3.074982,2.930644
0.005549921,0.4400212,-0.006547128,0.109941,3.088862,2.990169
0.001607619,0.4560662,-0.004255537,0.1201129,3.524446,2.929406
-0.05973075,0.5111975,0.0904846,0.1659367,3.575004,2.934011
0.009892113,0.4478139,0.001611552,0.1711494,3.524437,2.979973
0.00630143,0.3752223,-0.002241105,0.1212977,3.575016,2.978878
0.01755102,0.4700353,-0.008518946,0.1659812,3.524972,2.933968
-0.0138768,0.5225799,0.03407823,0.1200999,3.575537,2.929455
0.009133278,0.395375,-0.00402835,0.1213124,3.524967,2.978861
0.01296669,0.4871782,-0.03102891,0.1200943,3.675542,2.929478
0.0149138,0.5380796,-0.01276395,0.1659217,3.624987,2.934027
-0.0003160223,0.3841288,0.003089768,0.1212925,3.624978,2.978884
0.01175373,0.4835613,-0.003764457,0.1710854,3.67555,2.979993
0.006716162,0.5661729,-0.009541897,0.1200951,3.624456,2.929472
0.04219669,0.4773129,-0.06491936,0.1659231,3.675012,2.934031
-0.01446243,0.3927363,0.01487215,0.1212904,3.67502,2.978886
0.002390415,0.4391312,-0.00713793,0.1200939,3.724458,2.92948
-0.05553001,0.4884318,0.08316815,0.1659168,3.775012,2.934033
0.01158635,0.4292688,0.001845613,0.1710843,3.72445,2.979993
0.008080796,0.3612424,-0.003541941,0.1212908,3.775021,2.978886
0.02043794,0.4524759,-0.0123472,0.1659219,3.724987,2.934033
-0.01216536,0.4992899,0.02942874,0.1200934,3.775543,2.929478
0.00803601,0.3803095,-0.002796447,0.12129,3.72498,2.978887
-0.5448521,-0.005524257,0.09462575,2.549928,0.1380604,0.2431309
-0.5262728,0.02257925,0.004331398,2.499988,0.2106716,0.5123908
-0.5327242,0.02100381,-0.0001788789,2.499983,0.1972963,0.7006328
-0.5365912,0.05995617,-0.0002549765,2.499843,0.4047473,0.6961698
-0.5328709,0.01811614,0.001587307,2.499978,0.1919509,0.8983289
-0.5362756,0.05683114,-0.0001997047,2.499789,0.3934365,0.8971625
-0.5426434,0.1018639,0.0006765863,2.499384,0.6144856,0.8952308
-0.5327424,0.01822161,-6.820499e-05,2.499973,0.1902629,1.098852
-0.5361209,0.05640878,-8.539974e-05,2.499745,0.3885489,1.098232
-0.5423017,0.1005632,2.302169e-05,2.499252,0.6068346,1.097142
-0.5522468,0.147444,-0.0001788148,2.498572,0.8274091,1.095774
-0.5327986,0.01764003,0.0002811344,2.499969,0.1897226,1.29952
-0.536092,0.05570895,-6.808685e-06,2.499716,0.3865396,1.299186
-0.5422018,0.09970208,0.0001461243,2.499167,0.6031901,1.298666
-0.5519956,0.1461756,-9.940626e-05,2.498404,0.8226468,1.298024
-0.5651761,0.1954272,-3.320823e-05,2.497559,1.041511,1.297356
-0.5327543,0.01777086,-8.682444e-05,2.499967,0.1895862,1.5
-0.5360587,0.05579614,-9.333328e-05,2.499706,0.3859861,1.499998
-0.5421425,0.09963369,-8.930184e-05,2.499138,0.6021166,1.499996
-0.5519051,0.1460526,-9.764152e-05,2.498346,0.8211844,1.499996
-0.5650523,0.1951541,-0.0001035887,2.497466,1.039853,1.499996
-0.5816485,0.250261,-0.0001150547,2.496628,1.256334,1.499997
-0.53282,0.01763371,-0.0004224842,2.499969,0.1897229,1.70048
-0.5361155,0.05570539,-0.0001411035,2.499716,0.3865408,1.700811
-0.5422276,0.0996985,-0.0002990262,2.499167,0.6031921,1.701327
-0.5520252,0.1461619,-7.483452e-05,2.498404,0.8226491,1.701967
-0.5652137,0.1954129,-0.000158884,2.497559,1.041515,1.702636
-0.5818611,0.2506575,-0.0001783307,2.49676,1.258025,1.703262
-0.6013627,0.3088285,-0.0002396438,2.496106,1.471359,1.703671
-0.5327703,0.01821535,-4.412405e-05,2.499972,0.1902645,1.901146
-0.5361597,0.05639808,-8.553388e-05,2.499745,0.3885554,1.901762
-0.5423427,0.1005396,-0.0001714819,2.499252,0.6068464,1.902849
-0.5523048,0.1474091,-1.990539e-06,2.498572,0.8274235,1.904216
-0.5656255,0.1968081,-0.0002174217,2.497832,1.04679,1.905616
-0.5823884,0.2521626,-0.0002103021,2.497146,1.262927,1.906695
-0.6018974,0.3100116,-0.0001734694,2.496596,1.475088,1.907466
-0.6243702,0.3812141,-1.643626e-05,2.496223,1.683725,1.907786
-0.5329198,0.01805104,-0.001781318,2.499977,0.1919554,2.101663
-0.5363375,0.05679248,5.802772e-05,2.499788,0.3934543,2.102824
-0.5427123,0.1018584,-0.0008145309,2.499383,0.614516,2.104754
-0.5528725,0.1491871,-8.431051e-05,2.498836,0.8366795,2.107089
-0.5663929,0.1989222,-0.0005094574,2.498259,1.055915,2.109036
-0.5832132,0.2539394,-0.0001728786,2.497743,1.270368,2.110553
-0.6026684,0.3114243,-0.0001447304,2.497333,1.480363,2.111479
-0.6250581,0.3823061,2.956255e-05,2.497048,1.687199,2.111848
-0.6485913,0.4562424,0.0001767246,2.4969,1.891915,2.111739
-0.532761,0.02102644,0.0004146996,2.499983,0.1973107,2.299345
-0.5366791,0.06000528,-1.860712e-05,2.499842,0.4047921,2.3038
-0.5431635,0.1049301,-0.0004653571,2.499548,0.6289946,2.307423
-0.5537641,0.1532083,-0.0001499055,2.499169,0.8513631,2.310626
-0.5673609,0.2018653,-0.0003914006,2.498787,1.068069,2.313158
-0.584162,0.2565353,2.450618e-05,2.498452,1.279162,2.314791
-0.6035156,0.3133889,-5.126169e-05,2.498185,1.486387,2.315667
-0.6258467,0.3840103,0.0001755893,2.497996,1.691193,2.316021
-0.649225,0.4575584,0.0002948106,2.497893,1.894449,2.315953
-0.6756494,0.5606647,0.0006429087,2.497883,2.096667,2.315451
-0.526233,0.022258,-0.005060962,2.499988,0.2107234,2.487549
-0.5371078,0.06208156,0.00169702,2.4999,0.4281527,2.505537
-0.5443624,0.1100072,-0.001902736,2.499727,0.6520591,2.51103
-0.5549545,0.156682,-5.06171e-05,2.49952,0.8698615,2.515234
-0.5684612,0.2047245,-0.0005170378,2.499317,1.081088,2.517765
-0.5851224,0.2586935,6.517095e-06,2.499139,1.28794,2.519103
-0.604355,0.3149658,-9.095014e-05,2.498996,1.492243,2.519779
-0.6265706,0.3851861,0.0001163816,2.498895,1.695032,2.52005
-0.6499643,0.4585145,0.0002957015,2.498839,1.89689,2.520017
-0.6763007,0.5612127,0.0005385404,2.498833,2.098147,2.519669
-0.6938597,0.6701939,0.001072944,2.498885,2.298976,2.5189
-0.5760578,0.03775092,-0.04027511,2.550814,0.1217221,2.654287
-0.5330431,0.0228841,0.0007918962,2.499995,0.2496295,2.689823
-0.5403777,0.07495307,0.000182642,2.499952,0.464513,2.709236
-0.5452984,0.1144551,-0.002721515,2.499886,0.6783475,2.716716
-0.5560778,0.1618018,0.0005190499,2.499809,0.8870745,2.720425
-0.5693271,0.2072741,-0.0004884669,2.499732,1.092087,2.722082
-0.5859062,0.2609849,0.0002826033,2.499665,1.29505,2.722856
-0.6049846,0.3164307,0.0001559355,2.499611,1.496861,2.723222
-0.6271865,0.386575,0.0003884901,2.499573,1.698011,2.723368
-0.650376,0.4595035,0.000660883,2.499555,1.89877,2.723361
-0.6769552,0.5625856,0.0007211748,2.499559,2.099286,2.723192
-0.6938418,0.6713028,0.001253025,2.499593,2.299634,2.722782
-0.7186164,0.8427197,-0.0003810657,2.499671,2.499833,2.721963
-0.5396794,0.04473721,0.008796127,2.450005,0.2401056,2.857102
-0.5356066,0.0853537,-0.003895836,2.499991,0.4966269,2.906456
-0.5455131,0.1175019,-0.001568883,2.499978,0.6963674,2.909996
-0.5565841,0.1648483,0.0001375225,2.499964,0.8972927,2.911519
-0.5697161,0.2083196,-0.0002016461,2.49995,1.098321,2.912047
-0.5863722,0.2620681,0.0001315055,2.499937,1.298972,2.912255
-0.6055797,0.3168452,4.01126e-05,2.499927,1.499359,2.912347
-0.6280344,0.3869272,0.000137325,2.499921,1.6996,2.912384
-0.651568,0.4596021,0.0001821746,2.49992,1.899759,2.912384
-0.6781381,0.5627714,0.0001775456,2.499927,2.099874,2.912344
-0.6965153,0.6696262,-6.598841e-05,2.499918,2.299931,2.912221
-0.7140167,0.845322,-0.001254011,2.499706,2.499733,2.911863
-0.6792187,1.006251,0.001560413,2.499505,2.699423,2.911288
-0.5442274,0.004505499,-0.005513599,2.62498,0.1212863,0.02111734
-0.510659,0.002872808,-0.03280664,2.650014,0.1441479,0.1442844
-0.4725372,0.003896701,0.03265723,2.449936,0.1449418,2.853317
-0.493731,0.009227345,-0.01913665,2.550074,0.144957,2.853277
-0.5478709,-0.02418023,0.0006416381,2.424,0.1736918,2.978735
-0.6181871,0.0434817,0.006463685,2.576011,0.1737194,2.978716
-0.5103322,0.002856267,0.032691,2.650113,0.1447146,2.854103
-0.5986717,-0.004524254,0.009161631,2.624828,0.1735358,2.978893
-0.566738,0.009072733,-0.009392807,2.550004,0.2401497,2.857064
-0.5108309,0.04791497,0.006150117,2.450192,0.3414502,2.861466
-0.5082255,0.0685297,-0.01147763,2.549807,0.3415089,2.861438
-0.5161952,0.02285493,-0.006633549,2.449923,0.2484554,2.953951
-0.5450815,0.05692039,-0.013093,2.55009,0.2484952,2.953935
-0.5123098,0.0259842,-0.008278704,2.448989,0.3536999,2.95711
-0.5611713,0.0585809,-0.02403935,2.551015,0.353743,2.9571
-0.4984153,0.002680647,-0.01992227,2.475459,0.1217473,2.925827
-0.5166331,-0.03915542,0.07944763,2.425052,0.1688565,2.931033
-0.4966205,0.002823367,-0.004431806,2.411178,0.1098655,2.990249
-0.5006263,0.04031467,-0.004028108,2.475471,0.1745679,2.978277
-0.4843175,0.02454506,0.0009989021,2.475002,0.1694029,2.930485
-0.5081396,-0.002102159,0.004636623,2.487533,0.1105964,2.989515
-0.5476529,-0.001600686,0.05979713,2.42402,0.1213068,2.926753
-0.5582544,0.01026911,-0.03811977,2.524545,0.1217495,2.925817
-0.579015,0.01822723,-0.01209725,2.574959,0.168895,2.930985
-0.5917731,0.001502327,0.004469915,2.588824,0.1098721,2.990247
-0.5637803,0.0492692,-0.001632406,2.524534,0.1745752,2.978273
-0.6167818,0.001485678,-0.03475489,2.575988,0.1213164,2.926699
-0.5189041,0.04328244,-0.04103372,2.525005,0.1694127,2.930473
-0.5007574,-0.003344549,0.005134272,2.512468,0.1105967,2.989515
-0.1701144,0.03694157,0.004973933,0.950006,0.2458642,0.0452061
-0.1547318,0.04447558,0.007829688,0.8486497,0.3514762,0.04252002
-0.1976188,0.06191834,0.01121705,0.9509357,0.3521996,0.04264199
-0.1611894,0.0358314,-0.01611814,0.849911,0.2382649,0.1411425
-0.194872,0.01137359,-6.550945e-05,0.9498843,0.2386235,0.1414403
-0.1551087,0.05652534,-0.02271132,0.8497808,0.3401275,0.1378492
-0.1737241,0.06471931,-0.0003720238,0.9495681,0.3403525,0.1379532
-0.230076,0.04981115,0.008794565,1.14999,0.2461081,0.0452486
-0.2082944,0.05084598,0.006464897,1.048953,0.3524473,0.04267161
-0.2417339,0.06781233,0.01230122,1.150976,0.3525219,0.04267544
-0.20888,0.03944052,-0.01047626,1.049934,0.2387525,0.1415263
-0.2435171,0.01163187,0.005606559,1.149914,0.2387794,0.1415428
-0.2010888,0.0562978,-0.02189959,1.04996,0.3405141,0.1380351
-0.2096787,0.06651773,0.002380578,1.14966,0.3404962,0.1380117
-0.2732852,0.05103595,0.007575063,1.349993,0.2461165,0.04524959
-0.2533657,0.0447547,0.004415379,1.248973,0.3525411,0.04267905
-0.2833204,0.06632489,0.01339666,1.350991,0.3525328,0.04268521
-0.2572779,0.04124045,-0.01602118,1.249974,0.2387833,0.141551
-0.2911383,0.01207319,0.003560952,1.349944,0.2387685,0.1415617
-0.2448602,0.05293038,-0.02448053,1.25006,0.3405015,0.1380281
-0.2464841,0.06842649,0.004750738,1.349725,0.3404534,0.1380156
-0.3661239,0.06108817,0.008317456,1.749999,0.2461214,0.04525123
-0.3445223,0.04550428,0.00119029,1.648985,0.35253,0.04268382
-0.3639586,0.06687005,0.01139795,1.750999,0.35254,0.04267454
-0.3536096,0.0435136,-0.01640964,1.650014,0.2387603,0.1415614
-0.3871096,0.01209919,0.003617502,1.749971,0.2387698,0.1415486
-0.3272905,0.05071445,-0.02455034,1.65015,0.3404286,0.1380116
-0.3299221,0.07178452,0.008061674,1.749782,0.3404348,0.1379955
-0.3990586,0.04864418,0.00806519,1.95,0.2461235,0.04524997
-0.378316,0.03557108,0.005380043,1.848991,0.3525424,0.042673
-0.4189176,0.06624789,0.01646803,1.951002,0.3525433,0.04267251
-0.4012823,0.04139677,-0.01559583,1.850015,0.2387743,0.141546
-0.4335966,0.007985393,0.005010058,1.949974,0.2387759,0.1415456
-0.363134,0.04423836,-0.02084671,1.850168,0.3404414,0.1379949
-0.3779228,0.07174771,0.007730243,1.949794,0.3404431,0.1379927
-0.4525913,0.05605131,0.01058422,2.150001,0.2461251,0.04525076
-0.4340081,0.04231558,-0.004507649,2.048993,0.3525447,0.04267307
-0.444058,0.06592749,0.008202117,2.151003,0.3525468,0.04267383
-0.4487418,0.03990495,-0.0131188,2.050018,0.2387783,0.1415465
-0.4748545,0.003370057,0.008355623,2.149976,0.2387819,0.141548
-0.403704,0.04159927,-0.0224243,2.050177,0.3404496,0.1379959
-0.4370836,0.07264568,0.00905377,2.149801,0.3404586,0.1379984
-0.469506,0.01290321,0.003980582,2.249998,0.2461266,0.04525166
-0.4904617,0.05027724,0.00916875,2.350002,0.2461293,0.04525331
-0.4666698,0.02850611,0.006943384,2.248994,0.3525499,0.0426752
-0.5171461,0.05909975,0.01908235,2.351004,0.3525548,0.04267745
-0.4939952,0.04866954,-0.01050402,2.25002,0.2387876,0.1415508
-0.4662585,0.05109478,-0.007509061,2.250182,0.3404717,0.1380045
-0.470861,0.07059357,0.009855363,2.349807,0.3404909,0.1380123
-0.5653054,0.002738111,0.008663922,2.54998,0.2388292,0.1415789
-0.5374625,0.05178434,0.01002888,2.550002,0.246139,0.04526029
-0.5048518,0.02316797,0.003168927,2.449999,0.2461332,0.04525603
-0.5192701,0.02867466,0.005398536,2.448995,0.3525608,0.04268053
-0.5640391,0.05589899,0.01589563,2.551005,0.3525686,0.04268472
-0.497365,0.04130806,-0.01795375,2.450185,0.3405131,0.1380232
-0.5164324,0.0683397,0.01132468,2.549809,0.3405397,0.1380359
0.002838064,0.3643399,0.001864479,0.3536151,2.449007,0.04287019
-0.03047176,0.4126281,-0.0124821,0.2477231,2.549905,0.04582034
-0.03525207,0.4305371,-0.02380252,0.3536079,2.550991,0.04287022
-0.04124814,0.4425976,0.01658143,0.2398172,2.450045,0.1426132
-0.008983505,0.4136889,0.007457946,0.3413793,2.450198,0.1384904
-0.01203558,0.4345887,-0.01474252,0.2398094,2.54995,0.1426109
-0.03525085,0.3731518,-0.01684066,0.3413678,2.549791,0.1384889
0.003239874,0.4425535,0.004441091,0.3540403,2.849004,0.04294187
-0.0415186,0.4723149,0.01290187,0.2483481,2.95009,0.04603391
-0.02317546,0.4149392,-0.00289313,0.3538555,2.951013,0.04291097
-0.01760782,0.4283069,0.02019606,0.2404345,2.850031,0.1432405
-0.01029547,0.436647,0.03189466,0.3416709,2.850204,0.1386512
-0.0007477941,0.4630678,-0.008253041,0.2401303,2.950008,0.1429401
-0.02772444,0.3985063,-0.01275111,0.3415582,2.949802,0.1385879
0.02119404,0.4086008,0.002663441,0.3537942,3.048992,0.04290221
-0.0147167,0.4613446,-0.0220404,0.2487467,3.149923,0.04615069
-0.01866475,0.4451758,-0.0001195761,0.3539814,3.150994,0.04293401
-0.007256863,0.4707294,0.01479187,0.240005,3.050008,0.1428173
0.0238567,0.4047431,0.01723727,0.3415253,3.050199,0.1385708
0.01305949,0.4292749,-0.0210271,0.240326,3.149961,0.1431359
-0.00251326,0.4331241,-0.0217271,0.3416566,3.149795,0.138642
0.03318573,0.4289417,0.007719095,0.3543158,3.449,0.04298971
-0.008427037,0.4441634,-0.01131743,0.2493442,3.550001,0.04639219
-0.003938848,0.4173414,0.0003120774,0.3543293,3.551002,0.04299248
0.0001935517,0.4461126,0.01910339,0.2406937,3.450027,0.1434928
0.03549076,0.3924228,0.01662892,0.3419457,3.450208,0.1387833
0.01609715,0.4085998,-0.01916597,0.2407067,3.549977,0.1435024
0.007696185,0.4267084,-0.01859964,0.3419709,3.549796,0.1387936
0.0369658,0.4121954,0.009457645,0.3543354,3.648999,0.04299447
-0.001890176,0.4253217,0.0006063857,0.2493504,3.75,0.04639544
-0.000640981,0.4011443,0.003109612,0.3543409,3.751002,0.04299681
0.008755037,0.3970738,0.01886281,0.2407153,3.650025,0.1435073
0.03854102,0.3922618,0.0160257,0.3419885,3.650206,0.1388007
0.02972786,0.4124811,-0.02063069,0.2407247,3.749977,0.143512
9.876779e-05,0.4282271,-0.02273166,0.3420099,3.749797,0.1388097
0.04303103,0.4012489,0.003794591,0.3543458,3.848999,0.04299949
-0.000652965,0.4040976,-0.007587122,0.2493561,3.95,0.04639975
0.006138171,0.3877851,-0.001889489,0.3543488,3.951002,0.04300238
0.001321297,0.4043496,0.01727032,0.2407353,3.850025,0.1435173
0.04864209,0.403797,0.01269686,0.3420298,3.850205,0.1388188
0.01869675,0.3728185,-0.0197957,0.2407463,3.949976,0.1435227
0.01575669,0.3978694,-0.02258227,0.3420499,3.949797,0.1388288
0.04656511,0.3846437,0.007471021,0.3543406,4.048996,0.04300335
0.007334376,0.3815895,-0.002147822,0.2493238,4.149989,0.04639092
0.01069794,0.3752396,0.002570517,0.3542967,4.150996,0.04299802
0.01126662,0.360351,0.01700508,0.2407492,4.05002,0.1435216
0.04914516,0.3760868,0.01106485,0.3420516,4.0502,0.1388316
0.02660337,0.3512108,-0.01977354,0.240722,4.149965,0.143493
0.0193163,0.3929802,-0.02847433,0.3420128,4.14979,0.1388154
-0.02847143,0.00451584,0.00129735,0.2460257,0.1456682,0.2466162
-0.06566939,0.01226436,0.008286309,0.3478751,0.1436408,0.2443073
-0.01676584,0.00612426,0.001904108,0.2456103,0.1455329,0.348465
-0.05463938,0.0116676,0.001877011,0.3472927,0.1432016,0.3471375
-0.005399102,0.02626068,-0.001715301,0.1463684,0.2458309,0.2488514
-0.0144916,0.0691239,-0.01626107,0.1448577,0.3477411,0.2488166
-0.004091173,0.01791627,-0.001564768,0.1457081,0.245541,0.3494488
-0.01531247,0.05026769,-0.003496148,0.1434734,0.3472796,0.3491889
-0.02309016,0.004827574,0.000393681,0.245373,0.1454227,0.4493751
-0.05838422,0.01172763,0.001583539,0.3468747,0.142739,0.4487629
-0.01598503,0.005573866,0.001234794,0.2452121,0.1453392,0.5497179
-0.04938197,0.01190732,0.0001157619,0.3465329,0.1424566,0.5493474
-0.004620071,0.02212421,-0.0007917715,0.1454618,0.2453741,0.4497337
-0.01256907,0.05639481,-0.0007758834,0.1427903,0.3469026,0.4495677
-0.003733934,0.01481563,0.0003168846,0.1453513,0.2452853,0.549853
-0.01423571,0.0475368,-0.0007177106,0.142454,0.3465981,0.5496352
-0.02266745,0.00393143,-0.0001435975,0.2451077,0.1452913,0.6498847
-0.06140948,0.009674603,-0.003153008,0.3463494,0.1423358,0.6497712
-0.01954079,0.007441543,0.004161849,0.2450893,0.1452711,0.749924
-0.06031103,0.01120546,0.003540589,0.3462528,0.1422641,0.7497889
-0.004185893,0.02169604,-9.730788e-05,0.1453045,0.2452434,0.6499217
-0.01217655,0.06276853,0.003677944,0.1423262,0.3464485,0.6498588
-0.00489271,0.01872712,-0.002891129,0.1452817,0.2452086,0.7499362
-0.0113162,0.05746142,-0.005016843,0.1422512,0.3463512,0.7498126
-0.01715515,0.005837362,-0.001137163,0.2451034,0.1452741,0.8499832
-0.05064923,0.01124462,-0.0001213306,0.346232,0.142244,0.8499906
-0.02165374,0.005050318,8.238781e-05,0.245088,0.1452635,0.9499767
-0.06280044,0.01114129,0.0003978534,0.3462058,0.1422239,0.9498929
-0.003089816,0.0172391,0.001389181,0.1452683,0.2451939,0.849975
-0.01400978,0.04862531,2.323442e-05,0.142228,0.346315,0.8499955
-0.004743104,0.02050521,-0.0002044756,0.1452651,0.2451895,0.9499855
-0.01062791,0.06061965,-0.001321612,0.1422085,0.3462943,0.9498944
-0.01542569,0.005301765,0.0004294981,0.2450643,0.1452545,1.050006
-0.05024048,0.01141535,3.579456e-05,0.3461964,0.1422182,1.050053
-0.02178535,0.004808267,-3.570807e-05,0.2450889,0.1452613,1.149988
-0.06179055,0.01022346,-0.001752619,0.3462012,0.1422129,1.149921
-0.00221667,0.01459448,6.375725e-05,0.1452668,0.2451956,1.050006
-0.01403245,0.04839688,-0.000127036,0.1422056,0.3462978,1.050054
-0.004759853,0.02090864,4.497445e-05,0.1452662,0.2452046,1.149981
-0.01025776,0.06056876,-0.0002418229,0.1421986,0.3462933,1.149921
-0.01803511,0.006369008,0.002815884,0.2451182,0.1452688,1.25001
-0.05962299,0.011035,0.002711656,0.3462146,0.1422128,1.25007
-0.01819026,0.005278798,0.000464097,0.2451027,0.1452648,1.349992
-0.05145316,0.01131336,-0.0001656287,0.3462166,0.142206,1.349926
-0.002165828,0.0144902,-0.0004241315,0.1452671,0.2452083,1.25001
-0.01405683,0.04863474,-0.0001713233,0.1421979,0.3462911,1.25007
-0.004278568,0.02140251,-9.609548e-06,0.1452633,0.2452006,1.349994
-0.01046456,0.05973594,0.0003808428,0.1422006,0.3462821,1.34993
-0.02200253,0.003874918,4.810766e-07,0.2451064,0.1452553,1.450005
-0.05202965,0.0113347,0.0002024478,0.3462221,0.1422042,1.450073
-0.01501625,0.005422846,-0.002040098,0.2451414,0.1452559,1.549994
-0.05145362,0.01133886,-0.0004322501,0.3462342,0.1422091,1.549928
-0.002314848,0.01464377,-0.001500705,0.1452652,0.2451723,1.450012
-0.01412481,0.0484851,-0.0002418382,0.1422007,0.3462712,1.45007
-0.003391143,0.01706913,0.001180166,0.1452632,0.2451338,1.549986
-0.01164874,0.05338079,0.001897943,0.1421942,0.3462561,1.549927
-0.02191605,0.004370746,-4.063108e-05,0.2451444,0.14526,1.650009
-0.06134909,0.01024807,0.0001231244,0.3462358,0.1422109,1.650072
-0.0147441,0.005185288,-0.000756074,0.245107,0.1452564,1.749988
-0.05043081,0.0114327,-0.0001552213,0.3462157,0.1422101,1.74993
-0.003877564,0.01952513,-0.0003279142,0.1452579,0.2451241,1.650007
-0.01085047,0.05627616,-0.001409285,0.1421927,0.3462508,1.650072
-0.002250051,0.01428546,0.0009384895,0.1452615,0.2451617,1.749994
-0.01402359,0.04859027,0.0001544916,0.1421981,0.3462684,1.749931
-0.02172685,0.004867604,-4.348155e-05,0.2450532,0.1452532,1.850014
-0.06299207,0.01046384,-0.000117453,0.346189,0.1422095,1.850079
-0.01492179,0.005168942,-0.0002376302,0.2450539,0.1452572,1.949991
-0.05016393,0.011422,-8.929568e-05,0.3461861,0.1422181,1.949946
-0.004702915,0.02092043,-0.0001014997,0.1452612,0.245194,1.850014
-0.01029528,0.06061224,-0.0003618844,0.1422005,0.3462882,1.850078
-0.002307945,0.01481302,-3.176346e-05,0.1452645,0.2452062,1.949992
-0.01399009,0.04841764,8.58927e-05,0.1422058,0.3463032,1.949946
-0.02169804,0.004943326,-0.0001471584,0.2450741,0.1452664,2.050022
-0.06275943,0.01117981,-0.0009253181,0.3461931,0.1422233,2.050106
-0.01693998,0.005896515,0.001220818,0.2450744,0.1452661,2.150019
-0.05066261,0.01117375,0.0001060251,0.3462173,0.1422429,2.150003
-0.004716505,0.02029384,0.0002190547,0.1452677,0.2452153,2.050022
-0.01056338,0.06031,0.00109794,0.14221,0.3463082,2.050106
-0.003071804,0.01726213,-0.001830477,0.1452747,0.2452129,2.150018
-0.01389984,0.04884805,-7.34669e-05,0.1422296,0.3463314,2.150003
-0.01947529,0.007448217,-0.004027202,0.2450928,0.1452793,2.250059
-0.06009772,0.0113552,-0.003706662,0.3462536,0.1422659,2.250184
-0.02247331,0.004044265,2.783981e-05,0.2451329,0.1453026,2.35007
-0.06131551,0.009919099,0.002549116,0.3463607,0.1423392,2.350138
-0.004483072,0.01798125,0.002951652,0.1452815,0.2452308,2.250051
-0.01161071,0.0552885,0.004396585,0.1422516,0.346359,2.250184
-0.004089193,0.02164442,3.653651e-07,0.1453042,0.245254,2.350077
-0.01261295,0.06255506,-0.003028794,0.1423278,0.3464467,2.350138
-0.01591289,0.005522297,-0.0009919989,0.2452125,0.145338,2.450131
-0.04881509,0.01163125,-0.0003970863,0.3465395,0.1424665,2.450364
-0.02313564,0.004685911,-0.0004980945,0.2453674,0.1454405,2.55022
-0.05711165,0.0118119,-0.001474395,0.3468873,0.1428006,2.550442
-0.003786877,0.01440291,-0.0004403171,0.1453535,0.2452714,2.450132
-0.01415654,0.04739538,0.0005963611,0.1424574,0.3465899,2.450356
-0.004631704,0.02228465,0.0007371968,0.1454533,0.2453248,2.5502
-0.01270568,0.05631687,0.001085517,0.1427891,0.3468798,2.550415
-0.01759716,0.005814019,-0.002340769,0.2455826,0.1456594,2.650462
-0.05040263,0.01272814,-0.003916446,0.3473097,0.1434722,2.650856
-0.02843575,0.004901609,-0.001787323,0.2458844,0.146241,2.75101
-0.07007005,0.01423097,-0.01413383,0.3478837,0.1447837,2.751314
-0.003856919,0.01773417,0.001334579,0.1456731,0.2454536,2.650433
-0.01474687,0.05002716,0.003603548,0.1434673,0.3472517,2.650784
-0.005047399,0.02654234,0.001292591,0.1462632,0.2457535,2.750951
-0.01443635,0.06962078,0.01526772,0.1448114,0.3478111,2.751137
-0.04747722,0.07609577,-0.01817857,0.34585,0.4480215,2.859341
-0.02163609,0.083427,0.003889555,0.2424414,0.5494476,2.856317
-0.06049202,0.09796439,-0.01240625,0.3442435,0.5487402,2.860333
-0.01900071,0.06601599,0.001806021,0.2491849,0.4499966,2.953166
-0.04500139,0.06891877,0.0006872123,0.351351,0.4514185,2.955277
-0.0345099,0.08972653,0.004588845,0.2492134,0.5500451,2.953392
-0.05895079,0.105981,0.004468128,0.3538457,0.5514263,2.956491
0.005101742,0.4327481,-0.03587473,0.341869,2.650208,2.86125
-0.004888629,0.4035332,0.01818683,0.240673,2.749976,2.856521
-0.02676945,0.4016232,0.009375745,0.3419011,2.749792,2.861235
0.002001348,0.4225912,-0.0001442326,0.2493017,2.650009,2.953624
-0.001883137,0.4282008,-0.007625472,0.3542649,2.649002,2.95702
-0.04503416,0.4590872,0.02133063,0.2493263,2.750001,2.953615
-0.03029872,0.4074142,0.002291892,0.3542972,2.751002,2.957015
0.03147581,0.4036859,-0.01962408,0.3412746,3.250183,2.861549
0.01358804,0.4091719,0.01665549,0.2394376,3.349979,2.857742
0.008975553,0.4334011,0.008678084,0.3409868,3.349793,2.861693
0.02733112,0.4412255,-0.004845169,0.2481361,3.249968,2.954089
0.02766537,0.433562,-0.01154036,0.3535727,3.248985,2.957138
-0.01140148,0.4367515,0.00805707,0.2472484,3.350061,2.954334
-0.007422964,0.4129921,-0.005475933,0.353193,3.351,2.957199
0.04811361,0.3686613,-0.009068431,0.3410084,4.050208,2.861711
0.02101104,0.3428477,0.02247241,0.2399264,4.149968,2.857304
0.02324802,0.3862359,0.02787081,0.3413767,4.149812,2.861519
0.03446698,0.3690897,-0.003402155,0.2468185,4.050003,2.95448
0.04124824,0.3744155,-0.004877916,0.3530732,4.049005,2.957217
0.0009795172,0.3762899,0.01538023,0.2479988,4.149938,2.954074
0.00669199,0.3647001,-9.541851e-05,0.3535575,4.151006,2.957134
-0.001179203,0.00144848,-0.0006735401,0.1225991,0.1223902,0.1239144
-0.01612947,0.01720753,-0.0005298692,0.1687495,0.1675202,0.120749
-0.01462661,5.697995e-05,0.00192631,0.1719767,0.1204185,0.1731802
0.000494428,0.01621722,-0.003016013,0.1207281,0.1717607,0.174816
-0.0130854,0.001603302,-0.0007313191,0.1730028,0.1208593,0.1214009
-0.002346728,0.01225395,-0.0001519615,0.1219267,0.1717392,0.1243334
-0.002167205,0.002297532,0.0001846099,0.1218665,0.1216899,0.1741879
-0.1494527,-0.001104855,0.0006520735,0.8755744,0.1199821,0.07034329
-0.1488732,0.004606904,-3.088697e-06,0.8250831,0.1209519,0.02095298
-0.1492301,0.01608164,0.0002828209,0.8756171,0.1706941,0.01994248
-0.1667516,-0.008738263,-0.03677038,0.8251087,0.1652001,0.06550355
-0.1785013,-0.002605143,-0.01908203,0.8244886,0.1198242,0.07005579
-0.1566372,0.009420261,-0.01369032,0.87507,0.1655775,0.0657724
-0.1502976,0.0034785,-0.002073151,0.8750802,0.1211525,0.02105592
-0.1696248,0.008839275,0.008477123,0.9244655,0.1200369,0.07045243
-0.1879503,0.004742241,0.0006997646,0.9750261,0.1212611,0.02111081
-0.1738225,0.0204096,0.006358967,0.924477,0.1709064,0.01998542
-0.2141733,0.03123585,0.02877738,0.9750081,0.1658319,0.06592071
-0.2308262,0.009663324,0.01921566,0.9755375,0.1200586,0.07049451
-0.1646315,0.03857147,0.0364764,0.9250062,0.1657571,0.06588228
-0.1610523,0.004544045,-0.002589848,0.925002,0.1212281,0.02109618
-0.1883258,-0.00067888,0.002452715,1.075537,0.1200722,0.07051292
-0.1926184,0.00418987,-0.0002581093,1.024981,0.1212749,0.02111571
-0.1875485,0.01511406,-0.0008060398,1.07555,0.1710652,0.02001199
-0.2143143,-0.01778912,-0.04569309,1.024983,0.1658697,0.06593862
-0.2309974,-0.001394103,-0.02265457,1.024455,0.1200671,0.0705074
-0.1908445,0.008059868,-0.008010974,1.075005,0.1658935,0.0659475
-0.1901301,0.003457518,-0.001703181,1.07502,0.1212807,0.02111656
-0.2176203,0.0112259,0.01265723,1.124457,0.1200742,0.07051447
-0.2329287,0.004722895,0.0005874872,1.17502,0.1212846,0.021116
-0.2255544,0.02201936,0.005349831,1.124448,0.171072,0.02001278
-0.2645853,0.02488553,0.02643345,1.175005,0.165897,0.06594892
-0.2832754,0.0122479,0.02210936,1.175539,0.1200743,0.07051482
-0.210775,0.0422003,0.04454707,1.124982,0.1659015,0.06595123
-0.2050758,0.005519477,-0.004012531,1.12498,0.1212832,0.02111637
-0.2289038,6.403403e-05,0.004432432,1.275541,0.1200764,0.07051665
-0.2363244,0.004179346,-0.0004508259,1.22498,0.1212851,0.02111593
-0.2290917,0.0153859,-0.0006707479,1.27555,0.1710777,0.02001318
-0.2632608,-0.02221786,-0.05583248,1.224986,0.1658989,0.06595071
-0.2787287,-0.003972612,-0.0266096,1.224459,0.1200748,0.07051546
-0.2341327,0.01136413,-0.007170356,1.275009,0.165906,0.06595453
-0.2336729,0.003597747,-0.001517366,1.27502,0.1212851,0.02111596
-0.2673767,0.01260511,0.01567032,1.324463,0.1200816,0.07051616
-0.2784308,0.004724214,0.0003994981,1.37502,0.1212889,0.0211118
-0.2734651,0.0226124,0.006133425,1.324446,0.1710785,0.0200106
-0.3126395,0.02442126,0.02465149,1.375009,0.1659055,0.06595648
-0.3345582,0.01163297,0.02187025,1.375543,0.1200896,0.07051418
-0.2559232,0.0464689,0.04966342,1.324985,0.1659059,0.06595852
-0.2504971,0.004570986,-0.004467271,1.32498,0.1212864,0.02111443
-0.3188791,0.001169117,0.005429724,1.675538,0.1200814,0.07051847
-0.3255017,0.004151645,-0.001423794,1.62498,0.1212889,0.02111209
-0.3185999,0.01846081,-9.384564e-05,1.675553,0.1710785,0.02001094
-0.3535132,-0.03065702,-0.06788613,1.624989,0.1659053,0.06595763
-0.3748496,-0.005424311,-0.03271503,1.624458,0.1200896,0.07051561
-0.3190466,0.01936928,0.0004682789,1.675013,0.1659053,0.06595976
-0.3188968,0.004112637,-0.003100419,1.67502,0.1212863,0.02111484
-0.3718493,0.01574231,0.02115466,1.724459,0.1200764,0.07051944
-0.3717763,0.004750458,-0.0001124653,1.77502,0.1212853,0.02111638
-0.3772678,0.03026461,0.006497374,1.724449,0.1710781,0.02001366
-0.4100834,0.01897381,0.01680083,1.77501,0.1658991,0.06595269
-0.4409079,0.01204283,0.02132977,1.77554,0.1200748,0.07051889
-0.3496606,0.05096556,0.05269582,1.724988,0.1659061,0.0659566
-0.3424904,0.003473197,-0.006319363,1.72498,0.1212851,0.02111639
-0.3684622,0.001454377,0.007190993,1.875541,0.1200756,0.07051933
-0.3710808,0.004292167,-0.001969715,1.82498,0.1212853,0.02111639
-0.3689325,0.01997115,-0.0006260341,1.875551,0.1710784,0.02001385
-0.401546,-0.03193146,-0.07179147,1.82499,0.1658994,0.06595249
-0.4248099,-0.006596574,-0.03582312,1.82446,0.1200748,0.07051884
-0.3662079,0.02309853,0.003304882,1.875012,0.1659069,0.06595536
-0.3651988,0.004222611,-0.003180689,1.87502,0.121285,0.02111654
-0.4237234,0.01646963,0.03179616,1.924459,0.1200756,0.07051934
-0.4189053,0.004803732,-0.0004681911,1.97502,0.1212852,0.0211164
-0.4287062,0.03344104,0.006558296,1.924449,0.1710784,0.02001385
-0.450932,0.01705932,0.01364798,1.97501,0.1658996,0.06595236
-0.4908958,0.009622063,0.01869886,1.97554,0.1200748,0.07051887
-0.3944711,0.04624231,0.04729752,1.924988,0.165907,0.06595543
-0.390564,-0.0004997775,-0.007626794,1.92498,0.121285,0.02111654
-0.4162572,0.002588918,0.008612926,2.075541,0.1200757,0.07051936
-0.4159023,0.004233355,-0.002791247,2.02498,0.1212852,0.0211164
-0.4157586,0.02237043,-0.0004190277,2.075551,0.1710784,0.02001386
-0.4418555,-0.03334146,-0.07520917,2.02499,0.1658997,0.06595246
-0.4701022,-0.006569075,-0.03877499,2.02446,0.1200748,0.07051888
-0.4084239,0.02595736,0.006011441,2.075012,0.1659072,0.06595545
-0.4095897,0.004246862,-0.003954783,2.07502,0.121285,0.02111655
-0.4752131,0.01745144,0.03536116,2.124459,0.1200757,0.07051936
-0.4657652,0.004687575,-0.0009678665,2.17502,0.1212853,0.02111641
-0.4799727,0.03389886,0.005663216,2.124449,0.1710785,0.02001387
-0.496291,0.01083207,0.007870376,2.17501,0.1659001,0.06595261
-0.5404169,0.009901022,0.01606413,2.175541,0.1200749,0.07051889
-0.4414834,0.04549297,0.04723396,2.124988,0.1659074,0.06595559
-0.4384639,-0.0007441724,-0.007737687,2.12498,0.121285,0.02111655
-0.4647779,0.001823162,0.00913814,2.275541,0.1200759,0.07051943
-0.4601173,0.004055792,-0.003651034,2.22498,0.1212853,0.02111642
-0.4637415,0.02397087,-0.001496345,2.275551,0.1710786,0.02001396
-0.4852912,-0.03390443,-0.07259248,2.22499,0.1659004,0.0659528
-0.5151778,-0.006925554,-0.03902486,2.22446,0.1200749,0.07051891
-0.4499172,0.02905864,0.0107485,2.275012,0.1659082,0.06595601
-0.4531516,0.003893087,-0.004655858,2.27502,0.1212851,0.02111658
-0.5244703,0.01728204,0.04018757,2.324459,0.120076,0.07051949
-0.5115291,0.004567268,-0.001571777,2.37502,0.1212854,0.02111649
-0.527045,0.03644929,0.00516766,2.324449,0.1710787,0.02001402
-0.5382096,0.007749192,0.002918011,2.37501,0.165902,0.06595375
-0.5898816,0.009680523,0.01334487,2.375541,0.1200753,0.07051914
-0.4874316,0.04497807,0.04769857,2.324988,0.1659086,0.06595624
-0.4836583,-0.001248899,-0.007554644,2.32498,0.1212851,0.02111659
-0.5125065,0.002685649,0.009664445,2.475541,0.1200767,0.07052004
-0.503266,0.00435327,-0.004586134,2.42498,0.1212855,0.02111654
-0.5100003,0.02658407,0.0009022308,2.475551,0.1710795,0.02001454
-0.52616,-0.03495432,-0.07643706,2.42499,0.1659028,0.0659543
-0.5606592,-0.006550583,-0.04280777,2.42446,0.1200755,0.07051928
-0.4924197,0.0298601,0.01109788,2.475013,0.1659117,0.06595837
-0.4957624,0.004498513,-0.00540392,2.47502,0.1212853,0.02111678
-0.6351305,0.009440621,0.008466174,2.575541,0.1200771,0.07052057
-0.6257627,0.01735314,-0.001175139,2.575552,0.1710815,0.0200153
-0.5793895,0.001877282,-0.003957305,2.575011,0.1659087,0.06595869
-0.5731712,0.01761402,0.04229338,2.524459,0.1200772,0.0705204
-0.5762913,0.03496549,0.004124635,2.524449,0.1710799,0.0200149
-0.5315577,0.04249763,0.04704355,2.524988,0.1659134,0.06595961
-0.5301565,-0.0003216124,-0.006316723,2.52498,0.1212855,0.02111692
-0.001728418,0.06780519,-0.005841998,0.1220025,0.4753453,0.07487711
-0.001423711,0.06362239,7.147974e-05,0.1106448,0.4124538,0.01056116
-0.0154152,0.06752312,-0.0006375434,0.1751455,0.4751968,0.02195585
-0.000618632,0.07863992,0.01266595,0.1702125,0.4243041,0.07013636
0.0004679996,0.08329384,0.01484436,0.122006,0.4242627,0.07486601
-0.004890564,0.07134483,0.007203223,0.1701569,0.47456,0.07013303
-0.002547284,0.07377296,-0.0008624523,0.1106551,0.4874968,0.01056474
0.01546152,0.4508079,0.03081033,0.1206196,2.475553,0.07217512
-0.003896258,0.439072,-0.001492813,0.1226095,2.425248,0.022469
0.00681661,0.4475787,0.01266152,0.1726384,2.475574,0.02054893
-0.01184277,0.4939905,-0.002699362,0.1679077,2.425,0.06796766
0.006426519,0.5167898,0.002707832,0.1211553,2.424817,0.07311027
0.03166414,0.4558329,0.05743172,0.1671782,2.474984,0.06725397
-0.006524528,0.4248698,-0.001782496,0.1219912,2.474982,0.02185922
-0.004060882,0.4166026,-0.001258722,0.1206196,2.524447,0.07217489
0.00635634,0.4085817,-1.124656e-05,0.1726382,2.524426,0.02054882
-0.003135278,0.3926101,-0.005145444,0.1226093,2.574752,0.02246877
-0.0625272,0.5012693,-0.08740715,0.1679065,2.575,0.06796565
0.003676953,0.4497525,-0.003439465,0.1671779,2.525016,0.06725359
-0.02500845,0.4992816,-0.05759746,0.1211551,2.575182,0.0731092
0.01095269,0.4069626,0.01018588,0.1219911,2.525018,0.02185916
0.01104928,0.4657086,0.02712674,0.1218148,2.875512,0.07436485
0.000507662,0.4558541,0.0009422614,0.1106575,2.81248,0.01055604
0.01532524,0.4653119,0.008986097,0.1747412,2.87552,0.02179367
0.005835351,0.5139693,0.007390244,0.1697876,2.825011,0.06992305
0.0006587377,0.5472611,0.0295983,0.1219212,2.824491,0.07465988
0.03521801,0.4572483,0.05682128,0.1695928,2.874932,0.0697233
-0.002028923,0.4360252,-0.0008184025,0.1105444,2.887474,0.01042954
-0.0007706329,0.4461809,0.01700059,0.1213675,2.924938,0.07345126
0.02823963,0.441131,8.254311e-05,0.1738551,2.92494,0.02133638
0.01145431,0.4301055,0.01004633,0.1227378,2.975317,0.02260198
-0.0759156,0.5173025,-0.100453,0.1681447,2.975018,0.06826491
-0.0004614631,0.4555079,-0.009882296,0.1690124,2.925004,0.06913607
-0.01410506,0.523334,-0.04483635,0.1212531,2.975829,0.07342189
0.003434151,0.464552,0.002864075,0.1103397,2.912628,0.01021394
0.01207651,0.5050339,0.03403093,0.1212566,3.07515,0.07339035
-0.002041531,0.4459434,-0.002870806,0.1223404,3.024975,0.02221921
0.005277379,0.5054103,0.00590204,0.1738245,3.07514,0.02120493
-0.003558672,0.5597156,0.006107996,0.1676573,3.025009,0.06777068
0.008028542,0.579499,0.008425435,0.1208603,3.024463,0.07287766
0.04185038,0.5086471,0.07569974,0.1681167,3.074965,0.06822649
-0.01999864,0.4513331,-0.01949878,0.1227311,3.074691,0.02259375
-0.004130615,0.4480476,0.01001556,0.1213637,3.124003,0.07346459
0.01203403,0.4410425,-0.007505988,0.1738649,3.123982,0.02133262
0.001734465,0.4399842,0.000907572,0.1106194,3.187543,0.01051225
-0.04888213,0.5099302,-0.0785598,0.1695819,3.175016,0.06971914
0.02896873,0.4806911,0.02916586,0.169047,3.125035,0.06916797
-0.02179389,0.5176762,-0.0920929,0.1218073,3.175469,0.07437991
-0.007675454,0.4245311,-0.00780001,0.1098891,3.111167,0.009772916
0.01696697,0.4807546,0.03256093,0.1219708,3.475494,0.07481671
0.002823205,0.4742757,0.003412687,0.1106666,3.412483,0.01056716
0.01782244,0.4859092,0.008815773,0.1751669,3.475503,0.02195407
0.006824202,0.534816,0.01186615,0.1699309,3.425033,0.07009072
0.00689584,0.5654909,0.03557161,0.1219692,3.424507,0.07481458
0.03876614,0.4800655,0.06138991,0.1699419,3.474971,0.07009638
0.001765677,0.4379974,0.003366338,0.1106666,3.487517,0.01056731
0.0005530913,0.447918,0.01313339,0.121971,3.524506,0.07481718
0.01939004,0.4455313,-0.0023968,0.1751673,3.524497,0.02195429
0.002077381,0.4365867,0.0008082486,0.1106668,3.587517,0.01056728
-0.05739237,0.505827,-0.08324284,0.1699347,3.574968,0.07009476
0.01467724,0.4681654,0.00798109,0.1699427,3.525029,0.0700973
-0.01568193,0.5100673,-0.08244874,0.12197,3.575493,0.07481698
0.0006428167,0.4435493,0.0002421967,0.1106666,3.512483,0.01056732
0.01713553,0.4720372,0.03225586,0.1219713,3.675494,0.07481764
0.003794533,0.4661489,0.003737678,0.1106668,3.612483,0.01056728
0.02393588,0.4730735,0.01038125,0.1751678,3.675503,0.02195453
0.0134638,0.5254581,0.01182218,0.1699351,3.625032,0.07009503
0.007657018,0.5568384,0.03487628,0.1219701,3.624507,0.07481707
0.04431318,0.4691238,0.05967657,0.1699443,3.674971,0.07009852
0.002607893,0.4255627,0.003586502,0.1106666,3.687517,0.01056734
0.001870646,0.436043,0.01583839,0.1219714,3.724506,0.0748177
0.02520923,0.430826,-0.001584944,0.1751679,3.724497,0.0219546
0.002771964,0.4152131,0.001463238,0.1106668,3.787517,0.01056729
-0.04946288,0.4857728,-0.07765217,0.1699368,3.774968,0.07009607
0.02143172,0.4545815,0.009917425,0.1699448,3.725029,0.07009877
-0.01411621,0.4901333,-0.07657852,0.1219705,3.775493,0.07481732
0.001624557,0.4296367,0.0007975714,0.1106666,3.712483,0.01056734
0.01701196,0.4487654,0.03052988,0.1219721,3.875494,0.07481807
0.003252162,0.4417007,0.003370184,0.1106668,3.812483,0.01056729
0.02071559,0.4526625,0.008032248,0.1751684,3.875503,0.02195501
0.01475007,0.5010139,0.01555376,0.1699375,3.825032,0.07009647
0.008754333,0.5311839,0.03706981,0.1219707,3.824507,0.07481743
0.0403968,0.4488771,0.05652705,0.1699474,3.874971,0.07010032
0.002579634,0.4022522,0.00356179,0.1106666,3.887517,0.01056734
0.0009758538,0.4145649,0.01229468,0.1219725,3.924506,0.07481826
0.0213787,0.4147579,-0.003043097,0.1751688,3.924497,0.02195526
0.002918081,0.3978631,0.001868581,0.1106668,3.987517,0.01056732
-0.05229135,0.4680379,-0.0793526,0.1699418,3.974969,0.07009903
0.01622531,0.4331591,0.005546203,0.1699487,3.925029,0.07010111
-0.01413713,0.4735695,-0.07921923,0.121972,3.975493,0.07481799
0.001223293,0.4069211,0.0002455512,0.1106667,3.912483,0.01056735
0.01719555,0.4278383,0.03187693,0.1219747,4.075493,0.07481782
0.003571295,0.4234001,0.003420703,0.1106668,4.012483,0.01056734
0.02450363,0.4292735,0.008874312,0.1751692,4.075503,0.02195675
0.0202888,0.4818417,0.0188957,0.1699437,4.025031,0.07010012
0.01002487,0.5123733,0.03949769,0.1219727,4.024507,0.07481814
0.04375648,0.4259287,0.05626622,0.1699537,4.07497,0.0701034
0.003251461,0.3803971,0.003957255,0.1106668,4.087517,0.01056748
0.002005146,0.3917714,0.01485835,0.121975,4.124505,0.07481545
0.02599969,0.3904817,-0.002439992,0.1751674,4.124496,0.02195664
0.00387719,0.3664064,0.002819012,0.1106665,4.187516,0.01056689
-0.0450737,0.4377899,-0.0741276,0.1699345,4.174961,0.07008396
0.02024864,0.4085953,0.006241253,0.1699531,4.125026,0.07010089
-0.01254734,0.4447757,-0.07334745,0.1219707,4.175488,0.0748042
0.001955135,0.383362,0.000695655,0.1106669,4.112483,0.01056753
-0.0004378249,0.00136077,-0.0007029921,0.121338,0.1213246,0.274718
-0.01366025,0.00146156,-0.002109981,0.171393,0.1202208,0.2229195
0.0002718119,0.0161675,-0.001093649,0.1203674,0.1713068,0.2239162
-0.02109091,0.02386751,0.0005621225,0.1664392,0.1663626,0.2741201
-0.000789281,4.363261e-05,-0.00273782,0.1214888,0.1214317,0.2244172
-0.01938623,-0.0008368833,0.001739811,0.1711071,0.1201472,0.2746511
-0.001733328,0.01306787,-0.001432323,0.1202222,0.1710953,0.2752149
-0.0004659275,0.001061271,0.001877665,0.1212956,0.1212756,0.3248152
-0.01370138,0.01287484,-0.001569386,0.1663299,0.1662813,0.3243881
-0.01168423,0.0006656788,0.001387446,0.1709224,0.1201271,0.3752511
0.0004956204,0.01115578,-0.002966941,0.1201135,0.1709306,0.3754281
-0.0114422,0.0003962216,-0.0006689871,0.1709992,0.1201186,0.3239152
0.001133343,0.01173336,0.002328002,0.1201595,0.1709822,0.3242587
-0.0003382615,0.0006210929,-0.001940445,0.1212685,0.1212543,0.3749329
-0.0008583001,-0.0002302672,0.002119365,0.1212342,0.1212588,0.4749891
-0.01670027,-0.0005424518,-0.0007506262,0.1708962,0.1201064,0.4242711
-0.001629594,0.01115109,0.0004523438,0.1201089,0.1709063,0.4243781
-0.02112547,0.01712589,-0.0001846513,0.166139,0.1661685,0.4749025
-0.000150399,0.00096611,0.001847342,0.1212518,0.1212566,0.4249275
-0.01145207,0.001359204,0.0008733204,0.17086,0.1200909,0.4754383
0.0005056748,0.01613937,-0.0006074837,0.1201185,0.1708979,0.4754979
-0.0003956079,0.0004149982,-0.0009118793,0.1212272,0.1212551,0.5249626
-0.01087513,0.01194652,0.0009660547,0.1661167,0.1661587,0.5248837
-0.009560688,8.228388e-06,0.002030313,0.170738,0.120113,0.5755202
0.0001088524,0.01010381,-4.490364e-05,0.1200711,0.1709208,0.5755382
-0.00963468,-0.0006508446,-0.001810414,0.1708174,0.1200951,0.524392
-0.0009005146,0.01011689,0.001054184,0.1200985,0.1709008,0.5244276
-0.0005732091,0.0003886125,0.001951512,0.1211896,0.1212545,0.5750175
-0.0002995303,0.001001405,-0.0003213778,0.1211462,0.121263,0.6750137
-0.01144078,0.001051591,-0.001153966,0.1706706,0.1201127,0.6244309
0.00105277,0.01574114,0.001332111,0.120057,0.1709365,0.6244459
-0.01750601,0.02042974,0.0007624306,0.1660345,0.1661264,0.6750003
-0.0007721003,-0.0001596194,-0.001324594,0.1211546,0.1212623,0.6249763
-0.0156012,-0.001185084,0.001761635,0.1706483,0.1201136,0.6755297
-0.001207178,0.01149974,-0.00113793,0.1200531,0.1709377,0.6755286
-0.0007023527,0.0001827572,0.001167453,0.121152,0.1212606,0.7249699
-0.01533034,0.01419443,-0.0003791444,0.1660412,0.1661228,0.7249425
-0.01299711,-0.0008300114,0.001137323,0.1707227,0.120109,0.7755256
0.0005725943,0.01242837,-0.001523169,0.120063,0.1709092,0.7755134
-0.01084362,0.001466841,-0.0008060958,0.1706627,0.1201119,0.7244365
0.0002327438,0.01288948,0.002981431,0.1200548,0.1709314,0.7244345
-0.0009988852,0.001173683,-0.001113611,0.1211833,0.1212517,0.7750068
-0.0006909985,0.0006135854,-0.0002808057,0.1212145,0.1212573,0.8750197
-0.01199208,-8.522634e-05,-0.0004492707,0.1707812,0.1200966,0.8244484
-0.001215134,0.01089487,0.0009685887,0.1200806,0.1708853,0.8244406
-0.01448142,0.01350467,-0.0002795862,0.1660712,0.16613,0.8750226
-0.0003268292,0.0006707659,0.00114711,0.1212118,0.1212536,0.8249754
-0.01102555,0.001255558,0.0007620502,0.1708042,0.1200825,0.8755382
0.0005748976,0.01233569,-0.001285682,0.1201009,0.1708837,0.8755436
-0.0003205926,0.001090437,-0.0001307915,0.1212162,0.1212517,0.9249826
-0.01629136,0.0177721,0.000586661,0.1660676,0.1661234,0.9249734
-0.01322142,-0.0002004248,0.00205461,0.1707261,0.1201071,0.975558
0.0004839273,0.01436788,-0.001062907,0.1200655,0.1709085,0.9755634
-0.01427142,-0.0004861266,-0.002225058,0.1707829,0.1200893,0.9244582
-0.0006253413,0.01132166,0.0007515399,0.1200877,0.1708844,0.924465
-0.001141456,0.0008283989,0.001041336,0.1211856,0.1212498,0.9750299
-0.0006946429,0.0005983515,-0.000740806,0.1211553,0.12126,1.075019
-0.009129392,0.0005791663,-0.0006757788,0.1706706,0.1201085,1.024457
-0.001364846,0.01084858,0.0008675245,0.1200553,0.1709248,1.024465
-0.01118573,0.01239367,-0.0005093564,0.1660396,0.1661176,1.075026
-0.0003835044,0.0005145322,-9.734846e-05,0.1211553,0.121258,1.024985
-0.009493334,0.0003142519,7.742556e-05,0.1706701,0.1201103,1.075544
-0.0004539858,0.01001124,-0.00132265,0.1200563,0.170931,1.075539
-0.0006352765,0.001042006,0.0001091707,0.1211845,0.1212583,1.124973
-0.01618464,0.01777082,-0.0007525425,0.1660615,0.166123,1.124961
-0.01230544,0.0004101609,0.001577337,0.1707734,0.1201004,1.175537
0.0004650363,0.01491904,-0.002427727,0.1200887,0.1709397,1.175527
-0.01409776,-0.0007276948,-0.002236878,0.1707215,0.1201116,1.124441
-0.0003889104,0.01213583,0.001410774,0.1200676,0.1709305,1.124439
-0.001298247,0.0008057439,0.0001282653,0.1212102,0.1212805,1.175016
-0.001469828,0.0008163315,0.001750198,0.1212383,0.1212739,1.275019
-0.01202804,0.0002560958,-0.002191713,0.1708245,0.1201016,1.224457
-0.001472625,0.01095037,0.0008946581,0.1200984,0.170932,1.224458
-0.01476841,0.01298255,0.001102075,0.1660979,0.1661431,1.27503
-0.0008263277,0.0003667707,-0.0009859948,0.1212372,0.1212744,1.224981
-0.01247958,-0.0009263617,0.002943214,0.1708281,0.1201023,1.275544
-0.0001011874,0.01056834,0.0009350355,0.1200994,0.1709312,1.275543
-0.0008896141,0.0009731689,0.001709544,0.1212136,0.1212781,1.324983
-0.01421155,0.01592432,0.001360704,0.1660789,0.1661408,1.324979
-0.01135532,0.0005334851,7.125665e-06,0.1707446,0.1201125,1.375557
0.0006999671,0.01446556,-0.002966312,0.1200641,0.1709167,1.375556
-0.01110355,0.001215031,-0.0005639275,0.1707847,0.120102,1.324463
0.0005006179,0.01434741,0.003616005,0.1200886,0.1709348,1.324472
-0.001037155,0.001168367,-0.001340509,0.1211912,0.1212529,1.375025
-0.001400796,0.0004479034,0.001013039,0.1211972,0.1212401,1.47501
-0.01221406,-0.001020881,-0.002780907,0.1707137,0.120109,1.424452
-0.0003923017,0.01119655,-0.0002071288,0.1200562,0.1709066,1.424453
-0.01416873,0.01330122,0.001825708,0.1660764,0.1660973,1.47502
-0.001751392,0.000803832,-0.001276332,0.1211703,0.1212507,1.424977
-0.01195263,-0.0002529624,0.003167391,0.17076,0.1201044,1.475535
-0.001284212,0.0109947,-0.0002358485,0.1200664,0.1708806,1.475523
-0.0006392485,0.0008453954,0.001096289,0.1212268,0.1212316,1.52498
-0.01184428,0.01421438,0.001771769,0.1660964,0.1660832,1.524971
-0.01013667,-0.0003651225,-0.0001378067,0.1708673,0.1200599,1.57556
0.000828012,0.01259201,-0.002386038,0.1201121,0.1707702,1.575557
-0.01027299,0.0007229056,0.0004067994,0.1708215,0.1200863,1.524463
-5.299919e-05,0.01233499,0.002857856,0.1200875,0.1708322,1.524449
-0.001024252,0.001283959,-0.0009791438,0.1212361,0.1212001,1.575029
-0.0009431524,0.0009119233,0.0007031367,0.1212348,0.1212015,1.675011
-0.01386356,-0.0001873604,-0.00254731,0.1708804,0.1200507,1.624458
-0.000838904,0.01163615,0.000613951,0.1201138,0.1707295,1.624452
-0.01638093,0.01638435,0.0003927086,0.1660954,0.1660739,1.675022
-0.0007807772,0.0009053027,-0.001315455,0.1212434,0.1211753,1.62498
-0.01336118,-0.0004158139,0.001914624,0.1708608,0.1200589,1.675523
-0.0005861932,0.0116039,-0.0007363092,0.1201109,0.1707748,1.675536
-0.0009364599,0.001104885,0.0005941508,0.1212252,0.121231,1.72498
-0.01159281,0.01271367,0.0003413584,0.1660818,0.1660936,1.724973
-0.009225678,0.0007826287,0.0004711883,0.1707403,0.1201047,1.775559
-0.0007855731,0.0104492,-0.001691296,0.1200633,0.1708876,1.775566
-0.00933379,-0.0004189915,0.0001819393,0.1708117,0.120079,1.72445
0.0007694082,0.01076819,0.001311441,0.120092,0.1708375,1.724463
-0.0005260803,0.0004485639,-0.0008906994,0.1211893,0.1212412,1.775031
-0.001471692,0.00139302,0.0003918439,0.1211442,0.1212609,1.875021
-0.01357828,-3.894297e-05,-0.002378881,0.1706695,0.1201091,1.824459
-0.0007442912,0.01170763,0.001318441,0.1200502,0.1709176,1.82447
-0.01847496,0.01741756,0.0006214496,0.166022,0.1661196,1.875031
-0.0005186612,0.0008168811,-0.000191492,0.1211533,0.1212547,1.824987
-0.01500527,-0.001135755,0.002193959,0.1706438,0.1201117,1.875548
0.00111139,0.01518949,-0.001598978,0.1200496,0.1709347,1.875545
-0.0004040991,0.0006362955,1.983553e-05,0.1211478,0.1212632,1.924977
-0.0102023,0.01259068,-0.0001158063,0.1660269,0.1661231,1.924968
-0.009154631,0.0005353914,0.0003633428,0.1706971,0.1201132,1.975533
0.0002812445,0.0103177,-0.002173599,0.1200613,0.1709396,1.975526
-0.009235446,0.0003828024,-0.0002463508,0.1706511,0.1201126,1.92445
-0.001225111,0.01070768,0.0008947488,0.1200522,0.1709396,1.924449
-0.0006692712,0.0008729051,-0.001053747,0.1211746,0.1212627,1.975013
-0.0008100119,0.001139023,0.0009616965,0.1211916,0.1212887,2.075025
-0.01304641,1.683761e-05,-0.002488813,0.1707332,0.1201111,2.02445
-0.001506539,0.01076352,0.0008395908,0.1200761,0.1709566,2.024442
-0.01728325,0.0176018,-0.001325705,0.1660638,0.1661428,2.075039
-0.000323822,0.000669405,-0.001341944,0.1211904,0.1212886,2.024976
-0.01474865,-0.0009533326,0.002252079,0.170737,0.1201119,2.075553
0.0004734446,0.0127071,-0.0007140929,0.1200778,0.1709569,2.07556
-0.0005345487,0.0008679683,5.249981e-06,0.1211788,0.1212629,2.124987
-0.01435511,0.01375657,0.000471427,0.1660556,0.1661284,2.124985
-0.01178478,-3.106909e-05,0.0002131132,0.1706786,0.120112,2.175551
-0.0006833103,0.01098437,-0.001400819,0.1200586,0.170938,2.175548
-0.01095568,0.001356298,-0.000809542,0.170709,0.1201141,2.124468
0.0007530315,0.01264937,0.0009148675,0.1200649,0.1709389,2.124474
-0.0003680906,0.0007131352,-0.001493476,0.121159,0.121264,2.175022
-0.0007785478,0.0001022706,-0.0006457518,0.1211985,0.1212863,2.275019
-0.01271416,-0.0006682852,-0.001454682,0.170712,0.1201136,2.224449
1.747428e-05,0.01121617,0.001035046,0.1200663,0.1709381,2.22445
-0.01522789,0.01334189,0.0004583449,0.1660668,0.1661536,2.275042
-0.0009497878,0.001040765,0.000720864,0.1211809,0.1212622,2.224977
-0.01079892,0.001452741,0.0008123608,0.1707451,0.1201061,2.275546
0.0001210743,0.01229597,-0.002372973,0.1200842,0.1709555,2.275541
-0.0002179975,0.0009677928,0.000589544,0.1212005,0.1212858,2.32499
-0.01725703,0.02032929,-0.0004965209,0.16607,0.1661542,2.324999
-0.01102697,0.001425872,0.0008957584,0.1707351,0.1201163,2.375576
0.0007933812,0.01555468,-0.001167598,0.1200668,0.1709341,2.375573
-0.0150004,-0.00108773,-0.00129114,0.1707497,0.1201069,2.324476
-0.001080316,0.01165171,0.001196099,0.120085,0.1709538,2.324482
-0.0007496594,-0.0002565882,0.001146418,0.1211875,0.1212597,2.375031
-0.0004939505,0.0003014406,0.0008221069,0.1212035,0.1212456,2.475021
-0.009248031,-0.0005819467,-0.002337863,0.1707184,0.1201149,2.424473
0.0003126683,0.009810416,0.0001109202,0.1200612,0.1709214,2.424474
-0.01059524,0.01153867,-0.001107319,0.166117,0.1661354,2.475072
-0.0008065474,0.0005548133,-0.001812403,0.1211713,0.121257,2.424985
-0.009180157,-0.0006462332,0.001697335,0.1707844,0.1201121,2.475564
-0.001072121,0.009999955,-0.0009404216,0.1200722,0.1708971,2.475551
-0.001070291,-3.609832e-06,-0.001956581,0.121239,0.1212339,2.524994
-0.02070333,0.0175153,0.0003120432,0.1661506,0.1661277,2.525027
-0.01593299,-0.0006428474,0.0006737022,0.1709334,0.1200731,2.57562
-0.001448283,0.0112879,-0.0006948533,0.1201329,0.1707815,2.57561
-0.01174859,0.001182851,-0.001143651,0.1708599,0.120096,2.524498
0.0004483539,0.0162093,0.0008126347,0.1200984,0.1708444,2.524484
-8.818659e-05,0.0009016262,-0.001653755,0.1212571,0.1211983,2.575052
-0.0005211385,0.0006437652,-0.002569181,0.1212903,0.1211645,2.675088
-0.01049508,0.0007545029,-0.001294885,0.1709773,0.1200671,2.624548
0.0005810823,0.01115035,0.002369146,0.1201468,0.1707207,2.62453
-0.01190199,0.01324762,0.0009701839,0.1663082,0.1661932,2.675295
-0.0006313229,0.0007274289,0.001143024,0.1212757,0.1211648,2.625019
-0.01017679,0.0002080847,-0.0003978354,0.1710242,0.1200799,2.675694
0.0001513582,0.01063378,-0.002491179,0.1201682,0.1707293,2.67569
-0.0003599649,0.001304374,0.0008229178,0.1213104,0.1211856,2.725122
-0.02072652,0.02375201,-0.002099482,0.1663883,0.1662741,2.725422
-0.01296427,0.00152455,0.001238896,0.171095,0.1202212,2.77608
0.0005718196,0.01737776,0.0002406973,0.1203018,0.1708445,2.776086
-0.01869065,-0.001143555,-0.002112232,0.1710692,0.1201116,2.724735
-0.00180796,0.01288739,0.001092679,0.1201996,0.1707763,2.724724
-0.001177804,-5.561021e-05,0.001282,0.1213537,0.1212462,2.775325
-0.0007978892,0.0005380491,-8.996137e-05,0.121599,0.1216103,2.876146
-0.01638427,0.0001514226,-0.002848649,0.1710715,0.1204123,2.82548
0.0005476965,0.01708009,0.001124005,0.1204735,0.1709335,2.825479
-0.01736509,0.01669718,-2.854769e-05,0.1675289,0.1675167,2.878798
-0.002241359,0.002495139,-0.001375847,0.1214049,0.1213519,2.825513
-0.01202388,0.002668908,0.0002639185,0.1702616,0.1210906,2.876886
-0.00266849,0.01171628,-0.0001176646,0.1210849,0.1702685,2.87687
-0.003208839,0.003083507,-0.0004915145,0.1222705,0.1223768,2.92617
-0.01969646,0.01959676,0.000101419,0.1681573,0.1682,2.931758
-0.01488693,0.003476837,0.0003106261,0.1739429,0.1224761,2.977659
-0.003813326,0.0146285,-0.0002890379,0.1224212,0.1741046,2.977701
-0.02039891,0.001616197,-0.001209746,0.1718334,0.121147,2.928001
-0.001184774,0.02024553,0.0006289341,0.1210792,0.1719845,2.928015
-0.00113256,0.001178788,0.000109293,0.1236183,0.1236829,2.976401
-0.03497737,0.001926178,-0.0003723646,0.2739724,0.1214457,2.926945
-0.02732025,0.0139128,0.002520427,0.2211138,0.1682067,2.931808
-0.02480472,0.003205139,-0.0014437,0.2239636,0.1221335,2.977973
-0.03993695,0.01484693,-0.003003522,0.274228,0.1733267,2.978593
-0.0254628,0.001880378,0.0001729735,0.2229142,0.1214498,2.928882
-0.03718968,0.01665978,-0.0002847209,0.2730226,0.1685862,2.931503
-0.03450263,0.004256247,-0.00120944,0.2742227,0.1226593,2.977456
-0.08040085,0.004554112,-0.002248068,0.5238773,0.1214711,2.926223
-0.1136452,0.02213705,-0.01228759,0.5749153,0.1697044,2.930236
-0.1047983,0.0009500226,0.000951392,0.587527,0.1105605,2.989548
-0.07980305,0.01261387,-0.003450674,0.5239324,0.1740735,2.978569
-0.1228355,0.002921975,-0.02751292,0.5754301,0.1217973,2.92562
-0.08258832,0.02129443,-0.009190125,0.5248626,0.1694458,2.930549
-0.07475901,0.004333466,-0.002933941,0.5111309,0.1099395,2.990167
-0.1190669,0.005008312,-0.00682801,0.6753724,0.1220903,2.924836
-0.1235093,-0.004480387,0.01317401,0.6249661,0.1696436,2.930267
-0.1011496,-0.002847969,0.003279228,0.6127196,0.110453,2.989657
-0.1074144,0.01670214,-0.003192885,0.6754228,0.175506,2.977937
-0.1159423,-0.0004154195,0.01572298,0.624883,0.1216422,2.925757
-0.1195707,0.01004291,0.002121752,0.6748996,0.1694657,2.930428
-0.1277755,0.009265984,0.0006855625,0.6749636,0.1237291,2.976374
-0.2125098,0.007352343,-0.002850845,1.12496,0.1216521,2.925709
-0.2696783,0.02526494,-0.02365071,1.17497,0.1695345,2.93033
-0.2496562,0.007287215,-0.002846122,1.174996,0.123781,2.976326
-0.2160682,0.01203563,-0.004353762,1.124951,0.1746355,2.978357
-0.2816191,0.01471899,-0.03002057,1.175443,0.1221305,2.924714
-0.2165959,0.0494858,-0.05440533,1.125043,0.1696406,2.930252
-0.2046853,-0.001418429,0.002341104,1.112717,0.1104669,2.989644
-0.2215456,0.002293646,-0.01258528,1.275419,0.1218887,2.925339
-0.2599375,-0.0270517,0.06016573,1.225011,0.169665,2.930202
-0.2379432,0.0008074437,-0.001197651,1.211066,0.1101852,2.989915
-0.2253887,0.02633721,-0.001862868,1.275441,0.1750133,2.978126
-0.2701954,0.0005448153,0.04286194,1.223992,0.1216572,2.925678
-0.2319913,0.0132287,0.008831232,1.274971,0.1698343,2.930059
-0.2393195,0.001955206,0.0005293827,1.287529,0.110643,2.989459
-0.00129462,0.07061522,0.006285704,0.1220082,0.475389,2.925108
0.001467738,0.07994402,-0.01094778,0.1701976,0.4247184,2.929834
-0.00158659,0.06392803,-4.837175e-05,0.1106476,0.4124823,2.989448
-0.01588078,0.06808304,0.0005495116,0.175122,0.4754815,2.97802
-0.0001176727,0.07863243,-0.01004163,0.1219978,0.4243342,2.925163
-0.004516187,0.07204127,-0.006105239,0.1701761,0.4748203,2.929826
-0.002545307,0.07512182,0.0007345895,0.1106645,0.4875118,2.98943
-0.003061215,0.0718621,-0.003483539,0.1219946,0.5244043,2.925126
-0.02952375,0.1127714,0.0212728,0.1699579,0.5748611,2.929971
-0.007396696,0.07182991,0.002642296,0.1751151,0.5244765,2.978028
-0.005917736,0.1051521,-0.0002289607,0.1106468,0.5875009,2.989453
-0.02340191,0.07984225,0.008579114,0.1701314,0.5248705,2.929847
-0.003847505,0.119384,0.03172203,0.1219542,0.5754025,2.925255
-0.002179029,0.07986475,0.0004249863,0.1106643,0.5124783,2.98943
-0.005152687,0.138705,-0.006201189,0.1213236,0.9240072,2.926659
-0.04661049,0.2032963,0.04763654,0.1695295,0.9749979,2.930376
-0.006430939,0.1451497,0.003492854,0.1737577,0.9239874,2.978702
-0.003634693,0.1733845,0.002926418,0.1106117,0.9875422,2.989485
-0.01875933,0.1622795,0.01440703,0.1689768,0.9250207,2.93096
-0.01696766,0.2126535,0.05812413,0.1217958,0.9754618,2.925719
-0.007450841,0.1462428,0.005694103,0.1098722,0.9111756,2.990241
0.002008352,0.1832,-0.001821436,0.1218279,1.075523,2.925596
0.005565224,0.2203719,-0.03090558,0.1697139,1.025028,2.930185
-0.00293217,0.18846,0.0004911285,0.1106367,1.012491,2.989457
-0.009905692,0.1868403,-0.003632082,0.1747946,1.075553,2.978199
0.002488429,0.2330452,-0.03738146,0.1218999,1.024507,2.925475
0.01045938,0.1897741,-0.03703321,0.1696435,1.074952,2.930269
-0.001951294,0.1848413,0.0005544406,0.1105553,1.087482,2.989554
0.003944292,0.2969929,-0.0108438,0.121791,1.675538,2.925692
0.00435291,0.3532111,-0.02569782,0.1694923,1.625051,2.930401
-0.007274569,0.3090125,0.005321851,0.1105353,1.612523,2.98957
-0.002009711,0.303599,-0.005438488,0.1746865,1.675557,2.978229
-0.001683147,0.3682781,-0.03982853,0.1217871,1.624474,2.925763
0.0236239,0.3079639,-0.05486445,0.1695413,1.674972,2.930366
-0.001588148,0.2972081,0.0008882061,0.1105475,1.687484,2.989563
-0.001828158,0.4139588,-0.006689268,0.121926,2.52453,2.925344
-0.06280953,0.4691762,0.08164073,0.1698825,2.574981,2.929972
0.008693412,0.4013722,-0.0001286477,0.1750314,2.524517,2.978099
0.0009402032,0.4055428,1.579528e-05,0.1106648,2.587517,2.989435
0.004579817,0.4279265,0.0003626572,0.1698044,2.525061,2.930062
-0.01674024,0.4785433,0.0789281,0.1219559,2.575501,2.925239
-0.002719891,0.4018973,0.002921854,0.1106461,2.512495,2.989457
0.01141371,0.445857,-0.02133278,0.1219688,2.675495,2.925189
0.005370567,0.5009382,-0.01106311,0.1699137,2.625039,2.929933
-0.0003338924,0.4397479,-0.000501553,0.1106658,2.612484,2.989434
0.009796071,0.4452757,-0.01091448,0.1751617,2.675505,2.978048
0.00218155,0.5295394,-0.02944937,0.1219637,2.624511,2.925201
0.03673315,0.451527,-0.06009664,0.1699336,2.674973,2.929914
0.001450358,0.4224737,-0.002204108,0.1106665,2.687517,2.989433
-0.005531426,0.4245294,-0.008045409,0.1219698,2.724507,2.925186
-0.06555087,0.4988524,0.08960447,0.1699298,2.774968,2.929911
0.01487356,0.4101148,0.0004046856,0.1751646,2.724498,2.978047
0.001310841,0.4316269,-9.901468e-06,0.1106667,2.787517,2.989433
0.004291507,0.452794,0.002093327,0.1699375,2.72503,2.929908
-0.02122289,0.5010201,0.08548905,0.1219692,2.775493,2.925186
-0.0008642417,0.435183,0.001448189,0.1106665,2.712483,2.989433
0.004534959,0.4417656,-0.007107432,0.1214947,3.12482,2.925964
-0.06246691,0.5245267,0.08629459,0.1684606,3.174904,2.931415
0.0183303,0.4396181,-0.005418525,0.1744529,3.124815,2.978546
0.003557665,0.402553,-0.001038472,0.1230282,3.174626,2.977099
0.005407194,0.4756107,0.002167858,0.1685681,3.125044,2.931312
-0.01859236,0.511761,0.04936977,0.121458,3.175146,2.926083
0.01875549,0.4495996,-0.0143575,0.1230641,3.125339,2.977058
0.007318735,0.4837529,-0.03965623,0.1211756,3.275922,2.927066
0.01242139,0.5383033,-0.0262152,0.1688227,3.224949,2.931058
-0.003365586,0.468589,0.002481482,0.1098909,3.211111,2.990229
0.01816917,0.484557,-0.002210957,0.173375,3.275941,2.978858
-0.005161985,0.5581057,-0.0346549,0.1212658,3.223973,2.926772
0.03079689,0.4603415,-0.05430347,0.1686115,3.274957,2.931285
0.01007445,0.4036677,-0.01282302,0.1098231,3.288841,2.990304
0.006046571,0.4498499,6.098957e-05,0.1210704,3.324789,2.927217
-0.07422687,0.5145797,0.09506853,0.1667475,3.374927,2.933173
0.004905621,0.4451943,-0.005382517,0.1732648,3.324799,2.978985
0.007911889,0.3895469,-0.005599757,0.1217994,3.374891,2.978352
0.000887764,0.4593033,0.006359723,0.1676246,3.324979,2.932287
-0.01093086,0.5230489,0.03337494,0.1204643,3.375493,2.928355
0.01118337,0.4142342,-0.007004289,0.1225094,3.325229,2.977649
0.01128626,0.501251,-0.03017802,0.1201443,3.47551,2.929295
0.004662109,0.5479495,-0.006318253,0.1662622,3.424929,2.933671
0.001162675,0.3976677,0.001021385,0.1214626,3.424887,2.978699
0.007645282,0.4980295,-0.002566769,0.1712507,3.475516,2.97994
0.005326026,0.5713405,-0.008242124,0.1202265,3.424395,2.929013
0.0367152,0.493022,-0.06159408,0.16607,3.474978,2.933874
-0.01394765,0.4067254,0.0135269,0.1213523,3.474984,2.978818
-0.001366486,0.3777144,-0.002995475,0.1211112,4.124237,2.927062
-0.04207173,0.4413719,0.07555623,0.1688627,4.175031,2.931023
0.01157665,0.3788544,0.004429312,0.1734001,4.124213,2.978943
-0.005040274,0.3922185,0.006935347,0.1103286,4.187378,2.9898
0.021405,0.4088485,-0.006446404,0.1677737,4.125047,2.932109
-0.01847595,0.4390263,0.08191817,0.1213183,4.175099,2.926723
-0.006187312,0.3872265,0.01123217,0.1225573,4.12478,2.977595
-0.006639694,0.006779791,0.0004695904,0.1325156,0.1320598,0.05877413
-0.005542882,0.001217535,0.001145624,0.1342608,0.109232,0.08587119
-0.0006962406,0.006044893,-0.001723323,0.1093693,0.1343742,0.08721996
-0.002063075,0.002222306,-0.0005165001,0.1104226,0.1103713,0.0614231
-0.006014256,0.001054704,-0.0004013078,0.134971,0.1094916,0.05949065
-0.001400468,0.005526005,0.001238571,0.1099891,0.1345411,0.06109846
-0.007612685,0.006474611,-0.0007072808,0.1315897,0.1313919,0.08481731
-0.007720288,0.008600926,0.002150629,0.1326342,0.1586757,0.03218853
-0.01043553,0.02089186,-0.0002276825,0.1346026,0.1857757,0.009293019
-0.001487958,0.02089187,-0.004109493,0.1094271,0.1871715,0.03464278
-0.001663264,0.01047472,-0.0002547802,0.1104576,0.1614443,0.01040333
-0.002413443,0.008675216,-0.0009786189,0.1100145,0.1610769,0.03464674
-0.008526281,0.02037025,0.0001724789,0.1318389,0.1847112,0.0316302
-0.008977992,0.007730992,-0.0009035921,0.1351401,0.1594379,0.00953729
-0.006581713,0.006348846,0.0007292767,0.1329196,0.1321999,0.03225149
-0.001779504,0.001347875,-0.0002149388,0.1108952,0.1108697,0.03635274
-0.004770755,0.0006850759,-0.0001356242,0.1384983,0.1101547,0.01012059
-0.002450843,0.007134133,-0.0003814171,0.110887,0.1364342,0.01084922
-0.004768055,0.0006047945,-0.0001271151,0.1358058,0.1096045,0.03434553
-0.001674088,0.006551639,6.672171e-05,0.110073,0.1354778,0.0354771
-0.005732401,0.006681782,5.540136e-06,0.1358879,0.1343785,0.009572933
-0.009224994,0.1064836,0.001100334,0.1323173,0.6624466,0.03222879
-0.005323717,0.1285967,-0.005691562,0.1097621,0.6876822,0.03534947
-0.004194136,0.08733972,-0.003106623,0.1101808,0.6610884,0.01009028
-0.01927196,0.1317993,-0.008749511,0.135604,0.6876854,0.009723596
-0.003579107,0.09623062,0.009373722,0.1095534,0.6617021,0.03519038
-0.02613024,0.1271815,-0.01370377,0.132647,0.6875145,0.03254551
-0.00220072,0.09502129,-0.006813606,0.1354323,0.661693,0.009504816
-0.0142649,0.1318567,-0.003593828,0.1329548,0.7624854,0.03284276
-0.02572252,0.17497,-0.003318648,0.1359812,0.7878396,0.00989115
-0.01079422,0.1792381,-0.0095327,0.1099259,0.787832,0.03573785
-0.002297351,0.1174522,0.001924524,0.1106541,0.7625003,0.01056518
-0.004724909,0.1147402,-0.001685984,0.1098956,0.7622509,0.03574322
-0.0346367,0.1760239,-0.01456734,0.1329563,0.7874995,0.03285616
-0.01012622,0.1222325,-0.00501707,0.1359825,0.7622551,0.009863693
0.006998815,0.1247188,0.01274329,0.1329239,0.7375112,0.03280802
0.001408921,0.1389322,0.008532672,0.1098664,0.7121251,0.03557883
-0.004048846,0.1407667,-0.0009824037,0.1358282,0.7121322,0.009834862
-0.0002270918,0.1203988,-0.002289748,0.1106404,0.7375112,0.0105507
-0.002071596,0.131778,0.01039866,0.132841,0.7124976,0.03273241
0.002640312,0.121599,0.002438494,0.1098826,0.7377388,0.03570447
-0.002502682,0.127912,0.004194199,0.1359465,0.7377475,0.009851921
0.01413597,0.1574576,0.01381,0.1329725,0.837503,0.03286678
-0.004324769,0.177428,0.002664581,0.1359865,0.8121573,0.009892949
0.001971976,0.1970751,0.008824132,0.1099275,0.8121518,0.0357445
0.001874082,0.1435835,-0.004198273,0.1106617,0.8375003,0.0105718
0.003954963,0.1589777,0.006708422,0.1099053,0.8377378,0.03576674
-0.004962739,0.1934036,0.00744184,0.1329618,0.8124843,0.0328633
0.008652277,0.1578449,0.002893526,0.1360054,0.837743,0.009869892
-0.001653497,0.1511828,0.0006226701,0.1329722,0.8624838,0.03286937
-0.006316658,0.171142,-0.008119657,0.1099303,0.8878339,0.03574471
0.0006692536,0.135383,-0.0004648667,0.1106623,0.8624971,0.01057145
-0.01419024,0.1719269,-0.003761672,0.1359901,0.8878398,0.00989325
-0.00347619,0.1466294,0.000110991,0.1099066,0.8622518,0.03576654
-0.02545332,0.1651097,-0.01800673,0.1329629,0.8875019,0.03286768
0.00069534,0.1469526,-0.001891383,0.1360065,0.8622533,0.009869611
-0.01154405,0.1700084,-0.008238381,0.1329727,0.9624868,0.03286918
-0.02155757,0.2208449,-0.0109538,0.1359907,0.9878406,0.009893037
-0.01015096,0.224333,-0.01724259,0.1099304,0.9878369,0.03574402
0.002226472,0.1546586,-0.002228103,0.1106626,0.9624978,0.01057105
-0.006902252,0.161923,-0.002752467,0.109907,0.9622546,0.03576588
-0.03524788,0.2199422,-0.03036381,0.1329635,0.9875048,0.03286669
-0.005274751,0.1488261,-0.005058299,0.1360073,0.9622541,0.009869511
0.005338824,0.1620438,0.01978719,0.1329724,0.9375065,0.03286921
0.0005016455,0.185264,0.00515419,0.1099301,0.9121563,0.03574521
-0.006394691,0.1819038,0.002113266,0.1359902,0.9121575,0.009893291
-0.004431806,0.1593175,-0.0002124812,0.1106625,0.937501,0.01057115
-0.001426772,0.1739984,0.01075197,0.1329633,0.9124873,0.03286825
0.004135643,0.166599,0.006539014,0.109907,0.9377402,0.03576595
-0.005074381,0.1613178,0.004746799,0.1360071,0.9377444,0.009869563
0.01501839,0.201229,0.01852832,0.1329729,1.037508,0.03286849
-0.004318559,0.2375105,0.0004100113,0.1359907,1.012158,0.009893046
0.001609307,0.2485239,0.006414442,0.1099303,1.012159,0.03574422
-0.0006169735,0.1842436,-0.004607744,0.1106626,1.037502,0.01057087
0.003910378,0.2095641,0.00913324,0.1099071,1.037742,0.03576558
-0.008147811,0.2421578,0.00203418,0.1329638,1.01249,0.03286687
0.01136673,0.2112283,0.004863413,0.1360074,1.037745,0.009869395
0.00314512,0.1946203,0.00613743,0.1329731,1.062489,0.03286866
-0.006186265,0.2145671,-0.008233663,0.1099304,1.087839,0.03574407
0.0007688018,0.1740304,-0.0007317947,0.1106625,1.062498,0.01057082
-0.01366533,0.2148036,-0.003363111,0.1359906,1.087841,0.009892941
-0.002700198,0.1929634,0.001819177,0.109907,1.062256,0.03576577
-0.02655337,0.2059728,-0.01922782,0.1329641,1.087507,0.03286638
0.004680573,0.1937193,0.0004323161,0.1360074,1.062254,0.009869376
-0.007792966,0.2083882,-0.004699494,0.1329771,1.16249,0.03286407
-0.02184999,0.2629209,-0.01201708,0.1359906,1.187841,0.009893442
-0.01091358,0.2675248,-0.02056616,0.1099286,1.18784,0.03574504
0.001464968,0.1898075,-0.002465861,0.1106622,1.162498,0.01057258
-0.00634494,0.202936,-0.0004268463,0.1099033,1.162258,0.03576642
-0.03632431,0.2632729,-0.03436724,0.1329666,1.187507,0.03286339
-0.004064578,0.1893407,-0.006225104,0.1360072,1.162255,0.009870913
0.008113559,0.2014157,0.02051213,0.1329755,1.13751,0.03286553
3.381783e-05,0.2305851,0.003794741,0.1099301,1.11216,0.03574407
-0.005388863,0.2270052,0.002323332,0.1359908,1.112159,0.009892977
-0.005125979,0.196048,-0.0007420458,0.1106625,1.137502,0.01057211
-0.00112496,0.2162827,0.008677837,0.1329647,1.112492,0.03286592
0.004535499,0.2115431,0.008024616,0.1099045,1.137742,0.03576557
-0.003116548,0.2050659,0.005850993,0.1360075,1.137746,0.009870455
0.01504603,0.2462935,0.02031138,0.1329769,1.23751,0.03286432
-0.006955056,0.2868127,-0.0009196395,0.1359907,1.212159,0.009893422
0.001390683,0.296959,0.004401348,0.1099286,1.21216,0.03574517
-0.001279796,0.2237599,-0.004758844,0.1106622,1.237502,0.01057261
0.004784647,0.2585484,0.01193165,0.1099034,1.237743,0.03576668
-0.01359306,0.2895789,-0.003287772,0.1329666,1.212493,0.03286351
0.01177917,0.2595983,0.005007691,0.1360071,1.237745,0.009871009
0.005912881,0.2376968,0.01085439,0.1329754,1.26249,0.03286607
-0.006064659,0.2557136,-0.007814074,0.10993,1.28784,0.03574491
0.001147068,0.2110284,-0.0008278388,0.1106625,1.262498,0.01057216
-0.01374405,0.2554835,-0.003715039,0.1359907,1.287841,0.0098931
-0.001266808,0.23753,0.00444809,0.1099045,1.262258,0.03576609
-0.0281139,0.2465395,-0.0195232,0.1329642,1.287508,0.03286664
0.006633722,0.2372449,0.001500046,0.1360074,1.262254,0.009870556
-0.005795552,0.2476706,0.0001048892,0.132973,1.362489,0.03287035
-0.0234995,0.3035391,-0.01377346,0.1359942,1.38784,0.009886675
-0.01116152,0.3088361,-0.02112893,0.1099425,1.387842,0.03574074
0.0008659684,0.2251711,-0.002064911,0.1106632,1.362498,0.01056954
-0.004958994,0.2433273,0.002610483,0.1099112,1.362259,0.03576569
-0.03849309,0.3047058,-0.03586329,0.1329712,1.387507,0.03286309
-0.004251121,0.231682,-0.006846239,0.136008,1.362253,0.009867554
0.007726062,0.2417206,0.02158956,0.1329723,1.33751,0.03287008
7.602817e-05,0.2736186,0.003798326,0.1099304,1.312161,0.03574518
-0.006583597,0.2700441,0.001327026,0.1359905,1.312159,0.009893091
-0.005110992,0.2323345,-0.00117541,0.1106626,1.337502,0.01057081
-0.004455675,0.2576269,0.006876446,0.1329636,1.312492,0.03286759
0.004882619,0.2544454,0.0097532,0.1099075,1.337744,0.03576673
-0.00286209,0.2492029,0.005707633,0.1360072,1.337745,0.009869453
0.01235239,0.3265092,0.01459191,0.1329722,1.662491,0.0328739
-0.00594714,0.34012,-0.01251067,0.1099435,1.687841,0.03574136
4.934878e-06,0.2903274,-0.001942054,0.1106649,1.662498,0.01056673
-0.009832662,0.3397007,-0.002364347,0.1359939,1.68784,0.009886467
0.0005534372,0.3300993,0.006603999,0.1099192,1.662255,0.03576361
-0.02237897,0.3292838,-0.02120277,0.1329713,1.687507,0.03286468
0.0111083,0.3316759,0.005108308,0.1360096,1.662256,0.009864046
0.01597798,0.3206592,0.01963177,0.1329723,1.737509,0.03287388
-0.0003418082,0.3591935,0.0007423037,0.1099435,1.712159,0.03574136
-7.942229e-05,0.3574038,0.001209975,0.1359939,1.71216,0.009886467
-0.003650826,0.3040677,-0.001856912,0.1106649,1.737502,0.01056674
-0.00289792,0.340867,-0.0008533747,0.1329713,1.712493,0.03286468
0.004833706,0.3387725,0.009486462,0.1099192,1.737745,0.03576363
0.005999177,0.3347653,0.006236685,0.1360096,1.737744,0.009864043
0.01253492,0.3615365,0.01729139,0.132969,1.862491,0.03287582
-0.004418239,0.3723284,-0.01224488,0.1099334,1.887837,0.03574555
-0.00142595,0.3237768,-0.002830959,0.1106646,1.862498,0.0105671
-0.01205216,0.3716356,-0.002171123,0.1359905,1.887843,0.009891869
0.002200351,0.3674206,0.009457034,0.1099173,1.862255,0.03576414
-0.02137991,0.3616449,-0.01705794,0.1329605,1.887508,0.03287167
0.01026679,0.3680491,0.005196657,0.1360091,1.862256,0.00986496
0.003135206,0.3555987,0.01106151,0.1329759,1.96249,0.03286531
-0.02630796,0.4095961,-0.01570174,0.1359904,1.987841,0.009893708
-0.01195757,0.414437,-0.02197286,0.1099283,1.98784,0.03574647
0.0003245425,0.3254162,-0.001018669,0.110662,1.962498,0.01057281
-0.0017033,0.3527469,0.008354247,0.109903,1.962257,0.03576774
-0.038566,0.4139555,-0.03504595,0.132965,1.987507,0.0328649
-0.0006266264,0.3485296,-0.005235476,0.136007,1.962255,0.009871274
0.01118767,0.3540222,0.02194595,0.1329757,1.93751,0.03286577
0.001436178,0.3914146,0.002513617,0.1099289,1.91216,0.0357469
-0.004169252,0.3890883,0.0002089023,0.1359899,1.91216,0.009893836
-0.002157016,0.3367477,-0.0007510728,0.110662,1.937502,0.01057283
-0.008333912,0.3726815,9.287835e-05,0.132964,1.912493,0.03286712
0.006765596,0.372048,0.01257561,0.109903,1.937743,0.03576786
0.002889746,0.370437,0.005002027,0.1360068,1.937745,0.009871342
0.01090812,0.4066713,0.01558766,0.132976,2.03751,0.03286485
-0.01103371,0.453826,-0.004903771,0.1359904,2.012159,0.009893685
-0.002171635,0.4572703,-0.006995636,0.1099283,2.01216,0.03574643
-0.003807431,0.3656681,-0.004709889,0.110662,2.037502,0.01057278
0.005704893,0.4304966,0.0134733,0.109903,2.037743,0.03576756
-0.02368472,0.4472742,-0.02232031,0.132965,2.012493,0.0328648
0.01405768,0.4323648,0.004990259,0.1360069,2.037745,0.009871179
0.01320058,0.3957714,0.01795067,0.1329758,2.06249,0.03286472
-0.004023687,0.4022753,-0.0128136,0.1099282,2.08784,0.03574606
-0.002121001,0.3504045,-0.003150284,0.1106619,2.062498,0.01057276
-0.01249594,0.4027135,-0.002327648,0.1359899,2.08784,0.009893598
0.003019498,0.4012331,0.01090551,0.1099029,2.062257,0.03576749
-0.01922322,0.393142,-0.01527729,0.132965,2.087507,0.03286427
0.01114378,0.4019625,0.004810896,0.1360067,2.062255,0.009871107
0.008659316,0.3807971,0.01127868,0.1329735,2.16249,0.03286186
-0.02676933,0.4386155,-0.01580426,0.1359866,2.187839,0.009892355
-0.01243579,0.4433742,-0.025094,0.1099272,2.187839,0.03574168
-2.064666e-05,0.3505861,-0.001605094,0.1106615,2.162498,0.01057214
-0.002147397,0.3811512,0.007673898,0.1099023,2.162257,0.03576552
-0.03490243,0.4438988,-0.03469227,0.1329598,2.187505,0.0328585
0.003369205,0.377746,-0.00598116,0.1360053,2.162254,0.009870405
0.01638397,0.3830153,0.01931854,0.1329745,2.137509,0.03286305
0.0009812385,0.4208594,-3.057485e-05,0.1099281,2.11216,0.03574583
-0.001450558,0.4203057,0.0004030798,0.1359897,2.112159,0.009893501
-0.001343317,0.3636684,-0.0009260947,0.1106617,2.137502,0.01057246
-0.00551918,0.4025288,-0.002761902,0.1329646,2.112493,0.03286388
0.006254239,0.4020768,0.01087548,0.1099027,2.137742,0.03576641
0.007927833,0.4006965,0.00517336,0.136006,2.137745,0.009870757
0.009051182,0.4379296,0.01432917,0.1329587,2.237504,0.03284352
-0.01375722,0.4845143,-0.00467369,0.1359838,2.212158,0.0098912
-0.00425974,0.489046,-0.009948036,0.1099262,2.212159,0.03573826
-0.002632302,0.3940752,-0.00143063,0.1106583,2.2375,0.01056803
0.004441156,0.4661572,0.01496154,0.1098986,2.237739,0.03574989
-0.02665583,0.4793314,-0.02383577,0.1329562,2.212491,0.03285411
0.01102442,0.4674351,0.005572027,0.1359926,2.237741,0.009866209
0.01569335,0.4279001,0.01882407,0.1329447,2.262482,0.03282346
-0.004061682,0.4353747,-0.01287245,0.1099025,2.287826,0.03566736
-0.00117373,0.3738973,-0.001217854,0.1106537,2.262494,0.01056332
-0.009435291,0.4353331,-0.001409057,0.1359207,2.287827,0.009873725
0.003734767,0.4362506,0.01261885,0.1098923,2.262251,0.03573308
-0.01496156,0.4252657,-0.01523691,0.1329014,2.287486,0.03277706
0.01254544,0.4372682,0.006233245,0.1359783,2.262249,0.009861462
0.02207908,0.3843553,0.02416348,0.1322693,2.362375,0.03211002
-0.03804176,0.4172204,0.001606727,0.1345332,2.388313,0.009223494
0.003438427,0.4155771,-0.03355953,0.1092816,2.388271,0.03421964
-0.006837384,0.3634726,-0.006778495,0.1103276,2.362641,0.01021336
0.002020548,0.3967496,0.006972941,0.109607,2.362313,0.034899
0.004200656,0.4345284,0.00812946,0.131512,2.3874,0.03137364
0.003273415,0.3991585,0.0003876786,0.1351965,2.362323,0.009564557
0.0222273,0.4009251,0.02138575,0.132663,2.337435,0.03251218
0.0009529152,0.4489819,0.000393535,0.1098761,2.312137,0.03557631
0.002076638,0.4492748,0.001280932,0.1358382,2.312132,0.009846672
-0.003184582,0.385955,-0.003547952,0.1105356,2.337457,0.01043291
0.003548534,0.4287527,0.003133649,0.1328269,2.312455,0.03269244
0.003575094,0.4217665,0.01257839,0.1097837,2.337726,0.03536365
0.01390407,0.4225202,0.002731879,0.1356395,2.337726,0.009748018
-0.00712093,0.4489726,-0.00608008,0.132269,2.637624,0.03210929
0.0102429,0.4313149,-0.002480898,0.134533,2.611687,0.009223378
-0.005134239,0.4233454,0.01073667,0.1092816,2.611729,0.03421931
-0.001646001,0.446303,-0.004055133,0.1103275,2.637359,0.01021322
-0.005556311,0.4228128,0.02148831,0.109607,2.637687,0.03489855
-0.003862273,0.4625988,-0.006280565,0.1315118,2.612599,0.03137308
0.0210488,0.4244571,-0.001654994,0.1351962,2.637677,0.009564383
-0.01136088,0.4378269,-0.006984063,0.1326625,2.662565,0.03251101
-0.008077098,0.4347238,-0.004748813,0.1098759,2.687863,0.03557492
0.005078965,0.4228763,0.003217442,0.1105354,2.662543,0.01043272
-0.007194369,0.4383443,-0.007011045,0.1358372,2.687867,0.009846197
-0.00841321,0.4130677,0.02037697,0.1097835,2.662274,0.03536304
-0.03829878,0.4379274,-0.03155842,0.1328257,2.687544,0.03269038
0.020327,0.4138413,-0.006271308,0.135639,2.662274,0.009747787
0.006137393,0.442362,0.00591107,0.132949,2.762493,0.03283763
-0.03138524,0.4930215,-0.01579594,0.1359739,2.787838,0.009880389
-0.01062659,0.4958366,-0.02981152,0.1099356,2.78784,0.03571652
-0.001083029,0.4037323,-0.002458791,0.1106576,2.762499,0.01056399
-0.0007309288,0.43937,0.003620621,0.109902,2.762262,0.03574087
-0.03156719,0.5011839,-0.03280311,0.1329446,2.787504,0.03283607
0.001486086,0.4379053,-0.004900879,0.1359876,2.762255,0.009861598
0.008090547,0.4399101,0.007332606,0.1329395,2.737516,0.03281897
-0.002890274,0.4605938,-0.001004487,0.1099021,2.712174,0.03566528
-0.002008794,0.4629688,-0.003203216,0.1359189,2.712172,0.009873039
-0.0002991813,0.4150872,-0.0007744919,0.1106529,2.737506,0.01056204
-0.02179075,0.4496702,-0.01907285,0.1328993,2.712513,0.03277419
0.004484534,0.456007,0.004803698,0.1098921,2.737749,0.03572902
0.005062759,0.4555599,0.00396817,0.1359749,2.73775,0.009860181
0.01898622,0.5021307,0.02223314,0.132955,3.262496,0.03285599
0.000202464,0.4953922,-0.006764223,0.1099413,3.287842,0.03573429
-0.002456563,0.4475942,-0.001262552,0.1106613,3.2625,0.01056212
-0.008332358,0.4964024,0.0002338318,0.1359877,3.287841,0.00988488
0.006961673,0.5125625,0.01865105,0.109915,3.262258,0.0357475
-0.01013493,0.4869038,-0.008177288,0.1329618,3.287509,0.03285858
0.01651724,0.5092474,0.007542961,0.135996,3.262259,0.009859784
0.01925519,0.4694488,0.01122154,0.1329693,3.33751,0.03287187
0.001627313,0.5044338,-0.0006963133,0.1099423,3.31216,0.03573743
0.004004065,0.506348,0.002082186,0.1359902,3.312161,0.009885855
0.001616759,0.4435251,0.0003957029,0.1106644,3.337502,0.01056616
0.0008871121,0.4897114,-0.003564602,0.1329652,3.312495,0.03286242
0.00577766,0.4888718,0.005505717,0.1099184,3.337745,0.03576182
0.01285181,0.4877459,0.00669915,0.1360079,3.337745,0.00986352
-0.0503861,0.00952034,-0.003098371,0.3623356,0.1321189,2.968056
-0.06854924,0.01611836,-5.843515e-05,0.3883554,0.134657,2.990763
-0.07326708,0.001552548,-0.01560232,0.3882938,0.1092987,2.965626
-0.0535597,0.00392396,0.0009353532,0.3626723,0.1102449,2.989874
-0.047656,0.01368463,0.0009536215,0.3623,0.1349768,2.990513
-0.04992695,0.001935234,-0.006043514,0.3622626,0.109536,2.965319
-0.08172059,0.007140672,-0.003051767,0.3874149,0.1316364,2.968525
-0.04347438,0.002813951,0.0008637564,0.3373296,0.1320674,2.968102
-0.04305302,0.003677662,0.002251314,0.311399,0.1092664,2.965845
-0.04629853,0.002971862,-0.0002656993,0.3372569,0.1102299,2.98989
-0.04131401,-0.001137314,-0.001640468,0.3114134,0.1344445,2.990791
-0.04353622,0.008921897,-0.0002449085,0.3375394,0.1349198,2.990524
-0.04534337,0.001358893,-0.002768936,0.3375197,0.1095257,2.96538
-0.04240042,-0.000927,0.002422837,0.3121285,0.1314903,2.968641
-0.1376471,0.004582582,5.590509e-05,0.7623963,0.1321682,2.96799
-0.1546475,0.02046847,-0.0001030582,0.7883324,0.1345423,2.990793
-0.1514225,0.001565906,-0.01380315,0.7882802,0.1092872,2.965779
-0.1333744,0.001048523,9.854027e-05,0.7626502,0.1102739,2.98985
-0.130995,0.02374127,0.0005879035,0.7622995,0.1350702,2.990493
-0.1280035,-0.001299696,-0.01643753,0.7622884,0.109564,2.965241
-0.1767223,0.003174819,0.002544347,0.7874245,0.1315196,2.968629
-0.1170671,0.006915299,-0.002493507,0.737457,0.1323534,2.967793
-0.1198723,0.004811956,0.01533344,0.7115562,0.1095356,2.964997
-0.1201251,0.00242341,-0.001404274,0.7372228,0.110346,2.98977
-0.1196595,-0.01026227,-0.004378979,0.7115528,0.1352777,2.990537
-0.1166881,0.01462051,0.0001760323,0.7375692,0.1352728,2.990426
-0.1170796,-0.0004446566,-0.008599376,0.7375635,0.10963,2.96502
-0.1226855,-0.007408152,0.01374433,0.7124238,0.1321711,2.967949
-0.1830172,0.02037672,-0.0148228,0.9625746,0.1315834,2.968585
-0.2476687,0.01489071,-0.006721508,0.9877759,0.1352057,2.990405
-0.2475984,0.004018481,-0.0060498,0.9877853,0.1096431,2.965098
-0.1586699,0.007594626,-0.006730073,0.9611949,0.1098827,2.990227
-0.1867215,0.01325023,-0.01166232,0.9617905,0.1345964,2.990785
-0.185628,0.008331361,-0.005996474,0.9618315,0.1092773,2.965712
-0.2404664,0.009097699,-0.001737988,0.9876087,0.1323067,2.967877
-0.1908846,0.0008111955,0.0006861942,1.037535,0.1328097,2.967307
-0.2287649,-0.01527851,0.007448415,1.012174,0.1356318,2.990231
-0.2294279,-0.007234638,0.01764059,1.012178,0.1098197,2.964655
-0.1811734,0.0004692697,-0.001866279,1.037523,0.1106094,2.989498
-0.2238754,-0.02249457,0.02737839,1.012554,0.1326721,2.967486
-0.1820686,-0.000809039,-0.00310923,1.037763,0.1098669,2.96443
-0.1923039,0.003812285,0.004773442,1.037765,0.1358418,2.990191
-0.1913113,0.01917011,-0.01153096,1.062495,0.1328432,2.967256
-0.2232943,0.0001043897,-0.003789783,1.087865,0.1098729,2.964469
-0.1943855,0.00266384,0.001158694,1.062497,0.1106233,2.989482
-0.2260376,0.01033741,0.00240233,1.087867,0.1358016,2.990183
-0.2002279,0.006043139,-0.005993875,1.06226,0.1098794,2.964382
-0.2142592,0.006847192,0.0006448032,1.08749,0.1327879,2.967294
-0.2060858,0.01397404,-0.003746023,1.062261,0.1358827,2.990177
-0.2969994,0.0240365,-0.01664981,1.362485,0.1329348,2.967167
-0.3437291,0.005512892,-0.002497194,1.387828,0.135928,2.990135
-0.3530826,-0.002147362,0.007865834,1.38783,0.1099229,2.964337
-0.2776904,-0.001139265,-0.001151448,1.362495,0.1106556,2.989445
-0.3156235,0.007027711,-0.0242679,1.362252,0.1099089,2.964274
-0.3396207,-0.007038361,0.01590883,1.387488,0.1329029,2.967213
-0.310177,0.02693121,-0.008029508,1.362251,0.1359783,2.990147
-0.2712061,-0.01028397,0.00847371,1.437441,0.1326857,2.967475
-0.3168828,-0.02161347,0.01139477,1.412138,0.1358491,2.990158
-0.3240788,-0.01090741,0.01903479,1.412133,0.1098926,2.964422
-0.2572805,-0.004246265,0.003569278,1.437459,0.11054,2.989563
-0.323046,-0.03711099,0.0343266,1.41246,0.1328387,2.967299
-0.2573705,-0.005574295,-0.01036546,1.437729,0.1097903,2.96462
-0.2684412,0.01064594,0.008105414,1.43773,0.1356556,2.990249
-0.2739568,0.01176754,-0.006255309,1.462384,0.1323044,2.967862
-0.2991641,-0.001103388,-0.01762357,1.488287,0.1092929,2.965707
-0.2724119,-0.004458822,0.00875356,1.462646,0.110336,2.989777
-0.3028136,0.02166564,0.004239658,1.488329,0.134599,2.990764
-0.2744369,0.000366523,-0.01744807,1.46232,0.1096151,2.965066
-0.3026488,0.009725437,-0.002801036,1.48742,0.1315684,2.968568
-0.2825964,0.02416754,0.001695065,1.46233,0.1352284,2.990428
-0.3869123,0.02335454,-0.009423487,2.037517,0.1325834,2.967567
-0.4232349,-0.02209571,-0.000925793,2.011578,0.1353854,2.990503
-0.4320484,0.004132613,0.03084143,2.011589,0.109566,2.964887
-0.3922887,0.001161583,-0.00104013,2.037257,0.1104453,2.98966
-0.4297561,0.006984798,0.006580465,2.01247,0.1322695,2.967863
-0.4096016,0.0001413855,-0.007734186,2.037577,0.1097144,2.964725
-0.4091152,0.01360456,-0.000569411,2.037573,0.1355492,2.990331
-0.3997071,0.01870113,-0.002798669,2.062476,0.1327029,2.967457
-0.4376323,-0.01223442,0.00286783,2.087823,0.1097876,2.964734
-0.4227445,-0.001235578,0.002584222,2.062478,0.1105472,2.989555
-0.437612,0.01402973,0.01013075,2.087822,0.1355553,2.990252
-0.4304062,-0.00327512,-0.01188987,2.062207,0.1097934,2.964584
-0.4291132,-0.003296594,0.01847847,2.087446,0.1325947,2.96756
-0.4275212,0.02369293,0.00142508,2.062202,0.1356905,2.990244
-0.4576138,0.009294673,-0.0003798784,2.137397,0.131492,2.968678
-0.4232592,-0.01283366,0.005656541,2.112206,0.1096231,2.965169
-0.3846822,-0.00519336,0.005773827,2.138794,0.1098583,2.990255
-0.4229406,0.00751559,0.0122332,2.112215,0.1351398,2.990423
-0.4224465,0.001019231,-0.01685,2.138146,0.1092583,2.965824
-0.4391506,-0.008904953,0.02205441,2.112382,0.1322295,2.967934
-0.4225126,0.02590629,0.0001166914,2.138189,0.1344956,2.990806
-0.00786327,0.2179744,0.004577007,0.1317043,1.262522,2.968413
-0.01377866,0.2359767,0.01662888,0.109662,1.287755,2.965062
-0.007685236,0.1683109,0.007802089,0.1099293,1.26116,2.990182
-0.02052557,0.2371363,0.01272202,0.1352449,1.287742,2.990403
-0.007990047,0.1964068,-0.006339369,0.1093228,1.261784,2.965519
-0.03087121,0.2341045,0.02704956,0.1322916,1.287567,2.967811
0.003130682,0.1953375,0.006715748,0.1347725,1.26174,2.990753
0.007793205,0.2225111,-0.01240983,0.1322317,1.362401,2.9679
-0.0393523,0.244835,-0.00040823,0.1345808,1.388334,2.990779
0.002066614,0.2419277,0.03388679,0.1093002,1.38829,2.965738
-0.003810872,0.2135125,0.002375443,0.1103239,1.362655,2.989804
0.008112314,0.2251379,0.00222185,0.1096146,1.362329,2.965137
0.003291797,0.2901395,-0.007264865,0.1315471,1.387426,2.968595
-0.01123251,0.2278041,-0.003313304,0.1351801,1.36234,2.99045
0.005647154,0.217108,-0.01170935,0.1325437,1.337468,2.967574
-0.00461368,0.2546023,-0.009280308,0.1097974,1.312144,2.964754
0.0008926314,0.2544475,0.003686043,0.1355472,1.312143,2.990262
-0.004049342,0.2287901,0.00219838,0.1105033,1.337482,2.989617
-0.002190669,0.2353971,-0.007187834,0.1325537,1.312513,2.967546
0.002808022,0.2360918,-0.01428912,0.1097662,1.337749,2.964764
0.003621884,0.2357202,-0.002863644,0.1355384,1.33775,2.990292
-0.01224217,0.2924524,-0.001256743,0.1315781,1.562578,2.968592
-0.03081797,0.340315,0.02283566,0.1351982,1.587775,2.990408
-0.01831197,0.3397635,0.01556383,0.1096402,1.587786,2.965107
-0.0008487261,0.2440274,0.000913178,0.1098814,1.561195,2.990229
-0.003866236,0.2602885,0.01180505,0.1345926,1.561791,2.990787
-0.008140041,0.2578902,-0.01196551,0.1092759,1.561834,2.965716
-0.04934578,0.3478008,0.0349793,0.1322987,1.58761,2.96789
0.01962258,0.2947216,-0.0222796,0.1317008,1.737466,2.968418
0.00417859,0.3453849,-0.006933745,0.1096733,1.712237,2.965017
0.003117871,0.3465197,-0.005130816,0.1352843,1.712248,2.99039
0.007492003,0.2770298,-0.008587554,0.1099297,1.738835,2.990182
0.003417321,0.326707,-0.008376275,0.1323301,1.712417,2.967773
0.008314915,0.3032577,-0.007591621,0.1093242,1.738209,2.965526
0.004137513,0.30211,-0.00786664,0.1347662,1.738251,2.990751
0.002822548,0.323258,-0.006150253,0.1310255,1.86242,2.969158
-0.002181009,0.3248272,0.02419019,0.1090173,1.888204,2.966498
-0.003178946,0.2679373,0.002427673,0.1095979,1.861321,2.990532
-0.02762638,0.3254874,0.0003557864,0.133866,1.888234,2.99105
-0.002569907,0.3039325,-0.01311796,0.1090153,1.861859,2.966386
-0.02011894,0.3340498,0.01788209,0.1309366,1.887503,2.96923
0.009291132,0.3035329,0.0007463326,0.1339683,1.861831,2.991053
-0.00787662,0.3570344,0.003377051,0.1315392,2.062572,2.968628
-0.01577005,0.3560773,0.02007473,0.1096207,2.087777,2.965175
-0.009014049,0.2733393,0.008730183,0.1098724,2.061192,2.99024
-0.02495841,0.3581512,0.01540545,0.1351354,2.087765,2.990426
0.003532085,0.324724,0.004851881,0.1345599,2.061786,2.990797
-0.005949684,0.3254724,-0.008685382,0.1092663,2.06183,2.965754
-0.03689294,0.3656407,0.03229179,0.1322207,2.087592,2.967944
0.01767248,0.3480693,-0.02234425,0.1322134,2.162395,2.967974
-0.04284804,0.3787132,-0.0003153186,0.1345068,2.188318,2.990791
0.004029345,0.3744059,0.03725751,0.109277,2.188276,2.965818
-0.001309924,0.326616,0.0006284171,0.1103087,2.162652,2.98981
-0.008290045,0.3586719,0.0005973431,0.1351316,2.162335,2.990459
0.005082104,0.3555903,-0.001056317,0.1095914,2.162324,2.965179
0.002840272,0.4006856,-0.007107702,0.1315008,2.187408,2.968684
0.01214522,0.3513478,-0.01665934,0.1325302,2.137469,2.967646
-0.006668775,0.3845048,-0.004465581,0.1097685,2.112155,2.964812
-0.002885774,0.3870304,0.007863682,0.1354854,2.112153,2.990274
0.0003523313,0.3572457,-3.190311e-05,0.110489,2.137483,2.989622
0.01001855,0.3717572,-0.0009127261,0.1354954,2.137751,2.990301
-0.01422719,0.3706726,0.008056635,0.1325253,2.112525,2.967636
0.002746574,0.3698248,-0.01528849,0.1097434,2.137749,2.964801
0.02275841,0.4654171,-0.02396257,0.1323714,3.062411,2.967747
0.01247505,0.4736978,0.01558024,0.1093506,3.088331,2.965496
-0.008667679,0.4551072,0.00752134,0.1103659,3.062663,2.989755
-0.01262753,0.4707367,-0.01422286,0.134796,3.088372,2.990728
0.00458531,0.5017257,-0.02110625,0.1096563,3.062342,2.964964
0.001381919,0.4571574,0.00188085,0.1317362,3.087467,2.968392
0.02089573,0.4969024,-0.007352035,0.1353286,3.062354,2.990411
-0.6020143,-0.006776627,-0.0446115,2.62446,0.120078,0.07052134
-0.5984437,0.001220769,-0.005615476,2.624448,0.1710824,0.02001608
-0.5648667,-0.034558,-0.07705243,2.62499,0.1659117,0.06596114
-0.557413,0.002873304,0.01098032,2.675541,0.1200801,0.07052291
-0.5551738,0.02788829,0.00169794,2.675551,0.1710829,0.0200173
-0.5317577,0.03101407,0.01270748,2.675013,0.1659228,0.06596718
-0.5355821,0.004843458,-0.006468085,2.67502,0.1212866,0.02111792
-0.5525576,0.006960392,-0.01238905,2.675555,0.1206205,2.927829
-0.584908,-0.02271437,0.0732088,2.62501,0.1678687,2.932024
-0.5537114,-0.003574312,0.01185549,2.62525,0.1226103,2.977538
-0.5527182,0.02488259,-0.006267669,2.675577,0.1726356,2.979449
-0.5963805,-0.0118275,0.04929207,2.624818,0.1211619,2.926919
-0.5477638,0.03338764,-0.01221549,2.674987,0.167172,2.932735
-0.5577695,0.008654059,-9.33031e-05,2.674983,0.1219912,2.978142
-0.5829697,0.01009778,-0.002292214,2.562382,0.1322401,2.967893
-0.588382,0.01309059,-0.004796211,2.588315,0.13453,2.990786
-0.5872085,0.004317575,-0.003016464,2.588272,0.1092936,2.965794
-0.5670285,-0.001555893,0.005625761,2.562643,0.1103277,2.989799
-0.5601272,0.04513638,-0.006733165,2.562326,0.1351886,2.990446
-0.556525,0.007588964,-0.03669072,2.562315,0.109619,2.965127
-0.5949506,-0.001808429,0.0113489,2.587403,0.1315085,2.968637
-0.547094,0.02307493,0.00366086,2.649999,0.2461457,0.04526519
-0.5738591,0.07991727,0.00279875,2.699995,0.496129,0.09343496
-0.5855146,0.1068746,0.001689352,2.699986,0.6962328,0.08999282
-0.5994778,0.1511623,-0.0003000267,2.699977,0.8972773,0.08849344
-0.6164207,0.1906456,0.0001474125,2.699968,1.098344,0.08797367
-0.6382296,0.2402274,-0.0002018687,2.699961,1.299003,0.08777068
-0.6650476,0.2903491,-0.0001425239,2.699955,1.499388,0.08768315
-0.6966839,0.356261,-0.0001440764,2.699951,1.699629,0.08765385
-0.7372473,0.4218424,-0.0004249356,2.699953,1.899792,0.08766905
-0.7765398,0.5275774,0.0002651857,2.699963,2.09992,0.08774565
-0.8472841,0.6202029,-0.0008500795,2.699933,2.299984,0.0879801
-0.8777411,0.8326043,0.0005180713,2.699401,2.499523,0.08875429
-0.9518366,0.9865558,-0.005346079,2.697519,2.697564,0.09128627
-0.9985407,1.406247,0.006826902,2.698697,2.897457,0.09245719
-0.4980026,2.04351,0.006773646,2.69872,3.099577,0.0946166
0.5581005,2.221177,-0.04371077,2.699547,3.299966,0.09500325
1.209322,1.651597,-0.06263871,2.699984,3.500006,0.09492644
1.346106,1.085967,-0.04765531,2.700268,3.700008,0.09491954
1.215139,0.6995874,-0.06026771,2.700344,3.899996,0.09493269
1.039707,0.4768786,-0.03478634,2.700245,4.099982,0.09494022
-0.5683505,0.001850175,-0.07436258,2.650073,0.1380639,0.2431328
-0.5707027,0.02173302,0.001091461,2.699998,0.2493458,0.309731
-0.5787063,0.06816184,-0.0008740762,2.699967,0.4643002,0.2906197
-0.5854722,0.1048552,0.002728775,2.699929,0.6783625,0.2832825
-0.5990385,0.1482113,-0.000624391,2.699882,0.8872101,0.2796305
-0.6162226,0.1898707,0.0003911841,2.699836,1.092259,0.2780046
-0.6379855,0.2393715,-0.0003870001,2.699794,1.295214,0.2772538
-0.6648195,0.2903557,-0.0003294888,2.699761,1.497006,0.2769118
-0.696317,0.3562757,-0.0004560217,2.699739,1.698146,0.2767992
-0.73654,0.423507,-0.001025888,2.69973,1.898911,0.2768682
-0.7776292,0.5276841,-0.0003597988,2.699737,2.099454,0.2771708
-0.8427931,0.6267016,-0.002566418,2.699757,2.299844,0.2779081
-0.8746836,0.8314265,-0.001156337,2.699775,2.500061,0.2795843
-0.9602803,1.010826,0.0001398328,2.699732,2.699928,0.2830754
-1.023657,1.431317,0.01426688,2.699923,2.89947,0.2873915
-0.4478949,2.124661,0.02323947,2.702228,3.099693,0.289543
0.6665614,2.209941,0.008857556,2.705277,3.299999,0.2899314
0.8090708,1.788527,0.020168,2.70745,3.500098,0.2898268
1.117014,1.105315,0.0297553,2.70896,3.70004,0.2898528
1.028107,0.6983916,0.007631102,2.709377,3.89998,0.2899039
0.9548843,0.4903433,0.01708342,2.708884,4.099903,0.2899218
-0.5627635,0.02060065,0.004306046,2.69999,0.2107345,0.5124078
-0.5752712,0.05699834,-0.001474339,2.699934,0.4282641,0.4944535
-0.5842952,0.1006302,0.001710471,2.699831,0.6523624,0.4890286
-0.5977126,0.1435531,-5.019586e-05,2.699706,0.8702932,0.4848917
-0.6151987,0.1875456,0.0003891346,2.699583,1.081541,0.4824159
-0.6370879,0.2372744,-0.0001354596,2.699474,1.288351,0.4811264
-0.6641366,0.2890597,-3.867745e-05,2.699386,1.492603,0.4805024
-0.6956996,0.355007,-0.0002156857,2.699324,1.695361,0.4803021
-0.7362383,0.4227583,-0.0003791135,2.699292,1.897225,0.4804571
-0.7774991,0.5264823,-0.0003618566,2.699288,2.098526,0.4810449
-0.8433467,0.6260497,-0.000885682,2.699306,2.299421,0.4823224
-0.8717531,0.8294995,-0.0008104186,2.699314,2.499894,0.48476
-0.9613222,1.008105,-0.001264133,2.699232,2.69966,0.48862
-1.011879,1.429498,-0.004981745,2.699691,2.899189,0.4924603
-0.4773635,2.077796,-0.004995426,2.702876,3.099476,0.4941062
0.6840806,2.182854,-0.01639788,2.707301,3.299958,0.494412
0.7663235,1.780359,-0.06711412,2.711462,3.500203,0.4942775
1.142789,1.106214,-0.03095924,2.714356,3.700056,0.4942677
1.042401,0.6992799,-0.04010841,2.715154,3.899957,0.494327
0.9758895,0.490957,-0.01449366,2.71425,4.099832,0.4943866
-0.5700033,0.01922129,-0.000268933,2.699985,0.1973779,0.7006494
-0.574734,0.05491778,-0.0001462212,2.699897,0.4050813,0.6962296
-0.5829473,0.09611566,0.0004189408,2.69972,0.6295841,0.6926728
-0.5962875,0.1403883,-3.481506e-06,2.699492,0.8521464,0.6895462
-0.6139161,0.1849994,0.0002280489,2.699261,1.068877,0.687086
-0.6359805,0.2353538,-0.0002037899,2.699056,1.279891,0.685523
-0.6632355,0.287698,-0.0001452765,2.698891,1.487024,0.6847237
-0.694969,0.3540927,-0.0003589462,2.698775,1.691775,0.6844721
-0.7356891,0.4221491,-0.0004427674,2.698713,1.895035,0.6847066
-0.7773195,0.5265227,-0.000661212,2.698706,2.097315,0.685512
-0.8429196,0.6261383,-0.0008276601,2.698736,2.298853,0.687111
-0.8750017,0.8295501,-0.0008726154,2.698782,2.499609,0.6896345
-0.95346,1.008461,0.0008093681,2.698902,2.699559,0.6927916
-1.00774,1.426649,-0.001714047,2.699717,2.899099,0.6954798
-0.4844351,2.067275,-0.002041349,2.70329,3.099365,0.6965982
0.694487,2.132894,-0.009338426,2.70827,3.299888,0.6968695
0.7021964,1.78,-0.05432036,2.713264,3.500203,0.6968515
1.114255,1.138576,-0.01216895,2.716795,3.700043,0.6968937
1.004344,0.7039047,-0.02757609,2.717798,3.899937,0.6969666
0.9679938,0.5157643,0.0007591727,2.716701,4.0998,0.6970277
-0.5701457,0.01652484,0.001550171,2.69998,0.1920507,0.8983426
-0.5743944,0.05199709,-0.0001286957,2.699862,0.3938591,0.8972139
-0.5824369,0.09327785,0.0006720015,2.699617,0.6153359,0.8953417
-0.5952635,0.1367072,-5.219973e-05,2.699288,0.8377834,0.8930791
-0.6127996,0.1823182,0.0003228055,2.698939,1.057076,0.8912095
-0.634907,0.2329817,-3.855034e-05,2.698622,1.27143,0.8897703
-0.6623139,0.2859215,-9.036572e-05,2.69837,1.481297,0.8889337
-0.6941598,0.3525264,-0.0002769264,2.698195,1.688057,0.8886821
-0.7351311,0.4210237,-0.000444026,2.698107,1.89278,0.8889746
-0.7767597,0.5253645,-0.0007214025,2.698101,2.096091,0.8898696
-0.842653,0.6251002,-0.001065058,2.698175,2.298247,0.8913803
-0.8748076,0.828005,-0.001173838,2.698338,2.499385,0.8933546
-0.9533905,1.007382,-0.001147597,2.698627,2.699462,0.8954884
-1.006539,1.424513,-0.003612735,2.699634,2.89901,0.8972223
-0.482775,2.063645,-0.003745552,2.703401,3.099289,0.8979602
0.6960745,2.127985,-0.008825667,2.7086,3.299835,0.8981692
0.700324,1.779138,-0.0222452,2.713896,3.500179,0.8982026
1.11961,1.140372,-0.0111355,2.717666,3.700023,0.8982672
1.007796,0.7045904,-0.01453562,2.718754,3.899921,0.8983381
0.9722051,0.5184319,-0.005689218,2.717594,4.099785,0.8983869
-0.5700604,0.01666425,-6.825476e-05,2.699976,0.1903771,1.098861
-0.5742365,0.0516597,-6.035464e-05,2.699833,0.3890373,1.098269
-0.582058,0.09211288,3.386963e-05,2.699534,0.6078326,1.097222
-0.5946318,0.1351132,-0.0001664531,2.699125,0.8287735,1.095908
-0.6119419,0.1804224,1.620979e-05,2.698676,1.04824,1.094571
-0.633991,0.2313978,-3.317187e-05,2.698257,1.264281,1.093563
-0.661508,0.2846701,-9.327438e-05,2.697919,1.476299,1.092876
-0.6934909,0.3516375,-0.0002886956,2.697691,1.684856,1.092669
-0.7345992,0.420429,-0.0003781219,2.697579,1.89091,1.092976
-0.7763418,0.525133,-0.000621832,2.697596,2.095087,1.093723
-0.8422635,0.6247449,-0.0005117261,2.69774,2.297784,1.094799
-0.8755196,0.8276742,-0.0007117945,2.697998,2.499168,1.096049
-0.9520953,1.007009,-8.042763e-05,2.698398,2.699332,1.097343
-1.005507,1.421956,-0.002094754,2.699541,2.898897,1.098378
-0.4860946,2.059521,-0.00152095,2.70344,3.099205,1.09883
0.6989475,2.115688,-0.003890997,2.708731,3.299786,1.098967
0.695324,1.777013,-0.01671825,2.714125,3.500154,1.099003
1.117114,1.148433,-0.006101952,2.717975,3.700007,1.099058
1.004134,0.7069092,-0.009094579,2.719094,3.89991,1.099112
0.9719957,0.5255962,-0.001446821,2.717916,4.099776,1.099145
-0.5701423,0.01612051,0.0002783491,2.699973,0.1898456,1.299524
-0.574219,0.05101127,4.067342e-06,2.699814,0.3870675,1.299204
-0.5819581,0.09132096,0.0001418118,2.699481,0.6042765,1.298707
-0.594346,0.1339547,-9.948612e-05,2.69902,0.8241484,1.298094
-0.6115067,0.1791372,-4.346596e-05,2.698508,1.04315,1.297459
-0.6334249,0.2300112,-7.147e-05,2.69802,1.259582,1.296877
-0.6609641,0.2835962,-6.658915e-05,2.69762,1.472787,1.296526
-0.693037,0.3507912,-0.0002675891,2.697345,1.682712,1.296416
-0.7342667,0.4197549,-0.0003826978,2.69723,1.889725,1.296608
-0.7760058,0.5244805,-0.0004613076,2.697277,2.094478,1.297027
-0.8420889,0.6241407,-0.0005589973,2.697468,2.297468,1.297553
-0.8756417,0.8270901,-0.0006494844,2.697786,2.499006,1.298154
-0.951066,1.005776,-0.0004648686,2.698263,2.699233,1.298765
-1.004708,1.420938,-0.001497399,2.699507,2.898814,1.299249
-0.4865981,2.056997,-0.001347225,2.703504,3.099145,1.299462
0.7002899,2.113199,-0.001984519,2.708834,3.299749,1.299531
0.6958645,1.776225,-0.005147319,2.714233,3.500136,1.299552
1.118512,1.15012,-0.002808053,2.718092,3.699998,1.299581
1.005841,0.707392,-0.003059994,2.719216,3.899904,1.29961
0.9729275,0.5264323,-0.001471162,2.71803,4.099771,1.299627
-0.5700952,0.01624441,-9.66118e-05,2.699972,0.189712,1.5
-0.5741781,0.05109715,-9.810175e-05,2.699808,0.3865271,1.499998
-0.581894,0.0912659,-9.859388e-05,2.699463,0.6032319,1.499997
-0.5942449,0.1338538,-0.0001092291,2.698984,0.8227314,1.499996
-0.6113661,0.1788983,-0.0001217914,2.69845,1.041551,1.499996
-0.6332402,0.2296513,-0.0001401447,2.697939,1.257965,1.499997
-0.6607653,0.2833281,-0.0001595022,2.697517,1.471514,1.499998
-0.692888,0.3506864,-0.0001827514,2.697222,1.681945,1.499999
-0.7341908,0.419664,-0.0002030968,2.697111,1.889344,1.499999
-0.7760005,0.5245237,-0.0002247912,2.697168,2.094264,1.5
-0.8421224,0.624156,-0.0002512716,2.697375,2.297354,1.500001
-0.8758218,0.8270442,-0.0002416973,2.697716,2.498942,1.5
-0.9511966,1.00579,-0.0001422089,2.698228,2.699191,1.5
-1.005007,1.420477,-9.292431e-05,2.69952,2.898781,1.499999
-0.487617,2.056679,-0.000210602,2.703572,3.09912,1.5
0.7009812,2.11187,0.0002438089,2.708924,3.299733,1.500001
0.6957489,1.775842,0.0005216354,2.714302,3.500127,1.5
1.118223,1.151139,0.0002322853,2.718141,3.699994,1.500001
1.005483,0.7077386,0.0002147829,2.719255,3.899902,1.500002
0.9728302,0.5274945,6.726069e-05,2.718062,4.099769,1.500002
-0.5701714,0.01611928,-0.0003917277,2.699973,0.1898458,1.700475
-0.574246,0.05100883,-0.0001456659,2.699814,0.3870685,1.700792
-0.58199,0.09131071,-0.0002966644,2.699481,0.6042777,1.701286
-0.5943821,0.1339336,-9.404622e-05,2.69902,0.8241502,1.701897
-0.6115525,0.1791094,-0.0001796031,2.698508,1.043154,1.702533
-0.6334837,0.2299763,-0.0001952778,2.69802,1.259586,1.703117
-0.6610425,0.2835538,-0.0002376917,2.697619,1.472789,1.703471
-0.6931331,0.3507489,-8.977766e-05,2.697344,1.682713,1.703583
-0.7343981,0.419708,-7.373862e-06,2.697228,1.889724,1.703392
-0.7761575,0.5244316,3.171959e-05,2.697275,2.094472,1.702975
-0.8423006,0.6241118,0.0001011005,2.697465,2.297458,1.702449
-0.8759168,0.8270168,0.0001878015,2.697787,2.498987,1.701848
-0.9514186,1.005712,0.000154592,2.698281,2.699205,1.701235
-1.005355,1.420904,0.00116174,2.699562,2.898786,1.70075
-0.487291,2.057501,0.0008772038,2.703624,3.099124,1.700538
0.7006912,2.114297,0.002451716,2.708979,3.299735,1.700471
0.6964298,1.77633,0.005534018,2.714332,3.500128,1.700451
1.118668,1.149895,0.003127635,2.718143,3.699997,1.700425
1.005998,0.7072195,0.003339311,2.719243,3.899904,1.700399
0.9729295,0.5262473,0.001593151,2.718043,4.099771,1.700381
-0.5700969,0.01663648,-9.778546e-05,2.699976,0.1903785,1.901136
-0.57428,0.05161943,-9.324087e-05,2.699833,0.3890435,1.901726
-0.5821072,0.09206552,-0.0001944574,2.699534,0.6078433,1.902769
-0.5946991,0.1350524,-2.612891e-05,2.699125,0.8287868,1.904082
-0.6120286,0.1803583,-0.0002309823,2.698676,1.048253,1.90542
-0.6341019,0.2313231,-0.0002178598,2.698257,1.264291,1.906431
-0.6616569,0.2845893,-0.0001909603,2.697918,1.476305,1.907121
-0.6936746,0.3515575,-3.44995e-05,2.697689,1.684859,1.90733
-0.7348465,0.4203434,2.762283e-05,2.697575,1.890908,1.907027
-0.7766224,0.5250707,0.0002419739,2.697589,2.095078,1.906281
-0.8426477,0.6246792,0.0001454172,2.69773,2.297761,1.905206
-0.876099,0.8275426,0.0003529174,2.697992,2.499123,1.903955
-0.9524573,1.006777,-3.273937e-05,2.698416,2.69926,1.902657
-1.006675,1.421788,0.002072143,2.699632,2.898813,1.901621
-0.4876124,2.060232,0.001534227,2.703661,3.099143,1.901173
0.6997875,2.116932,0.004913866,2.708985,3.29975,1.901037
0.6959124,1.776886,0.01773061,2.714295,3.500139,1.901009
1.117273,1.148483,0.006640824,2.718067,3.700005,1.900965
1.00434,0.7066738,0.00940909,2.719145,3.89991,1.900914
0.9719943,0.5254035,0.001514997,2.717943,4.099777,1.900875
-0.5702447,0.01653453,-0.001509205,2.69998,0.1920554,2.101649
-0.5744795,0.05200321,3.820727e-05,2.699861,0.3938768,2.102773
-0.5825256,0.09323719,-0.000760442,2.699617,0.6153657,2.104643
-0.5953666,0.1366418,-9.857227e-05,2.699288,0.837815,2.106908
-0.6129297,0.1822388,-0.0004966881,2.698938,1.057101,2.108781
-0.6350701,0.2328832,-0.0001739996,2.698622,1.271447,2.110224
-0.6625324,0.2858097,-0.0001481791,2.698369,1.481308,2.111063
-0.6944226,0.3524203,2.887015e-06,2.698192,1.688063,2.111318
-0.7354905,0.4209129,0.0001679708,2.698101,1.89278,2.111029
-0.7771579,0.5252934,0.0004112441,2.698089,2.096081,2.110137
-0.8432036,0.6250485,0.0008258535,2.698156,2.298218,2.108628
-0.8755848,0.82784,0.0009192449,2.698313,2.499318,2.106654
-0.9539845,1.007467,0.001087383,2.698615,2.699334,2.104516
-1.008064,1.42416,0.003786806,2.699711,2.898854,2.102778
-0.4846768,2.064442,0.003869085,2.703657,3.099175,2.102038
0.6970481,2.130441,0.01017357,2.7089,3.299778,2.101839
0.7017344,1.778933,0.02294726,2.714107,3.500159,2.101838
1.120036,1.139643,0.0116975,2.717793,3.70002,2.101803
1.008175,0.7039762,0.01474798,2.718833,3.899921,2.101735
0.9722029,0.5179732,0.005755231,2.717643,4.099785,2.101667
-0.5700788,0.0190996,5.826883e-06,2.699985,0.197393,2.299327
-0.5748398,0.05476186,9.460091e-05,2.699897,0.4051275,2.303739
-0.5830457,0.09601794,-0.0004996009,2.699719,0.629645,2.307298
-0.5964194,0.1402595,-0.0001233975,2.699492,0.8521987,2.310434
-0.6140769,0.1848802,-0.0003699445,2.69926,1.068913,2.312902
-0.6361855,0.2352211,3.012383e-05,2.699055,1.279914,2.31447
-0.6635068,0.2875585,-4.55228e-05,2.69889,1.487037,2.315273
-0.6952985,0.3539806,0.0001465626,2.698773,1.691782,2.315528
-0.7361317,0.4220263,0.000239851,2.698707,1.895037,2.315297
-0.7778308,0.5265278,0.0004471949,2.698693,2.097309,2.314496
-0.843585,0.6261211,0.0007030967,2.698711,2.298828,2.312902
-0.8758962,0.8295515,0.0007486007,2.698742,2.49954,2.310383
-0.9539551,1.008685,-0.0005538775,2.698855,2.699411,2.307228
-1.009488,1.426285,0.002044476,2.699755,2.89892,2.304533
-0.487286,2.068407,0.00316038,2.70354,3.09924,2.303406
0.6953908,2.134901,0.0131392,2.708587,3.299826,2.303167
0.7031688,1.779083,0.05658591,2.713517,3.500185,2.303266
1.114605,1.138195,0.01340639,2.716981,3.700039,2.303291
1.004727,0.7032055,0.02772326,2.717936,3.899936,2.30322
0.9680307,0.5154853,-0.0009456002,2.7168,4.099799,2.303105
-0.5630526,0.02055143,-0.00354049,2.69999,0.2107887,2.48753
-0.575447,0.05714744,0.001465739,2.699935,0.4283902,2.505474
-0.5844499,0.1005368,-0.001649956,2.699831,0.65248,2.510921
-0.5978806,0.1434438,-2.708392e-05,2.699706,0.8703687,2.515082
-0.6153936,0.1874249,-0.0004743891,2.699583,1.081583,2.517572
-0.6373302,0.2371297,1.497629e-05,2.699474,1.288373,2.518868
-0.664448,0.288911,-9.065234e-05,2.699385,1.492614,2.519496
-0.6960723,0.3548852,6.562817e-05,2.699322,1.695367,2.519699
-0.7367376,0.4226457,0.0002626674,2.699287,1.897229,2.519546
-0.7780562,0.5265061,0.0002262488,2.699279,2.098527,2.518963
-0.8440484,0.6261397,0.001028258,2.699288,2.29941,2.517693
-0.8735245,0.8294354,0.0008583324,2.699282,2.499849,2.515267
-0.9612684,1.008603,0.002330869,2.699192,2.699539,2.511423
-1.013741,1.43003,0.006412109,2.69974,2.899027,2.507586
-0.4812608,2.081628,0.00708064,2.703152,3.09936,2.505942
0.6852317,2.186538,0.02544593,2.707675,3.299901,2.505717
0.7679156,1.777369,0.06881881,2.711834,3.500189,2.506017
1.143287,1.103472,0.03268764,2.714708,3.700052,2.506153
1.042741,0.697348,0.03989634,2.715454,3.899956,2.506081
0.9759386,0.4902492,0.01433384,2.714472,4.09983,2.505895
-0.5958663,-0.02932577,0.008849942,2.649189,0.1217185,2.654334
-0.570736,0.02180702,-0.002164045,2.699995,0.2496692,2.689839
-0.5789977,0.06741141,0.001054237,2.699967,0.4646631,2.70918
-0.5856296,0.1047011,-0.002586905,2.699929,0.678552,2.716652
-0.5992301,0.147951,0.0005918788,2.699882,0.8872968,2.720347
-0.6164316,0.1897054,-0.0004250167,2.699835,1.092296,2.721988
-0.6382494,0.2391901,0.0003192709,2.699794,1.29523,2.722743
-0.6651617,0.2901862,0.000257826,2.699761,1.497014,2.723087
-0.6967309,0.3561731,0.0003678885,2.699738,1.69815,2.723201
-0.7370942,0.4233825,0.0009676224,2.699728,1.898915,2.723134
-0.7784298,0.5279679,0.0002329537,2.699733,2.099459,2.722834
-0.8436925,0.6268599,0.002559654,2.69975,2.299848,2.722104
-0.8755332,0.8327982,0.0009376609,2.699765,2.500053,2.720442
-0.9610394,1.015416,0.0009034143,2.699732,2.69987,2.716984
-1.024525,1.43182,-0.01437035,2.700033,2.899374,2.712701
-0.4445208,2.137637,-0.01891763,2.702628,3.099622,2.710625
0.6702333,2.210651,0.0193799,2.705866,3.299953,2.710408
0.8072882,1.779212,-0.01257158,2.708216,3.500094,2.710792
1.116843,1.102687,-0.02730674,2.709834,3.700036,2.710956
1.0281,0.6955363,-0.008640964,2.710164,3.899976,2.710855
0.9549887,0.4904802,-0.0185332,2.709404,4.099893,2.710567
-0.5785084,0.03984456,0.01354551,2.650056,0.2398298,2.857388
-0.5740845,0.07917137,-0.00227811,2.699994,0.4966636,2.906442
-0.5857097,0.1066825,-0.001699266,2.699986,0.6964272,2.909979
-0.5996999,0.1508843,0.0002718705,2.699977,0.8973451,2.9115
-0.6166356,0.1904888,-0.0001666649,2.699968,1.098366,2.912025
-0.6385051,0.2400372,0.0001704118,2.699961,1.29901,2.912229
-0.6653964,0.290178,0.0001106239,2.699955,1.499391,2.912317
-0.6971007,0.3561455,0.0001104238,2.699951,1.69963,2.912346
-0.7378064,0.4216776,0.0003843507,2.699953,1.899795,2.912331
-0.7772554,0.5277577,-0.0003099176,2.699963,2.099925,2.912256
-0.8481317,0.6199651,0.0006384601,2.699934,2.299994,2.912024
-0.8795981,0.8325268,-0.0009494582,2.699405,2.499538,2.911256
-0.9521156,0.9866146,0.005751779,2.697546,2.697563,2.908742
-1.001357,1.414288,-0.008622337,2.698855,2.897441,2.907602
-0.52172,2.068553,-0.002659424,2.699364,3.099579,2.905541
0.5651795,2.221205,0.06619328,2.700529,3.299927,2.905284
1.21774,1.614108,0.06776065,2.701339,3.500012,2.905545
1.35353,1.078417,0.04782402,2.701919,3.700006,2.905681
1.22306,0.6915607,0.05753631,2.701866,3.899996,2.905628
1.043943,0.4758468,0.03290585,2.701134,4.099964,2.905399
-0.6669934,0.01522238,-0.0009952891,2.775552,0.1710857,0.02001894
-0.5331155,0.008832016,0.01813418,2.749987,0.1441524,0.1442877
-0.6369584,0.0008050692,-0.004901009,2.824448,0.171086,0.02001922
-0.5349337,0.009467415,-0.01877007,2.749898,0.1447296,2.854068
-0.6625758,0.0005182854,-0.004980551,2.775177,0.1735584,2.978883
-0.624463,-0.02321705,-0.0005532793,2.824002,0.1737723,2.978693
-0.580695,0.0508686,0.01059441,2.750002,0.246151,0.04526903
-0.5631459,0.02454018,0.004877524,2.648996,0.3525762,0.04268946
-0.6057365,0.04967385,0.01546644,2.751005,0.3525819,0.04269323
-0.5796397,0.04195078,-0.006603755,2.65002,0.2388469,0.141591
-0.6043702,0.001474361,0.009342296,2.749978,0.2388558,0.1415961
-0.5397443,0.03887782,-0.01612007,2.650187,0.3405659,0.1380515
-0.5550944,0.0651661,0.01287694,2.749812,0.340585,0.1380639
-0.6046971,-0.002537012,-0.004838531,2.749955,0.239875,2.857348
-0.5330514,0.03590065,0.01940234,2.650203,0.341444,2.861477
-0.5611773,0.06611548,-0.01397316,2.7498,0.3415022,2.861449
-0.5512437,0.01533133,0.001062201,2.6501,0.2476883,2.954169
-0.5703399,0.04636616,-0.009184037,2.749914,0.2477247,2.954153
-0.5671275,0.02797257,0.004852961,2.649012,0.3535874,2.957122
-0.5888619,0.05257141,-0.00776781,2.750995,0.3536331,2.957113
-0.6177545,0.01760139,0.04395075,2.724459,0.1200812,0.07052393
-0.5999686,0.003777117,-0.003041553,2.77502,0.1212877,0.02111859
-0.6206007,0.03436977,0.003254137,2.724449,0.171084,0.02001833
-0.6174093,-0.002899742,-0.009124671,2.775011,0.1659216,0.0659695
-0.6765817,0.008920624,0.004241779,2.775541,0.1200813,0.07052431
-0.5728121,0.04017689,0.04677833,2.724988,0.1659264,0.06597024
-0.5737919,0.0006439507,-0.005185999,2.72498,0.121287,0.02111838
-0.5822019,0.004411712,-0.006371208,2.82498,0.1212878,0.02111871
-0.6006246,-0.03445647,-0.07670533,2.824989,0.1659224,0.06597029
-0.6400471,-0.007377105,-0.04601503,2.824459,0.1200816,0.07052458
-0.6127117,0.0231694,-0.03846667,2.724448,0.1206235,2.927823
-0.6176925,-0.00930395,0.01839397,2.774998,0.1679029,2.93199
-0.6238337,-0.000701532,0.004983026,2.774753,0.122617,2.977531
-0.6169474,0.03160056,-0.009041389,2.724426,0.1726407,2.979446
-0.6699043,0.0144296,0.01002897,2.775187,0.1211727,2.926895
-0.5807176,0.03946537,-0.04591096,2.725017,0.1671814,2.932726
-0.597286,0.002578041,0.00319426,2.725018,0.1219931,2.97814
-0.5886754,-0.04009782,0.07846113,2.825055,0.1689702,2.930907
-0.5831029,0.001789628,-0.003126202,2.811177,0.1098749,2.990244
-0.6282269,7.375789e-05,0.05985778,2.824023,0.1213398,2.92664
-0.1415557,0.03935013,0.00990235,0.7487182,0.2431496,0.04405865
-0.09236762,0.04383715,0.01039829,0.6469548,0.3476044,0.04212469
-0.1530382,0.06785626,0.01454342,0.7500793,0.3500345,0.04228529
-0.1072844,0.02184398,-0.01023089,0.6496638,0.2356118,0.1383034
-0.1449532,0.01246241,0.003299181,0.7497818,0.2372441,0.1401441
-0.1021322,0.05709576,-0.01814579,0.6492184,0.3390265,0.1368302
-0.1464554,0.07315373,-0.003225635,0.7493649,0.3394158,0.1373501
-0.3168679,0.05188434,0.007772261,1.549998,0.2461148,0.04524638
-0.2995482,0.04505649,0.003261358,1.448983,0.3525222,0.04269332
-0.3268783,0.06775475,0.01230967,1.550995,0.3525202,0.04269187
-0.3048546,0.04188045,-0.01633684,1.449999,0.2387562,0.1415734
-0.338489,0.010134,0.003901385,1.549964,0.2387516,0.1415721
-0.2826143,0.04906801,-0.02349658,1.45012,0.3404358,0.1380301
-0.2880256,0.07089809,0.006347662,1.549761,0.3404165,0.1380183
-0.07000409,-0.009131277,0.0005292279,0.4485066,0.1419612,0.2432337
-0.09935174,0.003984773,0.0169683,0.5487483,0.1397285,0.2427114
-0.06012234,-0.005394754,0.01644051,0.4474393,0.1399991,0.3462209
-0.07762536,0.0317368,0.03261986,0.5544419,0.1300922,0.352217
-0.1272821,-0.01513767,0.009018664,0.6491298,0.1383348,0.2423903
-0.1576475,0.01026826,0.03404647,0.7491334,0.1381096,0.2424708
-0.1049167,0.003618046,0.05170331,0.6563902,0.1225568,0.3443274
-0.1629113,0.01946697,0.0230946,0.7529512,0.1222708,0.3449973
-0.1749175,0.002837224,-0.04106189,0.8496546,0.1380911,0.2427412
-0.1960503,0.0008169645,0.07253375,0.9497128,0.1380821,0.243023
-0.1691725,-0.01749324,-0.00427262,0.8497254,0.1219516,0.3447641
-0.1912625,0.03050765,0.02632706,0.9505561,0.1217513,0.3452831
-0.2169991,0.005884036,-0.05055726,1.049939,0.1380706,0.2430996
-0.2412547,0.0005903516,0.08308941,1.149853,0.1380602,0.2431114
-0.2117331,-0.0191307,-0.007578633,1.04894,0.1217172,0.3452886
-0.2361037,0.03431487,0.03006883,1.150617,0.1216989,0.3452657
-0.2643957,0.005204896,-0.05821557,1.250033,0.1380556,0.2431147
-0.2849732,-0.0009767342,0.08771551,1.349909,0.1380448,0.243119
-0.257415,-0.02178201,-0.008290287,1.249072,0.1216949,0.345237
-0.2830571,0.03670381,0.03306971,1.350758,0.1216942,0.3451984
-0.3094152,0.005792954,-0.06190711,1.450066,0.1380364,0.2431263
-0.3307753,-0.001298597,0.09254726,1.549928,0.138035,0.2431287
-0.3045028,-0.02390195,-0.008639989,1.449164,0.1216922,0.3451966
-0.3311328,0.03835399,0.0356113,1.550806,0.1216927,0.3451873
-0.3558168,0.005226578,-0.06629189,1.650077,0.1380418,0.2431276
-0.3757553,-0.002444377,0.0941702,1.74993,0.1380489,0.2431252
-0.3527224,-0.02560391,-0.008852834,1.649192,0.1216937,0.3451909
-0.3800393,0.03931114,0.03755469,1.750815,0.1216952,0.3451912
-0.4011877,0.004886661,-0.06773745,1.850074,0.1380505,0.2431257
-0.4203638,-0.003066343,0.09710799,1.949929,0.138051,0.2431263
-0.4017121,-0.02691018,-0.00882244,1.849195,0.1216956,0.3451939
-0.429785,0.03962364,0.03900986,1.950814,0.1216958,0.3451961
-0.4461228,0.004649755,-0.06833579,2.050073,0.1380514,0.2431267
-0.4645324,-0.003733347,0.09835611,2.149928,0.138052,0.2431271
-0.4516626,-0.02783661,-0.008789887,2.049193,0.121696,0.3451974
-0.4796076,0.0393949,0.03992954,2.150811,0.1216961,0.3451988
-0.5053181,-0.005304388,0.09500874,2.349928,0.1380546,0.2431279
-0.5286391,0.03873074,0.04014495,2.35081,0.1216968,0.3452002
-0.4897131,0.002872042,-0.07329031,2.250072,0.138053,0.2431273
-0.5011937,-0.02858051,-0.008999813,2.249191,0.1216963,0.3451994
0.008574873,0.07597346,0.004060233,0.1434768,0.4484629,0.2486559
-0.007643684,0.1027382,-0.02456271,0.141121,0.5487181,0.2478532
0.008222897,0.05620002,-0.007924233,0.1403296,0.4474221,0.3487039
-0.03168159,0.07210048,-0.02886515,0.1303752,0.5544696,0.3544895
0.01658758,0.126054,-0.005297043,0.1393103,0.6492889,0.2465382
-0.006275568,0.1586575,-0.04149326,0.1387816,0.7493199,0.2455462
-0.002897702,0.09345623,-0.04921111,0.1227421,0.6563844,0.3463423
-0.02263664,0.1522148,-0.0308791,0.1223795,0.7529599,0.3464948
-0.001849096,0.1727666,0.04722662,0.1385463,0.8497138,0.2450323
-0.002602559,0.1942413,-0.07824288,0.1384107,0.9496928,0.2449166
0.01900995,0.1609857,0.00676934,0.1220195,0.8497173,0.3458703
-0.0326315,0.1754027,-0.02156698,0.1217991,0.9505526,0.346181
-0.004600657,0.2105269,0.05455436,0.1383579,1.049926,0.2448705
-0.00492047,0.2356139,-0.08978111,0.1383365,1.149849,0.2448465
0.01972237,0.1928662,0.01153202,0.1217574,1.048929,0.3461047
-0.03711877,0.2115189,-0.02261566,0.1217371,1.150619,0.3460566
-0.00381296,0.2536191,0.06342649,0.13833,1.250031,0.2448396
-0.003561152,0.2763887,-0.09114179,0.138327,1.349912,0.2448378
0.0220181,0.2287268,0.01395128,0.121733,1.249066,0.3460214
-0.03938124,0.2469579,-0.02334186,0.1217337,1.350763,0.3459812
-0.004323283,0.2921837,0.06862558,0.1383269,1.450066,0.2448409
-0.00446079,0.3170949,-0.09232253,0.1383252,1.549928,0.2448436
0.02410769,0.2627734,0.01598145,0.1217331,1.44916,0.3459791
-0.04075964,0.2803186,-0.02379484,0.1217336,1.550811,0.3459699
-0.004582345,0.3308119,0.07066078,0.138325,1.650073,0.2448463
-0.005281163,0.3532364,-0.09896324,0.1383261,1.749931,0.244847
0.02580296,0.2947981,0.01793552,0.1217336,1.649187,0.3459738
-0.04134777,0.3111463,-0.02392421,0.1217341,1.75082,0.3459744
-0.005366517,0.3654021,0.07443214,0.1383343,1.850076,0.2448441
-0.007520238,0.3886799,-0.09883276,0.1383422,1.94993,0.2448385
0.02719303,0.3241333,0.01999637,0.1217356,1.849192,0.3459766
-0.04144947,0.3388743,-0.02331159,0.121737,1.950819,0.3459767
-0.001637576,0.4001644,0.08336952,0.1383424,2.050071,0.244828
-0.003594464,0.4210053,-0.08676322,0.1383374,2.149926,0.2447936
0.0284463,0.3499518,0.02220804,0.1217372,2.049189,0.3459722
-0.04099263,0.3625782,-0.02229272,0.1217364,2.150816,0.3459534
-0.005049203,0.4281568,0.07783056,0.1383178,2.250073,0.2446868
-0.008798038,0.4502037,-0.09783067,0.1382628,2.349939,0.2444434
0.02955316,0.3712267,0.0236632,0.1217333,2.249188,0.3459017
-0.03999307,0.3816855,-0.02200857,0.1217252,2.350815,0.3457996
-0.002546914,0.4563885,0.08464896,0.1381969,2.450084,0.2441628
-0.005033484,0.4722933,-0.08405494,0.1381949,2.549914,0.2441588
0.03052402,0.3879184,0.025327,0.1217161,2.44919,0.3456942
-0.03902318,0.3959127,-0.02038982,0.1217155,2.550811,0.3456917
-0.003163335,0.4752697,0.07646762,0.1382504,2.650056,0.244425
-0.007195854,0.4871702,-0.09415027,0.1382888,2.749926,0.2446192
0.03138392,0.3987459,0.02604923,0.1217229,2.649185,0.3457873
-0.03739641,0.4037312,-0.02046222,0.1217282,2.750813,0.3458622
-0.003103066,0.4880894,0.08258633,0.1382805,2.850082,0.2445884
-0.007791644,0.5038042,-0.08073364,0.1382396,2.949942,0.2443969
0.03246354,0.4039478,0.02784657,0.1217271,2.849188,0.3458534
-0.03570729,0.4062116,-0.01873637,0.1217216,2.950815,0.3457883
-0.0008931065,0.5023868,0.0782603,0.1382247,3.050063,0.2443357
-0.006041262,0.50512,-0.08446001,0.1382632,3.149915,0.2445244
0.03339088,0.4036079,0.02857826,0.1217197,3.049185,0.3457692
-0.03458244,0.4028225,-0.01790051,0.1217249,3.150811,0.3458383
0.0001300148,0.4991719,0.08592227,0.1383024,3.250069,0.2447206
-0.006733184,0.5056743,-0.07863766,0.1383181,3.34993,0.2448103
0.03416132,0.3972342,0.02972589,0.1217303,3.249185,0.3459171
-0.03321401,0.3937653,-0.01671977,0.1217328,3.350814,0.3459601
0.001160223,0.4974673,0.08386333,0.1383228,3.450072,0.2448397
-0.006229068,0.4957565,-0.07781279,0.1383248,3.549928,0.2448483
0.03483292,0.3859023,0.03045082,0.1217335,3.449185,0.3459767
-0.03201139,0.380131,-0.01577724,0.1217339,3.550814,0.3459819
0.002542225,0.4845187,0.08375898,0.1383261,3.650072,0.2448507
-0.005726017,0.4820336,-0.07995072,0.1383277,3.749929,0.2448515
0.03528861,0.3700044,0.03060805,0.1217342,3.649186,0.3459833
-0.03073898,0.3620277,-0.01527386,0.1217346,3.750814,0.3459836
0.003551831,0.4685009,0.08608905,0.1383297,3.850072,0.2448517
-0.004971349,0.461869,-0.07177987,0.138332,3.949929,0.2448499
0.0354293,0.3505184,0.03078976,0.1217352,3.849186,0.3459837
-0.02953688,0.3405586,-0.01403727,0.121736,3.950815,0.3459825
0.004747608,0.446529,0.08502363,0.1383332,4.050071,0.2448398
-0.003913989,0.4369236,-0.07125488,0.1383292,4.149926,0.2448001
0.03528793,0.3282085,0.03046418,0.1217366,4.049186,0.3459761
-0.02829142,0.3167587,-0.01346258,0.1217362,4.150815,0.345953
-0.07246781,-0.01757663,0.01039003,0.4459999,0.1382524,0.4482639
-0.01497327,-0.003725435,-0.009336484,0.5461913,0.1225329,0.4555832
-0.05997689,-0.01604487,-0.002117176,0.4448895,0.137695,0.5490005
-0.02001185,-0.009063986,-0.006233797,0.5462899,0.122179,0.5526855
0.0180255,0.07459916,-0.007167421,0.1383249,0.4459998,0.4492137
0.004863292,0.0195738,0.007587109,0.1225683,0.5462086,0.4563599
0.01478177,0.06127109,0.001524468,0.1377093,0.4449156,0.54934
0.009340032,0.02059824,0.006064495,0.1221813,0.5463161,0.5529459
-0.07365858,-0.01925208,0.0003031445,0.4443156,0.1374502,0.6495751
-0.02814493,-0.00932965,0.001517749,0.5456566,0.1218162,0.6496356
-0.07399889,-0.02080965,-0.006373798,0.4441616,0.1373061,0.7496901
-0.02599484,-0.005912525,0.001445346,0.5459581,0.1215945,0.7505255
0.01944449,0.0803029,0.002867331,0.1374566,0.4443537,0.6496764
0.0104526,0.02802543,-0.004754407,0.1218164,0.5456745,0.6497164
0.01974671,0.07259546,0.005262649,0.1373098,0.4442022,0.7497203
0.002954008,0.02793419,0.000473222,0.121595,0.5459744,0.7505486
-0.06184896,-0.01840525,-9.307857e-05,0.444103,0.1372634,0.84989
-0.02669164,-0.004977997,0.004322205,0.5458791,0.1215535,0.8489273
-0.07150999,-0.02178971,-0.003435176,0.4440694,0.1372366,0.9498718
-0.02820813,-0.001761498,-7.621127e-05,0.5458275,0.1215322,0.9506112
0.01741504,0.06554149,0.0004800287,0.1372663,0.4441393,0.8498952
0.006347506,0.02564824,0.001191256,0.1215544,0.545894,0.8489331
0.02087215,0.06981024,0.002634563,0.1372397,0.4441077,0.9498746
0.002710147,0.02837809,0.0002667006,0.1215333,0.5458436,0.9506135
-0.06202442,-0.01862422,2.80504e-05,0.4440571,0.1372307,1.050004
-0.02635899,-0.00524121,-0.001668682,0.5457905,0.1215278,1.049069
-0.07089337,-0.02185528,0.0006110655,0.4440557,0.1372234,1.149936
-0.02875125,-0.001372806,4.62629e-05,0.5457493,0.1215277,1.150754
0.01737695,0.06424865,-4.424164e-06,0.1372344,0.4440994,1.050003
0.006251918,0.02566636,0.001196733,0.121529,0.5458084,1.04907
0.02124787,0.06939437,0.001058833,0.1372267,0.4440946,1.149938
0.002476157,0.02848785,1.941399e-05,0.1215287,0.5457664,1.150755
-0.07151608,-0.01940367,-0.001533012,0.4440615,0.1372223,1.25004
-0.02672776,-0.007638632,-0.007218533,0.5457471,0.1215267,1.249161
-0.06231616,-0.01831274,-0.000467105,0.4440642,0.137219,1.349952
-0.02959804,-0.001083852,9.105585e-05,0.5457364,0.1215268,1.3508
0.01743693,0.06421298,-0.0002422722,0.1372254,0.4440938,1.250039
0.006293354,0.02578795,0.001155331,0.1215277,0.5457615,1.249161
0.02044678,0.07084119,-0.0001122967,0.1372235,0.4440914,1.349954
0.002307135,0.02900118,-9.613153e-05,0.121528,0.5457489,1.350801
-0.0695904,-0.01867745,0.0004956595,0.4440685,0.1372186,1.450047
-0.02461917,-0.009418758,-0.01001631,0.5457388,0.1215266,1.449187
-0.061974,-0.01864148,-0.0001473107,0.4440741,0.1372198,1.549953
-0.02495994,-0.007398046,0.01138467,0.545741,0.1215268,1.550813
0.0175491,0.06306499,-0.0003714258,0.137223,0.4440868,1.450045
0.007785801,0.02533868,0.008628086,0.1215277,0.5457478,1.449187
0.01810889,0.0678462,9.875245e-05,0.1372216,0.4440797,1.549955
0.008605458,0.0262543,-0.009238431,0.1215275,0.545745,1.550813
-0.07021801,-0.02107186,-0.0003357797,0.4440733,0.1372204,1.650048
-0.02950429,-0.001162932,-0.0001195015,0.54574,0.1215271,1.6492
-0.0621699,-0.01861592,-0.000170067,0.4440635,0.1372222,1.74996
-0.02546698,-0.005648081,0.004859895,0.5457482,0.1215266,1.750839
0.01902867,0.06941204,0.0006058229,0.1372214,0.4440772,1.650047
0.002239745,0.028887,5.650195e-05,0.1215276,0.5457434,1.649199
0.01744336,0.06434814,0.0001474126,0.137225,0.4440842,1.749961
0.006344571,0.02569636,-0.001138469,0.1215276,0.5457581,1.750839
-0.06992752,-0.02220588,0.001163513,0.4440513,0.1372226,1.850064
-0.02876281,-0.00133033,-7.976423e-05,0.545748,0.1215275,1.849246
-0.06197773,-0.01859115,-7.229254e-05,0.4440517,0.1372303,1.949995
-0.02598999,-0.005223561,0.00136534,0.5457881,0.1215277,1.95093
0.02126181,0.06934086,-0.001035067,0.1372271,0.4440928,1.850062
0.002477513,0.02849746,-6.294108e-05,0.1215288,0.5457657,1.849245
0.01737093,0.06432606,-4.408348e-05,0.1372348,0.4441028,1.949997
0.006311647,0.02556422,-0.00120879,0.1215292,0.5458098,1.95093
-0.07178265,-0.02179752,0.003735263,0.4440627,0.1372362,2.050127
-0.02814892,-0.001852819,5.85872e-05,0.5458244,0.1215321,2.049387
-0.06176226,-0.01837767,0.0001068129,0.4440965,0.1372629,2.150103
-0.02666974,-0.004915302,-0.004628216,0.5458757,0.1215532,2.151067
0.02068717,0.06936066,-0.00253778,0.1372404,0.4441147,2.050125
0.002601823,0.02853185,-0.0003236638,0.1215335,0.5458463,2.049387
0.01739768,0.06585559,-0.0005465398,0.1372668,0.4441471,2.150104
0.006473057,0.02555034,-0.001142985,0.1215544,0.5458969,2.151067
-0.07373318,-0.02078595,0.006376394,0.4441607,0.1373066,2.25028
-0.02620715,-0.005797753,-0.001452335,0.5459568,0.1215939,2.249452
-0.07383181,-0.01921785,0.0001439709,0.4443194,0.137453,2.350321
-0.02825304,-0.00911473,-0.001780578,0.5456599,0.1218155,2.350285
0.01902616,0.07128329,-0.004719225,0.1373099,0.4442062,2.250279
0.002994811,0.02774816,-0.0004672899,0.121595,0.5459759,2.249452
0.01970629,0.08068805,-0.00335962,0.1374559,0.444355,2.350321
0.01063677,0.02796329,0.003790626,0.1218163,0.5456748,2.350285
-0.05986211,-0.01589942,0.002139345,0.4448958,0.137707,2.450667
-0.02144911,-0.007992829,0.005003775,0.546307,0.1221808,2.447062
-0.07262571,-0.0180713,-0.008275113,0.4460078,0.1383191,2.550808
-0.01859003,-0.003407277,0.005087919,0.5462085,0.1225674,2.543666
0.01466187,0.06073087,-0.001569973,0.1377091,0.4449127,2.450658
0.009171555,0.02024961,-0.006301917,0.1221813,0.5463155,2.447059
0.01792926,0.07472457,0.007142717,0.1383204,0.4459983,2.550781
0.004817696,0.01991863,-0.007350702,0.1225671,0.5462077,2.543652
-0.05553187,-0.006542999,-0.009046713,0.4474538,0.1403165,2.651392
-0.07697815,0.03208607,-0.03308168,0.5544827,0.1303659,2.645598
-0.07749833,-0.007938325,0.004457073,0.4485775,0.1434103,2.751583
-0.1031802,0.005716565,-0.02300446,0.548771,0.1410678,2.752348
-0.1030563,0.003190992,-0.04892695,0.6563913,0.1227332,2.65376
-0.1627874,0.01927772,-0.02355778,0.7529629,0.1223659,2.653668
-0.1277629,-0.01549804,-0.005779403,0.6493202,0.1392564,2.753657
-0.159426,0.009259422,-0.03367263,0.7493467,0.1386944,2.754808
-0.1693149,-0.01753685,0.004160522,0.8497214,0.1220017,2.65435
-0.1913287,0.03043519,-0.02655234,0.9505512,0.1217852,2.654013
-0.1753484,0.002090527,0.04003966,0.8497302,0.1384247,2.755488
-0.1956904,0.0004871552,-0.0738823,0.9496888,0.138315,2.755536
-0.2118591,-0.01908118,0.007596914,1.048929,0.1217509,2.654013
-0.2361683,0.0342988,-0.03030658,1.150618,0.1217339,2.654011
-0.2172229,0.005362596,0.05155168,1.049922,0.1383156,2.755378
-0.2416631,0.0005552016,-0.08404152,1.149848,0.1383154,2.755292
-0.2575311,-0.02173937,0.008347517,1.249067,0.1217307,2.654034
-0.2830936,0.03666687,-0.03330284,1.350764,0.12173,2.654101
-0.2650606,0.004045711,0.06035679,1.250027,0.1383139,2.755272
-0.284906,-0.001164704,-0.08844066,1.349914,0.1383019,2.755325
-0.3046371,-0.02385957,0.008724138,1.449163,0.121724,2.654179
-0.3312776,0.03830036,-0.03574626,1.550812,0.1217186,2.654272
-0.3096951,0.005256851,0.06260886,1.45008,0.1382638,2.75551
-0.3317616,-0.001058777,-0.09349311,1.549939,0.1382191,2.755725
-0.3528986,-0.02555447,0.008878977,1.649188,0.121718,2.654283
-0.3801207,0.03928369,-0.03775386,1.750818,0.1217204,2.65425
-0.3563991,0.004601843,0.06691174,1.650067,0.1382176,2.755743
-0.3755692,-0.002868176,-0.09422611,1.749931,0.1382323,2.755658
-0.4018841,-0.02682769,0.008879396,1.84919,0.1217229,2.654206
-0.4297971,0.03960068,-0.03913555,1.950817,0.1217255,2.654174
-0.4013189,0.004913454,0.06864347,1.850065,0.1382499,2.755556
-0.4205883,-0.003062284,-0.0958928,1.949922,0.1382707,2.755463
-0.4516597,-0.02784864,0.008883081,2.049191,0.121724,2.65421
-0.4796606,0.03935907,-0.04001996,2.150817,0.1217167,2.654324
-0.4466107,0.003860563,0.07044848,2.050074,0.1382592,2.755541
-0.4638891,-0.003848154,-0.09801336,2.149944,0.1382049,2.755834
-0.5064759,-0.004535919,-0.0954678,2.34991,0.138175,2.756013
-0.5013537,-0.02844562,0.008759113,2.24919,0.1217104,2.654421
-0.4897999,0.004019832,0.07184114,2.250076,0.1381544,2.756098
0.008447173,0.05617081,0.00769811,0.1403253,0.4474229,2.651304
-0.03136649,0.07225583,0.02888382,0.1303705,0.5544772,2.64556
0.008634536,0.07541259,-0.00479638,0.1434588,0.4485406,2.751343
-0.007191846,0.1028487,0.02427817,0.1410933,0.5487655,2.752233
-0.002691755,0.09302985,0.04889854,0.1227312,0.6563861,2.653818
-0.02256371,0.1522863,0.03061206,0.1223588,0.7529609,2.653781
0.01659134,0.1257105,0.004317972,0.1392328,0.649328,2.753791
-0.006113675,0.1597919,0.03954608,0.1386403,0.7493477,2.755095
0.01899612,0.160969,-0.006686669,0.1219982,0.8497193,2.654421
-0.03265221,0.1753888,0.02149128,0.121786,0.9505514,2.654028
-0.002878815,0.1728521,-0.04578953,0.1384,0.8497097,2.755646
-0.002621209,0.1932984,0.0781352,0.1383227,0.9496858,2.755531
0.01973357,0.1927331,-0.01154803,0.1217498,1.048931,2.654048
-0.03710196,0.2115121,0.02257419,0.1217283,1.15062,2.654107
-0.004877016,0.2100372,-0.05447667,0.1383083,1.049932,2.755436
-0.004538418,0.2357804,0.08816294,0.1382746,1.149859,2.755512
0.0220393,0.2286107,-0.01390914,0.1217228,1.249067,2.654166
-0.0393793,0.2469883,0.02330873,0.1217218,1.350763,2.654235
-0.004552573,0.25346,-0.06301559,0.1382579,1.250027,2.755576
-0.003191522,0.2770664,0.08765621,0.1382448,1.349919,2.755639
0.02408115,0.2627242,-0.01572956,0.1217181,1.449162,2.654272
-0.04078936,0.2803462,0.02389635,0.1217202,1.550808,2.654261
-0.005686513,0.2924384,-0.06456461,0.13822,1.450073,2.755743
-0.005459868,0.3157168,0.09800883,0.1382314,1.549916,2.755677
0.02585017,0.294743,-0.01810534,0.1217231,1.649189,2.654222
-0.04135903,0.3111702,0.02361932,0.1217209,1.750821,2.65425
-0.004226289,0.3301733,-0.07382016,0.1382567,1.650072,2.755557
-0.0042165,0.3545654,0.09118994,0.1382377,1.749942,2.755637
0.02721983,0.3241857,-0.01988243,0.1217166,1.849194,2.654303
-0.04141688,0.3388877,0.0235323,0.1217149,1.950817,2.654332
-0.005623246,0.3659856,-0.07352493,0.1382057,1.850079,2.755789
-0.007056343,0.3903097,0.09812546,0.1381926,1.94993,2.755863
0.0283504,0.3499437,-0.02170523,0.121717,2.049189,2.654316
-0.04109622,0.362754,0.02258486,0.1217179,2.150815,2.654313
-0.005196833,0.40039,-0.0772612,0.1382092,2.05006,2.755802
-0.006171529,0.4220447,0.09203553,0.1382161,2.149936,2.755784
0.02936528,0.3714179,-0.02345719,0.1217144,2.24919,2.654349
-0.04027227,0.3818419,0.02146222,0.1217157,2.350811,2.654319
-0.003920401,0.4299272,-0.07896186,0.1381868,2.250085,2.755916
-0.005599947,0.4460895,0.08847196,0.1381954,2.349916,2.75586
0.03038392,0.387698,-0.02455635,0.1217234,2.449184,2.654203
-0.03901101,0.3955329,0.02160622,0.1217297,2.550812,2.654098
-0.003463751,0.4532114,-0.07736004,0.1382529,2.450057,2.755558
-0.007428581,0.4708446,0.09887567,0.1382985,2.549926,2.755307
0.03139859,0.3986904,-0.02662005,0.1217323,2.649186,2.654046
-0.03750226,0.4038179,0.01958925,0.121733,2.750814,2.65403
-0.003063633,0.4745084,-0.08476652,0.1383159,2.650073,2.755199
-0.007862283,0.4901581,0.08550834,0.1383198,2.749929,2.755171
0.03248096,0.4040292,-0.02802485,0.1217326,2.849186,2.654036
-0.03573171,0.4062089,0.01871245,0.1217307,2.950815,2.654068
-0.001818381,0.4904153,-0.0828796,0.1383178,2.850071,2.755183
-0.006488221,0.5007268,0.0852111,0.1383055,2.949931,2.75525
0.03357932,0.4035242,-0.02931161,0.1217263,3.049188,2.654134
-0.0343079,0.4027381,0.01762713,0.1217212,3.150815,2.654227
-0.001381748,0.4982453,-0.08469903,0.1382744,3.050079,2.755406
-0.007283605,0.5078762,0.08220687,0.1382392,3.149929,2.75561
0.03442115,0.3973584,-0.03019056,0.1217157,3.249189,2.654343
-0.03316094,0.394018,0.01636511,0.121707,3.350814,2.654504
-0.001188024,0.5021192,-0.08343663,0.1382008,3.250072,2.755858
-0.007003073,0.5052548,0.0771197,0.1381369,3.349937,2.756228
0.03499256,0.3860172,-0.03050301,0.1216987,3.449191,2.654655
-0.03194768,0.3804108,0.01562788,0.1216947,3.550811,2.654743
0.0007474253,0.4962422,-0.08599546,0.1380756,3.450074,2.756581
-0.005320518,0.4968855,0.07469637,0.1380475,3.549925,2.756765
0.03533385,0.3700289,-0.03020692,0.1216937,3.649191,2.654779
-0.03080938,0.3622358,0.01535067,0.1216942,3.75081,2.654784
0.001854278,0.4862031,-0.07862795,0.1380398,3.650071,2.756829
-0.00522687,0.4823651,0.08063395,0.1380413,3.749929,2.756839
0.03538574,0.3504982,-0.03016975,0.1216966,3.849191,2.654764
-0.02966593,0.340685,0.01422676,0.1217005,3.95081,2.654701
0.003520974,0.4697156,-0.08243778,0.1380546,3.850078,2.756806
-0.004389695,0.4623508,0.07276201,0.1380767,3.949929,2.756684
0.03510501,0.3281254,-0.02951618,0.1217084,4.049187,2.654565
-0.02855469,0.3168026,0.01378325,0.1217204,4.150808,2.654366
0.004096594,0.4484918,-0.07725091,0.1381295,4.050069,2.756384
-0.004735124,0.4363969,0.07362384,0.1382158,4.149911,2.755908
0.04538372,0.3970331,-0.01028082,0.3405761,3.850196,2.861917
0.01938141,0.3807892,0.02061827,0.2389779,3.95,2.858243
0.01298786,0.3928215,0.02427951,0.3407238,3.949823,2.861853
0.03361555,0.3881298,-0.003641827,0.2461734,3.850012,2.954725
0.03922663,0.3851782,-0.002414077,0.3526157,3.848999,2.957294
0.001396714,0.3719532,0.004410417,0.2463151,3.950025,2.954675
0.005145689,0.3758764,0.00255962,0.3527564,3.951018,2.957272
-0.1158801,0.01009507,0.003790419,0.7234778,0.1185989,0.06821044
-0.1434434,0.004769483,0.001928139,0.7746875,0.1204611,0.0205927
-0.1139193,0.01013755,0.005413337,0.7230618,0.1678427,0.01876911
-0.1700658,0.02726232,0.02513605,0.775213,0.1643116,0.06480493
-0.182918,0.009090349,0.01979103,0.7753958,0.1194111,0.06933814
-0.1186626,0.02224626,0.01286086,0.7251302,0.1626997,0.06343635
-0.1003445,0.005664158,4.218684e-05,0.7218239,0.119608,0.01961255
-0.2715597,0.0009052567,0.006347536,1.475543,0.1200922,0.07051549
-0.2805693,0.004114859,-0.0008185443,1.42498,0.1212893,0.02111159
-0.273496,0.01610376,-0.0007640906,1.47555,0.171081,0.0200052
-0.3087578,-0.02697348,-0.06253202,1.424989,0.1659084,0.06595689
-0.3265682,-0.005280933,-0.02943905,1.424459,0.1200913,0.07051444
-0.2762461,0.01514585,-0.003028778,1.475012,0.1659156,0.06596015
-0.2767012,0.003743264,-0.001872724,1.47502,0.121289,0.02111187
-0.3184667,0.01411193,0.01845339,1.524458,0.1200923,0.07051573
-0.3248141,0.004728098,0.0001672135,1.57502,0.1212892,0.02111181
-0.324174,0.02657549,0.006384599,1.52445,0.171081,0.02000524
-0.3590922,0.02247026,0.02133912,1.57501,0.1659078,0.0659573
-0.3861875,0.01171836,0.02164982,1.575542,0.1200912,0.07051545
-0.3016003,0.04834777,0.05136182,1.524987,0.1659157,0.06596046
-0.2964673,0.003787898,-0.00571451,1.52498,0.121289,0.02111185
0.01233002,0.4634296,-0.02628547,0.1200917,3.875543,2.929449
0.01723248,0.5118919,-0.01376865,0.1659209,3.824992,2.934025
8.831061e-05,0.3652341,0.002908253,0.1212923,3.824981,2.978884
0.0100069,0.4598821,-0.003453866,0.1711062,3.875559,2.979979
0.006767064,0.538484,-0.008881446,0.1200939,3.824459,2.929472
0.03873169,0.4539252,-0.0582154,0.1659384,3.87502,2.934004
-0.01356049,0.3729518,0.01419672,0.1212955,3.875025,2.978875
0.002163152,0.420229,-0.002368967,0.1201048,3.924474,2.929404
-0.05433161,0.4722665,0.08663751,0.1660705,3.975045,2.933867
0.01157421,0.4109119,0.0009625383,0.1711473,3.924461,2.979965
0.008686073,0.343158,-0.003735234,0.1213544,3.975056,2.978815
0.01810876,0.4331072,-0.004718276,0.1659782,3.925002,2.933961
-0.01143831,0.4826116,0.03556071,0.1201446,3.975571,2.929284
0.009419598,0.3643001,-0.003680273,0.1213108,3.924993,2.978858
0.01385739,0.4362306,-0.02330132,0.1204705,4.075594,2.928295
0.0232014,0.4943361,-0.01758164,0.1662903,4.025057,2.933635
-0.001497623,0.3541707,0.003982911,0.12147,4.025077,2.978691
0.01177165,0.4381441,-0.003959364,0.1722036,4.075588,2.979598
0.00877452,0.5201429,-0.01217077,0.1202317,4.024528,2.929003
0.04728178,0.4307695,-0.06228774,0.1667714,4.075087,2.933128
-0.02292727,0.3550239,0.02586262,0.1218138,4.075159,2.978335
-0.01637222,0.05026629,-0.006609299,0.1327257,0.3622474,0.03266374
-0.01300536,0.08157324,-0.003216911,0.1358442,0.3876629,0.009858073
-0.00564527,0.08022649,-0.004835165,0.1099079,0.3877844,0.03566957
-0.003062112,0.04620394,-0.000118277,0.1105455,0.3624653,0.01047238
-0.003415427,0.04491162,-0.001003641,0.1098206,0.3621576,0.03552322
-0.02014282,0.07811121,-0.0106272,0.132855,0.3873185,0.03277968
-0.01037047,0.04622468,-0.004005405,0.135681,0.3620009,0.009769539
-0.004017195,0.03916244,0.003255513,0.1323711,0.3371668,0.03233573
-0.003107566,0.04276918,0.005993454,0.1093309,0.3113825,0.03468992
-0.0009623966,0.04131891,-0.002725799,0.1347669,0.310974,0.009319194
-0.001967437,0.04306014,-0.0006355877,0.1103507,0.3372281,0.01030106
-0.002303365,0.04463376,0.005685627,0.1317771,0.3118512,0.0317324
-0.001226474,0.04185061,-0.001333391,0.1096554,0.3375096,0.03518368
-0.006440542,0.04312343,-0.0001602289,0.1352774,0.337262,0.009614945
-0.003878222,0.07899238,-1.877281e-05,0.1326531,0.5624274,0.0325651
-0.02538689,0.1040125,-0.0001658342,0.1354299,0.5884023,0.009522104
-0.0006118809,0.1053864,-0.01933496,0.1095749,0.5883807,0.03519384
-0.002263348,0.07873671,-0.001567413,0.1104692,0.5627256,0.01036697
-0.002065435,0.08385111,-0.00816377,0.1097503,0.562387,0.03538496
-0.00849659,0.1159298,-0.0052176,0.1323075,0.5874943,0.03223877
-0.00810879,0.08329909,-0.0004143723,0.1356286,0.5623948,0.009693203
0.001029768,0.0769538,0.004545225,0.1328451,0.5374439,0.03275254
-0.0003913137,0.09211147,0.006170971,0.1099247,0.5121265,0.0357027
-0.001385895,0.09125567,-0.0008811675,0.1359337,0.512106,0.009868817
-0.001385533,0.07877274,-0.001303044,0.1105994,0.5374861,0.01050085
0.001604269,0.08345769,0.008501382,0.132925,0.5124169,0.03282671
-4.783181e-05,0.08111127,0.00136822,0.10986,0.5377513,0.03561148
0.0003729512,0.0833291,0.001542922,0.1358488,0.5377417,0.009804527
0.01411968,0.2897304,0.02029399,0.1329725,1.437509,0.03287331
-0.00830868,0.3344927,-0.002212441,0.1359943,1.41216,0.009886323
0.0004193687,0.3429747,0.001567786,0.1099435,1.412159,0.0357407
-0.002430882,0.2621714,-0.004866,0.1106649,1.437502,0.01056664
0.004979461,0.3065112,0.01328005,0.1099191,1.437745,0.03576321
-0.01720764,0.3340046,-0.009200932,0.1329714,1.412493,0.03286359
0.01251581,0.3079701,0.005255413,0.1360097,1.437744,0.009863941
0.008455801,0.2807186,0.01359948,0.1329724,1.462491,0.03287355
-0.005814743,0.2968877,-0.008757209,0.1099436,1.487841,0.03574106
0.000994503,0.2481612,-0.0008431376,0.1106649,1.462498,0.01056667
-0.01245796,0.2961182,-0.003553238,0.1359939,1.48784,0.009886418
-0.0001396791,0.2827312,0.006250585,0.1099191,1.462256,0.03576341
-0.02711344,0.2868241,-0.01988907,0.1329714,1.487507,0.03286444
0.008656364,0.2821015,0.003009379,0.1360096,1.462256,0.009863969
-0.003101179,0.2858052,0.004285893,0.1329722,1.562491,0.0328738
-0.02564575,0.3431012,-0.01527132,0.1359942,1.58784,0.009886445
-0.01176358,0.349699,-0.0218995,0.1099436,1.587841,0.03574114
0.0002032201,0.2604427,-0.001744235,0.1106649,1.562498,0.01056669
-0.004092601,0.2836967,0.004898233,0.1099191,1.562256,0.03576357
-0.04030933,0.3449825,-0.03675707,0.1329709,1.587507,0.03286444
-0.004068308,0.2736245,-0.006898216,0.1360097,1.562256,0.009864028
0.008798745,0.2812408,0.02161703,0.1329723,1.537509,0.0328738
0.0001006696,0.3160361,0.002687616,0.1099435,1.512159,0.03574115
-0.00622914,0.3125239,0.0004722044,0.1359939,1.51216,0.009886429
-0.004923273,0.2678767,-0.001685721,0.1106649,1.537502,0.0105667
-0.006189073,0.2984446,0.004098362,0.1329713,1.512493,0.0328645
0.005009512,0.296886,0.01043456,0.1099192,1.537745,0.0357635
-0.001363193,0.2923784,0.005377532,0.1360096,1.537744,0.009864018
0.01323445,0.3332251,0.01907826,0.1329722,1.637509,0.03287386
-0.01068981,0.3814048,-0.003522213,0.1359942,1.61216,0.009886448
-0.001856514,0.3888369,-0.002578461,0.1099435,1.612159,0.03574122
-0.004054454,0.3036485,-0.005431099,0.1106649,1.637502,0.01056671
0.00367434,0.3564691,0.01270286,0.1099192,1.637745,0.03576357
-0.02110926,0.3783501,-0.01465898,0.1329709,1.612493,0.03286446
0.01231082,0.3592533,0.00487247,0.1360097,1.637744,0.009864042
0.004640595,0.3216876,0.00699338,0.1329722,1.762491,0.03287383
-0.02259562,0.3776952,-0.01419516,0.1359942,1.78784,0.009886436
-0.01288198,0.3832589,-0.02310347,0.1099435,1.787841,0.03574129
-0.0005834437,0.2944771,-0.001857642,0.1106649,1.762498,0.01056673
-0.004415155,0.3208881,0.005175137,0.1099192,1.762255,0.03576361
-0.03578613,0.3809335,-0.03679538,0.132971,1.787507,0.03286437
0.001593918,0.3133589,-0.005129821,0.1360097,1.762256,0.009864035
0.01164944,0.3701537,0.01760786,0.1329717,1.837509,0.03287388
-0.01194161,0.4187446,-0.004762651,0.1359941,1.81216,0.009886451
-0.002270563,0.4239441,-0.005372102,0.1099435,1.812159,0.0357413
-0.004020487,0.3372373,-0.004903522,0.1106649,1.837502,0.01056677
0.004750977,0.3956739,0.01299534,0.1099188,1.837745,0.03576363
-0.0236161,0.4141997,-0.01938766,0.1329709,1.812493,0.03286438
0.01009756,0.3978438,0.004379343,0.1360096,1.837744,0.009864163
0.008535214,0.5047065,0.008200704,0.1329401,3.237517,0.03283941
-0.01235394,0.5545207,-0.004925941,0.1359292,3.212172,0.009866429
-0.005289926,0.5580403,-0.01262197,0.1099244,3.21217,0.03566624
-0.002778461,0.4676735,-0.001859986,0.1106568,3.237506,0.01055681
0.003889994,0.5430593,0.01273889,0.1099105,3.23775,0.03573154
-0.03188608,0.5517399,-0.0312246,0.1329029,3.212513,0.03279418
0.01342101,0.5406389,0.004718164,0.1359826,3.23775,0.009855003
0.01454508,0.4692574,0.008325401,0.1329704,3.362491,0.03287211
-0.03019042,0.5161526,-0.0152243,0.1359935,3.38784,0.009886284
-0.0103526,0.5210088,-0.03069854,0.1099433,3.387841,0.03574058
-0.001146057,0.4263857,-0.003442973,0.1106646,3.362499,0.01056641
-0.0004901034,0.4668618,0.004916941,0.1099187,3.362256,0.03576253
-0.02776027,0.5251701,-0.03193665,0.1329699,3.387507,0.03286345
0.007920784,0.4634755,-0.00405757,0.1360087,3.362256,0.009863682
-0.2696417,0.02944048,-0.01153137,1.337507,0.1329395,2.967153
-0.2727305,-0.002192241,0.01191552,1.312162,0.1099301,2.964294
-0.2466711,0.0007693695,-0.001474051,1.337501,0.1106579,2.989442
-0.2676531,0.01272677,-0.001049553,1.312162,0.1359611,2.990122
-0.2770248,0.002043162,-0.01543991,1.337744,0.1099107,2.964264
-0.2574076,0.006090887,0.02118394,1.312499,0.132919,2.967156
-0.2760342,0.02457795,-0.004788096,1.337743,0.1359857,2.990143
-0.2979576,0.02303675,-0.01015232,1.66255,0.1314434,2.968691
-0.347686,-0.002650479,0.0001673979,1.687782,0.1095574,2.965434
-0.2998854,0.009252015,-0.007640652,1.661174,0.1098416,2.990281
-0.3484521,0.01544021,0.003549914,1.68777,0.1349094,2.99051
-0.3122491,0.005883553,0.004601668,1.66182,0.1092486,2.965857
-0.3358134,0.002739213,0.008833217,1.687558,0.1320125,2.968108
-0.3109334,0.008944181,-0.006279695,1.661772,0.13447,2.990829
-0.3606443,0.01133989,-0.0001191665,1.737505,0.1315902,2.968535
-0.330791,-0.01244628,0.01134085,1.712252,0.1095688,2.96538
-0.284143,-0.005409298,0.007033189,1.73886,0.1098888,2.990229
-0.3305784,0.005651682,0.01293485,1.712265,0.1349586,2.990498
-0.3260416,-0.003024007,-0.01700926,1.738233,0.1092849,2.965661
-0.3307519,-0.008631182,0.01902201,1.712482,0.1320548,2.968063
-0.3285126,0.02887745,0.003393643,1.738277,0.1346491,2.990791
-0.3509003,0.0243581,-0.01096633,1.862517,0.1316703,2.968448
-0.396588,-0.003445311,-0.001048058,1.887786,0.1096221,2.96517
-0.3470706,0.0095149,-0.007697548,1.861153,0.1099133,2.9902
-0.3996826,0.01697178,0.004889344,1.887774,0.1351418,2.990446
-0.3656626,0.005712699,0.002577511,1.861784,0.1093099,2.965565
-0.3913159,0.006838073,0.006952318,1.887563,0.1322214,2.967882
-0.3662872,0.01181032,-0.005069214,1.861741,0.1347303,2.990767
-0.4245277,0.01446059,-0.006466767,1.937557,0.1321817,2.967925
-0.3858547,-0.008611361,0.005534125,1.912306,0.1096754,2.965003
-0.3613366,-0.001345728,0.002651123,1.938928,0.1101367,2.98997
-0.3865613,0.0108171,0.01068682,1.912316,0.1352975,2.99039
-0.3914315,0.001966254,-0.01727532,1.938298,0.1095232,2.964979
-0.3895785,-0.002486861,0.01470716,1.912521,0.1323663,2.967731
-0.3933733,0.02825981,0.001533681,1.938315,0.1352952,2.990549
-0.01529801,0.04981823,0.007968295,0.1326926,0.3624169,2.96741
-0.01212459,0.08267502,0.002711186,0.1358529,0.387826,2.990152
-0.005939647,0.07987233,0.006529739,0.1099046,0.3878046,2.964387
-0.003331131,0.0457313,-0.0004076072,0.1105441,0.3625088,2.989563
-0.01121782,0.04738344,0.004357357,0.1356597,0.3622022,2.990244
-0.003221174,0.04538121,0.0007153415,0.1098112,0.3621771,2.964597
-0.0187453,0.07921614,0.01282989,0.1328497,0.3874553,2.96725
-0.002549997,0.03879005,-0.002132339,0.1323066,0.337385,2.967804
-0.003428898,0.04453985,-0.005861774,0.1093104,0.3114262,2.965708
0.0008977213,0.04398984,0.002272848,0.1345723,0.3114334,2.99075
-0.001663011,0.04285468,0.0006315592,0.1103405,0.337293,2.989778
-0.005120467,0.04229837,-0.0001470134,0.1352263,0.3375449,2.990422
-0.0009438591,0.04611945,-0.004630692,0.1316005,0.3121608,2.968502
-0.001238109,0.04238537,0.001408461,0.1096369,0.337526,2.965054
0.01389945,0.1140277,-0.008246569,0.132667,0.6374227,2.967468
-0.001171541,0.1132781,-0.001481617,0.1358451,0.6121293,2.990158
0.003864004,0.1365341,-0.006967455,0.109898,0.612117,2.964411
0.004515814,0.1058081,0.005192841,0.1105376,0.637454,2.989567
0.007236743,0.10734,0.001228775,0.1356427,0.6377248,2.990252
0.002725907,0.1314141,-0.004249849,0.1328307,0.6124393,2.96728
0.003252908,0.1077743,-0.001349043,0.1097952,0.6377092,2.964626
-0.00313399,0.1017264,-0.004232625,0.1322753,0.6623602,2.967874
0.002408296,0.1207985,0.01032372,0.1092968,0.6882551,2.965775
0.002216275,0.1057881,-0.0007140807,0.1103299,0.6626373,2.989786
-0.02228145,0.121419,-0.0002706221,0.1345382,0.6883099,2.990781
-1.384452e-05,0.09789325,0.001212743,0.1352007,0.6623165,2.990436
-0.001067016,0.09924042,-0.002254969,0.1096169,0.6623025,2.965093
-0.01934695,0.1241168,0.006371305,0.1315241,0.6873872,2.968621
0.01241393,0.1788941,-0.01810957,0.1317328,1.137471,2.968383
0.003072032,0.2248221,-0.01077354,0.1096792,1.112235,2.964993
0.003198749,0.2242011,-0.004303779,0.1353057,1.112247,2.990384
0.005208631,0.168781,-0.006299419,0.109937,1.138836,2.990173
0.005871693,0.2092579,-0.01362627,0.1323547,1.112415,2.967747
0.007003757,0.1808086,-0.006246231,0.1093308,1.138212,2.96549
-0.000603437,0.1798175,-0.006552507,0.1347978,1.138254,2.990744
-0.006975532,0.4315381,0.005284108,0.1322715,2.437626,2.967888
0.00907329,0.4143969,0.001803944,0.1345374,2.411685,2.990782
-0.005863748,0.4085669,-0.01095413,0.1092907,2.411732,2.965786
-0.001926043,0.4292236,0.003859675,0.1103294,2.437359,2.98979
-0.005462812,0.4486487,0.006302344,0.1315251,2.412599,2.968637
-0.006530692,0.4062053,-0.0222534,0.1096153,2.437684,2.965105
0.02156097,0.4070704,0.001758488,0.1352,2.43768,2.990439
-0.01182356,0.421323,0.006655525,0.1326628,2.462564,2.967481
-0.008680541,0.420913,0.004705898,0.1098969,2.487865,2.96443
0.004781466,0.405666,-0.002923223,0.110537,2.462543,2.989571
-0.008391593,0.4231698,0.007205644,0.1358442,2.487866,2.990162
-0.009011356,0.3981737,-0.01996182,0.1097938,2.462278,2.964639
-0.03908977,0.422772,0.03098713,0.1328256,2.487544,2.967297
0.019621,0.3981459,0.006352232,0.1356418,2.462272,2.990256
0.0076667,0.5036587,-0.00973538,0.1329787,2.83751,2.967136
-0.01602035,0.5540114,0.005180727,0.135994,2.81216,2.990114
-0.004282361,0.5569365,0.01458132,0.1099427,2.812159,2.964259
-0.002492607,0.4640497,0.001759797,0.1106632,2.837502,2.989431
0.0110278,0.5384356,-0.005249789,0.1360081,2.837746,2.990134
-0.02440584,0.551468,0.0245696,0.1329719,2.812493,2.967139
0.005019415,0.5363754,-0.01198083,0.1099127,2.837742,2.964235
0.01755895,0.4981416,-0.02302849,0.1329782,2.862489,2.967137
-0.0003412669,0.4918369,0.007282206,0.1099421,2.887841,2.964263
-0.002329348,0.4454307,0.001176007,0.1106629,2.862498,2.989431
-0.009641569,0.4944499,-0.0006113241,0.1359916,2.887839,2.990114
0.01424897,0.5070707,-0.007754092,0.1360075,2.862253,2.990134
0.00661755,0.506334,-0.0174397,0.1099125,2.862258,2.964236
-0.01176011,0.4841721,0.007794564,0.1329696,2.887505,2.967143
0.01704646,0.4615059,-0.01074788,0.1329537,2.962484,2.967163
-0.02354631,0.5103821,0.01484842,0.1359399,2.98783,2.99013
-0.01006196,0.5113405,0.02544583,0.1099266,2.987833,2.964322
0.001052617,0.4169246,0.001234199,0.1106566,2.962495,2.989439
0.0110144,0.4577159,0.003112291,0.1359861,2.962249,2.990141
0.0005182867,0.4589869,-0.007539976,0.1099058,2.962255,2.964261
-0.02525985,0.5196846,0.03088712,0.1329159,2.987491,2.967195
0.02107084,0.4659952,-0.01433864,0.1329666,2.937507,2.96715
0.002301306,0.5018488,-0.0008127917,0.1099413,2.912158,2.964265
0.003686497,0.5046746,-0.002625566,0.1359896,2.912159,2.990115
0.002459528,0.4391339,-0.001504799,0.1106604,2.9375,2.989434
0.01451255,0.4844519,-0.007335396,0.1359976,2.937744,2.990137
-0.0005381932,0.4869885,0.002580771,0.1329668,2.912492,2.967146
0.006820386,0.4841435,-0.009087831,0.1099097,2.93774,2.964248
0.004824329,0.4959438,-0.005858744,0.1327086,3.037454,2.967402
-0.01294357,0.5515641,0.005650895,0.1358717,3.01214,2.990154
-0.00666626,0.552503,0.01441967,0.1099055,3.012141,2.964397
-0.01064951,0.4568667,0.008991945,0.1105557,3.037467,2.989556
-0.01951379,0.5450722,0.02168289,0.1328514,3.012465,2.96726
-0.002772702,0.537887,-0.009810711,0.1098186,3.037742,2.96457
0.01027626,0.5367345,-0.00114854,0.1357074,3.037741,2.990242
-0.5760294,0.03772672,0.04012814,2.55081,0.1216985,0.3452017
-0.5298744,0.002916051,-0.0728457,2.450073,0.1380569,0.2431291
-0.5495773,-0.02904578,-0.008919971,2.449191,0.1216975,0.3452007
-0.5442143,-0.005896348,-0.09463105,2.549942,0.1382365,2.755719
-0.5494912,-0.02902085,0.008961454,2.449186,0.1217205,2.654306
-0.5312147,0.001040468,0.07802136,2.45006,0.1382289,2.755753
-0.5112905,-0.02431834,-0.003643431,2.411691,0.1345053,2.990787
-0.5132995,0.01070038,0.002391477,2.412604,0.1315005,2.968675
-0.5109529,0.006954404,0.02720733,2.411733,0.1092801,2.965818
-0.4656812,0.02362329,-0.007532821,2.43762,0.1322386,2.967915
-0.4898094,-0.001428779,0.001495474,2.437357,0.1103238,2.9898
-0.497722,0.01426086,-0.0009713417,2.437674,0.1351769,2.990447
-0.4955214,0.002882176,-0.003178594,2.43769,0.1096111,2.965136
-0.4829702,0.01378648,0.005627055,2.46256,0.1326124,2.967513
-0.5219072,-0.005823213,0.003662805,2.487853,0.1098765,2.964512
-0.5076967,0.0006256903,0.001886091,2.46254,0.1105295,2.989587
-0.5263374,0.01197741,0.004732232,2.487853,0.1357733,2.990184
-0.5168126,0.01877284,-0.002252523,2.462269,0.135612,2.990269
-0.5131697,0.001370683,-0.0006890602,2.46227,0.1097905,2.964684
-0.5028561,-0.005805866,0.02117512,2.487524,0.1327463,2.967372
-0.5489455,0.007550854,0.001744673,2.537442,0.1326154,2.967505
-0.5155049,-0.01012966,-0.009926181,2.512147,0.1098768,2.964511
-0.5242154,-0.00321318,0.005793829,2.537461,0.1105308,2.989586
-0.5201787,0.01843122,0.008993861,2.512147,0.1357743,2.990183
-0.5235627,0.04317471,0.004837714,2.537732,0.1356162,2.990267
-0.5183583,-0.006924682,-0.03622618,2.537732,0.1097922,2.964678
-0.5180863,-0.01388904,0.02452153,2.512477,0.1327472,2.96737
-0.001806477,0.0856446,0.001347268,0.1359351,0.4120132,0.009873666
0.001782117,0.08749735,0.005847194,0.1099296,0.4121045,0.03573354
-0.0003943674,0.06495806,-0.002295667,0.1106533,0.4374794,0.0105686
0.00120737,0.0655428,0.0004456004,0.1099134,0.4377091,0.0357707
0.001766116,0.08731998,0.009687504,0.1329337,0.4123329,0.03284415
0.008222985,0.06737371,0.01205222,0.132951,0.4373973,0.03286773
-0.002377056,0.06722143,0.002576694,0.1359769,0.4376515,0.009862574
-0.005010071,0.08598152,-0.003237181,0.1099362,0.4878104,0.03574035
-0.001033672,0.0656771,-0.0007940086,0.110657,0.4624794,0.01056895
-0.01094563,0.08694629,-0.004802684,0.1359608,0.487779,0.009883146
-0.002762003,0.06192823,-2.943488e-05,0.1099154,0.462222,0.03577404
-0.01818652,0.08181983,-0.01018174,0.1329497,0.4874288,0.03285582
-0.008776749,0.06802929,-0.003438953,0.1329642,0.4623993,0.0328767
-0.003080335,0.06213798,-0.002042574,0.1359892,0.4621838,0.009862882
-0.01675042,0.5403292,-0.005253823,0.1359628,2.812155,0.009876462
-0.003922185,0.5430643,-0.01586028,0.1099335,2.812155,0.03570409
-0.003603354,0.4560385,-0.003198361,0.1106449,2.837491,0.01054286
0.005085325,0.5233317,0.009555627,0.1098995,2.837734,0.03568563
-0.02484473,0.5381874,-0.0253302,0.1329328,2.812488,0.03282557
0.00795144,0.4946502,0.009009128,0.1329009,2.83749,0.03279936
0.009702377,0.5245469,0.005120985,0.1359423,2.837732,0.00984339
-0.001599093,0.475657,-0.0101997,0.109833,2.887823,0.0353538
-0.004090048,0.4428158,-0.003144736,0.1106173,2.862472,0.0105115
0.005241303,0.4941069,0.01739574,0.1098756,2.862233,0.03559939
0.0191119,0.4880511,0.02337541,0.1328297,2.862457,0.03272317
-0.0112818,0.4783175,-0.0006038349,0.1356435,2.887821,0.009769405
-0.008980631,0.4655714,-0.006105112,0.1326667,2.887439,0.03254409
0.0154082,0.4944899,0.006385642,0.135865,2.86223,0.009817697
0.005961118,0.487363,0.006567292,0.1096608,2.912211,0.03490267
0.01051969,0.4008099,0.01035664,0.1098836,2.938805,0.009767676
0.009124964,0.4473616,0.006418774,0.10929,2.938163,0.03429068
0.02854347,0.434411,0.02244682,0.1315696,2.937422,0.03143701
0.00940857,0.4903181,0.005481267,0.1352137,2.912223,0.009590374
0.007360025,0.4720972,0.005579016,0.132289,2.912388,0.0321548
0.01203482,0.4471828,0.009232076,0.1345984,2.93821,0.009210939
-0.02605127,0.5015561,-0.01781524,0.1358507,3.187865,0.009840365
-0.01448491,0.5028883,-0.02478769,0.1099,3.187863,0.03557863
-0.007255429,0.4295644,-0.008921093,0.1105425,3.162541,0.01042853
-0.008676707,0.4288006,0.01370445,0.1098074,3.162269,0.03537672
-0.04576512,0.5031001,-0.045225,0.1328298,3.187541,0.03271635
-0.004019376,0.4395965,-0.005551214,0.1326659,3.16256,0.03255156
0.01520942,0.4299505,-0.01172952,0.1356604,3.16227,0.009745667
-0.007633748,0.4555048,0.01452827,0.1093094,3.111715,0.0342925
-0.01039423,0.4376922,-0.01175084,0.1103385,3.137354,0.01021392
-0.004586547,0.4437205,0.01402529,0.109634,3.137681,0.03493022
0.008648521,0.4340706,0.003443566,0.132288,3.137615,0.03216235
0.01718449,0.4566119,-0.007551184,0.1346036,3.11167,0.009228518
0.003508833,0.464841,0.0009138729,0.1315742,3.11258,0.03143546
0.01952174,0.4448847,-0.004191597,0.1352341,3.13767,0.009565529
-0.01293845,0.5616202,-0.00386254,0.1359937,3.41216,0.009886319
-0.003976194,0.5660826,-0.01396196,0.1099434,3.412159,0.03574085
-0.00166471,0.4691386,-0.0007656639,0.1106649,3.437502,0.01056667
0.004713828,0.5468593,0.0133829,0.1099191,3.437745,0.0357634
-0.0206834,0.5605725,-0.02272873,0.1329702,3.412493,0.03286377
0.01187583,0.5087545,0.01115555,0.1329718,3.437509,0.0328735
0.01442171,0.5451143,0.006183519,0.1360095,3.437744,0.009863967
7.258831e-05,0.4894117,-0.00658195,0.1099435,3.487841,0.0357413
-0.002059229,0.4467958,-0.0009006444,0.1106648,3.462498,0.01056672
0.00729165,0.5101036,0.01959758,0.1099191,3.462255,0.03576351
0.0242991,0.5015725,0.02543725,0.132972,3.462491,0.03287367
-0.004435896,0.4907294,0.002120584,0.1359938,3.48784,0.009886444
-0.005789882,0.4820048,-0.007189806,0.1329711,3.487507,0.03286455
0.02010967,0.508318,0.009467867,0.1360095,3.462256,0.009864003
-0.01072077,0.5142321,-0.0314372,0.1099435,3.587841,0.03574129
-0.001234609,0.4184467,-0.002920661,0.1106649,3.562498,0.01056673
-0.0009079811,0.4590814,0.0042423,0.1099192,3.562255,0.0357636
0.01379556,0.4641325,0.007403815,0.1329721,3.562491,0.03287388
-0.03034798,0.5115766,-0.01464701,0.1359942,3.58784,0.009886464
-0.02757875,0.5202292,-0.03243063,0.1329709,3.587507,0.03286453
0.007818229,0.4574647,-0.003359219,0.1360097,3.562256,0.009864045
0.001254254,0.4962452,-0.0001030696,0.1099435,3.512159,0.03574133
0.001672726,0.4360088,0.00116192,0.1106649,3.537502,0.01056674
0.005404283,0.4813292,0.005374432,0.1099191,3.537745,0.03576361
0.01794268,0.4632827,0.01060952,0.1329721,3.537509,0.03287389
0.005641275,0.4984583,0.002876637,0.1359938,3.51216,0.009886454
0.001780313,0.4826998,-0.003032007,0.1329712,3.512493,0.0328646
0.01252903,0.4811204,0.007125642,0.1360095,3.537744,0.009864039
-0.003001529,0.5581983,-0.01398051,0.1099435,3.612159,0.0357413
-0.0008030001,0.4583261,-0.0005761321,0.1106649,3.637502,0.01056673
0.006273305,0.5358981,0.01318644,0.1099192,3.637745,0.03576362
0.01499837,0.4999832,0.0121327,0.1329722,3.637509,0.03287393
-0.01096266,0.5555797,-0.002872378,0.1359942,3.61216,0.009886466
-0.01833049,0.5543412,-0.0227545,0.1329709,3.612493,0.03286454
0.01704869,0.5349073,0.00735082,0.1360097,3.637744,0.009864055
0.0006849042,0.4764464,-0.006925799,0.1099435,3.687841,0.03574138
-0.001474312,0.4342401,-0.0007166346,0.1106649,3.662498,0.01056675
0.008054976,0.4967789,0.0197427,0.1099192,3.662255,0.03576364
0.02514236,0.4910954,0.02603587,0.1329723,3.662491,0.03287397
-0.004811775,0.4776032,0.001531453,0.1359939,3.68784,0.009886482
-0.006462029,0.4707734,-0.008116636,0.1329713,3.687507,0.03286476
0.02071241,0.4946272,0.009607907,0.1360096,3.662256,0.009864059
-0.009835061,0.491999,-0.0295841,0.1099435,3.787841,0.03574132
-0.0002236695,0.3994838,-0.002150839,0.1106649,3.762498,0.01056673
-5.751114e-05,0.4396018,0.004671323,0.1099192,3.762255,0.03576362
0.01555507,0.4461401,0.007508205,0.1329723,3.762491,0.03287399
-0.02816422,0.4891447,-0.01371064,0.1359942,3.78784,0.009886483
-0.02685561,0.4989324,-0.032038,0.1329711,3.787507,0.03286464
0.00942977,0.4385696,-0.002622581,0.1360097,3.762256,0.009864064
0.002285375,0.4823419,0.0007055616,0.1099435,3.712159,0.03574138
0.002644432,0.4191257,0.00152849,0.1106649,3.737502,0.01056675
0.006315318,0.4647215,0.005707019,0.1099192,3.737745,0.03576364
0.02033648,0.4479777,0.01047069,0.1329723,3.737509,0.03287401
0.007775621,0.4844357,0.003335596,0.1359939,3.71216,0.009886484
0.003453599,0.4699965,-0.002996986,0.1329713,3.712493,0.03286477
0.0149566,0.4643421,0.007735623,0.1360096,3.737744,0.009864065
-0.002629753,0.5333641,-0.01186141,0.1099436,3.812159,0.03574132
-0.001199341,0.4331835,-0.0007564762,0.110665,3.837502,0.01056674
0.006716713,0.5084444,0.01341662,0.1099192,3.837745,0.03576364
0.01760397,0.4772022,0.01462508,0.1329724,3.837509,0.03287406
-0.008370345,0.5304731,-0.001622287,0.1359942,3.81216,0.009886489
-0.01663699,0.5292236,-0.02099987,0.1329711,3.812493,0.03286465
0.01716354,0.5069071,0.008252782,0.1360097,3.837744,0.009864079
-0.0005570671,0.4504949,-0.00849802,0.1099436,3.887841,0.03574143
-0.001510698,0.4097911,-0.0007904761,0.1106649,3.862498,0.01056676
0.007321345,0.467905,0.01822674,0.1099192,3.862255,0.03576366
0.02617828,0.4662972,0.02493405,0.1329725,3.862491,0.03287412
-0.004505649,0.4517436,0.0008591001,0.135994,3.88784,0.009886528
-0.006326259,0.4470176,-0.009952326,0.1329716,3.887507,0.03286497
0.02091511,0.465992,0.009318043,0.1360096,3.862256,0.009864086
-0.01059615,0.4748047,-0.03095576,0.1099437,3.987841,0.03574142
-0.0004191025,0.3806552,-0.002155032,0.110665,3.962498,0.01056676
-0.0006600142,0.4177745,0.003323352,0.1099193,3.962255,0.03576371
0.01387251,0.4269074,0.006206351,0.1329729,3.962491,0.03287438
-0.02942346,0.4740669,-0.01405986,0.1359943,3.98784,0.009886611
-0.02900812,0.4834627,-0.03408828,0.1329718,3.987507,0.03286517
0.007879884,0.4185307,-0.003277211,0.1360098,3.962256,0.009864159
0.001459777,0.4577802,0.0001888843,0.1099436,3.912159,0.03574144
0.001952479,0.3979286,0.0009026072,0.1106649,3.937502,0.01056677
0.005902179,0.4419292,0.004635862,0.1099193,3.937745,0.03576371
0.019342,0.4279059,0.0100478,0.1329728,3.937509,0.03287432
0.007573521,0.4601705,0.002515226,0.135994,3.91216,0.009886538
0.003138604,0.4467675,-0.003584983,0.1329717,3.912493,0.03286502
0.01338935,0.4423094,0.007011932,0.1360097,3.937744,0.009864134
-0.001563934,0.5161479,-0.00990909,0.1099438,4.012159,0.03574147
-0.001031349,0.4116083,-0.0008142391,0.110665,4.037502,0.01056681
0.008261793,0.4857191,0.01455542,0.1099195,4.037745,0.03576384
0.02088713,0.4586118,0.01695766,0.1329737,4.037509,0.03287501
-0.005348187,0.5146425,-0.0001953159,0.1359943,4.01216,0.009886665
-0.01447826,0.512568,-0.01979361,0.1329721,4.012493,0.03286536
0.01943363,0.4846375,0.009804445,0.1360099,4.037744,0.009864338
-0.0004969795,0.4263438,-0.008841341,0.1099443,4.087841,0.03574165
-0.001149479,0.3872398,-0.0006099816,0.110665,4.062498,0.01056686
0.007438707,0.4422559,0.01799639,0.1099197,4.062255,0.03576393
0.02678767,0.4443918,0.0255813,0.1329741,4.062491,0.0328754
-0.005031745,0.4279173,0.0003639564,0.1359944,4.08784,0.009887109
-0.007619648,0.4247208,-0.01138521,0.1329739,4.087507,0.0328666
0.02084478,0.4404424,0.009166063,0.1360099,4.062255,0.009864426
-0.009921526,0.443198,-0.02825845,0.1099444,4.18784,0.03573889
0.0008664281,0.3529022,-0.000859819,0.1106651,4.162498,0.01056679
-0.0002266305,0.3873432,0.003640231,0.1099203,4.162255,0.03576342
0.01522609,0.3980006,0.00599711,0.1329756,4.16249,0.03287735
-0.02579429,0.4425976,-0.01300779,0.1359922,4.187839,0.009887766
-0.02822403,0.4521946,-0.03406135,0.1329714,4.187505,0.03286793
0.009379243,0.3891133,-0.002805449,0.1360098,4.162255,0.00986525
0.00230659,0.4328195,0.001331834,0.1099445,4.112159,0.03574174
0.002664094,0.3716832,0.001116928,0.1106652,4.137502,0.01056695
0.006785153,0.4140658,0.00504275,0.1099204,4.137745,0.03576386
0.02184389,0.4022608,0.01032842,0.1329758,4.137509,0.03287675
0.009710369,0.4356317,0.003041945,0.1359944,4.11216,0.009887342
0.004751823,0.4230439,-0.00306044,0.1329745,4.112493,0.03286722
0.01535344,0.4146066,0.007655916,0.1360102,4.137744,0.009865091
-0.1295665,0.004204727,-0.005535356,0.5878619,0.1098468,2.964561
-0.09004248,0.002006761,-0.0005045582,0.5625158,0.1105331,2.989571
-0.09748969,0.005922909,-0.002809693,0.5622418,0.1097908,2.964617
-0.09389049,0.01928316,-0.01387118,0.5625118,0.1326733,2.967461
-0.129389,0.01210478,-0.002239216,0.5878742,0.135707,2.990214
-0.1238799,0.01101114,-0.004242101,0.5874952,0.1327242,2.967392
-0.09731143,0.01073312,-0.005059266,0.5622441,0.1356451,2.990256
-0.08577114,0.003867866,0.009605782,0.5116416,0.1093491,2.965476
-0.08294418,0.002716551,-0.0006454639,0.5373293,0.1103578,2.989753
-0.08494125,-0.002940974,-0.003269221,0.5116168,0.1347913,2.990726
-0.07925211,0.001984744,-0.002862065,0.5376351,0.1096414,2.964969
-0.08490064,-0.002919006,0.009788801,0.5125014,0.1317436,2.968379
-0.07385528,0.01063531,-0.005283562,0.537566,0.1323702,2.967769
-0.07788129,0.009618375,-0.001563908,0.5376391,0.1353038,2.990411
-0.1328274,-0.007873248,0.01151737,0.6122875,0.10976,2.964719
-0.0852761,-0.001245044,-0.0018386,0.6389042,0.1101712,2.989928
-0.09234846,-0.004518183,-0.002924667,0.638266,0.1095551,2.964862
-0.1048383,0.001553659,0.00269278,0.6375145,0.1322733,2.967826
-0.1283199,-0.002773046,0.004762007,0.6123118,0.135546,2.990303
-0.1299019,-0.01142036,0.0198419,0.6124629,0.1325898,2.967519
-0.09437055,0.007985994,0.003793816,0.638293,0.1353897,2.990514
-0.216172,-0.008384577,0.01246787,1.112302,0.1097702,2.964682
-0.1800544,-0.003793871,0.004329468,1.138907,0.1101797,2.98992
-0.2159809,-0.001389876,0.008165216,1.112311,0.1355907,2.990289
-0.2158137,-0.01150799,0.02318652,1.112473,0.1326132,2.967469
-0.1959894,0.0182686,0.002897537,1.138298,0.1354239,2.990507
-0.2172138,0.007424122,0.001338906,1.137531,0.1323031,2.967793
-0.1947652,-0.003069318,-0.01019376,1.138282,0.1095617,2.964834
-0.2329841,-0.01743196,-0.001462019,1.21158,0.1354307,2.99049
-0.2141667,-0.000167108,0.0005787905,1.237268,0.110468,2.989636
-0.2279948,0.004409606,-0.005360902,1.237586,0.1356256,2.990309
-0.2189803,0.01830241,-0.008387251,1.237536,0.1326554,2.967472
-0.2404537,0.003483775,0.02836175,1.211594,0.1095816,2.964834
-0.2606982,0.005067275,0.003696517,1.212473,0.1323169,2.967801
-0.2267289,0.004785053,-0.001951564,1.237588,0.1097413,2.964638
-0.2723987,0.0005925201,0.005335449,1.287846,0.1099181,2.96433
-0.2351363,-0.000757357,0.001774233,1.262505,0.1105983,2.989502
-0.2713501,0.01505067,-0.002065034,1.287846,0.1359282,2.990134
-0.2522269,0.0161526,0.003509533,1.287519,0.1328917,2.967189
-0.2472127,0.01812474,-0.004407808,1.262227,0.135846,2.990197
-0.2267987,0.02091151,-0.009197269,1.262512,0.1328407,2.967276
-0.2497523,0.00508895,-0.009121674,1.262234,0.1098483,2.964411
-0.00164833,0.08753083,-0.001463442,0.1359335,0.4121458,2.990126
0.002076173,0.08795659,-0.004564546,0.1099276,0.4121241,2.964294
-0.0008462052,0.06644795,0.003009581,0.1106574,0.4374984,2.989437
0.003269933,0.0887878,-0.009096033,0.1329257,0.4124454,2.967167
0.001152895,0.06617438,1.546758e-05,0.1099144,0.437724,2.964239
0.009474044,0.06988459,-0.01102051,0.1329555,0.437477,2.967132
-0.002804803,0.0679304,-0.002387043,0.1359849,0.4377356,2.990139
-0.004343609,0.08662749,0.001372074,0.1099436,0.4878213,2.96424
-0.0009454437,0.06853633,0.0005159917,0.1106616,0.4624944,2.989432
-0.00273411,0.06261571,-0.0002208243,0.1099179,0.4622349,2.964225
-0.009221727,0.07085308,0.001628012,0.1329699,0.4624616,2.967117
-0.01084693,0.08701655,0.004893833,0.1359863,0.487832,2.99011
-0.01910769,0.08366788,0.009283994,0.1329704,0.4874822,2.96712
-0.003609059,0.06383133,0.002305534,0.1359979,0.4622475,2.990135
-0.02283604,0.1104973,0.004361098,0.1359265,0.5878221,2.990131
-0.008087863,0.1260914,0.0109193,0.1099252,0.5878127,2.964319
-0.006522448,0.08123531,-0.0009654145,0.1106568,0.5624905,2.989439
-0.003483555,0.07855534,0.0007187594,0.1099119,0.5622345,2.964251
-0.02290203,0.1234719,0.008968506,0.1329055,0.5874702,2.967195
-0.01365846,0.08753913,0.004365924,0.1329464,0.5624652,2.967145
-0.01218435,0.08068977,0.00227856,0.1359819,0.5622446,2.990142
5.537803e-05,0.09220056,-0.006292961,0.1099424,0.5121381,2.96424
-0.000519797,0.08014621,0.0006103389,0.1106613,0.5374962,2.989433
0.001176592,0.08167794,0.0001370038,0.1099169,0.5377279,2.964233
0.004249907,0.08078645,-0.009624257,0.1329617,0.537487,2.967127
-0.002048404,0.09291958,0.000343172,0.1359862,0.5121518,2.990111
0.0002902241,0.08780488,-0.008442954,0.1329703,0.5124674,2.96712
-0.002865267,0.08258773,-0.00299709,0.1359955,0.5377361,2.990136
-0.0254377,0.222086,0.01209745,0.1358297,0.9878643,2.99016
-0.01134107,0.2234874,0.01523074,0.1098775,0.9878584,2.96444
-0.001085354,0.1532423,0.003090702,0.1105371,0.9625427,2.989573
-0.007920964,0.1518853,-0.001401255,0.1097921,0.9622664,2.964649
-0.007130741,0.146544,0.007928517,0.13564,0.9622751,2.990258
-0.02109862,0.1641602,0.01354713,0.132656,0.9625632,2.96749
-0.04130554,0.2169009,0.03109115,0.1328319,0.9875388,2.967336
-0.005425734,0.1671219,-0.01916568,0.1092869,0.911721,2.965782
0.007733168,0.1654196,0.004772042,0.1345314,0.9116863,2.990779
-0.007762916,0.1557136,0.005000204,0.1103294,0.9373572,2.989792
0.001499081,0.1727494,-0.01324788,0.1315042,0.9125936,2.96862
-0.002379508,0.1529828,-0.01068224,0.1096158,0.9376867,2.96511
-0.0002914913,0.1538805,0.0006241531,0.1351979,0.9376735,2.99044
-0.002461735,0.1490839,-0.01108832,0.1322595,0.9376179,2.967885
-0.003584931,0.240092,-0.001326534,0.1359007,1.012167,2.990137
0.001212839,0.2482022,-0.007509919,0.1098993,1.012167,2.964363
-0.001759351,0.1841852,0.005197734,0.1106372,1.037497,2.989455
0.004000455,0.2080813,-0.0097328,0.109877,1.037738,2.964332
0.0132602,0.2103177,-0.005207829,0.1359244,1.037741,2.990157
0.01471473,0.1989008,-0.01806035,0.1329053,1.037501,2.967251
-0.006700638,0.2405053,-0.003583354,0.1328972,1.012505,2.967269
-0.006225109,0.2049665,0.01486808,0.109834,1.087837,2.964599
-0.001633972,0.1758479,0.003230129,0.1106175,1.062477,2.989478
-0.01892639,0.207842,0.003398366,0.135683,1.087831,2.990217
-0.002658537,0.1906405,-0.002599662,0.1098607,1.062242,2.96439
-0.02141659,0.1939963,0.0167014,0.1326934,1.087452,2.967416
0.006400274,0.1936875,0.0006345741,0.1358698,1.062238,2.990174
0.006312262,0.1929355,-0.006869595,0.1328522,1.062466,2.967293
-0.009739934,0.3803734,0.007076109,0.1356165,1.612174,2.990233
-0.005685729,0.3791692,-0.001974588,0.1098096,1.612175,2.964669
-0.00557794,0.306404,0.006172091,0.1105999,1.637518,2.989504
-0.02299169,0.3709332,0.01402289,0.132663,1.612555,2.967512
0.01714906,0.3569892,-0.005212124,0.1358095,1.637757,2.990198
0.01228963,0.3259138,-0.01827966,0.1327856,1.637527,2.967353
0.003200048,0.3480559,-0.0161062,0.1098518,1.637762,2.964463
-0.005573384,0.3237125,0.01708731,0.1098258,1.687841,2.964627
-0.00358285,0.2928698,0.004412873,0.1106029,1.662487,2.989501
-0.01624136,0.3270315,0.001283208,0.1356558,1.687835,2.990224
-0.01790967,0.3115486,0.01569964,0.1326628,1.687457,2.967445
0.01378547,0.3279157,-0.005019884,0.1358179,1.66225,2.990194
0.01375984,0.318728,-0.01602894,0.1327878,1.662482,2.967336
0.0004344043,0.3207195,-0.009284316,0.1098545,1.662245,2.964452
-0.01187971,0.4812633,0.02796516,0.1099402,2.587843,2.964267
-0.001026262,0.3926534,0.001664807,0.1106598,2.5625,2.989434
-0.002419148,0.4243806,-0.003723338,0.1099062,2.562263,2.964252
0.006555952,0.4248855,-0.006001931,0.1329636,2.562495,2.967157
-0.02783942,0.4764864,0.01463776,0.1359879,2.587841,2.990115
-0.03190258,0.4841728,0.03415243,0.1329628,2.587509,2.967146
0.002465185,0.4201634,0.004517924,0.1359941,2.562257,2.990137
-0.003566782,0.4467851,0.001042775,0.1099223,2.51217,2.964339
-0.001447906,0.4476336,0.002770116,0.1359261,2.512174,2.990135
-0.001665881,0.4024457,0.001252319,0.1106551,2.537507,2.98944
-0.01994148,0.4350791,0.01739028,0.1329018,2.512514,2.967215
0.003460165,0.4408689,-0.004776417,0.1099015,2.537746,2.964269
0.009773187,0.4228842,-0.008552771,0.1329478,2.537519,2.967174
0.005698256,0.4379752,-0.004313305,0.1359798,2.537754,2.990142
-0.004621222,0.5283198,0.01360066,0.1099421,2.61216,2.964263
-0.002773679,0.4402312,0.002071424,0.1106644,2.637502,2.989434
0.004625268,0.5103031,-0.01147117,0.1099183,2.637745,2.964238
0.006239573,0.4801901,-0.01011226,0.1329691,2.63751,2.967129
-0.01568898,0.5240324,0.005883436,0.1359903,2.612161,2.990114
-0.02705075,0.5221223,0.0263689,0.1329648,2.612495,2.967139
0.008579842,0.5108639,-0.004195851,0.1360079,2.637745,2.990137
-0.001583344,0.4741925,0.009707647,0.1099432,2.687841,2.964259
-0.002194225,0.4236546,0.001552765,0.1106646,2.662499,2.989434
0.005522192,0.4834059,-0.01506598,0.1099187,2.662256,2.964238
0.01420257,0.4758226,-0.0207107,0.1329703,2.662491,2.967128
-0.0137539,0.4754816,0.001235141,0.1359932,2.68784,2.990114
-0.01588612,0.4663942,0.009537089,0.1329701,2.687507,2.967137
0.01070781,0.4826453,-0.005927037,0.1360085,2.662256,2.990136
-0.03076182,0.5058078,0.01555443,0.1359939,2.78784,2.990114
-0.01148851,0.5090164,0.02967921,0.1099433,2.787841,2.964259
-0.001480044,0.4155085,0.003113278,0.1106649,2.762498,2.989433
-0.001345045,0.452816,-0.006197303,0.109919,2.762255,2.964237
-0.03007605,0.5126269,0.03169703,0.1329707,2.787507,2.967137
0.01248321,0.452216,-0.01065534,0.1329718,2.762491,2.967127
0.005864356,0.4493384,0.00492481,0.1360094,2.762256,2.990136
0.001303787,0.4890554,0.001308377,0.1099433,2.712159,2.964259
0.0004797946,0.4309738,9.315642e-05,0.1106648,2.737502,2.989433
0.005898529,0.4738242,-0.007602197,0.109919,2.737745,2.964237
0.01742102,0.4538825,-0.01466706,0.1329716,2.737509,2.967127
-0.0008075674,0.4900612,-0.001135867,0.1359934,2.71216,2.990114
-0.004079656,0.4726616,0.00331487,0.1329704,2.712493,2.967136
0.009803436,0.4723137,-0.005867615,0.1360092,2.737745,2.990136
0.01286136,0.4454161,-0.002895396,0.1346429,3.211601,2.990779
-0.0003164311,0.4249026,-0.01114084,0.1093018,3.211644,2.965676
-0.004603411,0.4455152,0.002300209,0.1102409,3.237291,2.989898
-0.009250029,0.425772,-0.02223493,0.1095375,3.237639,2.965381
-0.004038199,0.4614695,0.001245284,0.1320433,3.237511,2.968097
-0.00147419,0.4714127,0.003681051,0.1315858,3.212492,2.968557
0.02434311,0.4294527,0.00557571,0.1349586,3.237625,2.990533
0.002788779,0.4180791,0.01770618,0.1092504,3.288279,2.965971
-0.0006830184,0.426137,-0.001096297,0.1102198,3.262674,2.989921
-0.01288269,0.4052225,-0.0265649,0.1095207,3.262311,2.965462
0.001242997,0.4175962,-0.005728371,0.1319796,3.262426,2.968166
-0.01722799,0.4233153,-0.006960071,0.1343746,3.288324,2.990833
-0.01817182,0.4130097,0.01370895,0.1313628,3.287418,2.968792
0.02433644,0.4110056,0.009180954,0.134886,3.262322,2.990551
-0.02486086,0.435078,0.02159784,0.1351691,4.187789,2.990419
-0.01862112,0.4370529,0.03126168,0.1096498,4.1878,2.965152
-0.005748195,0.349916,0.008463883,0.109861,4.161209,2.990259
-0.03438067,0.4491751,0.0412301,0.1322477,4.187626,2.967888
0.007493458,0.3645713,0.01258031,0.1344981,4.161814,2.990806
-0.00192474,0.3958766,0.006457206,0.1314858,4.162608,2.968654
-0.008856527,0.3626857,-0.005671972,0.1092724,4.16186,2.965825
-0.5957179,-0.02946431,-0.009018389,2.649191,0.1216996,0.3452024
-0.5808893,-0.00657695,0.09164231,2.749928,0.1380662,0.243134
-0.6207009,0.03644192,0.0395957,2.75081,0.1217003,0.345203
-0.5678358,0.003421555,0.07153796,2.650088,0.1382031,2.755884
-0.6207285,0.03651539,-0.03994692,2.750811,0.1217201,2.654313
-0.5822232,-0.005981329,-0.09107703,2.749916,0.1382107,2.755847
-0.602902,0.007310813,0.0273145,2.81173,0.1092988,2.965783
-0.5759313,-0.004342175,0.005242933,2.837358,0.1103317,2.989794
-0.5908141,-4.922435e-05,-0.001279247,2.837689,0.1096282,2.965105
-0.5421805,0.02824158,-0.006698657,2.837624,0.1322673,2.967863
-0.6013028,-0.02131046,-0.003835315,2.811686,0.1345394,2.990781
-0.5857606,0.01370691,0.002065501,2.812599,0.1315253,2.96862
-0.5916751,0.02023414,-0.0004130864,2.837677,0.1352055,2.990439
-1.368206,1.106637,-0.04210345,2.844899,2.844926,0.0430297
-1.427043,2.165067,0.02405598,2.844814,3.048446,0.04531027
0.1659852,2.855472,0.04172228,2.845702,3.248967,0.04544756
1.624202,1.779202,-0.05480865,2.845938,3.449009,0.0453537
1.774605,1.109024,-0.03958377,2.846027,3.649017,0.04532276
1.453551,0.5608784,-0.03352623,2.846075,3.849014,0.04532202
1.167961,0.3435796,-0.02626255,2.846035,4.04901,0.04532423
-1.485836,1.178116,0.005657807,2.84896,2.849156,0.2424053
-1.54281,2.22199,-0.002978504,2.851684,3.048658,0.2464471
0.4312811,3.246215,-0.05581951,2.85684,3.24979,0.2464587
-1.466783,1.187081,-0.004127668,2.848702,2.849046,0.4466624
-1.533975,2.240126,-0.004038023,2.852095,3.048465,0.4487349
0.4697312,3.262574,-0.02748083,2.858564,3.249774,0.4488531
-1.458787,1.186655,-0.004352938,2.848669,2.849102,0.648219
-1.527056,2.236945,-0.0059762,2.852198,3.048458,0.6493665
0.4555135,3.242938,-0.02133134,2.858932,3.249779,0.6494721
-1.523724,2.236296,-0.003973338,2.852199,3.048462,0.8496345
0.456769,3.232409,-0.007531047,2.859013,3.249783,0.8497049
0.4569033,3.228387,-0.003452062,2.859053,3.249766,1.049828
-0.7413158,2.74093,0.08480724,2.84548,3.150818,0.0455538
-1.543745,2.27469,0.09374774,2.851547,3.049228,0.1435595
-0.3585836,3.033757,0.1714395,2.853547,3.149559,0.143815
1.219681,2.625689,-0.0050886,2.845854,3.350974,0.04539409
0.5990209,3.455529,0.2512328,2.854751,3.24992,0.1436288
0.9464847,3.27554,0.1976057,2.855662,3.349973,0.1435324
1.878037,1.526632,-0.05767468,2.845994,3.550988,0.04532882
1.327493,2.373102,-0.01974118,2.856029,3.44999,0.1433143
1.580816,1.798281,-0.2124302,2.856442,3.550008,0.1432
1.698325,0.8929418,-0.02591645,2.84606,3.750988,0.0453223
1.54852,1.171574,0.05593619,2.856661,3.650028,0.1431837
1.54571,0.9357915,0.09229587,2.856807,3.749994,0.1431889
1.406733,0.5568744,-0.03703085,2.846054,3.950984,0.04532331
1.317887,0.5962247,0.04670401,2.85685,3.850013,0.143195
1.304045,0.5369188,0.01183736,2.856842,3.949976,0.1431953
1.141777,0.3502359,-0.0336063,2.84601,4.15098,0.04533068
1.082853,0.3752115,0.1030987,2.856784,4.049993,0.1431969
1.061676,0.3169223,0.09372566,2.856614,4.149957,0.1432066
-0.3022284,2.921416,-0.02463515,2.854522,3.149429,0.2466467
-1.542322,2.245686,0.01103785,2.852062,3.048583,0.3480402
-0.3309023,2.939638,0.02559334,2.855247,3.149228,0.3482571
-1.611287,1.626405,-0.00574766,2.849191,2.948317,0.4481127
-1.461939,1.18813,-0.001045968,2.848799,2.84919,0.5476596
-1.609395,1.62429,-0.002151604,2.84929,2.94827,0.5487152
-0.2867327,2.922208,-0.01719687,2.855423,3.149248,0.448888
-1.534692,2.244185,-0.002833582,2.852231,3.048504,0.5491525
-0.2960132,2.92599,-0.003765592,2.855617,3.149178,0.5493003
-1.606961,1.6205,-0.005632632,2.849234,2.948301,0.6490278
-1.458576,1.186076,-0.001579422,2.848709,2.849186,0.7486705
-1.607027,1.620216,-0.003792003,2.849264,2.948278,0.7492862
-1.604323,1.620323,-0.004114188,2.849192,2.948282,0.8494323
-1.521188,1.561183,-0.02610644,2.844597,2.948819,0.04398556
-1.539765,1.222186,0.02485647,2.849615,2.849713,0.1387824
-1.734856,1.654044,0.04393759,2.849629,2.949026,0.141956
-1.634889,1.615977,0.001587742,2.849126,2.948541,0.2451652
-1.482537,1.181217,0.01180495,2.848915,2.849199,0.3451398
-1.625759,1.620803,0.009956265,2.849252,2.948308,0.3471687
-0.2616923,2.914458,-0.01504459,2.85562,3.14921,0.6494632
-1.528424,2.23737,-0.005565125,2.852246,3.048494,0.7495339
-0.2609103,2.913115,-0.007522921,2.855684,3.149177,0.7496304
-0.2510992,2.911742,-0.006368535,2.855659,3.149196,0.8496929
-1.525324,2.235732,-0.0042163,2.852214,3.04846,0.9497258
-0.2523377,2.911315,-0.004425767,2.855688,3.149163,0.9497894
-0.2458229,2.909779,-0.002702073,2.855689,3.149148,1.049821
0.948973,2.909523,-0.001425225,2.858647,3.350069,0.2462779
0.5274792,3.322346,0.02182508,2.858141,3.249843,0.3481605
0.9612833,2.940774,0.05079101,2.860648,3.349978,0.3480238
0.9561147,2.853721,-0.0141812,2.861372,3.350047,0.4487683
0.4959438,3.288732,-0.01208519,2.858878,3.249815,0.5492955
0.9616725,2.867582,-0.01721278,2.861883,3.34999,0.549246
0.9712568,2.769562,-0.01945711,2.862005,3.350026,0.6494566
0.4588497,3.241273,-0.007689988,2.859024,3.249806,0.7496409
0.9721159,2.767799,-0.01148619,2.862146,3.349991,0.7496223
0.9728682,2.758276,-0.005841703,2.862152,3.35001,0.8497115
0.4564632,3.233084,-0.004341967,2.859051,3.249792,0.949797
0.973031,2.758945,-0.008280042,2.862203,3.349987,0.9497846
0.9770718,2.746405,-0.002996003,2.862204,3.349992,1.049839
0.4570974,3.22781,-0.001997814,2.859103,3.249761,1.149891
0.9773376,2.745905,-0.003639967,2.862246,3.349976,1.149879
0.9797775,2.744393,-0.0003420432,2.862273,3.349977,1.24992
-0.6239737,0.01922456,0.004163217,3.049997,0.2461396,0.04526056
-0.6550381,0.01596909,0.003734357,3.249998,0.2461293,0.04525336
-0.6797823,0.01267238,0.003377731,3.449998,0.2461248,0.04525077
-0.698146,0.00856891,0.002715178,3.649999,0.2461211,0.04525138
-0.7095124,0.004552752,0.002161575,3.849999,0.2461129,0.04524646
-0.7143639,-0.00104888,0.001330275,4.049999,0.2461116,0.04524737
-0.7137918,-0.007049305,0.0007896542,4.249999,0.2461118,0.04524721
-0.7091968,-0.01881077,-0.002618691,4.450001,0.2461141,0.04524973
-0.698801,-0.02370957,-0.003591656,4.649997,0.2461151,0.04525023
-0.682572,-0.02778524,-0.00464937,4.849999,0.246117,0.04524885
-0.6387095,0.06107929,0.002130998,3.099993,0.4960878,0.09342262
-0.6637353,0.05028543,0.001640741,3.299993,0.4960366,0.09340151
-0.6835241,0.03849908,0.001169292,3.499995,0.4959951,0.09338506
-0.6974502,0.02603104,0.0007281322,3.699998,0.4959654,0.09337694
-0.7058184,0.01379972,0.0003284254,3.899999,0.4959458,0.09337505
-0.7085395,0.002117503,4.822524e-06,4.1,0.4959403,0.09337432
-0.7060399,-0.009806721,-0.0002441688,4.300001,0.4959451,0.09337509
-0.6968757,-0.02212278,-0.0004333398,4.500002,0.4959627,0.09337782
-0.6823653,-0.03174624,-0.0009879718,4.700005,0.4959861,0.0933887
-0.6643348,-0.04046316,-0.001216645,4.900004,0.4960258,0.09340219
-0.6533481,0.08085976,0.001246919,3.09999,0.6961844,0.0899768
-0.6792576,0.06579088,0.0009915455,3.299992,0.6961152,0.08995311
-0.699752,0.04947229,0.0007391853,3.499994,0.6960521,0.08993192
-0.7140126,0.03259631,0.0007346773,3.699997,0.6960078,0.0899179
-0.7220882,0.01554542,0.0006274366,3.899999,0.6959834,0.08991073
-0.7241681,-0.0006820568,0.0006362722,4.1,0.6959755,0.08990851
-0.7201434,-0.01637812,0.0005772626,4.300001,0.6959822,0.08991054
-0.7105936,-0.03056744,0.0004251145,4.500003,0.6960053,0.08991756
-0.6961347,-0.04440302,0.0002596945,4.700005,0.6960481,0.08993165
-0.6768661,-0.05627682,0.0001436666,4.900006,0.6961103,0.08995226
-0.6720125,0.1144037,-0.0004330698,3.099987,0.8972267,0.08847465
-0.699473,0.09357706,-0.0005421802,3.29999,0.8971524,0.08844666
-0.7210995,0.07067109,-0.0005457838,3.499993,0.8970826,0.08842073
-0.7356684,0.04617477,-0.0002869394,3.699996,0.897033,0.08840269
-0.743725,0.02207886,-0.0002229803,3.899998,0.8970055,0.08839296
-0.7454123,-0.001161013,-2.47643e-05,4.1,0.8969962,0.08838984
-0.7407856,-0.02448115,0.0001839926,4.300002,0.8970034,0.0883924
-0.7296223,-0.04612542,0.0004422291,4.500004,0.8970291,0.08840157
-0.7128545,-0.06502551,0.0002919277,4.700006,0.8970772,0.08841911
-0.6913042,-0.08182754,0.0003494225,4.900007,0.8971461,0.08844456
-0.6952853,0.1435787,-3.064315e-05,3.099983,1.0983,0.08795321
-0.7244973,0.1171575,-0.0001630954,3.299988,1.098233,0.0879212
-0.7470629,0.08740266,-7.599111e-05,3.499992,1.098169,0.08789119
-0.7616304,0.05645368,5.170162e-05,3.699996,1.098122,0.08787007
-0.7694336,0.02583544,5.389519e-05,3.899998,1.098096,0.08785852
-0.7703657,-0.003402252,0.0001451867,4.100001,1.098086,0.08785468
-0.7644506,-0.03298225,0.0001894668,4.300003,1.098092,0.08785739
-0.7518965,-0.05985153,0.0002758807,4.500005,1.098115,0.08786799
-0.732997,-0.08415898,7.258802e-05,4.700007,1.09816,0.08788812
-0.7084626,-0.1051659,5.696383e-05,4.900008,1.098223,0.08791737
-0.7256261,0.1795967,-0.0004214131,3.09998,1.298972,0.08775085
-0.7572627,0.146061,-0.0005111101,3.299986,1.29892,0.08771634
-0.7811087,0.1076947,-0.0003046375,3.499991,1.29887,0.08768354
-0.795736,0.06867728,-0.0001440671,3.699995,1.298832,0.08766031
-0.8034038,0.03044053,-0.0001172257,3.899999,1.29881,0.08764737
-0.8035621,-0.006103997,4.618299e-05,4.100002,1.298801,0.08764281
-0.7963226,-0.04366039,0.0001354361,4.300004,1.298803,0.0876455
-0.7817015,-0.0776197,0.0003667423,4.500006,1.29882,0.08765661
-0.759522,-0.1087892,0.0001173513,4.700009,1.298854,0.08767807
-0.7307732,-0.1348499,0.0001604097,4.90001,1.298903,0.08770928
-0.7647533,0.21589,-0.0002239338,3.099978,1.499377,0.0876677
-0.7980599,0.1747451,-0.0003660573,3.299984,1.499344,0.087633
-0.8229398,0.1263434,-8.916118e-05,3.49999,1.499311,0.08759947
-0.8370129,0.07978728,-6.127513e-05,3.699995,1.499285,0.08757551
-0.8440026,0.03354243,-0.0001056072,3.899999,1.499268,0.08756189
-0.8433498,-0.01003498,-2.313811e-05,4.100003,1.499259,0.08755664
-0.8344825,-0.05587419,-9.991364e-05,4.300006,1.499256,0.0875585
-0.8182715,-0.09717147,0.000335734,4.500009,1.499264,0.08756871
-0.7922142,-0.1362946,-0.0002220599,4.700012,1.499283,0.08758948
-0.7574893,-0.1675718,-0.000128167,4.900013,1.499315,0.08762027
-0.8121181,0.2579938,-0.0004889309,3.099977,1.699644,0.0876508
-0.8481692,0.206266,-0.0006129196,3.299984,1.699633,0.08761941
-0.8730316,0.146602,-0.0001305617,3.49999,1.69962,0.0875878
-0.8863556,0.0907435,-9.466092e-05,3.699996,1.699609,0.08756471
-0.8929704,0.03655051,-0.0001853591,3.9,1.699598,0.08755127
-0.8913891,-0.01461642,-3.164627e-05,4.100004,1.699586,0.08754542
-0.8814778,-0.06964348,-0.000234028,4.300008,1.699575,0.08754559
-0.86368,-0.119243,0.0005767302,4.500012,1.699568,0.08755291
-0.8324492,-0.1707827,-0.0003156955,4.700015,1.699569,0.08756951
-0.7894393,-0.2079886,8.385216e-05,4.900017,1.69958,0.08759521
-0.8762051,0.3030557,0.0004532927,3.099978,1.899848,0.08769483
-0.9105318,0.2387062,-7.516295e-05,3.299985,1.899867,0.08767275
-0.9344283,0.1638831,0.0005702814,3.499991,1.899882,0.08764673
-0.9446715,0.1010971,-2.879347e-05,3.699997,1.899889,0.08762677
-0.9491828,0.03800888,-0.0002871918,3.900002,1.899885,0.08761433
-0.9476931,-0.02004401,-0.0005143159,4.100006,1.899868,0.08760759
-0.9359284,-0.08475468,-0.001164669,4.300012,1.899839,0.08760473
-0.9205797,-0.1458739,0.0006131286,4.500018,1.899807,0.08760573
-0.8835563,-0.2122416,-0.002066833,4.700021,1.899781,0.08761183
-0.8273532,-0.2565828,-0.00149151,4.900022,1.899765,0.0876233
-0.9533076,0.3483716,-2.320561e-05,3.099984,2.100049,0.08784441
-0.9865122,0.2662089,-0.0002408521,3.299988,2.100121,0.08784186
-1.006202,0.1789574,-0.0001009729,3.499994,2.100183,0.08782606
-1.010974,0.10679,6.010503e-05,3.699999,2.100221,0.08781119
-1.014594,0.03891839,-0.0003692937,3.900004,2.100226,0.08780093
-1.012305,-0.02416492,-0.0003444902,4.100009,2.100194,0.08779355
-1.002891,-0.09820234,-0.001271254,4.300018,2.100129,0.08778615
-0.9920437,-0.1664535,0.001227477,4.500026,2.100048,0.08777496
-0.943456,-0.2664858,-0.002208577,4.700031,2.099969,0.08775632
-0.8700059,-0.3192952,0.0003458761,4.900028,2.09991,0.08773113
-1.067921,0.4053771,0.004343013,3.099964,2.300247,0.08829457
-1.079884,0.2937218,0.002105759,3.299987,2.300411,0.08833901
-1.090414,0.187794,0.002413146,3.499999,2.300567,0.08833867
-1.085154,0.1115188,7.405779e-06,3.700001,2.300665,0.08832915
-1.08202,0.03855953,-0.001122622,3.900007,2.300684,0.088322
-1.083598,-0.02826105,-0.002413087,4.100012,2.300618,0.08831561
-1.071508,-0.1070105,-0.003659618,4.300026,2.300469,0.08830506
-1.084173,-0.2025364,0.001246491,4.500053,2.300287,0.08827044
-1.023237,-0.3387116,-0.009579154,4.700084,2.300108,0.08818349
-0.9165754,-0.4020371,-0.006648434,4.900095,2.299975,0.08804971
-1.214079,0.4216295,0.00138857,3.099727,2.499833,0.08978513
-1.200847,0.283219,-0.001263345,3.299968,2.500093,0.08997722
-1.185808,0.1774566,-0.004480922,3.500008,2.500465,0.08997149
-1.163757,0.0994245,0.0006248801,3.700001,2.500688,0.0899556
-1.156523,0.03671997,-0.0008359644,3.900013,2.500734,0.0899518
-1.157024,-0.02177653,0.0002723741,4.100011,2.500597,0.08995406
-1.166614,-0.1025768,-9.639154e-05,4.300047,2.500251,0.08996397
-1.210874,-0.1864599,-0.002333571,4.500138,2.499833,0.08990407
-1.141805,-0.4357621,-0.008975478,4.700411,2.499517,0.08957546
-0.9715636,-0.5180458,0.006168921,4.900719,2.499373,0.0890576
-1.42864,0.4995753,-0.01629213,3.099542,2.69885,0.094596
-1.324532,0.2682108,-0.008794709,3.299948,2.699799,0.09491141
-1.26602,0.1593084,0.002122834,3.500026,2.700619,0.0946747
-1.221074,0.082068,-0.003879054,3.69998,2.701011,0.0946118
-1.199267,0.03198482,-0.007716885,3.900034,2.701088,0.09461027
-1.212156,-0.01658824,-0.01212598,4.099991,2.70087,0.09464946
-1.225176,-0.06355194,-0.01370652,4.300077,2.70007,0.09478999
-1.425198,-0.2132842,-0.0022903,4.500374,2.699219,0.09483402
-1.307637,-0.5837616,-0.03204091,4.700915,2.697822,0.09391564
-0.972347,-0.7155745,-0.0004460447,4.902891,2.698176,0.09150877
-1.775293,0.5663082,-0.006442102,3.048421,2.844866,0.0452877
-1.551399,0.2364595,0.01917107,3.248951,2.845851,0.04540542
-1.423131,0.1344378,0.01655118,3.449048,2.846834,0.04505314
-1.396935,0.07961279,-0.0002658801,3.648928,2.847981,0.04472142
-1.343842,0.03965357,-0.008382554,3.849075,2.847195,0.04495644
-1.317691,0.01069055,-0.01694397,4.048934,2.847992,0.0447377
-1.315523,0.03071852,-0.04903034,4.249046,2.846289,0.04525064
-1.434359,-0.03849714,-0.09312538,4.449151,2.845845,0.04537167
-1.946915,-0.3637429,-0.1862121,4.650001,2.844575,0.04519068
-0.999483,-0.8642229,-0.05099804,4.851477,2.843281,0.04312577
-0.5085356,-1.319929,-0.02984675,4.851355,3.049186,0.04632239
-0.2018217,-1.007802,-0.01072621,4.850138,3.249875,0.04654302
-0.1419927,-0.8647214,-0.01078514,4.84996,3.450007,0.04649962
-0.1190208,-0.7385473,-0.01215195,4.85001,3.650023,0.04653054
-0.114631,-0.6145592,-0.01106716,4.850051,3.850014,0.04657031
-0.1304624,-0.4811812,-0.01546446,4.850058,4.050037,0.04659231
-0.6622285,-0.01119318,0.07183588,4.94993,0.1380436,0.243135
-0.6334404,0.01705878,0.0001689224,3.099988,0.2492996,0.3097057
-0.6578168,0.01427814,-4.396408e-05,3.299988,0.2492388,0.3096778
-0.6769998,0.0110941,-0.0004190322,3.499991,0.2491886,0.3096578
-0.6901858,0.0078951,-0.0004193475,3.699994,0.2491516,0.3096486
-0.6976666,0.004693518,-0.000281653,3.899997,0.2491258,0.3096481
-0.6998521,0.001677715,0.0005823942,4.1,0.249119,0.3096474
-0.6968807,-0.001189598,0.001568211,4.300002,0.249125,0.3096482
-0.6891877,-0.003756448,0.002410331,4.500005,0.2491484,0.3096501
-0.6771088,-0.0062501,0.003229642,4.700008,0.249176,0.3096649
-0.6604131,-0.008583804,0.003441407,4.900009,0.2492217,0.3096886
-0.6441237,0.05197542,-0.0007269598,3.099977,0.4641625,0.290575
-0.6694438,0.04246204,-0.0007184846,3.299979,0.4639692,0.290509
-0.6893647,0.0320067,-0.0006903777,3.499984,0.463797,0.2904545
-0.7035019,0.02126547,-0.0006241821,3.699991,0.4636779,0.2904204
-0.711941,0.01031098,-0.0005481618,3.899996,0.4636119,0.2904041
-0.7144266,-0.0007265677,-0.0003318224,4.1,0.463591,0.290399
-0.7111754,-0.01143423,4.721144e-05,4.300004,0.4636095,0.2904037
-0.7024744,-0.02166461,0.0007659361,4.500008,0.4636721,0.2904203
-0.6887233,-0.03097622,0.0005958022,4.700013,0.4637863,0.2904554
-0.6705183,-0.03884228,0.0007056838,4.900017,0.4639524,0.2905051
-0.653448,0.07962849,0.002206785,3.099963,0.6781551,0.2832206
-0.6794718,0.06491826,0.001842741,3.299972,0.677854,0.2831291
-0.6998073,0.04880363,0.001424425,3.499981,0.6775734,0.2830454
-0.7139462,0.03260317,0.001179163,3.699989,0.677375,0.282988
-0.7220244,0.0160664,0.0008018788,3.899996,0.6772654,0.2829573
-0.7240547,5.15024e-05,0.0004443154,4.100001,0.67723,0.2829476
-0.7201491,-0.01557967,2.068012e-06,4.300005,0.6772601,0.2829561
-0.7106995,-0.02995727,-0.0005770622,4.50001,0.6773648,0.2829858
-0.6961126,-0.04349977,-0.001051671,4.700014,0.6775586,0.2830424
-0.6768192,-0.05516862,-0.001360102,4.900017,0.6778359,0.2831242
-0.671943,0.112064,-0.0006523905,3.099949,0.8869786,0.2795536
-0.699547,0.09104854,-0.0006964905,3.299965,0.8866359,0.2794369
-0.7209654,0.0679465,-0.0006507389,3.499978,0.8863113,0.2793275
-0.7355087,0.04491307,-0.0003335702,3.699988,0.8860785,0.2792505
-0.7436801,0.02130302,-0.0001976875,3.899996,0.8859477,0.2792083
-0.7452988,-0.001602202,7.224897e-05,4.100002,0.8859036,0.2791946
-0.740492,-0.02413822,0.0003375868,4.300007,0.8859377,0.2792058
-0.7296278,-0.04477865,0.0006310715,4.500012,0.8860596,0.2792456
-0.7129464,-0.06443426,0.0005228399,4.700016,0.886286,0.2793204
-0.6912267,-0.08094368,0.0006243422,4.900018,0.8866066,0.2794277
-0.6956825,0.1429472,0.0001452076,3.099935,1.092053,0.277919
-0.7249709,0.1157722,-2.548351e-05,3.299958,1.091735,0.2777823
-0.7474324,0.08564552,1.454558e-05,3.499975,1.09143,0.2776525
-0.7621192,0.05621871,9.088629e-05,3.699987,1.091208,0.2775602
-0.7700518,0.02583869,4.498804e-05,3.899996,1.09108,0.277509
-0.7709661,-0.003224493,7.242715e-05,4.100004,1.091033,0.2774916
-0.764889,-0.03221444,4.878604e-05,4.30001,1.091062,0.2775044
-0.7525045,-0.05847089,6.721071e-05,4.500015,1.091174,0.277551
-0.7334434,-0.08396797,-0.0001877838,4.70002,1.091386,0.2776393
-0.7086248,-0.1048134,-0.0002364094,4.900021,1.091685,0.2777653
-0.72623,0.1786671,-0.0005965872,3.099921,1.29507,0.2771705
-0.7578959,0.1438931,-0.0007065065,3.299951,1.29482,0.2770215
-0.7816557,0.1054754,-0.0004708648,3.499971,1.294577,0.2768787
-0.7964928,0.068319,-0.0002586214,3.699986,1.294395,0.2767762
-0.8043115,0.03020691,-0.0001868621,3.899998,1.294285,0.2767189
-0.8044258,-0.006134966,2.859454e-05,4.100007,1.294239,0.2766984
-0.7969258,-0.04284902,0.0001763147,4.300015,1.294253,0.2767107
-0.7825708,-0.07562226,0.0004249095,4.500022,1.294335,0.27676
-0.7601299,-0.108996,0.0002380785,4.700028,1.2945,0.2768549
-0.7309466,-0.134788,0.0002789069,4.90003,1.294737,0.2769913
-0.7655723,0.2150182,-0.0004166101,3.099909,1.496949,0.2768492
-0.7990147,0.172159,-0.0005929715,3.299944,1.496788,0.276699
-0.823931,0.1242099,-0.0002481962,3.499968,1.496626,0.2765524
-0.8383273,0.07976756,-0.0002117759,3.699987,1.4965,0.2764463
-0.845474,0.03341083,-0.0001992927,3.900001,1.496416,0.2763859
-0.844838,-0.009929967,-9.342265e-05,4.100013,1.496369,0.2763627
-0.8354116,-0.05487206,-9.416249e-05,4.300024,1.496358,0.276372
-0.8196882,-0.09472711,0.0003434616,4.500034,1.496395,0.2764181
-0.7932201,-0.1369359,5.260342e-06,4.700041,1.496492,0.2765103
-0.7574689,-0.1677011,7.750163e-05,4.900043,1.496647,0.2766443
-0.8131918,0.2575677,-0.0007099725,3.099901,1.6982,0.2767892
-0.8493665,0.2033618,-0.0009243179,3.29994,1.698141,0.2766538
-0.8745245,0.1449113,-0.0003648765,3.499967,1.698073,0.2765155
-0.8880172,0.09086781,-0.0002431176,3.699989,1.698011,0.2764132
-0.89484,0.03630681,-0.0002911961,3.900006,1.697956,0.2763533
-0.8932935,-0.01496958,-0.0001002583,4.100022,1.697901,0.2763273
-0.8825511,-0.0693981,-8.062106e-05,4.300038,1.697852,0.2763297
-0.8656511,-0.1155856,0.0005430519,4.500053,1.697823,0.2763642
-0.8335774,-0.1734137,0.0002554984,4.700063,1.697836,0.276439
-0.789189,-0.2096922,0.0002548827,4.900065,1.697897,0.2765513
-0.8777576,0.3015961,-0.0001323631,3.099898,1.899118,0.2769744
-0.9121578,0.234559,-0.0007360586,3.299939,1.899186,0.2768764
-0.9367978,0.1622499,0.0002527441,3.49997,1.899235,0.2767614
-0.9474584,0.1015016,-0.0003795926,3.699993,1.899255,0.2766719
-0.9519169,0.03766947,-0.0004475742,3.900013,1.899231,0.2766166
-0.9506301,-0.0202444,-0.000682695,4.100034,1.899156,0.2765878
-0.9369075,-0.08461648,-0.0009261727,4.300058,1.899037,0.2765781
-0.9244827,-0.1408597,0.0004319098,4.500083,1.898905,0.2765877
-0.8844976,-0.2160841,-0.0001121689,4.7001,1.898801,0.2766206
-0.8251952,-0.2570516,0.0001872258,4.900101,1.898752,0.2766757
-0.9540918,0.3511731,-0.0002891335,3.099898,2.099895,0.2775353
-0.9894737,0.2636847,-0.0006672697,3.299943,2.100152,0.2775103
-1.008136,0.1804836,-0.0003995241,3.499977,2.100381,0.2774364
-1.013227,0.1072436,-6.565357e-05,3.700001,2.100523,0.277369
-1.017504,0.03810589,-0.000461026,3.900023,2.10054,0.277323
-1.015438,-0.0268439,-0.0004779404,4.100049,2.100416,0.2772919
-1.004629,-0.101213,-0.0004648652,4.300088,2.100166,0.2772645
-0.9972857,-0.1579162,0.0003626983,4.500136,2.099847,0.2772287
-0.9392887,-0.2814219,0.0009256812,4.70017,2.099549,0.277173
-0.8637081,-0.3284343,0.0003165824,4.900168,2.099349,0.2770954
-1.069899,0.4064979,0.003016151,3.09989,2.30068,0.2788981
-1.084089,0.2904338,0.0009262214,3.29995,2.301285,0.2790018
-1.09473,0.1857936,0.002283479,3.499992,2.301842,0.278982
-1.090346,0.1133064,-0.0007466513,3.700012,2.302203,0.278941
-1.087138,0.03813934,-0.001560257,3.900033,2.302285,0.2789084
-1.089256,-0.02917762,-0.003116164,4.100065,2.302063,0.2788797
-1.07589,-0.1092101,-0.003579724,4.300131,2.301544,0.2788348
-1.098454,-0.1987907,-0.002336156,4.50024,2.300841,0.2787277
-1.009452,-0.3582575,-0.0002333999,4.700326,2.300158,0.2784858
-0.9065404,-0.3958618,0.0007239541,4.900312,2.299717,0.2780863
-1.222579,0.4439874,0.005372846,3.099835,2.501601,0.2822264
-1.212009,0.290319,0.0004171842,3.299958,2.502956,0.2825153
-1.187219,0.1869723,-0.001960605,3.500033,2.504202,0.2825193
-1.161853,0.1006985,0.001443905,3.700029,2.505005,0.2824922
-1.158801,0.0333929,-0.0004720816,3.900039,2.505208,0.2824768
-1.159757,-0.02962971,-9.4111e-05,4.100068,2.504803,0.2824649
-1.183779,-0.1105821,0.001371222,4.300177,2.503714,0.2824325
-1.240775,-0.1826499,-0.003072239,4.500471,2.502141,0.2822536
-1.124774,-0.503699,0.003975889,4.700734,2.500567,0.281627
-0.9363042,-0.5388166,0.002609414,4.900671,2.499693,0.2803843
-1.476608,0.5081476,0.01451444,3.099606,2.70267,0.2895285
-1.345418,0.2564763,0.004107228,3.299948,2.705814,0.2897751
-1.282386,0.130834,0.0136099,3.500091,2.708065,0.2894223
-1.246973,0.08641996,-0.001318653,3.700037,2.709564,0.2893044
-1.22216,0.03425492,-0.007509441,3.900038,2.709937,0.2892993
-1.234602,0.0004688916,-0.01587491,4.100038,2.709318,0.2893478
-1.245518,-0.03978437,-0.01731299,4.300215,2.707257,0.2895014
-1.453759,-0.2539639,-0.01580017,4.50104,2.704094,0.2896068
-1.283019,-0.6973879,-0.0003011252,4.701962,2.699853,0.2885759
-0.9722947,-0.6798558,0.00822194,4.90171,2.698621,0.2854118
-1.814173,0.6097991,0.001586906,3.048571,2.85195,0.2463705
-1.537342,0.158397,0.02084426,3.249745,2.857173,0.2462938
-1.37925,0.08269089,-0.00248342,3.501504,2.903292,0.2981196
-1.26099,0.03895797,0.0147088,3.700465,2.904682,0.2988537
-1.237602,0.01248873,0.000918659,3.90003,2.905065,0.2990486
-1.217477,0.005722565,0.0104994,4.099503,2.904535,0.2989595
-1.229997,0.05391926,0.01231235,4.29872,2.902608,0.2984406
-1.354881,-0.0141091,0.04790186,4.450841,2.857048,0.2460854
-1.909265,-0.5691408,0.11792,4.654055,2.850096,0.2461094
-0.9165715,-1.013052,0.01355806,4.90328,2.89646,0.292168
-0.4779743,-1.186906,-0.01805497,4.849946,3.046264,0.2461083
-0.2652694,-1.028783,-0.002042117,4.894634,3.29952,0.2948172
-0.1652289,-0.8409871,0.003334098,4.895933,3.500082,0.2944997
-0.1383335,-0.7175776,-0.003421049,4.899862,3.700303,0.2943039
-0.1403492,-0.589443,0.006073582,4.901367,3.90023,0.2945161
-0.1603961,-0.4499633,-0.0008382001,4.900025,4.100596,0.2949225
-0.6251525,0.01562548,0.003632841,3.09998,0.2106652,0.5123921
-0.6494146,0.01275775,0.003071972,3.299981,0.2105668,0.5123683
-0.6686057,0.009611591,0.002325854,3.499986,0.2104762,0.512347
-0.6824362,0.00646916,0.001418042,3.699992,0.210413,0.5123329
-0.6909097,0.003317835,0.0005648276,3.899996,0.2103786,0.5123257
-0.6937834,0.0003131372,-0.0005252423,4.1,0.2103677,0.5123235
-0.691085,-0.002744375,-0.001706087,4.300004,0.2103775,0.5123255
-0.6832554,-0.005657166,-0.003088212,4.500008,0.2104108,0.5123328
-0.6705412,-0.008166583,-0.004096859,4.700013,0.2104727,0.5123471
-0.6534899,-0.01047621,-0.004711486,4.900017,0.2105621,0.5123679
-0.6399153,0.04311874,-0.001000185,3.099949,0.428011,0.4943953
-0.6649519,0.03508161,-0.0007625592,3.299956,0.4276464,0.4943085
-0.6846796,0.02636337,-0.0005226682,3.499968,0.4273062,0.494229
-0.6987052,0.0176098,-0.0002128805,3.699981,0.4270665,0.4941741
-0.70708,0.00872652,0.0001548746,3.899992,0.4269349,0.4941449
-0.7096185,0.0001625894,0.0006334622,4.1,0.4268929,0.4941358
-0.7065519,-0.008002161,0.001077897,4.300008,0.4269303,0.4941439
-0.6980562,-0.01558176,0.001540872,4.500017,0.4270574,0.4941727
-0.6845743,-0.02274449,0.001876082,4.700026,0.4272931,0.494227
-0.6667657,-0.02909833,0.002155228,4.900033,0.4276296,0.4943052
-0.651992,0.07622431,0.001337679,3.099918,0.6519083,0.4889213
-0.6779446,0.06200478,0.001092726,3.299941,0.651246,0.4887598
-0.6982581,0.0465073,0.0008218349,3.499961,0.650621,0.488609
-0.7124446,0.03092949,0.0005641304,3.699977,0.6501752,0.4885029
-0.7206546,0.01501448,0.0002710041,3.899991,0.6499276,0.4884451
-0.7228159,-0.0004336242,-2.424104e-05,4.100001,0.6498469,0.4884266
-0.7190037,-0.01548141,-0.0003470818,4.30001,0.6499156,0.4884427
-0.7096659,-0.02931438,-0.0006576522,4.500019,0.6501528,0.4884983
-0.6951131,-0.04242376,-0.0009481951,4.700028,0.65059,0.4886022
-0.6758747,-0.05372293,-0.001141506,4.900033,0.6512091,0.4887509
-0.6701407,0.1084051,-0.0001349119,3.099888,0.8697529,0.4847469
-0.6975594,0.0879954,-0.000162254,3.29993,0.8689512,0.4845222
-0.7188314,0.06565295,-0.0001456671,3.499957,0.8681868,0.4843095
-0.7333188,0.04342177,-6.724543e-05,3.699977,0.867635,0.484158
-0.7414751,0.02069395,-2.055295e-05,3.899992,0.8673231,0.4840743
-0.7431474,-0.001275532,8.355088e-05,4.100004,0.8672173,0.4840466
-0.7384495,-0.02287622,0.000151664,4.300013,0.8672988,0.4840692
-0.7277282,-0.0426458,0.0002721134,4.500021,0.8675894,0.4841481
-0.711269,-0.0614882,0.0002710191,4.700027,0.8681261,0.484295
-0.6898202,-0.0774386,0.0003325873,4.900029,0.868881,0.4845037
-0.6943006,0.141125,0.0001813972,3.099854,1.081048,0.4822496
-0.7234496,0.1142248,8.386881e-05,3.299915,1.080287,0.4819756
-0.7458135,0.08448019,5.974129e-05,3.499952,1.079553,0.4817136
-0.7604835,0.05542031,2.937213e-05,3.699977,1.079014,0.4815256
-0.7684214,0.02544647,-3.952934e-05,3.899995,1.078702,0.4814203
-0.7693813,-0.00323691,-8.315598e-05,4.100009,1.078588,0.4813845
-0.7633848,-0.03179743,-0.0001633354,4.30002,1.078657,0.4814108
-0.7510988,-0.0577205,-0.0001703624,4.500029,1.078931,0.4815068
-0.7322153,-0.08282028,-0.0002900863,4.700034,1.079444,0.4816863
-0.707646,-0.1035142,-0.0003065546,4.900034,1.080165,0.4819408
-0.725012,0.1770463,-0.000314287,3.09982,1.288002,0.4809645
-0.756528,0.1425107,-0.0003691543,3.299898,1.287395,0.4806619
-0.780169,0.104493,-0.0002937069,3.499945,1.286799,0.4803689
-0.7949833,0.06765699,-0.0002227273,3.699976,1.286353,0.4801572
-0.8027849,0.02995911,-0.0001995602,3.9,1.286083,0.4800372
-0.8029017,-0.006002038,-0.0001165652,4.100019,1.285969,0.4799946
-0.7954831,-0.04224895,-0.0001025331,4.300034,1.286003,0.4800204
-0.7811857,-0.07468945,5.518766e-05,4.500046,1.286207,0.4801236
-0.7589558,-0.107474,-1.494414e-05,4.700052,1.286611,0.4803197
-0.7300889,-0.1331083,8.115106e-05,4.900052,1.287189,0.4805986
-0.7645876,0.2141184,-0.0001834673,3.099789,1.492458,0.4803845
-0.7979147,0.1713793,-0.0002985723,3.299881,1.492061,0.4800789
-0.822768,0.1236728,-0.0001648839,3.499938,1.491658,0.4797771
-0.8371986,0.07943042,-0.0002288326,3.699978,1.491345,0.4795564
-0.8443092,0.03327887,-0.0002634107,3.900008,1.491136,0.4794293
-0.8436508,-0.009883893,-0.0002835667,4.100033,1.49102,0.4793807
-0.8342774,-0.05442486,-0.0003843278,4.300056,1.490996,0.4794006
-0.8183982,-0.09432557,-0.0001813606,4.500074,1.49109,0.4794982
-0.7921348,-0.1357095,-0.0004152423,4.700085,1.491334,0.4796894
-0.7569977,-0.1668266,-0.0002824514,4.900086,1.491717,0.4799646
-0.8124122,0.2566129,-0.0003836017,3.099766,1.695477,0.4802926
-0.8485886,0.2025244,-0.000542026,3.29987,1.695321,0.4800168
-0.8737344,0.1444827,-0.0003861049,3.499936,1.695141,0.4797317
-0.8871943,0.09048455,-0.0003051116,3.699982,1.694983,0.4795188
-0.8940287,0.03619589,-0.0003811865,3.90002,1.694844,0.4793929
-0.8922967,-0.01499748,-0.000296667,4.100055,1.694711,0.4793388
-0.8817877,-0.06892166,-0.000401638,4.300089,1.694596,0.4793456
-0.864366,-0.1155625,-2.5182e-05,4.50012,1.694536,0.4794201
-0.8326329,-0.1709737,-0.0002113809,4.700139,1.69458,0.4795769
-0.7890235,-0.207487,0.0001147832,4.900142,1.694741,0.4798073
-0.8771213,0.3015613,-0.0003467465,3.099752,1.897681,0.4806712
-0.9114156,0.2343777,-0.0006134384,3.299864,1.897813,0.4804686
-0.9361254,0.1621156,-3.965199e-05,3.499939,1.897905,0.4802306
-0.94708,0.1014824,-0.000500964,3.699992,1.897937,0.4800441
-0.9514418,0.03767274,-0.0005500148,3.900038,1.897873,0.4799283
-0.9499418,-0.02033713,-0.0007565195,4.100085,1.897696,0.4798692
-0.9366052,-0.08368031,-0.001039912,4.300138,1.897427,0.479853
-0.9219893,-0.1417551,-0.0003318839,4.500194,1.897135,0.47988
-0.8835587,-0.2125001,-0.001107119,4.700232,1.896912,0.4799571
-0.8269429,-0.2569641,-0.0007258283,4.900235,1.89682,0.4800767
-0.954513,0.3495736,-0.0001493274,3.099741,2.099459,0.4817047
-0.9897039,0.2623116,-0.0006487122,3.299865,2.099995,0.4816341
-1.008141,0.1803164,-0.000542723,3.499951,2.100474,0.4814764
-1.013322,0.1067549,-0.0002235479,3.700008,2.100777,0.481335
-1.01765,0.03786338,-0.0005850521,3.900058,2.100808,0.4812387
-1.014784,-0.02739021,-0.0005777126,4.100121,2.100534,0.4811764
-1.005459,-0.1010173,-0.0008436016,4.300208,2.099987,0.4811274
-0.9953257,-0.1621666,-0.0001559431,4.500317,2.099297,0.4810738
-0.9460421,-0.2694652,0.0004052915,4.700399,2.098665,0.4809967
-0.8693257,-0.3192327,0.001629822,4.900402,2.098251,0.4808827
-1.068827,0.408109,-0.0008908903,3.099712,2.301072,0.4838891
-1.082848,0.2893491,-0.001259378,3.299873,2.302283,0.4840202
-1.095325,0.1856438,0.0007171071,3.49998,2.303421,0.483967
-1.09134,0.1134975,-0.001139149,3.700031,2.304179,0.4838828
-1.087833,0.03825146,-0.001399017,3.900077,2.304355,0.4838142
-1.089289,-0.02917153,-0.002218243,4.100153,2.303893,0.4837553
-1.077893,-0.1050001,-0.002139583,4.300297,2.302815,0.4836719
-1.092081,-0.1968098,-0.0003436098,4.500533,2.301364,0.4835043
-1.027191,-0.339669,-0.002517793,4.700731,2.29999,0.4831502
-0.9132623,-0.4064209,-0.001724976,4.900728,2.299116,0.4825521
-1.221762,0.4375438,0.0006345929,3.099604,2.502534,0.4879844
-1.213608,0.2862729,-0.001096307,3.299882,2.504958,0.4882945
-1.188772,0.1880505,-0.0001363562,3.500044,2.507278,0.488273
-1.163953,0.09885052,0.0008004383,3.700061,2.50883,0.4882036
-1.160122,0.03199136,-0.000194794,3.900082,2.50924,0.4881587
-1.158439,-0.0323635,-4.125999e-05,4.100159,2.508478,0.4881297
-1.182702,-0.1130099,0.0004800853,4.300377,2.506433,0.4880762
-1.23034,-0.1950098,0.001487846,4.500916,2.5035,0.4878641
-1.158802,-0.4561319,0.006432429,4.701456,2.500701,0.4871615
-0.9730449,-0.5152236,0.005286525,4.901438,2.499186,0.4856886
-1.478014,0.5140423,-0.004880449,3.099331,2.703624,0.4941584
-1.336214,0.258618,-0.00319331,3.299883,2.708152,0.4943299
-1.278923,0.1340703,0.003999339,3.500181,2.712229,0.4940115
-1.252109,0.08598199,-0.002230288,3.700079,2.714992,0.4938508
-1.223668,0.03313088,-0.003815718,3.900058,2.715692,0.4938161
-1.234971,-0.0004154655,-0.008057136,4.100105,2.714636,0.4938459
-1.247617,-0.03169614,-0.006383219,4.300315,2.71111,0.4939614
-1.448161,-0.2086742,-0.003073143,4.501537,2.705689,0.4940944
-1.327535,-0.5779923,-0.009734921,4.702875,2.699726,0.493348
-0.9580803,-0.7251533,0.006985854,4.902916,2.697426,0.4907942
-1.808579,0.6218972,-0.002565028,3.048333,2.852496,0.448712
-1.53781,0.1520035,0.00765408,3.249716,2.859069,0.4487685
-1.395262,0.109903,0.00255135,3.502534,2.906169,0.4990343
-1.277751,0.04141759,0.003356599,3.700864,2.908737,0.4991566
-1.253364,0.005556647,0.002011006,3.900013,2.90933,0.49929
-1.237352,-0.008161415,0.003559054,4.099163,2.90855,0.4991934
-1.251546,0.04079911,0.00875692,4.297671,2.90533,0.4990909
-1.424721,-0.009014273,-0.01415419,4.451119,2.859159,0.4486391
-1.900433,-0.7002507,-0.0787529,4.654781,2.85012,0.4485127
-0.9983335,-0.9013484,-0.03288373,4.854607,2.845295,0.4462364
-0.5828249,-1.361686,0.05830321,4.850165,3.04528,0.4484528
-0.2830117,-1.061522,-0.003528418,4.894527,3.299396,0.4977012
-0.191541,-0.8523595,-0.01403141,4.89933,3.500069,0.4976241
-0.01613035,-0.7861448,-0.02187427,4.755417,3.70554,0.5054365
-0.1386142,-0.7044479,-0.006084352,4.912298,3.699951,0.4970094
-0.04587744,-0.5781402,0.001639576,4.761089,3.89999,0.5023692
-0.15767,-0.5717804,0.0001980835,4.918521,3.900384,0.4966633
-0.05449047,-0.4968864,-0.0002313382,4.755393,4.094815,0.5054072
-0.1695714,-0.4439477,0.006047823,4.912236,4.101418,0.4975758
-0.6327883,0.01459451,-0.0003425815,3.099971,0.1972869,0.7006334
-0.6571325,0.01188325,-0.0003143883,3.299972,0.1971563,0.7006091
-0.6762884,0.008936597,-0.0003057097,3.499979,0.1970345,0.7005866
-0.6899777,0.005926213,-0.0001995096,3.699987,0.196949,0.700571
-0.6981451,0.0028657,-2.367764e-05,3.899995,0.1969024,0.7005625
-0.7007383,-0.0001928196,0.0003365859,4.1,0.1968876,0.7005599
-0.6979358,-0.003223381,0.0006982053,4.300005,0.196901,0.7005623
-0.6901121,-0.006094074,0.001040502,4.500012,0.1969464,0.7005706
-0.6776207,-0.008677053,0.00133349,4.700019,0.1970309,0.700586
-0.6607797,-0.01090039,0.001481123,4.900024,0.1971517,0.7006084
-0.6391889,0.04169248,-0.0001073368,3.09992,0.4047096,0.6961694
-0.6641119,0.03395682,-0.0001272903,3.299933,0.4041723,0.6960789
-0.6836996,0.02556804,-0.0001487723,3.499951,0.4036662,0.695994
-0.6976219,0.01707598,-0.0001370451,3.699971,0.4033068,0.6959343
-0.705898,0.008399334,-0.0001113364,3.899987,0.4031086,0.6959014
-0.7083603,-0.000175513,-4.168744e-05,4.100001,0.4030453,0.695891
-0.7052512,-0.00840338,2.714179e-05,4.300012,0.4031018,0.6959004
-0.6969298,-0.01612875,0.0001557467,4.500026,0.4032937,0.6959321
-0.6836729,-0.02336289,0.0001373583,4.70004,0.403648,0.695991
-0.665982,-0.02963685,0.0001742451,4.900049,0.4041499,0.6960749
-0.6501782,0.07274491,0.0003293665,3.099867,0.6288671,0.6925499
-0.6759218,0.05913939,0.0002659223,3.299905,0.627821,0.6923622
-0.6960323,0.04435676,0.0001952623,3.499937,0.6268279,0.6921844
-0.7100957,0.02954372,0.000168343,3.699964,0.6261155,0.6920578
-0.7182262,0.01439595,0.0001264393,3.899985,0.6257178,0.6919875
-0.7204075,-0.0003120412,0.0001240301,4.100002,0.6255877,0.6919649
-0.7167368,-0.01465294,8.463985e-05,4.300016,0.6256986,0.6919845
-0.707585,-0.0278752,4.937671e-05,4.50003,0.6260794,0.6920516
-0.6932997,-0.04037822,-2.77592e-06,4.700044,0.6267787,0.6921755
-0.6743739,-0.05118487,-2.514191e-05,4.900051,0.6277624,0.6923507
-0.6682041,0.1059568,-0.0001177415,3.099814,0.8512456,0.689367
-0.6954036,0.08593594,-0.0001632462,3.299887,0.8499091,0.6890838
-0.7164477,0.06410765,-0.0001776369,3.499933,0.8486303,0.6888138
-0.7308294,0.0423536,-0.0001362954,3.699965,0.8477028,0.6886201
-0.7389465,0.02011955,-0.0001298101,3.899988,0.8471767,0.6885118
-0.7406397,-0.001411636,-7.680105e-05,4.100007,0.8469978,0.6884759
-0.7360388,-0.02258296,-4.975841e-05,4.300021,0.8471354,0.6885047
-0.7255753,-0.04191391,3.070249e-05,4.500032,0.8476259,0.6886061
-0.7094084,-0.06045234,-1.283782e-05,4.70004,0.8485273,0.6887936
-0.6882357,-0.07610174,2.81032e-05,4.900042,0.8497898,0.6890581
-0.6925189,0.1391563,3.407919e-05,3.099755,1.068032,0.6868759
-0.7214408,0.1125726,-5.074841e-05,3.299864,1.066725,0.6865194
-0.7435944,0.083284,-6.086903e-05,3.499926,1.06546,0.6861762
-0.7581936,0.05464157,-6.689435e-05,3.699966,1.06453,0.6859277
-0.7660882,0.0251164,-0.0001054128,3.899994,1.063988,0.6857874
-0.7670991,-0.003127938,-0.0001113959,4.100016,1.06379,0.6857393
-0.7611914,-0.03129823,-0.0001686121,4.300033,1.06391,0.6857736
-0.7491511,-0.05676892,-0.0001291709,4.500044,1.064385,0.6859005
-0.7305277,-0.08158368,-0.0002440739,4.700048,1.06527,0.6861366
-0.7061875,-0.1019411,-0.0002101631,4.900047,1.06651,0.686469
-0.7234524,0.1756426,-0.0003966817,3.099693,1.279284,0.6853191
-0.7547733,0.1413143,-0.0004537227,3.299834,1.278227,0.684918
-0.7782123,0.1036615,-0.0003889456,3.499915,1.277188,0.6845269
-0.7929974,0.06705495,-0.0003163199,3.699966,1.276405,0.6842414
-0.800758,0.02963992,-0.0002924108,3.900003,1.27593,0.6840783
-0.8009246,-0.006049107,-0.0002088605,4.100033,1.27573,0.6840194
-0.7935182,-0.04210025,-0.0002200274,4.300056,1.275791,0.6840538
-0.7794765,-0.07407595,-3.182671e-05,4.500072,1.27615,0.6841926
-0.7574619,-0.1069369,-0.0001657284,4.700078,1.276856,0.6844548
-0.728787,-0.1322483,-1.961732e-07,4.900076,1.277864,0.6848254
-0.7632727,0.2131582,-0.0003013979,3.099637,1.486769,0.6845839
-0.7965088,0.1705463,-0.0004038192,3.299805,1.486069,0.6841774
-0.8212666,0.1231141,-0.0002921206,3.499904,1.485356,0.6837719
-0.8357831,0.07907767,-0.0003431556,3.699969,1.484799,0.6834723
-0.8428351,0.03305848,-0.0003804062,3.900017,1.484429,0.6832982
-0.842285,-0.009868232,-0.0003835556,4.100059,1.484225,0.6832302
-0.832732,-0.05445794,-0.0005403436,4.300095,1.484187,0.6832566
-0.8172706,-0.09367427,-0.0002469022,4.500122,1.484358,0.6833882
-0.7911602,-0.1354476,-0.0007536988,4.700136,1.484792,0.683645
-0.7557222,-0.165732,-0.0004765346,4.900135,1.485465,0.6840106
-0.8113666,0.2562837,-0.0005604331,3.099594,1.691964,0.6844851
-0.8475432,0.2021921,-0.0006936428,3.299783,1.691674,0.6841199
-0.872562,0.1445029,-0.0005531773,3.499899,1.691344,0.6837378
-0.8861585,0.09028865,-0.000467921,3.699977,1.691054,0.6834496
-0.8929585,0.03594315,-0.0005547275,3.900039,1.690804,0.6832772
-0.8914011,-0.01528961,-0.0004503435,4.100097,1.690575,0.6832018
-0.8803811,-0.06964955,-0.0007438137,4.300153,1.690383,0.6832098
-0.8635261,-0.115,-7.300974e-05,4.500201,1.690293,0.6833096
-0.8316877,-0.1729347,-0.0009085959,4.700231,1.690385,0.6835186
-0.7879308,-0.2087364,-1.288338e-05,4.900232,1.690678,0.6838216
-0.8761375,0.3014423,-0.0003931944,3.099565,1.895782,0.6850163
-0.910774,0.2341569,-0.0006527422,3.299771,1.895972,0.68475
-0.9358792,0.1619233,-0.0002106829,3.499902,1.896094,0.6844339
-0.9471364,0.1015261,-0.0006288353,3.699992,1.896124,0.684184
-0.9512896,0.03741151,-0.0007457383,3.900068,1.896005,0.6840265
-0.9500717,-0.02050496,-0.000889867,4.100147,1.895708,0.6839453
-0.9351639,-0.085035,-0.001492681,4.300236,1.895268,0.6839227
-0.9233015,-0.1406462,-5.294417e-05,4.500325,1.894799,0.6839589
-0.8829338,-0.2146521,-0.003256769,4.700386,1.894452,0.6840616
-0.8235646,-0.2543973,-0.00229258,4.900392,1.894319,0.6842152
-0.954216,0.3504967,-0.0006097524,3.099544,2.098799,0.6863636
-0.9897666,0.2631175,-0.0009299394,3.29977,2.099621,0.6862643
-1.007666,0.1816043,-0.0008121324,3.499918,2.100355,0.6860578
-1.013504,0.1067515,-0.0004917583,3.700015,2.100818,0.6858727
-1.017996,0.0374025,-0.0008998818,3.900101,2.100856,0.6857441
-1.015817,-0.02864772,-0.0008532558,4.100205,2.100416,0.68566
-1.00402,-0.1029586,-0.002048932,4.300347,2.099551,0.6855949
-0.9955555,-0.158224,0.0006061853,4.50052,2.098471,0.6855302
-0.9406052,-0.2829779,-0.002774672,4.700651,2.097488,0.6854428
-0.8580481,-0.3291672,0.0002603856,4.900663,2.096842,0.6853046
-1.068037,0.4091421,-0.0003301188,3.099502,2.301281,0.6888247
-1.08328,0.2892217,-0.0005211134,3.299774,2.303034,0.6889298
-1.09666,0.1854351,0.0005239673,3.499951,2.304691,0.6888402
-1.094104,0.1146848,-0.001265969,3.700045,2.305802,0.6887228
-1.089999,0.03836395,-0.001613419,3.900127,2.306057,0.6886303
-1.092283,-0.0297172,-0.001991697,4.100254,2.305364,0.688556
-1.075826,-0.1104214,-0.002112662,4.300478,2.303774,0.6884639
-1.098854,-0.1987032,0.00631723,4.500825,2.301653,0.6882959
-1.008087,-0.355811,-0.01115263,4.701127,2.299666,0.6879498
-0.9042026,-0.3903545,-0.01475053,4.901152,2.298392,0.6873416
-1.222175,0.4385985,-0.0001559241,3.099395,2.503185,0.6924626
-1.215767,0.2868021,-0.001818707,3.299785,2.506341,0.692707
-1.188926,0.1912101,-0.0008429973,3.50002,2.509398,0.6926719
-1.164807,0.09893694,0.0004996836,3.700074,2.511471,0.6925909
-1.161821,0.03135222,-0.0008214416,3.900125,2.512026,0.6925311
-1.161014,-0.03490361,-0.001192052,4.100253,2.51099,0.6924871
-1.183925,-0.1145128,-0.004122474,4.300564,2.508271,0.6924193
-1.236172,-0.1826057,-0.001074696,4.501256,2.50443,0.6922237
-1.134107,-0.5059187,-0.01734138,4.701945,2.500807,0.6916488
-0.9340521,-0.5412317,0.0005790366,4.90199,2.498741,0.6904509
-1.481343,0.5153246,0.000107568,3.099175,2.704265,0.6967059
-1.337105,0.2556291,-0.0001567646,3.299799,2.70936,0.6968602
-1.279345,0.1341972,0.001828083,3.500184,2.714243,0.6966923
-1.258131,0.0896277,-0.001362905,3.700088,2.717601,0.6965936
-1.228274,0.03577712,-0.002842725,3.900079,2.718467,0.696558
-1.241657,0.001965591,-0.004751423,4.10016,2.71717,0.6965563
-1.257703,-0.03984931,0.0006583013,4.300417,2.712952,0.6965831
-1.483059,-0.2338842,0.0214014,4.501792,2.706611,0.6965953
-1.315824,-0.6541561,-0.02120434,4.703232,2.700103,0.6960208
-0.9612559,-0.6671112,-0.01305124,4.903272,2.697506,0.6942902
-1.809268,0.6164782,-0.002210037,3.048304,2.852664,0.6493762
-1.543082,0.1375174,0.001987639,3.249715,2.859525,0.6494464
-1.395474,0.1111121,-0.001292399,3.502716,2.907121,0.6993678
-1.278355,0.04495379,0.003186629,3.701028,2.910038,0.6992779
-1.250285,0.009383523,0.00249084,3.90001,2.910762,0.699278
-1.222989,0.002046464,0.006330539,4.099009,2.90983,0.6992827
-1.234816,0.06681222,0.01826077,4.297498,2.906238,0.6993602
-1.338734,0.01381002,0.03478579,4.45119,2.859748,0.6493565
-1.938974,-0.4770185,0.07590057,4.65494,2.850355,0.6492104
-0.9312449,-1.023202,0.04738869,4.903896,2.895474,0.6974678
-0.5429136,-1.237222,-0.059382,4.850033,3.04512,0.6491945
-0.2897292,-1.056628,-0.01396657,4.89539,3.299565,0.6989321
-0.2073891,-0.8356194,-0.009732604,4.902504,3.5004,0.6989696
-0.02256328,-0.7660895,0.01869645,4.762209,3.702273,0.7044214
-0.1375492,-0.7066375,-0.00715998,4.921887,3.699541,0.6988288
-0.04748308,-0.5859924,-0.00354373,4.773866,3.899127,0.7069762
-0.1574405,-0.5748474,-0.004185498,4.932131,3.900418,0.6987782
-0.06732758,-0.5013484,0.0007410932,4.761782,4.097028,0.7045191
-0.1689004,-0.4434971,0.002817511,4.920973,4.101929,0.6990973
-0.633272,0.01245862,0.001293402,3.099962,0.1919386,0.8983292
-0.6577568,0.01012529,0.001079348,3.299963,0.1917777,0.898309
-0.677059,0.007620348,0.0008047263,3.499972,0.1916268,0.89829
-0.6908701,0.005114529,0.0005007336,3.699983,0.1915205,0.8982766
-0.6991907,0.002590617,0.0001934042,3.899993,0.1914624,0.8982692
-0.7018999,0.0001585991,-0.0001819925,4.1,0.191444,0.898267
-0.6991333,-0.00226156,-0.0005450379,4.300007,0.1914607,0.898269
-0.6912229,-0.004493601,-0.0009475136,4.500015,0.1915173,0.8982762
-0.6784695,-0.006547632,-0.001250601,4.700025,0.1916223,0.8982894
-0.6613658,-0.008380061,-0.001463654,4.900032,0.191772,0.8983081
-0.6388138,0.03931924,-6.657889e-05,3.099895,0.3933852,0.8971621
-0.6637431,0.03195754,-4.482223e-05,3.299911,0.3927004,0.8970838
-0.6833485,0.02402577,-3.387163e-05,3.499936,0.3920533,0.8970096
-0.6972803,0.0160573,-1.338749e-05,3.699962,0.391592,0.8969565
-0.7055698,0.0079402,2.250544e-05,3.899983,0.3913369,0.8969271
-0.7080549,2.322802e-06,7.692358e-05,4.1,0.391255,0.8969177
-0.7049838,-0.007567857,0.0001239301,4.300016,0.3913279,0.896926
-0.6966793,-0.01464313,0.0001777011,4.500034,0.391575,0.8969544
-0.6834272,-0.02133893,0.0002185589,4.700052,0.3920297,0.8970063
-0.6657605,-0.02721157,0.0002579633,4.900064,0.3926715,0.8970797
-0.6495737,0.07047382,0.0005220865,3.099818,0.6143901,0.895233
-0.6752979,0.05721238,0.00041298,3.29987,0.6130109,0.8950654
-0.6954105,0.04286399,0.0002939517,3.499914,0.611698,0.8949055
-0.7094983,0.028517,0.0001702645,3.699951,0.6107527,0.8947903
-0.7176848,0.01385985,3.352456e-05,3.89998,0.6102233,0.8947259
-0.7199126,-0.0003610136,-0.0001174901,4.100002,0.6100497,0.8947047
-0.7162732,-0.01420992,-0.0002582848,4.300022,0.6101975,0.8947226
-0.70716,-0.02697705,-0.000391301,4.500042,0.6107043,0.8947839
-0.6928848,-0.03908176,-0.0005033506,4.70006,0.611632,0.8948961
-0.6739758,-0.04957364,-0.0005847003,4.90007,0.6129321,0.8950536
-0.6668289,0.1030436,-0.0001247138,3.099739,0.8365486,0.8929136
-0.6938855,0.08348129,-0.000145329,3.299841,0.8347187,0.8926476
-0.7148172,0.06224135,-0.0001434507,3.499906,0.8329634,0.8923921
-0.7291496,0.04111197,-0.0001236299,3.699951,0.8316861,0.8922069
-0.7372569,0.01955934,-0.0001087315,3.899984,0.8309594,0.8921025
-0.7389927,-0.001279347,-7.992845e-05,4.100009,0.830712,0.8920674
-0.7344746,-0.02176197,-5.749215e-05,4.300029,0.8309025,0.892095
-0.7241257,-0.04045821,-1.304244e-05,4.500044,0.8315801,0.8921922
-0.7081246,-0.05841993,6.854506e-06,4.700055,0.8328211,0.8923708
-0.6871614,-0.07364897,3.830041e-05,4.900058,0.8345531,0.8926205
-0.691015,0.1370495,0.0001263579,3.099653,1.05588,0.8910108
-0.7197849,0.1107864,4.142969e-05,3.29981,1.05403,0.8906631
-0.7418192,0.08193287,-9.620916e-06,3.499899,1.052238,0.8903261
-0.7563748,0.05372978,-6.518885e-05,3.699954,1.050916,0.8900804
-0.7642605,0.02468962,-0.0001369264,3.899993,1.050145,0.8899405
-0.7653162,-0.00308539,-0.0002043227,4.100023,1.049863,0.8898917
-0.75949,-0.03076961,-0.0002672787,4.300045,1.050034,0.8899253
-0.7475754,-0.05580487,-0.0002972207,4.500059,1.050711,0.8900502
-0.7291359,-0.08021015,-0.0003312573,4.700063,1.051968,0.8902823
-0.7050373,-0.1003071,-0.0003438816,4.900061,1.053724,0.890607
-0.7219945,0.1738001,-0.0002378048,3.099561,1.270558,0.8895811
-0.7531572,0.1397516,-0.0002988684,3.299768,1.269038,0.889184
-0.7764598,0.1025129,-0.000283539,3.499884,1.267538,0.8887933
-0.7911997,0.06627969,-0.0002733528,3.699955,1.266408,0.8885058
-0.7989354,0.02930919,-0.0002729699,3.900007,1.265721,0.8883396
-0.7991282,-0.005955361,-0.0002594814,4.100047,1.265432,0.8882784
-0.791793,-0.04156038,-0.0002483452,4.300079,1.265521,0.8883117
-0.7778665,-0.0730989,-0.0001825392,4.500099,1.266041,0.8884502
-0.7560538,-0.1055907,-0.0001657753,4.700105,1.26706,0.8887113
-0.7276837,-0.1306367,-0.0001174209,4.900101,1.268509,0.8890779
-0.7620145,0.2118645,-0.0002784044,3.099476,1.480932,0.8888177
-0.7951301,0.1694496,-0.0003630124,3.299725,1.479916,0.8884124
-0.819804,0.1223187,-0.0003139829,3.499869,1.478879,0.8880039
-0.8343206,0.07855138,-0.0003642068,3.69996,1.478067,0.8876993
-0.8413334,0.03280336,-0.0003796357,3.900028,1.477528,0.8875197
-0.8408064,-0.009839169,-0.0004084465,4.100086,1.477233,0.8874481
-0.8312487,-0.05413518,-0.0004226337,4.300136,1.477181,0.8874725
-0.8158858,-0.09302688,-0.0003295161,4.500172,1.477433,0.8876035
-0.789952,-0.1344651,-0.0003259879,4.700188,1.478065,0.8878593
-0.7547984,-0.1645411,-0.0002284305,4.900185,1.479037,0.8882214
-0.8103421,0.2551779,-0.0004735631,3.099412,1.68833,0.8887357
-0.8464981,0.2012415,-0.0005791359,3.299692,1.687898,0.8883752
-0.8714811,0.1439016,-0.0005156727,3.49986,1.687406,0.8879927
-0.8850725,0.08981266,-0.0004905585,3.699971,1.686976,0.8877005
-0.891861,0.03571685,-0.0005296778,3.900059,1.68661,0.8875231
-0.8902861,-0.01531783,-0.0005205522,4.100141,1.686283,0.8874433
-0.8792083,-0.06949132,-0.0005271559,4.300219,1.686015,0.8874477
-0.8623204,-0.1143116,-0.0003787724,4.500285,1.685899,0.8875442
-0.8305875,-0.1723727,-0.0003521565,4.700324,1.686043,0.8877477
-0.7873476,-0.2076553,-0.0001827164,4.900326,1.686467,0.888039
-0.8753539,0.3009321,-0.0006208997,3.09937,1.893832,0.8893426
-0.9099855,0.2337205,-0.0007658298,3.299673,1.89407,0.8890876
-0.9351417,0.1616214,-0.0004879515,3.499863,1.89421,0.8887781
-0.9465238,0.1013373,-0.0007408375,3.699992,1.894229,0.8885297
-0.9505603,0.03717622,-0.0007055373,3.9001,1.89405,0.8883706
-0.9493132,-0.02068722,-0.0007943984,4.100211,1.893636,0.8882854
-0.9338265,-0.08535303,-0.0007996097,4.300334,1.893034,0.8882572
-0.9223752,-0.1405625,-0.0004485444,4.500457,1.892399,0.8882864
-0.8809856,-0.2142654,-0.0007073758,4.70054,1.891933,0.888377
-0.8226857,-0.2531222,-0.000244603,4.900551,1.891751,0.8885054
-0.9539505,0.3496616,-0.0007356985,3.099341,2.09807,0.8907098
-0.9896151,0.262323,-0.0009068649,3.299668,2.099126,0.8906092
-1.007611,0.181247,-0.0008056429,3.499878,2.100061,0.8904055
-1.013537,0.1062536,-0.0006790413,3.700019,2.100644,0.8902217
-1.018042,0.03705316,-0.0008860224,3.900142,2.100679,0.8900932
-1.015846,-0.02920504,-0.001004628,4.100289,2.100092,0.8900093
-1.003766,-0.1034613,-0.00114129,4.300482,2.09896,0.8899472
-0.9952158,-0.1571983,-0.0009754375,4.500711,2.097555,0.8898898
-0.9405473,-0.2861582,-0.000582965,4.700889,2.096279,0.8898139
-0.8540996,-0.3284304,-8.910788e-05,4.900919,2.095431,0.8896811
-1.067677,0.409146,-0.001157847,3.099306,2.301308,0.892817
-1.082534,0.2887713,-0.0009735435,3.299673,2.303431,0.8928823
-1.096447,0.1852113,-0.0004743701,3.499912,2.305426,0.8927869
-1.094621,0.1146221,-0.001375618,3.700048,2.306761,0.8926712
-1.090273,0.03802041,-0.001354517,3.900169,2.307057,0.8925799
-1.092777,-0.03019029,-0.001640911,4.100344,2.3062,0.8925081
-1.074555,-0.1121008,-0.001124943,4.300632,2.304261,0.8924256
-1.098357,-0.1980466,8.936556e-05,4.501055,2.301691,0.8922898
-0.9955289,-0.3603297,-0.001521994,4.701429,2.299278,0.8920258
-0.9006332,-0.38891,-0.0009116607,4.901492,2.297678,0.891558
-1.222663,0.4371566,-0.0009958474,3.099233,2.503547,0.8954193
-1.216194,0.2855181,-0.001636348,3.2997,2.507076,0.8955945
-1.189033,0.1913934,-0.0009156117,3.499987,2.510494,0.8955664
-1.165521,0.09832487,-0.0005606889,3.700075,2.512818,0.8955009
-1.16268,0.03077014,-0.001264534,3.900157,2.513437,0.8954459
-1.162347,-0.03661347,-0.001731554,4.100326,2.512252,0.8953976
-1.184532,-0.1157534,-0.002392184,4.300693,2.509192,0.8953265
-1.23873,-0.1820094,-0.002511637,4.501461,2.504907,0.8951637
-1.123453,-0.5263561,-0.005602051,4.702217,2.500883,0.8947464
-0.9151966,-0.5463536,-0.0004297751,4.902309,2.498504,0.8939154
-1.481783,0.5155303,-0.002321877,3.09907,2.704522,0.8980734
-1.335565,0.2523297,-0.001987034,3.299742,2.709842,0.8981921
-1.278271,0.1343877,-0.000854603,3.500164,2.715025,0.8981113
-1.25961,0.08985729,-0.001932242,3.700085,2.718602,0.8980616
-1.229271,0.03559426,-0.002197501,3.900092,2.719528,0.8980354
-1.243602,0.0008863297,-0.003431398,4.100199,2.71813,0.8980181
-1.26132,-0.04774482,-0.001397758,4.300484,2.713651,0.8980015
-1.482878,-0.244275,0.002291502,4.501906,2.706986,0.8979661
-1.276633,-0.7086919,-0.0004123875,4.703362,2.700308,0.8975474
-0.9562915,-0.6645605,-0.006990256,4.903421,2.697625,0.896355
-1.80686,0.6181491,-0.002564679,3.048259,2.852711,0.8496535
-1.542246,0.1221397,-0.002096959,3.249709,2.859655,0.8497028
-1.398031,0.1118896,-0.001110705,3.502705,2.907384,0.8996676
-1.279848,0.04611616,-0.0005159665,3.701036,2.910406,0.8996238
-1.250666,0.01032717,-0.001404151,3.900008,2.911159,0.8996207
-1.222942,0.004328924,-0.001878779,4.099004,2.910189,0.8996173
-1.229247,0.07178441,-0.0007384527,4.297512,2.906486,0.8996466
-1.384623,0.02152959,0.0116033,4.451216,2.859926,0.8496476
-1.930983,-0.6218239,0.02460738,4.654918,2.850537,0.8495253
-0.941016,-1.025642,0.001170823,4.903886,2.895547,0.8983444
-0.5107566,-1.213123,-0.01148345,4.849945,3.045154,0.8496033
-0.2899294,-1.065168,-0.02122221,4.898151,3.299473,0.8993635
-0.226592,-0.8368163,0.005280605,4.908056,3.500686,0.8991677
0.004065414,-0.7713421,-0.0120696,4.764455,3.699312,0.8984556
-0.1669097,-0.691132,0.01080972,4.928227,3.699584,0.8993146
-0.05062872,-0.606376,-0.0007187194,4.775463,3.897146,0.9016243
-0.1640387,-0.5619134,-0.005063025,4.937897,3.90036,0.899374
-0.07207208,-0.5035833,0.002403973,4.762826,4.095871,0.900429
-0.1765818,-0.4395135,0.001797163,4.924286,4.101905,0.8995207
-0.6330696,0.01259808,-9.517213e-05,3.099955,0.1902482,1.098852
-0.6574836,0.01024261,-0.0001069721,3.299957,0.1900634,1.098838
-0.676699,0.007703394,-0.0001167339,3.499968,0.1898899,1.098825
-0.6904237,0.005143499,-0.0001024957,3.699981,0.1897674,1.098815
-0.6986516,0.002549542,-6.378888e-05,3.899991,0.1897002,1.09881
-0.7012904,1.198603e-05,1.769531e-05,4.1,0.1896789,1.098808
-0.6985133,-0.002519198,0.0001065205,4.300008,0.1896982,1.09881
-0.690646,-0.004861163,0.0001848521,4.500018,0.1897635,1.098815
-0.6780053,-0.00701974,0.000252247,4.700029,0.1898845,1.098824
-0.6610347,-0.008908803,0.000288944,4.900037,0.1900567,1.098837
-0.6385873,0.03908983,-7.657553e-05,3.099874,0.3884869,1.098232
-0.6634617,0.03176833,-9.706761e-05,3.299894,0.3876918,1.098176
-0.6830112,0.02388549,-0.0001118094,3.499924,0.3869394,1.098123
-0.6968941,0.01595379,-0.0001101636,3.699955,0.386402,1.098085
-0.7051425,0.007859893,-9.643395e-05,3.89998,0.386104,1.098064
-0.7076001,-9.212936e-05,-6.28995e-05,4.1,0.3860081,1.098057
-0.7045228,-0.007697634,-2.69471e-05,4.300019,0.3860933,1.098063
-0.6962592,-0.01481457,1.356993e-05,4.50004,0.3863816,1.098083
-0.6830766,-0.02153825,3.197431e-05,4.700062,0.3869113,1.098121
-0.6654793,-0.02741746,5.149306e-05,4.900076,0.3876572,1.098173
-0.6490379,0.06956152,-8.508845e-06,3.099779,0.6067168,1.097145
-0.6746681,0.05644155,-3.695016e-05,3.299842,0.6050913,1.097024
-0.6946889,0.0422696,-6.247937e-05,3.499895,0.6035414,1.096907
-0.7087172,0.02811071,-7.110746e-05,3.69994,0.6024232,1.096823
-0.7168637,0.01364762,-7.543542e-05,3.899975,0.6017955,1.096776
-0.7190818,-0.0003906624,-6.323274e-05,4.100003,0.6015892,1.09676
-0.7154721,-0.0140621,-5.415558e-05,4.300027,0.6017644,1.096773
-0.7064124,-0.02668161,-4.540056e-05,4.500051,0.6023648,1.096818
-0.6922361,-0.03864219,-3.038301e-05,4.700073,0.6034616,1.0969
-0.6734601,-0.04903133,-2.47113e-05,4.900085,0.6049956,1.097014
-0.6659574,0.1017899,-0.0002170891,3.099676,0.8272834,1.095789
-0.6928944,0.08241809,-0.0002318521,3.299802,0.8250766,1.095594
-0.7137249,0.06142344,-0.0002287543,3.499882,0.8229566,1.095406
-0.7279972,0.04054135,-0.000210034,3.699938,0.8214106,1.095269
-0.7360774,0.01925414,-0.0001898559,3.899979,0.8205291,1.095191
-0.7378158,-0.001341346,-0.000159039,4.10001,0.8202285,1.095164
-0.7333427,-0.02156741,-0.0001206986,4.300035,0.82046,1.095184
-0.723082,-0.04004416,-8.376078e-05,4.500055,0.8212816,1.095256
-0.7072134,-0.05779762,-4.743332e-05,4.700069,0.8227829,1.095388
-0.6863909,-0.07288575,-1.953198e-05,4.900074,0.8248735,1.095572
-0.689827,0.1355679,-0.0001061802,3.099564,1.046757,1.094426
-0.7184414,0.1095285,-0.0001536516,3.29976,1.044467,1.094163
-0.7403521,0.08098411,-0.0001753582,3.499872,1.042245,1.093907
-0.7548429,0.05309023,-0.000192276,3.699941,1.040601,1.093718
-0.7626988,0.02439258,-0.0002139261,3.89999,1.039642,1.09361
-0.7637656,-0.003059185,-0.0002337866,4.100027,1.039291,1.093572
-0.7580014,-0.03040421,-0.0002343556,4.300056,1.039506,1.093597
-0.7461902,-0.0551483,-0.0002369358,4.500073,1.040349,1.093693
-0.7279257,-0.07925046,-0.0002062264,4.700079,1.04191,1.093869
-0.7040226,-0.09916885,-0.0002034658,4.900077,1.044086,1.094115
-0.7207346,0.1726092,-0.0002119342,3.099446,1.263182,1.093429
-0.7517527,0.1387385,-0.0002769703,3.299709,1.261259,1.093124
-0.7749259,0.1017723,-0.0002894374,3.499856,1.25936,1.092822
-0.7896117,0.06575831,-0.0003053964,3.699945,1.257927,1.092598
-0.7973224,0.02905779,-0.0003175766,3.900009,1.257056,1.092467
-0.7975183,-0.005971601,-0.000341561,4.100059,1.25669,1.092417
-0.7902399,-0.04128934,-0.0003228943,4.300098,1.256806,1.092442
-0.7764045,-0.07258868,-0.0003276358,4.500123,1.257467,1.092548
-0.7547719,-0.1047719,-0.00027786,4.700129,1.258757,1.092748
-0.7265966,-0.129668,-0.0002769225,4.900124,1.260586,1.093029
-0.7609148,0.2109543,-0.0002716259,3.099336,1.47585,1.09281
-0.7939453,0.1686744,-0.000356254,3.299654,1.474558,1.092498
-0.8185547,0.121763,-0.0003532848,3.499837,1.473236,1.092181
-0.8330698,0.0781712,-0.0004171298,3.699951,1.4722,1.091943
-0.8400513,0.03261249,-0.0004445725,3.900037,1.471513,1.0918
-0.8395104,-0.009859786,-0.0005183112,4.10011,1.471138,1.091741
-0.8299523,-0.053923,-0.000485103,4.300171,1.471073,1.091756
-0.8145937,-0.09263156,-0.000530076,4.500215,1.471396,1.091855
-0.788796,-0.1337577,-0.0003506926,4.700235,1.472197,1.092049
-0.7537787,-0.1636927,-0.0003704955,4.900231,1.473424,1.092323
-0.8094909,0.2546562,-0.0005056553,3.099251,1.685236,1.092759
-0.8456351,0.2008061,-0.0005984445,3.29961,1.68469,1.092486
-0.8705797,0.1436801,-0.0005775616,3.499825,1.684061,1.092192
-0.884185,0.08955195,-0.0005832087,3.699966,1.683513,1.091965
-0.890976,0.03553263,-0.0006043666,3.900077,1.683048,1.091824
-0.8893479,-0.01549717,-0.0006772404,4.10018,1.682635,1.091758
-0.8782371,-0.06954398,-0.0005665058,4.300277,1.682299,1.091756
-0.8612646,-0.1142921,-0.0006915853,4.500361,1.682154,1.091823
-0.8295954,-0.1719335,-0.0005280699,4.700409,1.68233,1.091971
-0.7863049,-0.2071272,-0.0006528351,4.900412,1.682845,1.092178
-0.8747261,0.3006315,-0.0005519302,3.099197,1.892233,1.093302
-0.9094785,0.233458,-0.0006819238,3.299585,1.89251,1.093112
-0.9348776,0.1614281,-0.0005634231,3.499825,1.892663,1.092875
-0.9463467,0.1011932,-0.0008243264,3.699989,1.892668,1.092683
-0.9503456,0.03699801,-0.0008640886,3.900127,1.892439,1.092558
-0.9490061,-0.02090746,-0.001133831,4.100268,1.891929,1.09249
-0.9333264,-0.0855232,-0.0009715964,4.300422,1.891194,1.092465
-0.9216895,-0.1407591,-0.001397874,4.500574,1.890423,1.092484
-0.8805694,-0.2141835,-0.0003708913,4.700681,1.889854,1.092546
-0.8217669,-0.2529928,-0.0006564277,4.900701,1.889619,1.092627
-0.953729,0.3496096,-0.0006990692,3.09917,2.097454,1.094357
-0.989514,0.2624274,-0.0008332387,3.299577,2.098665,1.094279
-1.007403,0.1815882,-0.0008308627,3.49984,2.099725,1.094124
-1.013559,0.1060518,-0.0008548502,3.700018,2.100377,1.093984
-1.018172,0.03680741,-0.001003807,3.900174,2.1004,1.093884
-1.015865,-0.02973604,-0.00133978,4.100356,2.099709,1.093819
-1.003657,-0.1038429,-0.0009840658,4.30059,2.098395,1.093771
-0.9948554,-0.1579516,-0.001465315,4.500861,2.096769,1.09373
-0.9405638,-0.2855809,-0.001675185,4.701078,2.095286,1.093678
-0.8549104,-0.3284555,-0.001311377,4.90113,2.094277,1.093584
-1.067422,0.4090316,-0.0006674719,3.099156,2.301237,1.095775
-1.08261,0.2885812,-0.0006066324,3.299592,2.303559,1.095814
-1.096763,0.1851268,-0.0005340332,3.499877,2.305725,1.095742
-1.095525,0.1147073,-0.001340811,3.700047,2.307167,1.095656
-1.090966,0.03790307,-0.00148869,3.900199,2.307476,1.095586
-1.093315,-0.03057504,-0.002063379,4.100408,2.306521,1.09553
-1.075065,-0.1124692,-0.00173009,4.300736,2.304391,1.095468
-1.097755,-0.1989157,-0.004672148,4.501209,2.301576,1.095372
-0.9977042,-0.3602712,0.0008648838,4.701628,2.298924,1.095199
-0.9009173,-0.3904161,-1.295358e-05,4.901728,2.29713,1.0949
-1.222864,0.4370961,-0.0009998679,3.09912,2.503652,1.097364
-1.216781,0.2857357,-0.001357951,3.299639,2.507359,1.097476
-1.189351,0.1920575,-0.001175069,3.49996,2.510939,1.097458
-1.165939,0.09827167,-0.001000807,3.700072,2.513371,1.097415
-1.163375,0.03046562,-0.001485913,3.900177,2.514011,1.097374
-1.162619,-0.03722368,-0.001782435,4.100372,2.51275,1.097335
-1.185727,-0.1163157,-0.0003512841,4.300772,2.509528,1.097279
-1.239991,-0.1846113,-0.003569334,4.501582,2.505031,1.097166
-1.129861,-0.5209928,0.001704263,4.702386,2.500797,1.0969
-0.9315827,-0.5407131,-0.001843538,4.902534,2.498239,1.096385
-1.481347,0.5149409,-0.00111443,3.099003,2.7046,1.098911
-1.335645,0.2523364,-0.00103288,3.299705,2.710027,1.098991
-1.278701,0.1342069,-0.001141843,3.500148,2.715326,1.098953
-1.260712,0.08997558,-0.001652285,3.70008,2.718983,1.09893
-1.230407,0.03551935,-0.002097856,3.9001,2.719928,1.098913
-1.244135,0.000605412,-0.003524272,4.100222,2.718486,1.098895
-1.261523,-0.04713331,-0.005061504,4.300525,2.713903,1.098872
-1.480221,-0.2426922,-0.01441536,4.50197,2.707099,1.098836
-1.288053,-0.6939764,-0.00066338,4.703461,2.700293,1.098578
-0.9568061,-0.6622166,-0.005000419,4.903607,2.697488,1.097861
-1.805602,0.6166994,-0.001770922,3.048223,2.852692,1.0498
-1.543959,0.1171131,-0.002137862,3.249704,2.859695,1.049832
-1.398205,0.1112795,-0.001609618,3.502691,2.907467,1.099828
-1.280403,0.04648042,-0.001287764,3.70103,2.910521,1.099814
-1.251676,0.01049773,-0.002353504,3.900008,2.911281,1.099814
-1.22362,0.004623579,-0.003715741,4.099012,2.910299,1.099808
-1.232276,0.07079403,-0.005279841,4.297527,2.90656,1.099812
-1.387896,0.02065739,-0.002792673,4.45123,2.859977,1.049804
-1.933111,-0.5927519,0.003088137,4.654926,2.850536,1.049723
-0.938269,-1.035677,-0.00521486,4.904058,2.895417,1.099061
-0.4383465,-1.192232,0.009546282,4.850092,3.044888,1.049802
-0.2752854,-0.991273,-0.01771224,4.901847,3.298992,1.099797
-0.05568415,-0.9167891,0.001125479,4.75749,3.505412,1.100012
-0.1769709,-0.8071426,0.006471583,4.91892,3.500093,1.099085
-0.08843954,-0.7302845,0.01777749,4.771556,3.702165,1.096598
-0.1798436,-0.7029622,0.02075255,4.93674,3.700246,1.099221
-0.03565486,-0.6023995,-0.0008898905,4.776858,3.895167,1.100661
-0.16267,-0.5867527,-0.003325133,4.941529,3.900295,1.099619
-0.07007882,-0.4934714,-0.0009547126,4.763375,4.095288,1.099955
-0.1713453,-0.4402506,0.001915329,4.925805,4.101826,1.099719
-0.633249,0.01215617,0.0002105133,3.099951,0.1897065,1.29952
-0.6577185,0.009866818,0.0001544913,3.299953,0.189507,1.299513
-0.6769869,0.007418728,9.146372e-05,3.499965,0.1893197,1.299506
-0.6907467,0.004967578,2.209177e-05,3.699979,0.1891873,1.299501
-0.6990045,0.00248826,-4.856912e-05,3.899991,0.1891145,1.299498
-0.7016688,7.989659e-05,-0.0001310015,4.1,0.1890914,1.299498
-0.6989009,-0.002321733,-0.0002039514,4.300009,0.1891122,1.299498
-0.6910098,-0.004531197,-0.0002750531,4.50002,0.189183,1.299501
-0.678306,-0.006577928,-0.0003237689,4.700032,0.1893138,1.299506
-0.6612585,-0.008383743,-0.0003552248,4.90004,0.1894996,1.299512
-0.6386054,0.03855707,-1.01838e-05,3.099861,0.3864705,1.299186
-0.6634994,0.0313099,-3.298428e-05,3.299883,0.3856091,1.299157
-0.6830625,0.02352507,-5.36445e-05,3.499916,0.3847931,1.29913
-0.6969576,0.01571025,-7.321984e-05,3.69995,0.3842093,1.29911
-0.7052156,0.007743613,-8.790533e-05,3.899978,0.3838854,1.299099
-0.7076828,-6.828284e-05,-0.0001009733,4.1,0.3837808,1.299096
-0.7046172,-0.007526665,-0.0001069932,4.300021,0.3838734,1.299099
-0.6963519,-0.0145053,-0.0001135463,4.500044,0.3841867,1.299109
-0.6831535,-0.02110711,-0.0001103197,4.700068,0.3847616,1.299129
-0.6655311,-0.02689656,-0.0001053001,4.900084,0.3855705,1.299155
-0.6489441,0.06890041,8.071491e-05,3.099753,0.6030584,1.298667
-0.6745855,0.05587191,3.970685e-05,3.299824,0.6012842,1.298605
-0.6946164,0.04181913,-6.928069e-06,3.499883,0.5995911,1.298545
-0.7086539,0.0277948,-5.423258e-05,3.699933,0.5983683,1.298501
-0.7168132,0.01347907,-0.0001021305,3.899972,0.5976807,1.298476
-0.7190432,-0.0004117778,-0.0001532499,4.100003,0.5974545,1.298468
-0.7154469,-0.01392499,-0.0001901563,4.30003,0.5976462,1.298475
-0.7063914,-0.02640481,-0.000229215,4.500056,0.5983031,1.298498
-0.6922098,-0.03822817,-0.000242267,4.700081,0.5995019,1.298541
-0.6734132,-0.04852329,-0.0002565773,4.900095,0.6011769,1.2986
-0.6655865,0.1008385,-0.0001435941,3.099635,0.8225041,1.298033
-0.69248,0.08159456,-0.0001667468,3.299776,0.8200696,1.297932
-0.7132717,0.06078188,-0.0001753355,3.499866,0.8177285,1.297834
-0.7275272,0.04009796,-0.0001800266,3.699929,0.8160192,1.297762
-0.735605,0.01903423,-0.0001774529,3.899976,0.8150429,1.297721
-0.7373528,-0.001343892,-0.0001772752,4.100012,0.8147097,1.297706
-0.7329087,-0.02133137,-0.0001566609,4.30004,0.8149659,1.297717
-0.7226743,-0.03961008,-0.0001523847,4.500063,0.815875,1.297755
-0.7068506,-0.05715042,-0.0001078451,4.700079,0.8175338,1.297824
-0.6860821,-0.07211122,-9.763883e-05,4.900085,0.8198409,1.297919
-0.6892436,0.134532,-0.0001246647,3.099505,1.041489,1.297385
-0.7177926,0.1086385,-0.0001642039,3.299725,1.038921,1.297248
-0.7396505,0.08029237,-0.0001879966,3.499852,1.036426,1.297114
-0.754116,0.05260555,-0.0002131839,3.699931,1.034579,1.297015
-0.7619676,0.0241447,-0.0002304465,3.899988,1.0335,1.296958
-0.7630405,-0.003090639,-0.0002576768,4.100031,1.033105,1.296937
-0.7573163,-0.03017936,-0.0002363648,4.300063,1.033348,1.29695
-0.745537,-0.05475115,-0.0002568632,4.500084,1.034297,1.297
-0.7273481,-0.07861831,-0.0001682439,4.700092,1.036049,1.297092
-0.7035268,-0.09843949,-0.0001718082,4.90009,1.038488,1.297221
-0.719961,0.1715172,-0.0001954085,3.099369,1.258333,1.29681
-0.7508886,0.137804,-0.00024627,3.299667,1.25614,1.296647
-0.7739885,0.1010569,-0.0002679172,3.499835,1.253972,1.296486
-0.7886385,0.0652506,-0.0002976473,3.699937,1.252335,1.296366
-0.7963455,0.02880057,-0.000305128,3.900009,1.251338,1.296294
-0.7965348,-0.006023447,-0.0003441179,4.100067,1.250921,1.296267
-0.789325,-0.04104908,-0.000282188,4.300111,1.251055,1.296279
-0.7755271,-0.07220591,-0.0003505093,4.500139,1.251812,1.296335
-0.7539978,-0.1040402,-0.000192733,4.700147,1.253285,1.296442
-0.7259195,-0.1288767,-0.0002649582,4.900141,1.255367,1.296591
-0.7601847,0.2101573,-0.0002353827,3.099242,1.472307,1.296508
-0.7931487,0.1679944,-0.0003081725,3.299606,1.470826,1.296343
-0.8177146,0.121244,-0.0003375247,3.499816,1.469309,1.296178
-0.8322094,0.07779088,-0.0004024751,3.699946,1.468119,1.296053
-0.8391961,0.03240253,-0.0004122291,3.900043,1.46733,1.295976
-0.8386191,-0.009970969,-0.0004901912,4.100126,1.466899,1.295942
-0.8291308,-0.05376433,-0.0003421723,4.300194,1.466823,1.295943
-0.8137014,-0.09249183,-0.0004803135,4.500246,1.46719,1.295988
-0.7880114,-0.1333398,3.043674e-05,4.700268,1.4681,1.296088
-0.7531066,-0.1633655,-8.964882e-05,4.900263,1.469488,1.296229
-0.8089511,0.2540406,-0.0004305826,3.09914,1.683198,1.296478
-0.8450931,0.2002678,-0.0005031866,3.299553,1.682582,1.296334
-0.870027,0.1432643,-0.0005198846,3.4998,1.68187,1.29618
-0.8836172,0.08918076,-0.0005607537,3.699962,1.681245,1.29606
-0.8904532,0.03527895,-0.0005393249,3.90009,1.680715,1.295984
-0.8887178,-0.01578877,-0.0006544593,4.100209,1.680242,1.295946
-0.8777465,-0.0695621,-0.0003013744,4.300321,1.679856,1.295939
-0.860719,-0.1146574,-0.0007493166,4.500418,1.679682,1.295969
-0.8291271,-0.1712945,0.0001115951,4.700477,1.679865,1.296044
-0.7855023,-0.2068168,-0.0005225741,4.900484,1.680419,1.296151
-0.874395,0.3002446,-0.0005314809,3.099078,1.89124,1.296798
-0.9091767,0.2331227,-0.0006322758,3.299521,1.891544,1.296699
-0.9346372,0.1611096,-0.0006274038,3.499797,1.891703,1.296574
-0.9461343,0.1009216,-0.0008108535,3.699986,1.891698,1.296472
-0.9502717,0.03677244,-0.0007814707,3.900145,1.891436,1.296403
-0.9488454,-0.02123749,-0.001052572,4.100307,1.890863,1.296366
-0.9336388,-0.0853202,-0.0004106121,4.300484,1.890045,1.29635
-0.9211198,-0.1409795,-0.001402772,4.500657,1.889185,1.296356
-0.881189,-0.2146379,0.001698865,4.700782,1.888544,1.296385
-0.8216706,-0.2547264,0.001198196,4.900814,1.888262,1.296422
-0.9535687,0.3491644,-0.0005754757,3.099059,2.097055,1.297356
-0.9894722,0.2619954,-0.0007036486,3.299517,2.098343,1.297316
-1.007402,0.1811946,-0.0007833605,3.499813,2.099458,1.297235
-1.013513,0.1056314,-0.0008762945,3.700016,2.100137,1.297161
-1.018261,0.03646981,-0.0008812399,3.900194,2.100147,1.297107
-1.015574,-0.03031448,-0.00131607,4.100398,2.099398,1.297071
-1.003559,-0.1042116,1.392676e-05,4.300657,2.097987,1.297043
-0.994585,-0.1602623,-0.00218462,4.500956,2.096244,1.297019
-0.9370479,-0.2824193,0.001279339,4.701198,2.09465,1.296991
-0.8616976,-0.3283843,-0.001541284,4.90127,2.093553,1.296942
-1.067195,0.4089516,-0.0007503034,3.099064,2.301126,1.298042
-1.082222,0.2883452,-0.000719309,3.299543,2.303539,1.29806
-1.096852,0.1847289,-0.0008973752,3.499855,2.305779,1.298022
-1.095749,0.1143567,-0.001348326,3.700046,2.307264,1.297977
-1.091382,0.03759531,-0.001328373,3.900215,2.307572,1.29794
-1.093485,-0.03131754,-0.001861162,4.100445,2.306567,1.297908
-1.076819,-0.111425,-0.0007755454,4.300798,2.304341,1.297874
-1.096959,-0.2004392,-0.00859197,4.501301,2.301402,1.297822
-1.008628,-0.3559415,0.009151469,4.701756,2.298623,1.297734
-0.9036894,-0.3921506,0.0103877,4.901888,2.296722,1.297584
-1.222987,0.4366013,-0.0009023672,3.099054,2.503658,1.298793
-1.216885,0.2855712,-0.001135812,3.299603,2.507446,1.298847
-1.18941,0.1918572,-0.001224958,3.499944,2.511094,1.298838
-1.166088,0.09792858,-0.001484167,3.70007,2.513568,1.298816
-1.16378,0.03012335,-0.001722794,3.900188,2.514214,1.298795
-1.161984,-0.03745927,-0.001546015,4.100399,2.512914,1.298773
-1.18672,-0.117041,0.002984737,4.300819,2.509613,1.298741
-1.238849,-0.1887982,-0.001133876,4.501659,2.505003,1.298682
-1.13841,-0.5033272,0.01641324,4.702514,2.500635,1.29855
-0.938371,-0.5424588,-0.003168099,4.902723,2.497962,1.298292
-1.481339,0.5148489,-0.001296964,3.09897,2.704615,1.299506
-1.335441,0.2514948,-0.001212659,3.299685,2.710091,1.299545
-1.278832,0.1338094,-0.001480775,3.500138,2.715434,1.29953
-1.261156,0.08947523,-0.001920718,3.700077,2.71912,1.29952
-1.230726,0.03486187,-0.001966317,3.900105,2.720071,1.299512
-1.243092,0.0004925281,-0.003974696,4.100236,2.718608,1.299501
-1.259048,-0.04087414,-0.007856964,4.300549,2.713975,1.299486
-1.474879,-0.2361583,-0.03090075,4.502019,2.70709,1.299467
-1.313891,-0.6557754,0.01649588,4.70359,2.700132,1.299344
-0.9640983,-0.6694413,0.009347561,4.903854,2.697143,1.298957
-1.805057,0.6171804,-0.001563197,3.048222,2.852672,1.249902
-1.544819,0.1175113,-0.001295471,3.249703,2.859709,1.249915
-1.39908,0.1112285,-0.001765278,3.502686,2.907496,1.299925
-1.281001,0.04635556,-0.002889127,3.701027,2.910561,1.29992
-1.253742,0.009620887,-0.005338203,3.900008,2.911322,1.299921
-1.22579,0.002338358,-0.009699635,4.099015,2.910334,1.299917
-1.239621,0.06481964,-0.02058905,4.297535,2.90658,1.299917
-1.393096,0.00975323,-0.008449759,4.451243,2.859982,1.249909
-1.909664,-0.5788522,0.004248185,4.654971,2.850457,1.249866
-0.9410793,-1.036556,-0.04933365,4.904421,2.895123,1.299638
-0.4647887,-1.213589,0.0192624,4.850167,3.044785,1.249895
-0.2904858,-0.9849688,-0.00068067,4.903707,3.298939,1.299929
-0.05447605,-0.9256673,0.01276649,4.763137,3.505615,1.302049
-0.1884871,-0.8051472,0.002833387,4.925541,3.499491,1.299842
-0.08225462,-0.7213713,-0.004429016,4.777546,3.707236,1.30132
-0.1680922,-0.70147,0.0002835379,4.942932,3.700543,1.299813
-0.0352677,-0.5975707,0.0002215039,4.777923,3.894191,1.300149
-0.1626006,-0.5806904,-0.001044954,4.943873,3.900219,1.299827
-0.06842001,-0.491736,-0.0009723245,4.763687,4.095007,1.299933
-0.1724369,-0.4408132,-0.001838421,4.926606,4.10176,1.299864
-0.6331462,0.01226258,-0.0001258049,3.099949,0.1895695,1.5
-0.6575811,0.00995812,-0.0001408424,3.299952,0.1893652,1.499999
-0.6768086,0.007483716,-0.0001487932,3.499964,0.1891734,1.499999
-0.69054,0.004999273,-0.0001513205,3.699978,0.1890376,1.5
-0.6987789,0.002486088,-0.0001461247,3.89999,0.1889629,1.5
-0.7014177,4.093221e-05,-0.0001380582,4.1,0.1889393,1.5
-0.6986332,-0.002402294,-0.0001242354,4.300009,0.1889606,1.5
-0.6907473,-0.004653521,-0.0001169306,4.50002,0.1890331,1.5
-0.6780684,-0.006736826,-0.0001018609,4.700033,0.1891672,1.5
-0.661068,-0.00857427,-9.951424e-05,4.900042,0.1893575,1.5
-0.6385218,0.03862623,-0.0001265229,3.099857,0.3859148,1.499998
-0.6633921,0.03136899,-0.0001375751,3.299879,0.3850314,1.499998
-0.68293,0.02356521,-0.000146823,3.499913,0.3841942,1.499998
-0.6968031,0.01572552,-0.0001513849,3.699949,0.3835952,1.499998
-0.7050459,0.007734686,-0.0001495129,3.899977,0.3832626,1.499998
-0.7074959,-0.000106117,-0.0001473919,4.1,0.3831551,1.499998
-0.7044186,-0.007598064,-0.0001356279,4.300022,0.3832499,1.499998
-0.6961537,-0.0146148,-0.000126609,4.500045,0.3835714,1.499998
-0.6829728,-0.02124223,-0.0001075694,4.70007,0.3841614,1.499998
-0.6653821,-0.02706125,-9.602913e-05,4.900086,0.384991,1.499999
-0.6488231,0.06885287,-0.0001339251,3.099745,0.6019802,1.499997
-0.6744289,0.05582385,-0.0001487008,3.299817,0.6001569,1.499997
-0.694431,0.04177431,-0.0001600501,3.499879,0.5984166,1.499996
-0.7084473,0.02775294,-0.0001690155,3.69993,0.5971588,1.499996
-0.7165941,0.01344119,-0.000170058,3.899971,0.5964514,1.499996
-0.7188072,-0.0004501681,-0.0001703477,4.100003,0.5962181,1.499996
-0.7152036,-0.01395732,-0.0001586453,4.300031,0.5964152,1.499996
-0.7061455,-0.02645,-0.0001547456,4.500058,0.5970909,1.499996
-0.6919852,-0.03826415,-0.0001275814,4.700084,0.5983236,1.499997
-0.6732317,-0.04857513,-0.0001182614,4.900098,0.6000449,1.499997
-0.6654257,0.1007596,-0.0001464515,3.099621,0.8210363,1.499996
-0.6922931,0.08151609,-0.0001648306,3.299767,0.8185263,1.499995
-0.713058,0.06070977,-0.0001811936,3.499861,0.8161118,1.499995
-0.7272918,0.04002953,-0.0001956979,3.699926,0.8143481,1.499995
-0.7353585,0.01897712,-0.0002009343,3.899975,0.8133401,1.499995
-0.7370906,-0.00139727,-0.0002093415,4.100012,0.8129956,1.499995
-0.7326514,-0.02135946,-0.0001937715,4.300042,0.8132598,1.499995
-0.7224147,-0.03964707,-0.0001969639,4.500066,0.8141977,1.499995
-0.706618,-0.05713828,-0.0001565763,4.700083,0.8159087,1.499995
-0.6858864,-0.07211147,-0.0001497779,4.900089,0.8182874,1.499996
-0.689036,0.1343381,-0.0001708615,3.099484,1.039831,1.499996
-0.7175515,0.1084619,-0.0001976834,3.299713,1.037171,1.499995
-0.7393801,0.08014763,-0.000222202,3.499845,1.034585,1.499995
-0.753822,0.05249103,-0.0002462974,3.699928,1.03267,1.499995
-0.7616628,0.02407606,-0.0002553283,3.899987,1.03155,1.499995
-0.7627087,-0.003132221,-0.0002736042,4.100032,1.031141,1.499995
-0.7569907,-0.03013957,-0.0002454016,4.300066,1.031392,1.499995
-0.7451807,-0.05472075,-0.000256017,4.500088,1.032376,1.499994
-0.7270268,-0.07845558,-0.000173507,4.700097,1.034192,1.499994
-0.7032775,-0.09831525,-0.0001648765,4.900096,1.036718,1.499995
-0.7197037,0.1712423,-0.0002024181,3.099341,1.256666,1.499997
-0.7505966,0.1375591,-0.0002404956,3.299651,1.254378,1.499997
-0.7736646,0.1008633,-0.0002744373,3.499826,1.252115,1.499996
-0.7882853,0.0650906,-0.0003106517,3.699933,1.250405,1.499996
-0.7959858,0.02870827,-0.000324498,3.900009,1.249364,1.499995
-0.7961275,-0.006085014,-0.0003674185,4.10007,1.248929,1.499995
-0.7889562,-0.04095246,-0.0003218081,4.300117,1.24907,1.499995
-0.7750958,-0.07213666,-0.000386681,4.500146,1.249861,1.499994
-0.7536247,-0.1035952,-0.0002603904,4.700155,1.251397,1.499993
-0.7256361,-0.1284405,-0.0003037097,4.90015,1.253566,1.499994
-0.7599336,0.2099558,-0.0002484634,3.099209,1.471035,1.499998
-0.7928792,0.1678094,-0.0003055871,3.29959,1.469489,1.499998
-0.8174261,0.1210943,-0.0003582732,3.499806,1.467901,1.499997
-0.8318902,0.07765708,-0.0004194121,3.699944,1.466656,1.499997
-0.8388687,0.03233382,-0.0004407692,3.900046,1.465828,1.499996
-0.8381763,-0.01006059,-0.0005157973,4.100133,1.465377,1.499995
-0.8287423,-0.05359188,-0.000411107,4.300207,1.465298,1.499994
-0.8130291,-0.09257637,-0.0005211047,4.500258,1.465681,1.499993
-0.7873643,-0.1327593,-0.0001979743,4.700281,1.466626,1.499992
-0.7528416,-0.1631935,-0.0002092214,4.900276,1.468063,1.499992
-0.808811,0.2539605,-0.0002968743,3.099099,1.682479,1.499999
-0.8449568,0.2001786,-0.0003762596,3.299532,1.681843,1.499999
-0.8698802,0.1431927,-0.000449235,3.499788,1.681106,1.499999
-0.8834327,0.08905187,-0.0005388708,3.69996,1.680458,1.499998
-0.8902943,0.03519853,-0.000573358,3.900096,1.679905,1.499997
-0.8883248,-0.01597146,-0.0007339422,4.100221,1.679409,1.499995
-0.8776144,-0.06929299,-0.0005485718,4.300343,1.679,1.499993
-0.860027,-0.1151214,-0.0009262649,4.500443,1.678808,1.499991
-0.828588,-0.1694519,-0.0004796139,4.700507,1.678989,1.499989
-0.7853595,-0.2052275,-0.0007728719,4.900518,1.679548,1.499988
-0.8743531,0.3001499,-0.0003647679,3.099036,1.890916,1.5
-0.9091591,0.2330042,-0.0004841667,3.299498,1.891228,1.5
-0.9346774,0.1609805,-0.0006007913,3.499786,1.891389,1.5
-0.9461538,0.1007649,-0.0007609061,3.699985,1.89138,1.499999
-0.9503448,0.03670349,-0.0008192809,3.900152,1.891104,1.499997
-0.948488,-0.02146517,-0.001076887,4.100323,1.89051,1.499995
-0.9339854,-0.08451892,-0.0007050015,4.300508,1.889663,1.499992
-0.9191037,-0.1420397,-0.00139821,4.500692,1.888772,1.499989
-0.8808918,-0.2117203,7.746173e-05,4.700826,1.888105,1.499985
-0.8225188,-0.2548064,7.82867e-05,4.900863,1.887807,1.499983
-0.9536142,0.3491468,-0.0004159615,3.099021,2.096908,1.500001
-0.9895437,0.2619959,-0.0005782747,3.299496,2.098218,1.500001
-1.007481,0.1812259,-0.0007260402,3.499804,2.099348,1.5
-1.013579,0.1054575,-0.0009224692,3.700015,2.100032,1.499999
-1.018368,0.03632402,-0.001047191,3.900201,2.100036,1.499997
-1.014821,-0.03067835,-0.001510367,4.100414,2.099266,1.499995
-1.004299,-0.1036451,-0.0009189559,4.300684,2.097822,1.499991
-0.9932012,-0.1644461,-0.002315244,4.500995,2.096037,1.499986
-0.9433968,-0.2711861,-0.001060361,4.701251,2.094402,1.49998
-0.8661655,-0.3202189,-0.002345295,4.901335,2.093275,1.499975
-1.067326,0.4088544,-0.0004868469,3.099032,2.301077,1.500002
-1.082578,0.2883725,-0.000630605,3.299525,2.303516,1.500002
-1.097093,0.1846209,-0.0009626958,3.499848,2.305778,1.500001
-1.096043,0.1140627,-0.00133858,3.700045,2.307273,1.5
-1.091818,0.03726999,-0.001555461,3.900222,2.307578,1.499998
-1.092881,-0.03159969,-0.002125978,4.100459,2.306554,1.499995
-1.079242,-0.1074124,-0.001313403,4.300824,2.304294,1.499991
-1.089653,-0.1987251,-0.005285611,4.501343,2.301305,1.499985
-1.025987,-0.339464,0.002640284,4.701821,2.298471,1.499976
-0.9143743,-0.4011165,0.00279169,4.901978,2.296528,1.499966
-1.223192,0.436449,-0.000571569,3.099031,2.50365,1.500002
-1.21724,0.285397,-0.0008748596,3.299591,2.507462,1.500002
-1.189756,0.1917273,-0.00121573,3.499938,2.511129,1.500001
-1.166253,0.09761159,-0.001709973,3.70007,2.513614,1.5
-1.163894,0.02978154,-0.002154979,3.900193,2.514259,1.499999
-1.159776,-0.03786812,-0.002455206,4.10041,2.512945,1.499997
-1.185827,-0.1176455,-0.0003671324,4.30084,2.509612,1.499994
-1.228649,-0.2027135,-0.0009990621,4.501698,2.504946,1.499987
-1.153889,-0.4459053,-0.004941177,4.702595,2.500497,1.499976
-0.9706461,-0.5125606,-0.01295244,4.90286,2.49776,1.499957
-1.481515,0.5146055,-0.0006956247,3.098961,2.704615,1.500001
-1.335752,0.2521432,-0.000877722,3.299679,2.710105,1.500001
-1.279336,0.1331594,-0.001526872,3.500135,2.715461,1.500001
-1.261722,0.08830472,-0.002071352,3.700077,2.719154,1.500001
-1.231165,0.03230062,-0.002970597,3.900107,2.720104,1.5
-1.239891,-0.001935101,-0.005752313,4.100242,2.718633,1.499999
-1.252447,-0.03322748,-0.007991331,4.30056,2.713978,1.499998
-1.438375,-0.2132579,-0.02572777,4.502041,2.707037,1.499995
-1.353457,-0.5620912,0.01277798,4.70367,2.699898,1.499988
-0.9777468,-0.7099675,-0.01199702,4.904098,2.696649,1.49996
-1.805194,0.6163858,-0.0007447388,3.048222,2.85267,1.449982
-1.544963,0.1171155,-0.001217311,3.249703,2.859714,1.44998
-1.400556,0.1108938,-0.001795978,3.502684,2.907503,1.5
-1.283767,0.04557463,-0.003151119,3.701027,2.91057,1.5
-1.260131,0.006232373,-0.005856591,3.900009,2.911332,1.500001
-1.241506,-0.006142276,-0.01090288,4.099016,2.910342,1.5
-1.267462,0.04169401,-0.02295225,4.297537,2.90658,1.5
-1.428742,0.001593802,-0.03575647,4.451248,2.859964,1.449991
-1.889164,-0.58181,-0.1013874,4.655009,2.850205,1.449973
-1.039041,-0.9020818,-0.0943417,4.855355,2.844772,1.449931
-0.621263,-1.378407,0.08627085,4.850607,3.044765,1.449977
-0.2984953,-0.9986311,0.01058916,4.9044,3.299059,1.500026
-0.05442673,-0.915526,0.002825508,4.763801,3.505326,1.500193
-0.186856,-0.8090731,0.01070037,4.927385,3.499433,1.500032
-0.08052914,-0.7258381,0.002827932,4.778316,3.706436,1.500193
-0.1770311,-0.7077807,0.005939909,4.944897,3.700511,1.500033
-0.03712909,-0.6015966,0.001282629,4.778359,3.893922,1.500036
-0.1619929,-0.5895265,0.001185519,4.944872,3.90016,1.500012
-0.07025404,-0.4965324,0.0003970008,4.763819,4.094913,1.499984
-0.1733898,-0.4444036,-0.0004401012,4.92695,4.101734,1.499998
-0.6332735,0.01215594,-0.0003697642,3.099951,0.1897068,1.700479
-0.657741,0.009870608,-0.0003369576,3.299953,0.1895074,1.700486
-0.6769977,0.007421146,-0.0003034238,3.499965,0.1893202,1.700493
-0.6907446,0.004967945,-0.0002409332,3.699979,0.1891877,1.700498
-0.698991,0.002485338,-0.0001832862,3.899991,0.1891149,1.700501
-0.7016467,6.975927e-05,-0.0001321543,4.1,0.1890918,1.700502
-0.69888,-0.002333489,-6.319076e-05,4.300009,0.1891126,1.700501
-0.6909875,-0.004540738,7.875035e-06,4.50002,0.1891833,1.700498
-0.6782881,-0.006583379,7.674161e-05,4.700032,0.1893141,1.700494
-0.6612447,-0.008379664,0.0001491174,4.90004,0.1894997,1.700487
-0.6386225,0.03854975,-0.0001821835,3.099861,0.386472,1.70081
-0.6635201,0.03130316,-0.0001906116,3.299883,0.3856109,1.700839
-0.6830764,0.02351501,-0.000194435,3.499916,0.3847951,1.700866
-0.6969604,0.01569406,-0.0001918645,3.69995,0.3842115,1.700886
-0.705212,0.007721404,-0.0001848162,3.899978,0.3838874,1.700897
-0.7076691,-9.984391e-05,-0.0001813813,4.1,0.3837825,1.700901
-0.7045962,-0.007560006,-0.0001673622,4.300021,0.3838748,1.700898
-0.6963237,-0.01454185,-0.0001560479,4.500044,0.3841879,1.700887
-0.6831224,-0.02113252,-0.0001340315,4.700068,0.3847626,1.700868
-0.6655023,-0.02691428,-0.0001154305,4.900084,0.3855709,1.700842
-0.6489721,0.06888148,-0.0002913047,3.099753,0.6030603,1.701325
-0.6746123,0.05584642,-0.000281545,3.299824,0.601287,1.701387
-0.6946372,0.04178704,-0.0002634522,3.499883,0.5995945,1.701447
-0.7086644,0.02775331,-0.0002373987,3.699933,0.5983717,1.701491
-0.7168148,0.0134309,-0.0002040472,3.899972,0.5976837,1.701516
-0.7190316,-0.0004700274,-0.0001739593,4.100003,0.5974569,1.701525
-0.7154318,-0.01397805,-0.0001249323,4.30003,0.5976483,1.701518
-0.7063598,-0.02647104,-8.333965e-05,4.500056,0.5983049,1.701495
-0.6921732,-0.03827371,-2.595108e-05,4.700081,0.5995031,1.701453
-0.6733828,-0.04857385,2.249725e-05,4.900095,0.6011771,1.701395
-0.6656186,0.1008035,-0.0001238711,3.099635,0.8225068,1.701958
-0.6925157,0.08154889,-0.0001431647,3.299776,0.8200733,1.702059
-0.7133035,0.0607245,-0.0001673103,3.499866,0.8177326,1.702156
-0.7275477,0.04002631,-0.0001916421,3.699929,0.8160232,1.702228
-0.7356189,0.01895498,-0.0002057205,3.899976,0.8150466,1.702269
-0.7373452,-0.001440547,-0.0002251459,4.100012,0.8147127,1.702284
-0.7328975,-0.02140859,-0.0002205495,4.300041,0.8149682,1.702273
-0.7226351,-0.03970736,-0.000234823,4.500063,0.8158766,1.702235
-0.7068051,-0.0571913,-0.0002091533,4.70008,0.8175347,1.702167
-0.6860219,-0.07215436,-0.0002046658,4.900086,0.8198407,1.702072
-0.6892939,0.1344808,-0.0001941674,3.099505,1.041493,1.702607
-0.7178456,0.1085693,-0.0002093035,3.299725,1.038926,1.702743
-0.7397007,0.08020644,-0.0002316355,3.499852,1.036432,1.702877
-0.754151,0.05249949,-0.0002530605,3.699932,1.034585,1.702975
-0.7619967,0.02403028,-0.0002569945,3.899988,1.033505,1.703033
-0.7630309,-0.003240398,-0.0002672896,4.100032,1.033109,1.703053
-0.7573008,-0.03029528,-0.0002365517,4.300064,1.033351,1.70304
-0.7454594,-0.0549385,-0.0002401229,4.500085,1.034299,1.702989
-0.7272578,-0.07871559,-0.0001770798,4.700094,1.036051,1.702897
-0.7034278,-0.09858805,-0.000155336,4.900092,1.038489,1.702769
-0.7200311,0.1714438,-0.0001976782,3.099368,1.258338,1.703184
-0.7509628,0.1377032,-0.0002181976,3.299667,1.256145,1.703346
-0.7740617,0.1009308,-0.000258431,3.499835,1.253978,1.703507
-0.7886922,0.06508843,-0.0002962024,3.699937,1.25234,1.703626
-0.7964063,0.0286293,-0.0003157013,3.90001,1.251343,1.703697
-0.7965344,-0.006255051,-0.0003525182,4.100068,1.250925,1.703724
-0.7893495,-0.04119777,-0.0003246983,4.300113,1.251058,1.703711
-0.7754633,-0.07247108,-0.0003742252,4.500142,1.251814,1.703654
-0.7539113,-0.1040562,-0.0002970286,4.700151,1.253285,1.703546
-0.7257673,-0.1289172,-0.0002938811,4.900145,1.255366,1.703397
-0.7602881,0.210069,-0.0002433441,3.099242,1.472311,1.703489
-0.7932604,0.1678667,-0.0002769548,3.299606,1.47083,1.703653
-0.817832,0.1210787,-0.0003451522,3.499816,1.469314,1.703818
-0.8322965,0.07757518,-0.0003951951,3.699947,1.468124,1.703941
-0.8392979,0.03217618,-0.0004246035,3.900045,1.467333,1.704017
-0.8385932,-0.01032809,-0.0004777222,4.100128,1.4669,1.70405
-0.8291428,-0.05395667,-0.0004264809,4.300198,1.466823,1.704046
-0.8134701,-0.09303671,-0.0004816433,4.500251,1.467188,1.703998
-0.7876929,-0.1335492,-0.0003686513,4.700274,1.468095,1.703897
-0.7528581,-0.1638757,-0.0003181092,4.900271,1.469482,1.703756
-0.8090895,0.2539279,-0.0001411809,3.099139,1.6832,1.703521
-0.8452473,0.200095,-0.0002160041,3.299553,1.682585,1.703665
-0.8701949,0.143031,-0.0003326064,3.4998,1.681873,1.703818
-0.8837464,0.0888541,-0.0004517193,3.699963,1.681248,1.703936
-0.8906556,0.03493843,-0.0005265978,3.900092,1.680716,1.70401
-0.8887009,-0.01635271,-0.0006794623,4.100213,1.68024,1.704045
-0.8779734,-0.06980733,-0.000673044,4.300327,1.679851,1.704048
-0.8606463,-0.1156187,-0.0008589772,4.500427,1.679672,1.704014
-0.8289517,-0.1709961,-0.0009184428,4.700489,1.679852,1.703935
-0.7850262,-0.2064701,-0.0008779309,4.900499,1.680404,1.703827
-0.8745959,0.3001231,-0.0001610507,3.099076,1.89124,1.703204
-0.9094136,0.2329214,-0.0002791738,3.29952,1.891545,1.703302
-0.9349167,0.160809,-0.0005008347,3.499797,1.891705,1.703426
-0.9463717,0.1005222,-0.0006081904,3.699987,1.891699,1.703526
-0.9506743,0.03635112,-0.0007453812,3.900148,1.891434,1.703591
-0.9488467,-0.02201712,-0.0009247949,4.100312,1.890858,1.703625
-0.9342243,-0.08539256,-0.0008847563,4.300493,1.890033,1.703635
-0.9202228,-0.1425057,-0.001055725,4.500672,1.889165,1.703622
-0.8807546,-0.215215,-0.001396523,4.700804,1.888516,1.703586
-0.8213583,-0.2568119,-0.001060427,4.900841,1.888229,1.703545
-0.9538558,0.3490302,-0.0002116105,3.099056,2.097054,1.702647
-0.9898082,0.2617353,-0.0003819904,3.299515,2.098343,1.702687
-1.007767,0.1808217,-0.0005851333,3.499813,2.099459,1.702766
-1.013809,0.1050831,-0.0008103638,3.700017,2.100137,1.702838
-1.018722,0.0357977,-0.0009356335,3.900197,2.100144,1.702888
-1.01544,-0.03154788,-0.001310814,4.100405,2.099388,1.70292
-1.004461,-0.1048105,-0.001413732,4.30067,2.097967,1.702939
-0.9956511,-0.1647248,-0.001390583,4.500979,2.096207,1.702953
-0.9394288,-0.279814,-0.003248566,4.701236,2.094595,1.70297
-0.8633813,-0.3254959,-0.002845331,4.901321,2.093488,1.703009
-1.067526,0.4088206,-0.0001274127,3.09906,2.301121,1.701963
-1.082582,0.2880396,-0.0003923677,3.29954,2.303537,1.701945
-1.097452,0.1841378,-0.0008742836,3.499855,2.30578,1.701981
-1.096374,0.1135437,-0.001052526,3.700046,2.307263,1.702023
-1.092491,0.03664426,-0.00141731,3.900218,2.307567,1.702057
-1.093868,-0.03259453,-0.001720045,4.100452,2.306553,1.702083
-1.0796,-0.1099657,-0.00141274,4.300814,2.304311,1.702109
-1.092511,-0.1994755,-0.001381407,4.501333,2.301341,1.702147
-1.008146,-0.3568093,-0.004693042,4.701817,2.298522,1.702216
-0.9071044,-0.4043659,-0.004962438,4.901983,2.296596,1.702346
-1.223507,0.4363445,-0.0001243276,3.09905,2.50365,1.701213
-1.217522,0.2852039,-0.0004134999,3.299601,2.507444,1.701158
-1.190106,0.191309,-0.000903666,3.499943,2.511093,1.701166
-1.166776,0.09704045,-0.001506053,3.700071,2.513567,1.701186
-1.164864,0.0288914,-0.001806015,3.90019,2.514209,1.701204
-1.161708,-0.0402257,-0.002201424,4.100405,2.5129,1.701222
-1.186251,-0.1201372,-0.002847288,4.300834,2.509577,1.701246
-1.239993,-0.2123878,-0.0005728541,4.501696,2.504916,1.701291
-1.132677,-0.4831105,-0.01384284,4.702608,2.500459,1.701395
-0.9534453,-0.524208,-0.008420552,4.902898,2.497722,1.701609
-1.482127,0.5149568,0.000176343,3.098969,2.704607,1.700498
-1.336025,0.2509679,-0.0003537667,3.299684,2.710088,1.700459
-1.27992,0.1326654,-0.001099173,3.500138,2.715434,1.700473
-1.262685,0.08792589,-0.001699846,3.700077,2.719119,1.700482
-1.233294,0.03158654,-0.00286046,3.900106,2.720067,1.700489
-1.243683,-0.003644559,-0.005105954,4.100239,2.718598,1.700497
-1.26349,-0.03852227,-0.004881807,4.300557,2.713946,1.700509
-1.442864,-0.2223553,-0.007637863,4.50204,2.706997,1.700522
-1.248783,-0.6619888,-0.009669171,4.703695,2.699817,1.700614
-0.9643261,-0.7052639,-0.01955774,4.904178,2.696538,1.700869
-1.805577,0.6169377,-7.168577e-06,3.048227,2.852672,1.650065
-1.545224,0.1175609,1.178685e-05,3.249706,2.859715,1.650042
-1.401733,0.1107324,-0.00106047,3.502686,2.907496,1.700076
-1.284925,0.0454599,-0.002253917,3.701027,2.91056,1.700081
-1.262276,0.006029419,-0.003374921,3.900009,2.911321,1.70008
-1.245128,-0.006531513,-0.004938017,4.099016,2.910331,1.700084
-1.27398,0.0392418,-0.003423556,4.297534,2.90657,1.700084
-1.510572,-0.06300361,0.008521859,4.451245,2.859954,1.650069
-1.794735,-0.8519756,-0.03404603,4.654996,2.850143,1.65007
-1.040988,-0.8643293,-0.0300037,4.855493,2.844603,1.650198
-0.6340033,-1.372193,0.01581767,4.850725,3.0448,1.650067
-0.2989692,-0.9980534,0.003758222,4.904583,3.299121,1.700192
-0.06176069,-0.9128379,0.00442612,4.763941,3.505357,1.700089
-0.179037,-0.8150969,0.003920029,4.927796,3.499439,1.700247
-0.07559578,-0.7344694,0.001407649,4.778473,3.706309,1.700145
-0.1708422,-0.710219,0.001674913,4.945327,3.700492,1.700266
-0.0347269,-0.6092026,0.002995193,4.77844,3.893871,1.700138
-0.1648621,-0.5876388,0.0009827923,4.945072,3.900141,1.700225
-0.07216366,-0.4999995,0.001458576,4.763842,4.094912,1.70009
-0.1731027,-0.4449088,-0.0001581976,4.926991,4.101728,1.700143
-0.6330758,0.01256576,-0.0001212152,3.099955,0.1902499,1.901145
-0.657532,0.01020195,-0.0001439021,3.299957,0.1900652,1.901159
-0.6767355,0.007665951,-0.0001693835,3.499968,0.1898919,1.901172
-0.6904436,0.005095441,-0.0002111073,3.699981,0.1897693,1.901182
-0.6986933,0.002506216,-0.000236069,3.899991,0.1897019,1.901188
-0.7013239,-9.34849e-06,-0.0002629803,4.1,0.1896805,1.90119
-0.6985182,-0.002529739,-0.0003134504,4.300008,0.1896996,1.901188
-0.690631,-0.004864463,-0.0003707564,4.500018,0.1897649,1.901183
-0.6779482,-0.007015294,-0.0003966888,4.700029,0.1898858,1.901174
-0.6609535,-0.008922028,-0.0004536581,4.900037,0.1900578,1.901161
-0.6386207,0.03904123,-0.0001460031,3.099874,0.3884938,1.901762
-0.6635179,0.03171092,-0.0001513883,3.299894,0.3876995,1.901817
-0.6830533,0.02382755,-0.0001652664,3.499924,0.3869475,1.90187
-0.6969191,0.01588067,-0.0001699764,3.699955,0.3864098,1.901909
-0.70516,0.007785184,-0.0001735879,3.89998,0.3861112,1.901931
-0.7076015,-0.0001551751,-0.0002062865,4.1,0.3860146,1.901939
-0.7045111,-0.00774506,-0.0002211087,4.300019,0.3860992,1.901933
-0.696229,-0.01485923,-0.0002410686,4.50004,0.3863873,1.901912
-0.6830277,-0.02155593,-0.0002405082,4.700062,0.3869165,1.901875
-0.6654153,-0.02744395,-0.0002353334,4.900076,0.3876614,1.901823
-0.6490797,0.06949417,-0.0002152125,3.099779,0.6067295,1.902846
-0.6747269,0.05636481,-0.0002218184,3.299842,0.6051054,1.902967
-0.6947412,0.04218369,-0.0002294759,3.499895,0.6035561,1.903083
-0.7087553,0.02801189,-0.0002426647,3.69994,0.6024376,1.903168
-0.7169003,0.01354317,-0.0002405871,3.899975,0.6018088,1.903216
-0.7190907,-0.0005060265,-0.000243235,4.100003,0.6016011,1.903233
-0.7154592,-0.01415815,-0.0002383473,4.300027,0.6017754,1.90322
-0.7063635,-0.02679396,-0.0002428139,4.500051,0.6023751,1.903175
-0.6921589,-0.03870839,-0.0002110677,4.700073,0.6034708,1.903093
-0.6733545,-0.04910801,-0.0002061401,4.900085,0.605003,1.90298
-0.6660289,0.1016937,-5.133542e-05,3.099676,0.8272984,1.904201
-0.692973,0.08229726,-7.046285e-05,3.299802,0.8250934,1.904396
-0.7137907,0.06128486,-0.0001067018,3.499882,0.8229744,1.904584
-0.7280414,0.04037967,-0.0001478301,3.699938,0.8214281,1.904721
-0.7361111,0.01908642,-0.0001780827,3.899979,0.8205452,1.9048
-0.7378111,-0.001528434,-0.0002208594,4.100011,0.8202432,1.904827
-0.7333304,-0.02171101,-0.0002361337,4.300037,0.8204735,1.904807
-0.7230151,-0.04022314,-0.0002694063,4.500056,0.8212939,1.904735
-0.707128,-0.05786683,-0.0002527624,4.70007,0.8227938,1.904603
-0.6862779,-0.07297514,-0.00025925,4.900076,0.8248818,1.904421
-0.6899287,0.1354555,-0.0002015206,3.099564,1.046772,1.905566
-0.7185491,0.1093869,-0.0002040887,3.29976,1.044483,1.905828
-0.7404511,0.08081314,-0.0002298472,3.499872,1.042261,1.906084
-0.7549157,0.05288219,-0.0002563809,3.699942,1.040618,1.906272
-0.7627624,0.0241725,-0.000257135,3.899991,1.039657,1.906381
-0.7637548,-0.003338095,-0.0002646174,4.100029,1.039305,1.906419
-0.7579768,-0.03061199,-0.0002320046,4.300058,1.039518,1.906393
-0.7460493,-0.05548078,-0.000236376,4.500076,1.04036,1.906297
-0.7277609,-0.07940728,-0.0001618638,4.700082,1.041918,1.906121
-0.7038217,-0.09942524,-0.0001441147,4.90008,1.044092,1.905876
-0.7208736,0.1724608,-0.0001539394,3.099446,1.263193,1.906565
-0.7518959,0.1385398,-0.0001566834,3.299709,1.261272,1.90687
-0.7750645,0.1015239,-0.000207601,3.499856,1.259374,1.907172
-0.7897116,0.06544392,-0.0002541391,3.699946,1.25794,1.907395
-0.7974303,0.028733,-0.0002752587,3.90001,1.257067,1.907526
-0.7975085,-0.006398262,-0.000311323,4.100062,1.2567,1.907574
-0.7902769,-0.04155345,-0.0002801189,4.300102,1.256813,1.907549
-0.7762746,-0.07306036,-0.0003319338,4.500127,1.257472,1.907442
-0.7546071,-0.1047478,-0.0002337428,4.700135,1.25876,1.907241
-0.7263147,-0.129746,-0.000250183,4.90013,1.260587,1.90696
-0.7611155,0.2107848,-0.000172271,3.099335,1.475859,1.907187
-0.7941607,0.1684312,-0.0001881246,3.299654,1.474567,1.907498
-0.8187776,0.1214535,-0.0002895027,3.499837,1.473246,1.907815
-0.8332308,0.07777475,-0.000330482,3.699953,1.472209,1.908053
-0.8402308,0.03220463,-0.0003636817,3.900039,1.47152,1.908194
-0.8394489,-0.01048759,-0.0003997674,4.100113,1.471142,1.908251
-0.8299599,-0.0542372,-0.0003444193,4.300177,1.471074,1.908234
-0.8141254,-0.09354455,-0.0004060861,4.500224,1.471393,1.908134
-0.7882316,-0.1340752,-0.000217689,4.700246,1.47219,1.907937
-0.7533252,-0.1645984,-0.0002245999,4.900244,1.473416,1.907663
-0.8097573,0.2544498,-1.389495e-05,3.09925,1.685242,1.907242
-0.8459274,0.2004894,-6.024901e-05,3.299609,1.684696,1.907514
-0.8708991,0.1432518,-0.0002040662,3.499825,1.684069,1.907807
-0.8844064,0.08895562,-0.0003339001,3.699967,1.683518,1.908032
-0.8913114,0.03490594,-0.0004035084,3.900081,1.683051,1.908171
-0.8892734,-0.01651414,-0.0005287639,4.100186,1.682633,1.908234
-0.8785804,-0.06998335,-0.0004875816,4.300288,1.682292,1.908233
-0.8610944,-0.1160332,-0.0006810505,4.500376,1.682139,1.908162
-0.829374,-0.1710168,-0.0004597155,4.700429,1.682309,1.908011
-0.7853754,-0.2065336,-0.0006064132,4.900436,1.68282,1.907802
-0.8751037,0.3004129,-7.814655e-05,3.099194,1.892235,1.906703
-0.9099237,0.233098,-0.0001597404,3.299582,1.892515,1.906892
-0.9354042,0.1608826,-0.0004715877,3.499825,1.892668,1.907127
-0.9467806,0.1004875,-0.0004557334,3.699991,1.892671,1.907316
-0.9510736,0.03628336,-0.0005883235,3.900131,1.892439,1.907438
-0.9490757,-0.02216842,-0.0006484313,4.100276,1.891921,1.907503
-0.9345564,-0.08546134,-0.0005443718,4.300437,1.891176,1.907522
-0.9199935,-0.1428911,-0.0007991481,4.500599,1.89039,1.907497
-0.8808879,-0.2151615,-0.0002308381,4.700716,1.889808,1.907428
-0.8215778,-0.2572968,-0.0002840257,4.900746,1.889567,1.907343
-0.9542427,0.349402,1.9056e-05,3.099163,2.097452,1.905651
-0.9901291,0.261999,-0.0001155267,3.299573,2.098668,1.905727
-1.008024,0.1809391,-0.0003606295,3.499839,2.099728,1.905881
-1.014081,0.1051008,-0.0006133277,3.700019,2.100378,1.906018
-1.018906,0.03566042,-0.0006674981,3.900179,2.100395,1.906114
-1.015448,-0.03177893,-0.0008599912,4.100367,2.099694,1.906174
-1.004682,-0.1049555,-0.0007336764,4.300611,2.098362,1.906214
-0.9956476,-0.1655699,-0.001112467,4.5009,2.096709,1.906245
-0.9412167,-0.2786103,-0.0008108363,4.70114,2.095196,1.906284
-0.8635218,-0.3243141,-0.001388592,4.901215,2.094169,1.906369
-1.068014,0.4088225,-0.0001134735,3.099146,2.301228,1.904235
-1.083232,0.2880059,-0.0004790796,3.299586,2.303558,1.904196
-1.097876,0.1841336,-0.0009793758,3.499875,2.305728,1.904266
-1.096557,0.1134109,-0.0007329991,3.700048,2.307167,1.904348
-1.092802,0.03645189,-0.00101526,3.900204,2.307469,1.904413
-1.093863,-0.03263472,-0.0009436394,4.10042,2.306499,1.904463
-1.080011,-0.1095956,-0.0007355052,4.300763,2.304341,1.904517
-1.090887,-0.198063,-0.001811166,4.501263,2.301475,1.904597
-1.008162,-0.3566221,-0.0001662751,4.701733,2.298757,1.904747
-0.9075692,-0.4065545,-0.0002557242,4.901887,2.29692,1.905025
-1.223708,0.4368747,0.000166107,3.099109,2.503632,1.902646
-1.217837,0.2853242,0.0001750391,3.299632,2.507354,1.902534
-1.190573,0.1911609,-0.0006083265,3.499957,2.51094,1.90255
-1.167031,0.09688062,-0.00132491,3.700072,2.513371,1.90259
-1.164846,0.02859694,-0.0012621,3.900181,2.514004,1.902626
-1.161188,-0.04101025,-0.00123208,4.100382,2.512727,1.90266
-1.184605,-0.1207016,-0.0009289779,4.300798,2.509468,1.902708
-1.238548,-0.2152247,0.0004651316,4.501646,2.504886,1.902803
-1.132159,-0.4817124,-0.002305134,4.702548,2.500505,1.903029
-0.9554324,-0.523501,-0.004756831,4.902829,2.49784,1.903497
-1.482234,0.5147858,0.0004051265,3.098997,2.704573,1.901096
-1.336906,0.252026,-0.0002290122,3.2997,2.710021,1.901016
-1.280759,0.132757,-0.000952258,3.500146,2.715325,1.901053
-1.263396,0.08744304,-0.001250227,3.70008,2.718982,1.901075
-1.234144,0.03097961,-0.0017861,3.900102,2.719923,1.901089
-1.244486,-0.004686934,-0.002438079,4.100228,2.71847,1.901104
-1.266757,-0.03945396,-0.00270982,4.300539,2.713853,1.901123
-1.440205,-0.2165338,-0.005142017,4.502015,2.706947,1.901145
-1.254177,-0.6622378,0.0001891104,4.703668,2.699797,1.901343
-0.9630795,-0.7074076,-0.002770448,4.904145,2.696551,1.901908
-1.806241,0.6155557,0.001108505,3.048224,2.852673,1.850153
-1.543162,0.1213615,-0.001749038,3.249708,2.859711,1.850113
-1.401343,0.1108336,-0.0004811372,3.502691,2.907467,1.900174
-1.286024,0.04505569,-0.001962379,3.70103,2.910521,1.900189
-1.262959,0.005755474,-0.002344821,3.900008,2.91128,1.900187
-1.244918,-0.006641375,-0.00283034,4.099012,2.910294,1.900194
-1.271414,0.03932793,-0.001134473,4.297528,2.906543,1.900188
-1.510108,-0.06201579,0.004404688,4.451243,2.859947,1.850156
-1.753505,-0.9001856,0.002827791,4.654997,2.850135,1.850179
-1.034497,-0.8883861,-0.005492063,4.855507,2.844588,1.8505
-0.635989,-1.374122,0.001737643,4.850733,3.044803,1.850184
-0.3053824,-1.001733,0.00362441,4.904496,3.299115,1.900428
-0.05777844,-0.9247455,0.003206842,4.763871,3.505328,1.900194
-0.1859215,-0.8133896,0.003597079,4.927549,3.499421,1.900525
-0.07979755,-0.7306723,0.00159013,4.778329,3.706298,1.900258
-0.1748322,-0.7103326,0.00252534,4.944907,3.700476,1.900541
-0.03580983,-0.6049155,-0.0009607826,4.77828,3.893897,1.900251
-0.1628071,-0.590631,0.001486975,4.944617,3.900145,1.900465
-0.07015157,-0.4969164,-0.0002927721,4.763753,4.094964,1.900181
-0.1720933,-0.4450635,-0.00110328,4.926707,4.101729,1.900312
-0.6333661,0.01245144,-0.001341037,3.099962,0.1919437,2.101661
-0.6578482,0.01013227,-0.001118625,3.299963,0.1917829,2.101681
-0.6771302,0.007633472,-0.000942029,3.499973,0.1916321,2.101701
-0.6908797,0.005147211,-0.000554175,3.699984,0.1915255,2.101715
-0.6991124,0.002612301,-0.0002399973,3.899993,0.1914667,2.101724
-0.7017906,0.0001226955,-1.649738e-05,4.1,0.1914476,2.101728
-0.6990537,-0.002313599,0.0002859055,4.300007,0.191464,2.101726
-0.6911355,-0.004543893,0.000633763,4.500015,0.1915207,2.101718
-0.6784284,-0.006618227,0.0009369423,4.700025,0.1916258,2.101704
-0.6613582,-0.008393758,0.001261747,4.900032,0.1917751,2.101686
-0.6388517,0.03930574,-0.0001061864,3.099895,0.3934049,2.102823
-0.6638207,0.03194302,-0.0001436676,3.299911,0.3927208,2.102901
-0.6833956,0.02401057,-0.000198318,3.499936,0.3920737,2.102976
-0.697278,0.01604215,-0.0002370588,3.699962,0.3916113,2.10303
-0.7055576,0.007901474,-0.0002600749,3.899983,0.3913536,2.103062
-0.7080206,-9.012337e-05,-0.0002987718,4.1,0.3912696,2.103073
-0.7049198,-0.007686181,-0.0003338857,4.300016,0.3913417,2.103066
-0.6966121,-0.01477902,-0.0003775357,4.500034,0.3915889,2.103037
-0.6833503,-0.02146423,-0.0003932229,4.700052,0.3920436,2.102984
-0.665682,-0.02729318,-0.0004361793,4.900064,0.392684,2.102911
-0.6496631,0.07041477,-0.0006802559,3.099818,0.6144225,2.104751
-0.6753979,0.05713723,-0.0005940095,3.29987,0.613045,2.104918
-0.6954883,0.04277829,-0.0005098549,3.499914,0.6117325,2.105079
-0.7095359,0.02840109,-0.0003892987,3.699951,0.6107855,2.105195
-0.7176833,0.01371793,-0.0002576682,3.89998,0.6102528,2.105261
-0.71988,-0.0005265345,-0.0001494592,4.100003,0.6100762,2.105284
-0.7162415,-0.01436472,-7.613833e-06,4.300023,0.6102223,2.105267
-0.7070753,-0.02716547,0.0001219603,4.500042,0.6107285,2.105206
-0.6927908,-0.03921522,0.0002545807,4.70006,0.6116554,2.105093
-0.6738751,-0.0497161,0.0003736417,4.90007,0.6129527,2.104937
-0.6669292,0.1029346,-0.0001000783,3.099739,0.8365831,2.107073
-0.6939968,0.08334661,-0.0001106034,3.299842,0.8347551,2.107339
-0.7149103,0.0620779,-0.0001468948,3.499906,0.8330004,2.107594
-0.729208,0.04091276,-0.000190345,3.699951,0.8317219,2.10778
-0.7372993,0.01933229,-0.0002134834,3.899984,0.8309921,2.107886
-0.7389779,-0.001562124,-0.0002436073,4.10001,0.8307417,2.107922
-0.7344402,-0.02200274,-0.000251172,4.30003,0.8309302,2.107895
-0.7240266,-0.04074094,-0.0002845201,4.500046,0.8316065,2.107798
-0.7080028,-0.05858153,-0.0002652616,4.700056,0.8328458,2.107619
-0.6869938,-0.07380971,-0.0002763487,4.90006,0.8345742,2.107371
-0.6911663,0.1369043,-0.0003843925,3.099653,1.055907,2.10898
-0.7199438,0.1105939,-0.0003417662,3.29981,1.05406,2.109327
-0.7419698,0.08169482,-0.0003321728,3.499899,1.052268,2.109664
-0.7564848,0.05343034,-0.0003112633,3.699954,1.050945,2.10991
-0.7643476,0.02435858,-0.0002629633,3.899994,1.050172,2.11005
-0.7653046,-0.003500395,-0.0002196209,4.100024,1.049887,2.1101
-0.7594549,-0.03111537,-0.0001409454,4.300047,1.050056,2.110066
-0.7473928,-0.05630019,-0.0001050437,4.500062,1.050731,2.109941
-0.7289226,-0.0804996,-9.343506e-07,4.700067,1.051985,2.109709
-0.704764,-0.1007016,4.971732e-05,4.900065,1.053739,2.109385
-0.7221955,0.1735982,-7.780745e-05,3.09956,1.270577,2.110413
-0.7533696,0.1394732,-7.388803e-05,3.299768,1.269058,2.11081
-0.7766683,0.1021584,-0.0001420229,3.499884,1.267559,2.1112
-0.7913603,0.06582909,-0.0002003068,3.699956,1.266428,2.111487
-0.7991008,0.02881564,-0.0002345898,3.900008,1.265739,2.111653
-0.7991395,-0.006600614,-0.000274635,4.10005,1.265447,2.111714
-0.7918322,-0.04205035,-0.0002677478,4.300083,1.265533,2.11168
-0.7776966,-0.07384013,-0.0003290033,4.500105,1.266051,2.111541
-0.755827,-0.1057823,-0.0002583065,4.700112,1.267067,2.111279
-0.7272442,-0.1309342,-0.0002705445,4.900108,1.268513,2.110913
-0.7623064,0.2116291,-9.960471e-05,3.099475,1.480944,2.11118
-0.7954497,0.1691044,-9.596953e-05,3.299724,1.47993,2.111585
-0.8201357,0.1218775,-0.0002278975,3.499869,1.478893,2.111993
-0.8345844,0.07798651,-0.0002523415,3.699961,1.47808,2.112297
-0.8416188,0.03218263,-0.0002996235,3.900031,1.477539,2.112475
-0.8408056,-0.01074672,-0.0003174779,4.100091,1.47724,2.112545
-0.8312953,-0.05474348,-0.0002904268,4.300142,1.477184,2.112519
-0.8153697,-0.09431541,-0.0003612178,4.500181,1.477433,2.112387
-0.7892874,-0.1351391,-0.0002304253,4.7002,1.47806,2.11213
-0.7540631,-0.1658011,-0.0002418112,4.900199,1.47903,2.111767
-0.810725,0.2548881,3.476467e-05,3.099409,1.688338,2.111266
-0.8469299,0.2007903,2.088903e-05,3.29969,1.687909,2.111626
-0.8719681,0.1432792,-0.0001380281,3.499859,1.687416,2.112008
-0.8854401,0.08896422,-0.0002559144,3.699972,1.686984,2.112298
-0.8923671,0.03476075,-0.0003178622,3.900063,1.686615,2.112474
-0.8903225,-0.0167659,-0.0004063256,4.100147,1.686283,2.112551
-0.8796461,-0.07042149,-0.0004075765,4.30023,1.686009,2.112544
-0.862175,-0.1166961,-0.0005526699,4.500301,1.685885,2.112444
-0.8302885,-0.1720342,-0.0004364384,4.700345,1.686022,2.112238
-0.7858722,-0.2077077,-0.0005098114,4.900352,1.686442,2.111945
-0.8758977,0.3006429,0.0001008941,3.099365,1.893838,2.110664
-0.9106566,0.2332277,9.782404e-05,3.29967,1.894079,2.110919
-0.9359505,0.160873,-0.0003543399,3.499862,1.89422,2.111227
-0.9472029,0.1003714,-0.0002559473,3.699993,1.894236,2.111472
-0.9516105,0.03609482,-0.0004432977,3.900104,1.894052,2.111629
-0.9496295,-0.02245652,-0.0004383506,4.100221,1.89363,2.11171
-0.9352891,-0.08585595,-0.0004681104,4.30035,1.893016,2.111733
-0.9208384,-0.1434132,-0.0006894726,4.500483,1.892366,2.111698
-0.8816773,-0.2162959,-0.0004442038,4.700578,1.891885,2.111602
-0.8217745,-0.2586238,-0.0005519385,4.900599,1.891696,2.111469
-0.9546932,0.3493886,0.0001784919,3.099331,2.098071,2.109302
-0.9905271,0.2617733,0.0001185532,3.299661,2.099134,2.109403
-1.008585,0.1802709,-0.0001512858,3.499876,2.100071,2.109604
-1.014297,0.1049383,-0.0004361102,3.70002,2.10065,2.109785
-1.01911,0.03537374,-0.0004758801,3.900148,2.100677,2.109909
-1.01575,-0.03200741,-0.0006014502,4.100301,2.100078,2.109987
-1.005067,-0.1053578,-0.0006718577,4.300505,2.098926,2.110042
-0.9965806,-0.1660506,-0.0008546186,4.500752,2.097492,2.110089
-0.9420226,-0.279822,-0.0009570913,4.700956,2.096183,2.110153
-0.863471,-0.3260535,-0.001236691,4.90101,2.095317,2.110276
-1.068422,0.4089257,0.0005181769,3.099288,2.301299,2.107201
-1.083494,0.2881429,0.000217305,3.299663,2.303437,2.107136
-1.098132,0.1837618,-0.0007199063,3.499908,2.305437,2.107228
-1.0962,0.1129535,-0.0001921566,3.700049,2.306767,2.107339
-1.092767,0.0361289,-0.0006243654,3.900175,2.307054,2.107424
-1.093833,-0.03287659,-0.0003640901,4.100357,2.306179,2.10749
-1.080298,-0.1098858,-0.0006466459,4.30066,2.30421,2.107563
-1.091894,-0.1975322,-0.00113302,4.501115,2.301584,2.107683
-1.009097,-0.3579547,-0.0009041744,4.701542,2.299098,2.107922
-0.9070194,-0.4088329,-0.001382188,4.901666,2.297452,2.108366
-1.223776,0.4369803,0.0003253814,3.099209,2.503519,2.104603
-1.21772,0.2854793,0.0005341166,3.299687,2.507075,2.104427
-1.19085,0.1901864,-0.000499007,3.499981,2.510503,2.104452
-1.167186,0.0965657,-0.001100927,3.700074,2.512825,2.104511
-1.164843,0.02828871,-0.0009797682,3.900161,2.513433,2.10456
-1.16148,-0.04137109,-0.0008889885,4.100337,2.512229,2.104603
-1.183969,-0.120926,-0.001451462,4.30072,2.509128,2.104665
-1.239542,-0.2156975,-0.0003630266,4.50153,2.50475,2.104805
-1.128283,-0.4827991,-0.002262846,4.702392,2.500565,2.105173
-0.9543859,-0.5248296,-0.002846972,4.902632,2.49807,2.105948
-1.482114,0.5146946,0.001706026,3.099049,2.704472,2.101948
-1.337358,0.2527204,0.001260841,3.299731,2.709834,2.101825
-1.281507,0.1324038,-0.0008294384,3.500161,2.715029,2.101905
-1.263263,0.08697687,-0.0002882475,3.700084,2.718605,2.10195
-1.234243,0.03059451,-0.001041408,3.900094,2.719525,2.10197
-1.244688,-0.005174466,-0.0007259933,4.100205,2.718114,2.101986
-1.267146,-0.03930128,-0.001618303,4.300498,2.713599,2.101997
-1.440714,-0.2158872,-0.001993071,4.501951,2.70682,2.102012
-1.25878,-0.6603339,-0.001287456,4.703578,2.699771,2.102341
-0.9638138,-0.7059957,-0.002539042,4.904006,2.696623,2.103312
-1.80718,0.6166292,0.001590528,3.048257,2.852667,2.050276
-1.54626,0.1164129,-0.0009832201,3.249717,2.859694,2.050213
-1.40206,0.1114206,-0.0003193817,3.502705,2.907384,2.100342
-1.286079,0.04465598,-0.001387341,3.701035,2.910407,2.100385
-1.262999,0.005543168,-0.001867402,3.900008,2.911158,2.100382
-1.244481,-0.007150071,-0.00155605,4.099005,2.910184,2.100387
-1.269785,0.03919038,-0.002022799,4.297511,2.906468,2.100357
-1.505218,-0.05943394,0.001187218,4.451237,2.859926,2.050276
-1.757062,-0.8898488,-0.001730819,4.654986,2.850133,2.050327
-1.037666,-0.8795619,-0.003976383,4.855458,2.844606,2.050912
-0.6382966,-1.37061,-0.0008997355,4.85069,3.044801,2.050349
-0.300792,-0.9985826,0.003272991,4.904094,3.299019,2.100744
-0.0585473,-0.9132124,0.0005211728,4.763512,3.505053,2.099751
-0.1808251,-0.8168527,0.003751064,4.926396,3.499352,2.100868
-0.07751077,-0.7331098,-0.003498818,4.777692,3.706256,2.099511
-0.1717506,-0.712496,0.0009079678,4.943076,3.700431,2.100854
-0.03632685,-0.6032697,0.001209644,4.777647,3.893941,2.099494
-0.1620264,-0.590755,0.001639484,4.942822,3.900164,2.100726
-0.07243551,-0.5041502,0.002725763,4.763407,4.095181,2.099708
-0.1733014,-0.446479,-0.001089645,4.925675,4.101732,2.100502
-0.6326234,0.01447047,0.0001000253,3.09997,0.1973037,2.29934
-0.6572425,0.01173831,-2.96502e-06,3.299972,0.1971731,2.299365
-0.6763426,0.008825949,-0.0001009371,3.499979,0.1970514,2.299388
-0.6899289,0.005734512,-0.0003675063,3.699988,0.1969646,2.299406
-0.6983145,0.002675859,-0.0004583654,3.899995,0.1969148,2.29942
-0.700969,-0.0002353167,-0.0004891545,4.1,0.1968975,2.299428
-0.6980412,-0.003202586,-0.0007248664,4.300005,0.1969107,2.299425
-0.690154,-0.006015862,-0.001009639,4.500012,0.1969569,2.299415
-0.6774752,-0.008573632,-0.00114523,4.700019,0.1970424,2.299397
-0.6605399,-0.01089486,-0.001596086,4.900024,0.1971629,2.299374
-0.6392151,0.04155051,-7.229658e-05,3.09992,0.4047604,2.303796
-0.6642319,0.03377834,-3.087542e-05,3.299933,0.4042232,2.303887
-0.6838052,0.02542611,-0.0001054024,3.499952,0.4037171,2.303972
-0.6976514,0.01684365,-5.008628e-05,3.699971,0.4033542,2.304035
-0.7058892,0.008151316,-1.96049e-05,3.899988,0.4031475,2.304074
-0.7083356,-0.0003083827,-0.000171516,4.1,0.4030771,2.30409
-0.7052189,-0.008463114,-0.0002136779,4.300012,0.4031323,2.304081
-0.6968645,-0.01614526,-0.0002690741,4.500026,0.403326,2.304048
-0.683602,-0.02332282,-0.000299592,4.70004,0.4036826,2.303986
-0.6659014,-0.02967676,-0.0002510353,4.900049,0.4041826,2.303903
-0.6502258,0.0726305,-0.0004797073,3.099867,0.6289335,2.307419
-0.676045,0.05899954,-0.0004420962,3.299905,0.6278884,2.307607
-0.6961283,0.04421642,-0.0004267771,3.499937,0.6268949,2.307785
-0.7101481,0.02938123,-0.0004369314,3.699964,0.6261777,2.307914
-0.7183163,0.01420718,-0.0003822957,3.899986,0.6257709,2.307989
-0.7204618,-0.0005300566,-0.000335407,4.100002,0.625633,2.308016
-0.7167294,-0.01484857,-0.000288371,4.300017,0.6257414,2.307997
-0.7075204,-0.02808835,-0.0002478675,4.500031,0.6261233,2.307929
-0.69316,-0.04053015,-0.0001508732,4.700044,0.6268239,2.307804
-0.6741857,-0.05132303,-0.0001562565,4.900052,0.6278038,2.30763
-0.6683284,0.1057737,-8.29167e-05,3.099814,0.8513022,2.310612
-0.6955564,0.08570598,-5.617819e-05,3.299887,0.8499671,2.310895
-0.7165808,0.06384813,-8.230476e-05,3.499933,0.8486879,2.311165
-0.7309129,0.04203793,-0.0001266946,3.699965,0.8477568,2.31136
-0.7389979,0.0197777,-0.0001324238,3.899989,0.8472242,2.311471
-0.7406255,-0.001763294,-0.0002004216,4.100007,0.8470394,2.311509
-0.7360042,-0.02287488,-0.0002201501,4.300022,0.8471743,2.311482
-0.7254519,-0.04224101,-0.0002637874,4.500033,0.8476642,2.31138
-0.7092562,-0.06061212,-0.0002217444,4.700041,0.8485652,2.311192
-0.6880329,-0.07628675,-0.0002148915,4.900044,0.8498239,2.310929
-0.6927035,0.1389582,-0.0002478705,3.099755,1.06807,2.313112
-0.7216446,0.1123157,-0.0002021617,3.299864,1.066764,2.313468
-0.7437818,0.08297601,-0.0002353115,3.499926,1.0655,2.313811
-0.758333,0.05426892,-0.0002602989,3.699966,1.064567,2.31406
-0.7662087,0.02470792,-0.0002437887,3.899995,1.064021,2.314202
-0.7671033,-0.003622758,-0.0002412755,4.100017,1.063819,2.314251
-0.7611517,-0.03171252,-0.0002032318,4.300035,1.063937,2.314217
-0.7489277,-0.05732857,-0.0002104713,4.500046,1.06441,2.314089
-0.7302493,-0.08189887,-0.0001038816,4.700051,1.065294,2.313853
-0.7058289,-0.1023559,-8.758675e-05,4.90005,1.066531,2.313522
-0.723705,0.1753783,0.0001355186,3.099692,1.279308,2.314675
-0.755041,0.1409594,0.0001509443,3.299834,1.278252,2.315075
-0.7784658,0.1032144,3.11683e-05,3.499915,1.277212,2.315466
-0.7931885,0.06650073,-7.305571e-05,3.699967,1.276429,2.315752
-0.8009376,0.02903465,-0.0001340303,3.900005,1.275951,2.315915
-0.8009265,-0.006789357,-0.0002271207,4.100035,1.275748,2.315974
-0.793537,-0.04266767,-0.0002543861,4.30006,1.275806,2.315939
-0.7792401,-0.07485683,-0.0003566924,4.500076,1.276163,2.3158
-0.757155,-0.1071281,-0.0002725799,4.700084,1.276867,2.315537
-0.7282976,-0.1325186,-0.0003139014,4.900082,1.277872,2.315167
-0.7636322,0.2128642,-5.257982e-06,3.099636,1.486784,2.315414
-0.7969,0.1701177,3.672297e-05,3.299804,1.486085,2.31582
-0.8216602,0.1225776,-0.0001577162,3.499904,1.485372,2.316226
-0.8360929,0.07840806,-0.0001658566,3.69997,1.484814,2.316524
-0.8431383,0.03231196,-0.0002105941,3.90002,1.484442,2.316698
-0.8422609,-0.01089564,-0.0002269496,4.100063,1.484235,2.316765
-0.8327141,-0.05518418,-0.000197307,4.3001,1.484193,2.316738
-0.8166376,-0.09503982,-0.0003301673,4.50013,1.48436,2.316605
-0.7903664,-0.1361139,-0.0001198863,4.700145,1.484791,2.316347
-0.7549101,-0.166951,-0.0001871584,4.900146,1.485461,2.315981
-0.8118407,0.2559455,0.0002145243,3.099591,1.691975,2.315517
-0.8480696,0.201666,0.000260787,3.299781,1.691687,2.315882
-0.8731715,0.1437883,3.438975e-05,3.499898,1.691356,2.316263
-0.886584,0.08931279,-0.000118589,3.699978,1.691065,2.31655
-0.8934917,0.03483905,-0.0001476197,3.900042,1.690812,2.316721
-0.8914201,-0.01684021,-0.0002483045,4.100102,1.690578,2.316795
-0.8807407,-0.07071799,-0.000223071,4.300162,1.69038,2.316785
-0.8631808,-0.1172471,-0.0004360943,4.500214,1.690284,2.316682
-0.8311689,-0.1726661,-0.0002002213,4.700248,1.69037,2.316471
-0.7865439,-0.2084878,-0.0003590758,4.900254,1.690659,2.316166
-0.8767931,0.3011065,-8.702815e-06,3.09956,1.895792,2.314991
-0.9115708,0.2335711,0.0001340718,3.299768,1.895986,2.315258
-0.9367885,0.161049,-0.0004615857,3.499901,1.896108,2.315572
-0.9478947,0.1004154,-0.0001737705,3.699993,1.896134,2.31582
-0.9522914,0.0361168,-0.0002576793,3.900072,1.89601,2.315975
-0.950225,-0.02245465,-0.0001014314,4.100155,1.895706,2.316053
-0.9360433,-0.0859621,-5.046146e-05,4.300249,1.895256,2.316072
-0.9214117,-0.1436811,-0.0004817253,4.500346,1.894775,2.316031
-0.8822478,-0.2166502,0.0001694678,4.700417,1.894416,2.315923
-0.8222288,-0.2591736,-0.0001665167,4.900431,1.894275,2.315765
-0.9551295,0.3502052,0.000240051,3.099533,2.098809,2.313653
-0.9908215,0.2625174,0.0003388648,3.299763,2.09964,2.313752
-1.008668,0.1805688,0.0001345555,3.499915,2.100375,2.313956
-1.014436,0.10525,-0.0003292585,3.700016,2.100831,2.314137
-1.019111,0.03545845,-0.0001416718,3.900105,2.10086,2.314261
-1.015814,-0.03176169,-0.0001756812,4.100215,2.100409,2.314341
-1.005323,-0.1053146,-9.665216e-05,4.300366,2.099529,2.3144
-0.9968362,-0.1663182,-0.0005001145,4.500553,2.098424,2.314456
-0.942669,-0.2798015,-0.0001135079,4.700704,2.097414,2.314532
-0.8637776,-0.3260572,-0.0005897265,4.900736,2.096753,2.314661
-1.068981,0.4089023,-0.0001320423,3.09948,2.301286,2.311204
-1.084637,0.2882816,-9.072175e-05,3.299761,2.303058,2.3111
-1.098405,0.1840202,-0.001462502,3.499946,2.304718,2.311185
-1.095891,0.1130146,2.260293e-05,3.700044,2.30582,2.311295
-1.09257,0.03606597,-0.0001757604,3.900131,2.306062,2.311379
-1.09341,-0.03258365,0.0005269632,4.100265,2.305354,2.311448
-1.080283,-0.1097658,-6.133024e-05,4.3005,2.303739,2.311534
-1.091752,-0.197399,-0.001054547,4.500871,2.301572,2.311687
-1.009252,-0.358054,0.0001742669,4.701217,2.299524,2.312009
-0.9069978,-0.4092665,-6.936515e-05,4.901291,2.298212,2.312595
-1.223694,0.438578,-0.000147317,3.099359,2.503171,2.307578
-1.217642,0.2867039,0.000956713,3.299767,2.506364,2.307336
-1.190823,0.1900174,-0.0001181152,3.500012,2.50943,2.307366
-1.166908,0.09702579,-0.001360622,3.700072,2.511492,2.307435
-1.164305,0.02833227,-0.0004732662,3.900128,2.51203,2.307482
-1.161139,-0.04087255,-0.0004094318,4.100263,2.510979,2.307523
-1.183173,-0.1208771,-0.0008156219,4.300584,2.508229,2.307585
-1.238702,-0.2158263,0.0006732846,4.501307,2.504308,2.307758
-1.12855,-0.4835772,-0.000332706,4.70208,2.500555,2.308286
-0.9543891,-0.5253498,-0.001684301,4.902245,2.498397,2.309426
-1.481988,0.5146453,-0.0002676469,3.099127,2.704217,2.303336
-1.339131,0.2535792,-0.0002946404,3.299782,2.709368,2.303184
-1.282786,0.1322864,-0.003244764,3.500178,2.714266,2.303351
-1.262454,0.0871004,-0.0003554182,3.700087,2.717617,2.303436
-1.23425,0.03031999,-0.0002795135,3.900079,2.718469,2.303453
-1.244519,-0.005091167,0.001910648,4.100165,2.717162,2.303458
-1.267685,-0.04009258,0.0004709173,4.300424,2.712916,2.303432
-1.44017,-0.2169022,-0.0006619774,4.501816,2.70648,2.303393
-1.257015,-0.6618723,-0.001142595,4.70338,2.699684,2.303893
-0.9626904,-0.7070679,-0.001590916,4.903716,2.696757,2.305451
-1.80886,0.6147637,0.001486125,3.048256,2.852654,2.25048
-1.546879,0.1162345,0.0001143672,3.249723,2.859637,2.250392
-1.400384,0.110959,0.0004807112,3.502715,2.907126,2.300666
-1.285595,0.04378566,-0.003440463,3.701027,2.910043,2.300748
-1.262763,0.00486079,-0.002120294,3.900008,2.910763,2.300726
-1.244441,-0.007637416,-0.002837089,4.09901,2.909827,2.300732
-1.269677,0.03802138,-0.00372993,4.297492,2.906226,2.300662
-1.503745,-0.05925887,0.0002297736,4.451223,2.859856,2.250476
-1.756051,-0.8952823,-0.0030691,4.654956,2.850121,2.250562
-1.035901,-0.8841869,-0.003147422,4.855336,2.844655,2.251567
-0.6443279,-1.182064,-0.004711369,4.95111,3.045657,2.251403
-0.3021301,-0.9991992,0.008785297,4.903031,3.298777,2.301225
-0.05845698,-0.9363185,-0.00535712,4.762445,3.504093,2.295548
-0.1889184,-0.8171054,0.003388053,4.922926,3.499262,2.301425
-0.0784525,-0.7334884,0.0004333922,4.775868,3.706236,2.293576
-0.1671905,-0.7144603,-0.0006759418,4.937467,3.700339,2.301417
-0.0312318,-0.6166437,0.00299605,4.775834,3.893934,2.293552
-0.1640947,-0.5916607,0.0002206996,4.937289,3.900191,2.301235
-0.07061207,-0.4950386,0.005119886,4.762368,4.096019,2.295489
-0.1747923,-0.4476584,-0.004463898,4.922437,4.10169,2.300874
-0.6255384,0.01553019,-0.003299724,3.099979,0.2107279,2.487535
-0.6496593,0.01268674,-0.00247142,3.299981,0.210626,2.487565
-0.6688912,0.009637092,-0.002260098,3.499986,0.210539,2.48758
-0.6825137,0.006559816,-0.000811226,3.699991,0.2104728,2.487598
-0.6905,0.003358895,0.0001885679,3.899996,0.2104212,2.48763
-0.6932801,0.0002122862,0.0004487477,4.1,0.2103978,2.487648
-0.6908582,-0.002839502,0.001339303,4.300003,0.2104096,2.487641
-0.6829698,-0.005661145,0.002513398,4.500008,0.2104469,2.487629
-0.6706113,-0.008324218,0.003345825,4.700013,0.210517,2.487603
-0.6537625,-0.01039896,0.004517661,4.900016,0.210608,2.487578
-0.6397696,0.04317096,0.0008076026,3.099949,0.4281525,2.505524
-0.6651114,0.03516897,0.0005917765,3.299956,0.4277849,2.505613
-0.6847604,0.02648925,0.0002003462,3.499968,0.4274475,2.505691
-0.6985942,0.01781988,-0.0002138021,3.699982,0.427198,2.505751
-0.7070968,0.008854548,-0.0004670197,3.899993,0.4270345,2.505802
-0.7096316,-1.077528e-06,-0.000724612,4.1,0.4269679,2.505827
-0.706378,-0.008303824,-0.001123301,4.300007,0.4270047,2.505817
-0.6979746,-0.01591663,-0.001550902,4.500017,0.4271413,2.505782
-0.6844469,-0.02319136,-0.001809816,4.700025,0.4273909,2.505718
-0.6666251,-0.02923594,-0.002343044,4.900033,0.4277265,2.505639
-0.6521504,0.07615076,-0.00139221,3.099919,0.6520378,2.511023
-0.6781366,0.06187313,-0.001126135,3.299941,0.651375,2.511186
-0.698435,0.0464053,-0.000939131,3.49996,0.6507496,2.511336
-0.7125141,0.0307346,-0.000642123,3.699978,0.6502938,2.511447
-0.7206064,0.01474336,-0.0003257304,3.899992,0.6500226,2.511516
-0.7227376,-0.0006840765,-0.0001231982,4.100002,0.6499229,2.511544
-0.7189636,-0.01573288,0.0001458823,4.30001,0.6499888,2.511528
-0.7095225,-0.02964071,0.0004430117,4.500019,0.6502319,2.51147
-0.6949954,-0.04264145,0.0007299,4.700028,0.6506773,2.511361
-0.6757485,-0.05398425,0.0009803246,4.900034,0.6512921,2.511213
-0.6702601,0.1082417,-1.951345e-05,3.099888,0.869835,2.515225
-0.697745,0.08778922,-8.370995e-06,3.29993,0.8690338,2.51545
-0.7189798,0.06542311,-6.664506e-05,3.499957,0.8682684,2.515663
-0.7333913,0.04315359,-0.0001594543,3.699978,0.8677101,2.515817
-0.7415405,0.02035926,-0.0001947724,3.899993,0.8673861,2.515905
-0.7431391,-0.001714047,-0.0002764616,4.100005,0.8672702,2.515936
-0.738367,-0.02329991,-0.0003326486,4.300014,0.8673488,2.515914
-0.7275836,-0.04309139,-0.0004226422,4.500022,0.8676412,2.515835
-0.7110865,-0.06185491,-0.0004077459,4.700028,0.8681799,2.515686
-0.6895671,-0.07773737,-0.0004696742,4.900031,0.8689308,2.515479
-0.6945299,0.1409248,-0.0003294432,3.099854,1.081094,2.517737
-0.7237031,0.113946,-0.0002523093,3.299915,1.080333,2.518011
-0.7460494,0.08414546,-0.0002655678,3.499952,1.079598,2.518273
-0.7606579,0.05498844,-0.00025043,3.699977,1.079056,2.518462
-0.7685462,0.02494371,-0.0001997127,3.899996,1.078738,2.518569
-0.7693948,-0.003828451,-0.0001689511,4.10001,1.078619,2.518606
-0.7633394,-0.03236221,-0.0001010215,4.300022,1.078686,2.51858
-0.7508865,-0.0583971,-7.756566e-05,4.50003,1.07896,2.518484
-0.7319482,-0.08332141,6.344989e-05,4.700035,1.079472,2.518304
-0.7072283,-0.1040416,0.000114293,4.900037,1.08019,2.51805
-0.7253025,0.1767515,0.0001275862,3.099819,1.288026,2.51903
-0.7568473,0.1421128,0.0001495564,3.299897,1.28742,2.519332
-0.7804706,0.1039762,3.695256e-05,3.499945,1.286824,2.519625
-0.7952277,0.06701429,-5.469663e-05,3.699977,1.286376,2.519837
-0.8030095,0.02921126,-0.0001032448,3.900001,1.286103,2.519957
-0.8029601,-0.006921604,-0.0001828593,4.10002,1.285986,2.52
-0.7954733,-0.04312354,-0.0002060476,4.300036,1.286018,2.519974
-0.7809703,-0.07568737,-0.0003075659,4.500048,1.286221,2.519871
-0.7586292,-0.1082034,-0.0002175001,4.700055,1.286623,2.519674
-0.7294722,-0.1338037,-0.0002589875,4.900056,1.287199,2.519396
-0.7650113,0.213803,-3.250799e-05,3.099788,1.492472,2.519614
-0.7983911,0.1708987,3.877744e-05,3.299881,1.492076,2.51992
-0.8232522,0.123059,-0.000155536,3.499938,1.491673,2.520221
-0.8376127,0.07865801,-0.0001239001,3.699978,1.491358,2.520442
-0.8447102,0.03236412,-0.0001506275,3.900009,1.491147,2.520568
-0.8438012,-0.01106555,-0.0001382972,4.100036,1.491028,2.520616
-0.8342945,-0.05556663,-8.404647e-05,4.300059,1.491002,2.520596
-0.8180368,-0.09573998,-0.0002279482,4.500079,1.491094,2.520497
-0.7915468,-0.1370364,2.525608e-05,4.700091,1.491336,2.520305
-0.7558536,-0.1680817,-5.485441e-05,4.900093,1.491716,2.52003
-0.8129634,0.2562164,0.0001506618,3.099764,1.695488,2.519709
-0.8492221,0.2019323,0.0002413395,3.299868,1.695333,2.519985
-0.8744516,0.143624,3.106596e-05,3.499935,1.695153,2.52027
-0.8877534,0.08933177,-8.119791e-05,3.699983,1.694993,2.520482
-0.8946582,0.03478492,-7.814261e-05,3.900022,1.694851,2.520607
-0.8925939,-0.01684911,-0.0001251386,4.100058,1.694715,2.52066
-0.8819915,-0.07083921,-8.889081e-05,4.300095,1.694596,2.520652
-0.8643462,-0.1178002,-0.0002814958,4.500128,1.694532,2.520575
-0.8321672,-0.1732483,3.914041e-05,4.70015,1.694572,2.520417
-0.7873017,-0.2094033,-0.0001428832,4.900155,1.69473,2.520185
-0.8778828,0.3012496,5.611593e-05,3.099748,1.897694,2.519336
-0.9123769,0.2337201,0.0002752354,3.299862,1.89783,2.519539
-0.9371748,0.1611394,-0.0004476467,3.499938,1.897921,2.519776
-0.9480808,0.1002618,-2.995837e-05,3.699992,1.897949,2.51996
-0.9526446,0.0361333,-0.0001328063,3.90004,1.89788,2.520074
-0.9506399,-0.02247109,9.894863e-05,4.100089,1.897698,2.520131
-0.9370704,-0.08593699,0.0001948322,4.300147,1.897423,2.520145
-0.9222969,-0.1439075,-0.0003277613,4.500207,1.897123,2.520115
-0.8831024,-0.2170907,0.0007264191,4.700251,1.896892,2.520033
-0.8229623,-0.2601441,0.0001782437,4.900259,1.896795,2.519911
-0.9556584,0.3492391,-7.859551e-05,3.099732,2.099481,2.518312
-0.9909882,0.2616198,0.000261241,3.29986,2.100026,2.518384
-1.009283,0.1790384,0.0001230602,3.499948,2.100503,2.518539
-1.014451,0.1050166,-0.0002042836,3.700007,2.100796,2.518675
-1.018945,0.03534509,-3.419151e-06,3.900061,2.100817,2.518767
-1.015756,-0.03111387,0.0001691865,4.100127,2.100536,2.518827
-1.005698,-0.1048924,0.0002247914,4.300219,2.099981,2.518873
-0.9975784,-0.1665199,-0.000213247,4.500337,2.099275,2.51892
-0.9438703,-0.2794531,0.0009490319,4.700431,2.098623,2.518988
-0.8643915,-0.3268187,0.0003434074,4.900447,2.098198,2.519094
-1.069889,0.4081114,0.0005524167,3.099694,2.301107,2.516146
-1.084452,0.2882756,0.0009184186,3.299863,2.302339,2.516019
-1.097463,0.1840015,-0.001285031,3.499975,2.303474,2.516067
-1.093617,0.111894,0.0003954268,3.700029,2.304212,2.516139
-1.090902,0.0360137,0.0002204092,3.900079,2.304368,2.516197
-1.091731,-0.03235111,0.001206426,4.100161,2.303897,2.516254
-1.080113,-0.1090974,0.000627673,4.30031,2.30281,2.516336
-1.093031,-0.1962934,-0.001035767,4.500559,2.301327,2.516491
-1.011986,-0.3577249,0.002283322,4.700784,2.299909,2.516825
-0.907661,-0.4110999,0.001978483,4.900812,2.299008,2.5174
-1.223515,0.4377064,-0.0004997678,3.099573,2.502574,2.512083
-1.215743,0.2860528,0.0007002098,3.299867,2.505046,2.511784
-1.190804,0.1865973,-0.0004377108,3.500037,2.507364,2.511796
-1.16617,0.09683684,-0.0009488389,3.700058,2.508881,2.511836
-1.162564,0.02828449,-0.000330639,3.900083,2.509255,2.511856
-1.16016,-0.03953843,0.0003105103,4.100166,2.508487,2.511889
-1.180702,-0.1197949,-0.001011884,4.300386,2.506435,2.51195
-1.238079,-0.2147372,0.0002124618,4.50094,2.503445,2.512139
-1.127421,-0.4841045,0.004315636,4.701527,2.500551,2.512802
-0.9555715,-0.5277241,0.002352264,4.901584,2.498969,2.514202
-1.479311,0.5139954,0.004622636,3.099287,2.70363,2.505934
-1.338809,0.2567731,0.00362143,3.299867,2.708239,2.505798
-1.282694,0.132453,-0.004826987,3.500175,2.712321,2.506105
-1.257107,0.08405953,0.001369803,3.700077,2.715046,2.506211
-1.231138,0.02949718,0.001746792,3.900056,2.715699,2.506191
-1.242627,-0.006759191,0.006107074,4.100111,2.714645,2.506184
-1.267704,-0.04126622,0.002801045,4.30031,2.711121,2.506097
-1.441279,-0.2177578,0.001426905,4.501532,2.705625,2.505924
-1.255745,-0.6605342,0.003095572,4.702937,2.699499,2.506633
-0.963128,-0.7065992,0.006581842,4.903118,2.697096,2.509003
-1.810917,0.619597,6.355314e-05,3.048289,2.852591,2.450901
-1.542737,0.1203402,0.0008168461,3.249739,2.859445,2.45083
-1.40132,0.1096795,-0.002787039,3.502528,2.906207,2.501104
-1.282982,0.04101178,-0.001672684,3.700863,2.908762,2.50092
-1.260942,0.004989369,-0.002821304,3.900008,2.909329,2.500698
-1.244309,-0.009340798,-0.000583578,4.099166,2.908553,2.500841
-1.266922,0.03556071,-0.006749818,4.29765,2.905337,2.500993
-1.505268,-0.06329069,-0.0001944744,4.45119,2.859601,2.45091
-1.758585,-0.9068825,-0.00873977,4.654877,2.850083,2.451019
-1.035745,-0.8798923,-0.005020798,4.855077,2.844811,2.452789
-0.6320814,-1.363418,-0.001395971,4.85038,3.044767,2.451122
-0.292734,-1.01521,0.01754227,4.900517,3.298526,2.502338
-0.04768837,-0.9210134,0.004455723,4.75575,3.505985,2.494374
-0.17134,-0.8295395,0.01294735,4.913379,3.499579,2.503081
-0.05726361,-0.7272206,-0.01008516,4.762138,3.704386,2.496661
-0.1590135,-0.7176996,-0.003237884,4.921774,3.700241,2.503514
-0.01974944,-0.6074173,0.002768265,4.762122,3.89572,2.496656
-0.1554249,-0.5928888,0.005446259,4.921685,3.900163,2.503314
-0.05729202,-0.493291,0.0003112192,4.75571,4.094044,2.494388
-0.1726511,-0.4456377,-0.006935095,4.913146,4.101192,2.502409
-0.6319704,0.01717712,-0.0006131348,3.100006,0.2497152,2.689705
-0.6579603,0.01423261,-0.0007494758,3.299988,0.2495835,2.689871
-0.6771298,0.01126377,-0.0005016326,3.499971,0.2496088,2.689747
-0.6894842,0.00895501,-0.001216793,3.700005,0.2495755,2.689745
-0.6984619,0.005470776,-0.001047039,3.900033,0.249377,2.690037
-0.7011473,0.00106034,-0.0003983409,4.099995,0.2492546,2.690216
-0.6975632,-0.001579802,-0.001079595,4.299986,0.2493208,2.690091
-0.6894523,-0.003996248,-0.001818512,4.500018,0.2493551,2.690092
-0.6766948,-0.00728234,-0.001919428,4.699974,0.2494788,2.689929
-0.6595521,-0.007535419,-0.003612248,4.900026,0.2495749,2.689813
-0.6442145,0.05156672,0.0004636749,3.099983,0.4645889,2.709189
-0.6697735,0.04177278,0.000759222,3.299979,0.4643617,2.70928
-0.6898315,0.03168019,0.0002868635,3.499977,0.4642266,2.709308
-0.7036278,0.02041756,0.0005890775,3.699996,0.4640915,2.70935
-0.7117038,0.009294298,0.0007371138,3.900009,0.4638872,2.709453
-0.7142292,-0.0009350364,3.570665e-05,4.099999,0.4637686,2.709517
-0.711162,-0.01136473,-0.0001592345,4.3,0.4638104,2.709494
-0.70232,-0.02144916,-0.0004378928,4.500009,0.4639045,2.709461
-0.6888962,-0.03050458,-0.0007079677,4.700003,0.464091,2.709381
-0.6707843,-0.03891388,-0.0003612915,4.900021,0.4642791,2.709311
-0.6533946,0.07955707,-0.002201396,3.099964,0.6783674,2.716706
-0.6796854,0.06477449,-0.001755274,3.299972,0.6780612,2.7168
-0.699966,0.04873602,-0.001482544,3.49998,0.6777845,2.716881
-0.7139648,0.03257067,-0.001316996,3.699991,0.6775711,2.716944
-0.7222138,0.01590693,-0.0008411659,3.899999,0.6774117,2.716994
-0.7242771,-0.0002971141,-0.0004379321,4.1,0.6773378,2.717018
-0.720226,-0.01592934,-0.0001309945,4.300004,0.6773683,2.717009
-0.7106788,-0.03030488,0.0003313214,4.50001,0.6774884,2.716974
-0.6959011,-0.04386588,0.0009050558,4.700012,0.6777045,2.716908
-0.6764966,-0.05528814,0.001132921,4.900019,0.6779809,2.716825
-0.6720803,0.1117845,0.0005247649,3.099949,0.887074,2.720422
-0.6997696,0.09067843,0.0006061277,3.299966,0.8867306,2.720539
-0.7211618,0.06757824,0.0004810053,3.499978,0.8864054,2.720648
-0.7356044,0.04443572,0.0002056841,3.699988,0.8861651,2.720727
-0.7437194,0.02075922,9.575444e-05,3.899997,0.8860163,2.720774
-0.7452654,-0.002084007,-0.0002068092,4.100002,0.8859579,2.720792
-0.7404168,-0.02451786,-0.0004414379,4.300007,0.8859902,2.720781
-0.7294529,-0.04516291,-0.0006461082,4.500012,0.886117,2.72074
-0.7127657,-0.0646145,-0.0005977066,4.700016,0.8863494,2.720663
-0.6909907,-0.08117949,-0.0006486957,4.900019,0.8866671,2.720556
-0.6959078,0.1427085,-0.000215177,3.099935,1.092094,2.722072
-0.7252463,0.1154536,-5.000042e-05,3.299958,1.091776,2.722209
-0.7476842,0.08527517,-0.0001287613,3.499975,1.09147,2.722339
-0.7623039,0.05577036,-0.0002160646,3.699987,1.091245,2.722432
-0.770215,0.0253161,-0.0001763278,3.899997,1.09111,2.722484
-0.7710042,-0.003851466,-0.000203927,4.100004,1.091059,2.722503
-0.7648499,-0.03277734,-0.0002062787,4.30001,1.091085,2.72249
-0.7522409,-0.05915838,-0.0002050223,4.500016,1.091199,2.722443
-0.7330973,-0.08438971,6.893885e-05,4.70002,1.091412,2.722355
-0.7081816,-0.1052847,0.0001324651,4.900022,1.091709,2.722229
-0.7265454,0.1783248,0.0004883523,3.09992,1.295088,2.722826
-0.7582444,0.1434395,0.0005845029,3.29995,1.294838,2.722975
-0.7819772,0.1048968,0.0003142785,3.499971,1.294594,2.723118
-0.7967389,0.06761342,0.0001066066,3.699987,1.294411,2.723221
-0.8045232,0.02940749,2.069049e-05,3.899998,1.294299,2.723278
-0.8044364,-0.007062697,-0.0001785822,4.100008,1.294251,2.723299
-0.7968966,-0.04363427,-0.0003225294,4.300016,1.294264,2.723287
-0.7822494,-0.07659091,-0.0005246484,4.500024,1.294346,2.723237
-0.759734,-0.1093559,-0.0003210128,4.700029,1.29451,2.723142
-0.7303687,-0.1352254,-0.000352568,4.900031,1.294745,2.723006
-0.766019,0.2146743,0.0002952452,3.099908,1.496958,2.72315
-0.7995227,0.1716441,0.0004636468,3.299944,1.496798,2.7233
-0.8244317,0.1235648,6.142093e-05,3.499968,1.496635,2.723447
-0.8387372,0.07898085,2.690997e-05,3.699987,1.496508,2.723553
-0.8458535,0.03249212,-1.850618e-05,3.900002,1.496423,2.723613
-0.8448778,-0.01109492,-0.0001115106,4.100014,1.496374,2.723636
-0.8353936,-0.0557974,-0.0001184885,4.300026,1.496362,2.723627
-0.8189707,-0.09617039,-0.0005069731,4.500036,1.496398,2.72358
-0.7923378,-0.1375537,-6.345094e-05,4.700044,1.496495,2.723488
-0.7565314,-0.1687561,-0.0001491072,4.900046,1.496648,2.723353
-0.8137654,0.2571523,0.0005940536,3.0999,1.698208,2.723212
-0.8500275,0.2027548,0.0007647553,3.299939,1.69815,2.723347
-0.8752244,0.1440044,0.0001718722,3.499967,1.698081,2.723485
-0.8885528,0.08970369,4.484233e-05,3.699989,1.698018,2.723587
-0.8954167,0.03491108,8.176509e-05,3.900007,1.697961,2.723647
-0.8933445,-0.01675909,-6.181535e-05,4.100024,1.697905,2.723672
-0.8827948,-0.07086469,-3.82861e-05,4.30004,1.697853,2.723669
-0.8649821,-0.118154,-0.0006175189,4.500056,1.697823,2.723634
-0.8327502,-0.1732169,-0.000110934,4.700067,1.697834,2.723558
-0.7879041,-0.2097147,-0.0002237833,4.900071,1.697894,2.723446
-0.8785385,0.3012797,-4.100003e-05,3.099896,1.899131,2.72303
-0.9131716,0.2338811,0.0006016409,3.299938,1.899201,2.723128
-0.9378066,0.1612845,-0.0005305048,3.499969,1.899249,2.723242
-0.9484431,0.1003535,9.848751e-05,3.699993,1.899265,2.723331
-0.9530237,0.03619544,8.612832e-05,3.900014,1.899236,2.723385
-0.9509096,-0.02219847,0.0003638066,4.100036,1.899159,2.723413
-0.937728,-0.08581194,0.0006868008,4.300061,1.899039,2.723421
-0.9224571,-0.1438706,-0.0008659501,4.500088,1.898903,2.72341
-0.8835893,-0.2162116,0.0006035939,4.700108,1.898794,2.723375
-0.8236234,-0.2597494,4.732493e-05,4.900112,1.898742,2.723319
-0.9553157,0.3507926,0.0002479901,3.099894,2.099924,2.722476
-0.9907845,0.2630364,0.0004478291,3.29994,2.10019,2.722502
-1.00933,0.1791632,0.000234204,3.499975,2.100414,2.722574
-1.014289,0.1056065,-0.0001050785,3.7,2.100543,2.722638
-1.018566,0.03566029,0.000305749,3.900024,2.100548,2.72268
-1.015456,-0.03025361,0.000516224,4.100053,2.100423,2.722711
-1.005824,-0.1040531,0.0007451964,4.300093,2.100172,2.722738
-0.9968887,-0.1664964,-0.0003087839,4.500144,2.099846,2.72277
-0.9449983,-0.2760747,0.0005228956,4.700185,2.099535,2.72282
-0.8654984,-0.3249011,0.0002353981,4.900189,2.099327,2.722893
-1.070994,0.4066279,-0.003246526,3.099884,2.300745,2.721133
-1.085988,0.2895234,-0.0009637,3.299945,2.301376,2.721034
-1.096633,0.1843941,-0.002708351,3.499989,2.301921,2.721048
-1.092591,0.1119681,0.0004080292,3.70001,2.302247,2.721075
-1.090036,0.03590045,0.000720763,3.900033,2.302299,2.721098
-1.090387,-0.03099393,0.00254182,4.10007,2.302078,2.721128
-1.080194,-0.1087926,0.002511363,4.300137,2.301569,2.721177
-1.09158,-0.1961864,-0.0004123307,4.500252,2.300847,2.721276
-1.017847,-0.3514606,0.002187684,4.70035,2.30013,2.721503
-0.9112146,-0.4080188,0.001269306,4.900352,2.29967,2.721885
-1.22389,0.4437234,-0.004878511,3.099826,2.501731,2.717857
-1.214344,0.2903334,-0.0007086668,3.29995,2.503157,2.717591
-1.18906,0.1854504,0.001723651,3.500027,2.504374,2.717566
-1.164253,0.099077,-0.001490447,3.700026,2.505093,2.717548
-1.16038,0.02942558,0.0006164594,3.900036,2.505219,2.717527
-1.15825,-0.03619919,0.0008902133,4.100077,2.504832,2.717554
-1.178611,-0.1169323,0.0001542763,4.30018,2.503786,2.717613
-1.232648,-0.2094091,0.005120761,4.500477,2.502163,2.717769
-1.143098,-0.4677439,0.00188442,4.700766,2.500499,2.718353
-0.9622534,-0.5224202,-0.0008270401,4.900757,2.49958,2.71953
-1.478559,0.5087273,-0.01453166,3.099604,2.702855,2.710682
-1.348206,0.2552928,-0.002289205,3.299936,2.706185,2.710562
-1.286111,0.1291151,-0.01445159,3.500082,2.708381,2.710836
-1.251999,0.08589935,0.001234804,3.700031,2.709723,2.710803
-1.229301,0.02782865,0.004492311,3.900024,2.709898,2.710647
-1.240319,-0.004488064,0.01448086,4.100067,2.709354,2.710696
-1.263487,-0.04342182,0.01117255,4.3002,2.707432,2.710677
-1.433871,-0.2104681,0.007084923,4.501008,2.704125,2.710457
-1.297013,-0.6206069,0.01076013,4.701945,2.699637,2.711402
-0.9746472,-0.7092995,-0.0010283,4.901911,2.698171,2.714286
-1.819161,0.6033159,-0.01795483,3.048422,2.852393,2.652154
-1.539153,0.1248038,0.0008068196,3.24978,2.858748,2.652327
-1.38721,0.08296374,0.001526995,3.501482,2.903534,2.702392
-1.266732,0.03949954,-0.01697335,3.700465,2.904811,2.701393
-1.249076,0.009789378,-0.001512165,3.900004,2.90501,2.700756
-1.233664,0.002417795,-0.007865608,4.099553,2.904554,2.701116
-1.254581,0.03648797,-0.005019132,4.29863,2.902728,2.701951
-1.486759,-0.06129858,0.008801892,4.451078,2.858615,2.65222
-1.788184,-0.8802848,0.03192862,4.654557,2.850005,2.652239
-1.028785,-0.9009039,0.003162754,4.854385,2.845454,2.655499
-0.6240722,-1.176641,0.004805841,4.949864,3.047297,2.757961
-0.2695365,-1.028377,0.01806145,4.896741,3.298999,2.705222
-0.1712937,-0.8450681,-0.003746809,4.900253,3.500042,2.70561
-0.1454028,-0.7243789,-0.006042116,4.902194,3.70015,2.705386
-0.139309,-0.595842,0.002181012,4.902162,3.900076,2.705269
-0.1626437,-0.4560381,-0.00263272,4.900124,4.100484,2.705206
-0.6519437,0.03575496,0.007647168,3.050018,0.2405597,2.856656
-0.6798394,0.03553917,0.00796368,3.250046,0.2398325,2.857371
-0.7050991,0.03299884,0.0009526416,3.45001,0.2402587,2.856939
-0.7202606,0.02809564,0.003193016,3.650016,0.2405602,2.856639
-0.7302766,0.02505095,0.006621752,3.850031,0.2398544,2.857332
-0.7370355,0.01988808,0.0007573445,4.050013,0.2389913,2.858188
-0.7357319,0.01294975,0.004269918,4.250002,0.2393673,2.85781
-0.7262507,0.01566558,0.002597269,4.450061,0.2394475,2.857748
-0.71712,0.00700432,0.002756729,4.650007,0.2395955,2.857606
-0.7002802,0.009103338,0.007053307,4.850022,0.240368,2.85683
-0.6378305,0.06115512,-0.002320236,3.100002,0.4967657,2.906427
-0.6639185,0.04949411,-0.001339047,3.299993,0.4966069,2.906472
-0.6838819,0.03847601,-0.001394793,3.499984,0.4966793,2.906464
-0.6971448,0.02673092,-0.0006174974,3.700003,0.4966473,2.906475
-0.7058387,0.01346027,0.0001238198,3.900015,0.4963478,2.906541
-0.7085731,0.001119837,-0.0001283534,4.099996,0.4961583,2.906581
-0.7052767,-0.009983146,9.081529e-05,4.299994,0.4962576,2.906561
-0.6967009,-0.02164184,0.000549252,4.500008,0.4963006,2.906553
-0.6824642,-0.03191647,0.0007385201,4.699988,0.496473,2.906509
-0.6643716,-0.03969275,0.001571607,4.900012,0.4965837,2.906478
-0.6535964,0.081008,-0.001315719,3.099992,0.6964063,2.909991
-0.6795091,0.06563611,-0.001024539,3.299992,0.6963267,2.910017
-0.7001315,0.04972897,-0.0008785693,3.499993,0.6962736,2.910036
-0.7140981,0.03247271,-0.001000851,3.699998,0.6962166,2.910052
-0.7219876,0.01520441,-0.0007980208,3.900002,0.6961282,2.910069
-0.7242208,-0.0007782457,-0.0006058416,4.099999,0.6960734,2.910078
-0.720351,-0.01672896,-0.0005850624,4.3,0.6960871,2.910075
-0.7105082,-0.03141179,-0.0004783356,4.500004,0.6961301,2.910066
-0.6959631,-0.04478262,-0.0001943437,4.700002,0.6962035,2.910047
-0.6766286,-0.05692059,-0.0002419601,4.900007,0.69627,2.910025
-0.6720424,0.1141366,0.0003538799,3.099987,0.8973026,2.911518
-0.6996949,0.09318576,0.0004971687,3.29999,0.8972263,2.911546
-0.7212903,0.07034356,0.0004478612,3.499993,0.8971576,2.911572
-0.7356955,0.04584963,0.0002381697,3.699997,0.8971023,2.911591
-0.7437836,0.02160765,0.00019302,3.9,0.8970567,2.911602
-0.745392,-0.00175228,-5.125393e-05,4.1,0.8970338,2.911607
-0.7405819,-0.02494677,-0.0002301444,4.300001,0.8970413,2.911604
-0.7294328,-0.04645183,-0.0003982077,4.500004,0.8970729,2.911594
-0.7126697,-0.06534715,-0.0003279407,4.700005,0.8971289,2.911576
-0.691038,-0.08203102,-0.000311876,4.900007,0.8971972,2.911551
-0.6955398,0.1433928,-6.325967e-06,3.099983,1.098324,2.912045
-0.7247933,0.1168611,0.0001247092,3.299988,1.098257,2.912077
-0.7473469,0.08706957,7.501552e-06,3.499992,1.098193,2.912107
-0.7618226,0.05598252,-0.0001300451,3.699996,1.098144,2.912128
-0.7695715,0.0252715,-0.000133768,3.899999,1.098113,2.91214
-0.7704033,-0.004036056,-0.0002041882,4.100001,1.098099,2.912144
-0.7644107,-0.03365444,-0.0002728178,4.300003,1.098105,2.912142
-0.7516495,-0.06057633,-0.0003360589,4.500005,1.09813,2.912131
-0.7326717,-0.08469527,-0.000161027,4.700007,1.098176,2.912111
-0.7080111,-0.1057443,-0.000148506,4.900008,1.098238,2.912082
-0.7259375,0.1792495,0.0003795923,3.09998,1.29898,2.912249
-0.7576257,0.1456186,0.0004649167,3.299986,1.298928,2.912283
-0.7814388,0.1070789,0.000239559,3.499991,1.298878,2.912316
-0.7959844,0.06795374,8.015089e-05,3.699995,1.298839,2.912339
-0.8036232,0.02959389,4.678737e-05,3.899999,1.298815,2.912352
-0.8036011,-0.007119583,-0.000121882,4.100002,1.298805,2.912357
-0.7962571,-0.04466259,-0.0002462768,4.300004,1.298808,2.912354
-0.7814151,-0.07856133,-0.0004136628,4.500007,1.298825,2.912343
-0.7591414,-0.1094581,-0.0002505684,4.700009,1.298859,2.912322
-0.7301609,-0.135508,-0.0002324745,4.900011,1.298907,2.91229
-0.7652125,0.2155841,0.0001730793,3.099978,1.499381,2.912332
-0.7985942,0.1742406,0.000316636,3.299984,1.499348,2.912367
-0.8234745,0.1256578,3.884169e-06,3.49999,1.499314,2.9124
-0.837446,0.07896762,-2.422969e-05,3.699995,1.499288,2.912424
-0.8444118,0.03256534,-1.917461e-05,3.899999,1.499271,2.912438
-0.8434877,-0.01126109,-0.0001059393,4.100003,1.499261,2.912443
-0.8344666,-0.05708474,-0.0001377058,4.300006,1.499258,2.912441
-0.8177598,-0.09845097,-0.0004781478,4.500009,1.499265,2.912431
-0.7915236,-0.1373749,-0.0001786072,4.700012,1.499284,2.91241
-0.7564109,-0.1687514,-0.0001941122,4.900014,1.499316,2.912379
-0.8127101,0.2575423,0.0004641084,3.099977,1.699647,2.91235
-0.8488746,0.2057254,0.0005559542,3.299984,1.699637,2.912381
-0.8737756,0.1455545,5.631509e-05,3.49999,1.699624,2.912412
-0.8869209,0.08950852,4.116214e-06,3.699996,1.699611,2.912435
-0.8935629,0.03499312,5.374575e-05,3.9,1.699599,2.912449
-0.8915867,-0.01659746,-8.489413e-05,4.100005,1.699587,2.912455
-0.8815888,-0.07177605,-6.896645e-05,4.300009,1.699576,2.912454
-0.8633501,-0.1214915,-0.0006064405,4.500013,1.699568,2.912447
-0.831853,-0.1723327,-0.0003061571,4.700017,1.699569,2.91243
-0.7879343,-0.209499,-0.0003070945,4.900018,1.699579,2.912404
-0.8769886,0.3028963,-0.0005291809,3.099978,1.899856,2.912306
-0.9115844,0.2380377,3.78884e-05,3.299984,1.899877,2.912328
-0.9353701,0.162842,-0.0007001194,3.499991,1.899891,2.912354
-0.9457298,0.099888,-0.0001297673,3.699996,1.899894,2.912374
-0.9503423,0.03648597,1.301059e-05,3.900002,1.899886,2.912386
-0.9482859,-0.02201817,0.000238443,4.100007,1.899869,2.912393
-0.9366295,-0.08667283,0.0004655937,4.300013,1.899842,2.912395
-0.9201002,-0.1476822,-0.00086406,4.500019,1.89981,2.912394
-0.8826129,-0.2150513,-9.187396e-05,4.700023,1.899781,2.912387
-0.824321,-0.2594229,-0.0003663217,4.900024,1.899763,2.912375
-0.9544079,0.3478995,0.0001082794,3.099984,2.100074,2.912158
-0.9882462,0.2657129,0.0001491749,3.299988,2.100153,2.912161
-1.007447,0.1772628,3.858672e-05,3.499993,2.10021,2.912176
-1.012101,0.1050779,-0.0001875491,3.699998,2.100234,2.91219
-1.015706,0.03592309,0.0002263044,3.900004,2.100228,2.9122
-1.012806,-0.0279464,0.0002453216,4.100011,2.100198,2.912207
-1.003074,-0.1025801,0.0005590894,4.300019,2.10014,2.912214
-0.99262,-0.1731642,-0.0004040095,4.500029,2.100057,2.912225
-0.9441014,-0.2721927,-0.0005351943,4.700035,2.09997,2.912242
-0.8666511,-0.3244295,-0.0006907598,4.900033,2.099906,2.912266
-1.06879,0.4064169,-0.004416618,3.099965,2.300322,2.911716
-1.081793,0.2928128,-0.002109197,3.299985,2.300512,2.911674
-1.093039,0.1861539,-0.002577336,3.499997,2.300649,2.911671
-1.087739,0.1099996,-0.0002521088,3.699999,2.300704,2.911675
-1.085373,0.03671034,0.0003578487,3.900006,2.300687,2.911679
-1.085669,-0.03018827,0.001847289,4.100016,2.300632,2.911687
-1.075107,-0.1090455,0.001748842,4.300028,2.30051,2.9117
-1.084614,-0.1982659,-0.0004020169,4.500057,2.300316,2.911732
-1.018306,-0.3474056,-4.991337e-06,4.700093,2.300111,2.911813
-0.912444,-0.4084466,-0.0008113252,4.900108,2.299966,2.911943
-1.215183,0.421531,-0.000977672,3.09973,2.500028,2.910256
-1.203476,0.2846263,0.001313348,3.299966,2.500379,2.910079
-1.187867,0.1751165,0.00445442,3.500006,2.500691,2.91007
-1.165428,0.09789459,-0.0008559396,3.7,2.500786,2.910059
-1.157759,0.03027509,0.0009414798,3.900007,2.500715,2.910043
-1.156681,-0.02871464,-0.0006452201,4.100023,2.500628,2.910053
-1.160876,-0.1121106,-0.001869211,4.300046,2.500384,2.910064
-1.213189,-0.2129978,0.002043195,4.500144,2.499915,2.910112
-1.126194,-0.4567603,-0.006644904,4.700435,2.499514,2.910416
-0.9618236,-0.5253568,-0.001999272,4.900757,2.499338,2.910915
-1.430341,0.5021399,0.01580113,3.099571,2.699307,2.905567
-1.326747,0.2675388,0.01073373,3.299942,2.700691,2.905373
-1.272819,0.1571289,-0.003085883,3.500017,2.701241,2.905515
-1.227627,0.07950993,0.003950272,3.699979,2.701299,2.905456
-1.210269,0.029527,0.005450219,3.899998,2.700874,2.90531
-1.220954,-0.02108096,0.01135193,4.100046,2.700899,2.905372
-1.252315,-0.06783769,0.01079322,4.300069,2.700556,2.905371
-1.420801,-0.1925865,0.006672438,4.500364,2.699469,2.905229
-1.278211,-0.6230957,0.0002488814,4.700978,2.697712,2.906044
-0.9750016,-0.7041601,-0.001084944,4.903032,2.698034,2.908335
-1.841498,0.5903082,-0.03822814,3.049105,2.851909,2.856797
-1.560018,0.2082706,-0.01705842,3.249884,2.856359,2.857841
-1.376568,0.08068539,-0.0325397,3.449964,2.857631,2.858182
-1.295431,0.05181228,-0.02303693,3.65002,2.858335,2.858414
-1.239331,0.03716394,0.002555503,3.850033,2.857477,2.85742
-1.241113,0.03631902,0.008819537,4.050006,2.857437,2.857546
-1.284458,0.07116079,-0.007516216,4.250016,2.857456,2.857996
-1.505075,-0.0647234,0.03883258,4.45055,2.855396,2.85702
-1.801073,-0.8266426,-0.01949285,4.652671,2.850283,2.856696
-1.04236,-0.9035833,-0.02467214,4.852016,2.847903,2.861116
-0.5805651,-1.364919,-0.004849345,4.849742,3.047143,2.856411
-0.2383781,-1.108855,0.0234558,4.845447,3.249332,2.856199
-0.1371501,-0.9071683,0.002667209,4.845428,3.449967,2.856263
-0.09782997,-0.7604795,0.01159157,4.845695,3.650021,2.856116
-0.08916166,-0.6291067,0.02095541,4.845715,3.850007,2.856069
-0.1058994,-0.4934854,0.03158493,4.845301,4.050039,2.856335
-0.7045861,0.01287092,-0.0009511639,2.975552,0.1710831,0.02001681
-0.6716759,0.0002224216,-0.004271698,3.024448,0.171082,0.0200158
-0.7371683,0.01043351,-0.0007869565,3.175552,0.1710799,0.02001413
-0.5814273,0.001257764,-0.03382979,3.050012,0.1441425,0.1442805
-0.5988687,0.007605736,0.01761218,3.149986,0.1441374,0.1442771
-0.7013124,-0.0001252823,-0.003566899,3.224448,0.1710797,0.02001395
-0.763575,0.007838924,-0.000403115,3.375552,0.1710793,0.02001371
-0.6102246,0.0005529999,-0.03410052,3.250013,0.144134,0.1442751
-0.6253405,0.006911724,0.01753826,3.349986,0.1441319,0.144274
-0.7248855,-0.001470869,-0.003123467,3.424448,0.1710793,0.02001368
-0.7842459,0.005676112,7.947756e-05,3.575552,0.1710791,0.02001367
-0.6338648,-0.0001959983,-0.03414004,3.450013,0.1441306,0.1442734
-0.6462154,0.006081579,0.01789235,3.549986,0.1441295,0.1442732
-0.7429254,-0.002453219,-0.002594119,3.624448,0.1710791,0.02001368
-0.7987198,0.003510837,0.0003356071,3.775551,0.1710814,0.02000587
-0.6518339,-0.001038681,-0.03369066,3.650013,0.1441278,0.1442737
-0.6615414,0.00532211,0.01818723,3.749989,0.1441324,0.1442734
-0.7547808,-0.004135151,-0.0025086,3.824449,0.1710816,0.02000524
-0.8064457,0.001265789,0.0006699451,3.975551,0.1710817,0.02000518
-0.6640912,-0.001777898,-0.03359462,3.850013,0.144138,0.1442699
-0.6708066,0.004544276,0.01856525,3.949987,0.144137,0.14427
-0.7604785,-0.005872638,-0.002421875,4.024449,0.1710816,0.02000519
-0.8082654,0.0003760188,0.001230142,4.175551,0.1710816,0.02000519
-0.6704273,-0.002414725,-0.03340661,4.050013,0.1441367,0.1442701
-0.6741637,0.003882202,0.01905091,4.149987,0.1441367,0.1442701
-0.7609974,-0.007213105,-0.002557104,4.224449,0.1710817,0.02000519
-0.8048519,0.001619428,0.001864442,4.375551,0.1710816,0.02000525
-0.671,-0.002955474,-0.03320459,4.250013,0.144137,0.14427
-0.6718103,0.003255013,0.01967778,4.349987,0.1441379,0.1442699
-0.7576081,-0.009346925,-0.002904491,4.424449,0.1710813,0.0200059
-0.7927461,0.003439018,0.002528974,4.575552,0.1710787,0.02001354
-0.6660545,-0.003489132,-0.03303224,4.450011,0.144132,0.1442736
-0.6640413,0.002604989,0.02028977,4.549987,0.1441262,0.1442746
-0.746268,-0.0113726,-0.002925353,4.624446,0.1710793,0.02001083
-0.7771925,0.002775775,0.002641475,4.775551,0.1710818,0.02000524
-0.6561036,-0.004014807,-0.03283871,4.650016,0.1441326,0.144274
-0.6514758,0.001922447,0.02101917,4.749987,0.1441398,0.1442706
-0.7306347,-0.01396196,-0.003445711,4.824449,0.1710818,0.02000528
-0.641646,-0.004614842,-0.03259946,4.850014,0.1441409,0.1442715
-1.632425,0.3758738,0.005117283,3.150803,2.845571,0.04551979
-2.960999,0.1009118,-0.0126058,3.011748,2.988282,0.01176898
-1.833829,0.02461967,-0.003989038,3.187526,2.989346,0.01062637
-1.852076,0.6033805,0.04058503,3.049168,2.851696,0.1434894
-1.625938,0.3495432,0.02231558,3.149521,2.853729,0.1437123
-2.917388,0.193316,0.001918813,3.009965,2.98641,0.1874025
-1.819023,0.08399304,-0.008472395,3.177307,2.978606,0.175198
-1.495555,0.1339574,0.01951027,3.350953,2.846173,0.04530564
-1.784017,0.01792545,-0.001178663,3.212502,2.98934,0.01060589
-1.567133,0.02074941,-0.01533891,3.387513,2.989373,0.01059655
-1.535858,0.1727095,0.01955682,3.249887,2.854962,0.1434803
-1.452642,0.1092526,-0.001432787,3.349946,2.855959,0.1432647
-1.695783,0.07879611,0.01309264,3.250985,2.952229,0.148699
-1.585772,0.05093658,-0.02287171,3.353041,2.953902,0.1514307
-1.41748,0.06216618,-0.001435546,3.551062,2.847901,0.04474086
-1.575233,0.01523751,-0.006230148,3.412461,2.989397,0.0105468
-1.470648,0.01023819,0.000195404,3.575013,2.978009,0.02203451
-1.371502,0.08299856,0.03432426,3.449972,2.856645,0.1426932
-1.317941,0.06030766,0.04696661,3.550029,2.857532,0.1420918
-1.495168,0.01935745,-0.002356289,3.451954,2.953538,0.1498924
-1.452963,0.01179614,0.01878514,3.551777,2.954871,0.1516123
-1.374807,0.02428461,-0.009190741,3.750928,2.847175,0.04495508
-1.419965,0.0103683,-0.006356085,3.625005,2.978017,0.02204462
-1.363532,0.01939242,-0.01680772,3.78753,2.989422,0.01055272
-1.284234,0.04424311,0.02930824,3.649984,2.857787,0.142029
-1.265475,0.0488498,0.009723434,3.749983,2.857579,0.1423761
-1.434377,0.01032151,-0.005875911,3.649162,2.955126,0.1520084
-1.413352,0.005286647,0.01402718,3.750963,2.955035,0.1530328
-1.322104,0.0001703643,-0.01869911,3.951079,2.848046,0.04472456
-1.388302,0.01218305,-0.009571015,3.812464,2.989414,0.01056732
-1.380076,0.002849081,0.001132775,3.974996,2.978061,0.0220763
-1.242933,0.04016445,-0.0004200954,3.850026,2.857625,0.1423824
-1.237923,0.0522045,-0.009917616,3.950025,2.857975,0.1420373
-1.375788,0.007539128,-0.01394984,3.849096,2.955057,0.153065
-1.346859,0.01272103,0.0181889,3.951053,2.955286,0.1522439
-1.309447,-0.007545687,-0.03852737,4.150947,2.846939,0.04502513
-1.346852,0.009082721,-0.005404854,4.024997,2.978059,0.02207548
-1.273873,0.005212082,-0.002822234,4.187544,2.989394,0.01054732
-1.235358,0.04258924,-0.007911599,4.049982,2.857879,0.142075
-1.258781,0.05544079,0.006633045,4.150003,2.857211,0.1425494
-1.320963,0.0091836,-0.001942248,4.048877,2.955247,0.1522646
-1.307961,0.01310555,0.02390123,4.150682,2.954809,0.153037
-1.319538,-0.003916611,-0.07960509,4.351045,2.846031,0.04532886
-1.27128,0.005826676,-0.002165325,4.212492,2.989361,0.01057401
-1.128393,0.02802157,0.0008147187,4.387513,2.989337,0.01058957
-1.287958,0.08208897,0.02370691,4.250074,2.856568,0.1429043
-1.339043,0.08740181,0.007120867,4.350202,2.85581,0.1431202
-1.272703,0.01413734,0.01353775,4.248305,2.954305,0.153155
-1.190301,0.08885585,0.0433199,4.347991,2.952966,0.1503896
-1.76486,-0.1502484,-0.1247431,4.551443,2.845546,0.04537477
-1.046835,0.04245523,-0.001522885,4.412478,2.98934,0.01059421
-0.1119522,0.2688834,-0.08801448,4.589078,2.989778,0.01014999
-1.480372,0.005750988,-0.02461652,4.45051,2.854897,0.1433078
-1.833273,-0.1165976,0.01983005,4.551413,2.853453,0.1434611
-1.074236,0.1155349,-0.0001864778,4.446591,2.952799,0.1504569
-1.100758,0.07130716,0.004885214,4.550738,2.951383,0.1484893
-2.646163,1.559251,-0.008947356,2.988268,3.011733,0.01176681
-0.4013017,2.903377,0.0305879,2.989329,3.187529,0.01060553
-2.747248,1.526063,0.03076796,2.986397,3.009939,0.1874207
-1.229005,2.57091,0.06192641,2.97857,3.177313,0.1752177
-0.584626,-1.675407,-0.02458592,4.77666,3.02329,0.02180767
-0.2076701,-1.310367,-0.004797972,4.775221,3.175395,0.02208529
-0.6399823,-1.745592,0.001196736,4.777496,3.019143,0.1731818
-0.16375,-1.338683,-0.03746781,4.769186,3.173604,0.1733808
-0.03545836,3.046625,-0.03582823,2.989318,3.212501,0.01060892
3.015353,2.724295,-0.09676513,2.989335,3.387519,0.01063495
-0.1796323,-1.191078,-0.01281578,4.775172,3.22444,0.02204637
-0.1236837,-1.043529,0.001413614,4.775106,3.375508,0.02201591
-0.1302807,-1.179498,-0.02164811,4.748131,3.250245,0.1484547
-0.06288332,-0.9900107,0.02602262,4.747476,3.350216,0.1488227
3.17704,2.331061,-0.09223563,2.989351,3.412483,0.01064317
2.82811,1.1735,-0.07551778,2.989343,3.587518,0.01062422
-0.1191148,-0.9611512,-0.0003938582,4.775102,3.424496,0.02201717
-0.07478997,-0.8727756,0.003584043,4.775106,3.575517,0.02202951
-0.04706644,-0.8829416,-0.002635937,4.747318,3.450168,0.1489935
-0.03476399,-0.8199873,0.04313443,4.74746,3.550204,0.1491076
2.680685,1.022583,-0.05437296,2.989332,3.612483,0.01063462
2.109498,0.4482253,-0.05834742,2.989384,3.787524,0.01066543
-0.1084709,-0.7985899,-0.004107126,4.775108,3.624501,0.02203424
-0.06117861,-0.7282937,-0.001148693,4.775113,3.775513,0.02205031
-0.04472305,-0.7325217,-0.02295568,4.747655,3.650159,0.1491969
-0.028961,-0.6573674,0.03914719,4.747799,3.750104,0.1492659
1.936852,0.3763188,-0.05265303,2.989401,3.812486,0.01067155
1.608843,0.2295322,-0.06155258,2.989338,3.987517,0.01060426
-0.1098444,-0.6658324,-0.005415422,4.775114,3.824495,0.02205324
-0.05618625,-0.5874248,-0.003526995,4.775116,3.97551,0.0220525
-0.04679236,-0.5942863,-0.02865621,4.747866,3.850044,0.1493135
-0.02893093,-0.5294949,0.03743612,4.747875,3.950005,0.1493151
1.431833,0.1889761,-0.03966995,2.989337,4.012481,0.01060196
1.240929,0.125795,-0.04692425,2.98934,4.187517,0.01062312
-0.1197015,-0.5287514,-0.01020032,4.775117,4.024494,0.02205087
-0.05300736,-0.4200833,-0.004318471,4.775113,4.175517,0.02204982
-0.05313803,-0.4674699,-0.03612181,4.747818,4.049968,0.1492855
-0.03520732,-0.3867627,0.02880935,4.747688,4.150016,0.1492577
-2.708368,1.562987,0.007669004,2.986393,3.009923,0.2124566
-1.154433,2.607746,-0.009812199,2.97876,3.17757,0.2243042
-2.738631,1.532685,-0.001707169,2.986401,3.009941,0.3874853
-1.227356,2.589784,0.02148899,2.978929,3.177705,0.3754882
-0.4805631,-1.717785,0.007518594,4.777825,3.018371,0.2238465
-0.1880645,-1.356941,-0.02281425,4.768909,3.173417,0.2239629
-0.5264086,-1.718698,0.002497156,4.777982,3.01781,0.3745442
-0.1905339,-1.353249,6.650417e-05,4.768569,3.173155,0.3747186
-2.837983,1.208164,-0.00846182,2.972319,2.972364,0.4248478
-2.842919,1.194668,-0.00182696,2.972326,2.972368,0.5749146
-2.731493,1.546948,-0.005388118,2.986394,3.009922,0.412505
-1.19379,2.589654,-0.03027881,2.978935,3.177714,0.4244867
-2.73789,1.535821,-0.003975412,2.986397,3.009914,0.5874842
-1.199048,2.587429,0.02027007,2.97895,3.177726,0.575508
-0.6657233,-1.705417,0.02153719,4.778052,3.017883,0.4246441
-0.1964937,-1.340005,0.01370499,4.768577,3.173163,0.4247697
-0.6666279,-1.735954,-0.02892624,4.778043,3.017856,0.574744
-0.1894007,-1.337696,-0.006355972,4.768571,3.173184,0.574905
-2.842818,1.199576,-0.006461075,2.972323,2.972367,0.62493
-2.843548,1.195802,-0.0029364,2.972312,2.97238,0.7749535
-0.5341496,-1.728208,-0.0181622,4.778013,3.017699,0.6248297
-0.1989962,-1.320689,-0.01162669,4.768584,3.173199,0.6249078
-0.4980465,-1.758609,-0.003407605,4.777824,3.017755,0.7748633
-0.1943584,-1.328204,-0.002727949,4.768648,3.173257,0.7750157
-2.841946,1.200041,-0.006617812,2.9723,2.972382,0.8249621
-2.843083,1.197511,-0.001017958,2.972259,2.97238,0.9749719
-0.4969461,-1.741167,0.01403875,4.777833,3.017744,0.8249316
-0.1888876,-1.300386,-0.003888775,4.768696,3.173277,0.8250124
-0.4813205,-1.766122,0.01665232,4.777825,3.017624,0.9749305
-0.1971767,-1.340648,0.07701908,4.768697,3.173283,0.9751667
-2.842523,1.199098,-0.004270912,2.972257,2.972365,1.024977
-2.843257,1.196767,-0.0008406492,2.972291,2.972316,1.174981
-0.4825392,-1.773364,0.04737327,4.77784,3.017507,1.024987
-0.2521311,-1.422804,0.04520564,4.748033,3.149062,1.050346
-0.4765534,-1.767399,0.02400667,4.777768,3.017395,1.174947
-0.2216741,-1.3948,0.04689704,4.748209,3.148453,1.15011
-2.842608,1.198457,-0.003826758,2.972292,2.972313,1.224988
-2.84286,1.19793,0.0005438983,2.972268,2.972338,1.374992
-0.4795185,-1.75865,0.02514941,4.777776,3.017386,1.22499
-0.2102406,-1.375564,0.01841043,4.748216,3.148346,1.249988
-0.5282719,-1.744669,0.02072878,4.777983,3.017359,1.374968
-0.2221383,-1.371142,0.04021536,4.748252,3.14839,1.349981
-2.842848,1.198188,-0.002561324,2.972278,2.972328,1.424998
-2.84337,1.197224,0.001233686,2.972306,2.972299,1.575001
-0.6959368,-1.74284,0.04554932,4.778039,3.017514,1.425004
-0.1857478,-1.374371,0.01580124,4.74828,3.148475,1.449965
-0.7839748,-1.751904,0.02819689,4.77806,3.017602,1.574993
-0.1883475,-1.380293,0.02605186,4.748293,3.148532,1.549989
-2.843312,1.197548,-0.001911765,2.972301,2.972306,1.625007
-2.843475,1.197892,0.002785634,2.972288,2.972322,1.775012
-0.7890919,-1.726235,0.0164006,4.778063,3.017606,1.625023
-0.1861467,-1.384614,0.001954215,4.748299,3.148557,1.649994
-0.8106862,-1.738624,0.009436874,4.778068,3.017607,1.775021
-0.1878491,-1.39064,0.0174018,4.748302,3.148568,1.750024
-2.844026,1.197171,-0.0002268211,2.972273,2.972336,1.825019
-2.844334,1.197235,0.003520902,2.972306,2.9723,1.975025
-0.8093685,-1.734761,0.006775405,4.778066,3.017609,1.825052
-0.1863227,-1.389615,-0.006986402,4.7483,3.148571,1.850034
-0.8146619,-1.739166,0.0001703589,4.778064,3.017608,1.975058
-0.1864231,-1.39158,0.01189391,4.748296,3.148568,1.95007
-2.844845,1.195884,0.0004295346,2.97231,2.972298,2.025033
-2.843588,1.199395,0.006416845,2.972295,2.972316,2.175044
-0.8116845,-1.733299,-0.0006835323,4.778057,3.017611,2.025093
-0.1873646,-1.391172,-0.01189476,4.748288,3.148555,2.050086
-0.8134319,-1.738777,-0.003916944,4.778049,3.0176,2.175113
-0.1849281,-1.396086,0.004622411,4.748274,3.148519,2.150124
-2.845265,1.194966,0.003199385,2.9723,2.972312,2.225054
-2.844211,1.200089,0.006780754,2.972274,2.972332,2.37508
-0.8107127,-1.735073,-0.004598188,4.778035,3.0176,2.225155
-0.1821881,-1.394112,-0.01981451,4.74825,3.148448,2.25013
-0.8088001,-1.74105,-0.01482171,4.778013,3.017564,2.375198
-0.1813887,-1.400889,-0.00601937,4.748203,3.148339,2.350144
-2.844474,1.193211,0.002136905,2.972295,2.972317,2.425099
-2.838693,1.209022,0.008297068,2.972311,2.972289,2.575182
-0.8063781,-1.740655,-0.01533449,4.777986,3.017561,2.425254
-0.1840027,-1.406282,-0.03054091,4.748111,3.148222,2.450142
-0.7921577,-1.742073,-0.02793403,4.777941,3.017524,2.575391
-0.2134947,-1.446095,-0.02570578,4.747961,3.148132,2.550186
-2.847021,1.193114,0.002966899,2.972318,2.972293,2.625237
-2.829627,1.221591,0.008818651,2.972355,2.972322,2.775647
-0.7759687,-1.764804,-0.03238218,4.777888,3.017555,2.625521
-0.2114645,-1.508545,-0.0287828,4.747816,3.148081,2.650328
-0.7125092,-1.729052,-0.01974092,4.777663,3.017913,2.776225
-0.2153961,-1.497088,0.005864647,4.74796,3.148062,2.750635
-0.6895872,0.008388685,0.004067034,2.975511,0.1751071,2.978064
-0.5813028,0.001153833,0.03476972,3.050009,0.1452159,2.852589
-0.5992671,0.007552822,-0.0180913,3.150062,0.1450105,2.853106
-0.650318,-0.02923188,0.006454582,3.024488,0.1751055,2.978065
-0.724653,0.03499266,0.005403157,3.175998,0.173764,2.9787
-0.6096035,0.0007057042,0.0342086,3.250104,0.1447154,2.854069
-0.6274601,0.007539398,-0.01810513,3.349895,0.1447136,2.85407
-0.6990382,-0.006217081,0.006543216,3.224823,0.1735519,2.978889
-0.7547686,-0.01203286,-0.006650384,3.375177,0.1735516,2.978889
-0.6347415,0.0002335664,0.03191518,3.449938,0.1450053,2.853105
-0.6470654,0.006744786,-0.02013095,3.549993,0.1452096,2.85258
-0.7101827,-0.02326244,-0.002616163,3.424002,0.1737639,2.978701
-0.7715973,-0.0018284,0.0002801683,3.575514,0.1751133,2.978065
-0.6524934,-0.001007539,0.03383305,3.650009,0.1452352,2.852526
-0.6621386,0.005838684,-0.01876183,3.749999,0.1451287,2.85281
-0.7292663,-0.03200154,0.000875037,3.624493,0.1751373,2.978062
-0.7700185,-0.006504259,0.01253561,3.775505,0.1746876,2.978225
-0.6647921,-0.001835492,0.03522632,3.850078,0.1448,2.853791
-0.6699063,0.004465318,-0.01863175,3.949998,0.1443958,2.854994
-0.7217169,-0.03108741,0.009166859,3.824897,0.1737054,2.978722
-0.8033882,0.01068086,-0.002155227,3.975482,0.1715331,2.979845
-0.6697381,-0.00235171,0.03312157,4.050007,0.1442283,2.855457
-0.6735922,0.003762456,-0.01982101,4.149991,0.144264,2.855353
-0.7573981,-0.00531515,0.001454575,4.024423,0.1712858,2.979929
-0.8024952,-0.005653128,-0.0007697249,4.17561,0.1715148,2.979855
-0.6710234,-0.003151048,0.03282154,4.249931,0.1445279,2.854629
-0.6728464,0.003078704,-0.02007751,4.349991,0.1446863,2.853984
-0.7544888,-0.01888112,0.003467545,4.224478,0.1721369,2.979615
-0.7875604,0.01576028,0.001938981,4.37598,0.1732438,2.978902
-0.6558631,-0.004140675,0.03132681,4.649936,0.1446168,2.854379
-0.6529311,0.002054903,-0.02335181,4.749912,0.1449735,2.853229
-0.731653,-0.01606107,0.002140047,4.624479,0.1722542,2.979575
-0.7442708,-0.0171043,0.01359905,4.77549,0.1746878,2.978238
-0.6418113,-0.004902714,0.03276266,4.850013,0.1451489,2.85277
-0.6839361,-0.04503841,0.01756076,4.824505,0.174976,2.978119
-2.891415,1.185125,-0.007587119,2.972433,2.972403,2.825973
-2.831873,1.12369,0.04035504,2.974111,2.974051,2.977426
-1.238086,0.02418757,-0.002730262,3.94998,2.857294,2.857317
-1.376546,0.006991747,0.01278663,3.849003,2.954914,2.846686
-1.359739,0.009160061,-0.008240773,3.950924,2.954868,2.846455
-1.354718,0.03732101,0.007977734,3.848999,2.846803,2.954916
-1.345637,0.001024851,0.01624689,3.950952,2.846621,2.954867
-1.291263,-0.003244932,-0.004914179,3.812765,2.989664,2.9897
-1.322622,0.01759151,0.01712542,3.987514,2.989393,2.989414
-1.256079,0.06889669,0.01138012,4.150022,2.857699,2.857982
-1.343731,0.001308208,0.01402474,4.049004,2.954977,2.846881
-1.305949,0.01552822,-0.02298131,4.150799,2.955105,2.848056
-1.327906,0.01009177,0.01807659,4.049062,2.846991,2.955013
-1.317825,-0.01174678,0.03680357,4.151072,2.847899,2.955273
-1.351895,0.009608281,0.01052512,4.012457,2.98941,2.989417
-1.368076,0.00800176,-0.003040512,4.174986,2.977966,2.978035
-1.331878,0.03149982,0.01015173,4.350217,2.856487,2.85753
-1.264348,0.02110641,0.0006022572,4.248209,2.954848,2.848545
-1.167406,0.1228261,-0.01088685,4.348023,2.953413,2.850613
-1.322817,0.02908816,0.04321354,4.248932,2.847922,2.955288
-1.330504,-0.0004718745,0.05818304,4.351071,2.847176,2.95511
-1.33826,0.01371911,-0.00202335,4.22498,2.977969,2.978053
-1.215758,0.1198357,0.01570909,4.38888,2.990123,2.990121
-1.941335,-0.244858,-0.002936636,4.551356,2.853664,2.856575
-1.065308,0.2924005,0.03219466,4.447168,2.953352,2.849704
0.09117634,0.3089435,0.4012041,4.576941,2.977671,2.82567
-1.458164,-0.03083202,0.05940374,4.449205,2.846772,2.954859
-1.846727,-0.1918145,0.09045307,4.551422,2.845913,2.954672
-1.064639,0.1626695,0.01663953,4.425237,2.976858,2.977078
0.8378297,0.2014304,-0.08930404,4.58776,2.989348,2.989485
-1.238951,-0.9451985,-0.03439485,4.753214,2.847211,2.85828
0.5637716,-0.6584386,0.3476273,4.628623,2.975955,2.825661
-1.177413,-1.567615,-0.04704209,4.7818,2.967049,2.827389
-1.914435,-0.5701433,0.1366963,4.650118,2.844227,2.954754
-1.244612,-0.9973649,0.02490058,4.753586,2.843246,2.95609
0.6850006,-0.2727512,-0.2829995,4.613137,2.989309,2.989578
-1.16814,-1.32127,-0.007404126,4.778864,2.973391,2.978819
-0.7974628,-1.776053,-0.02301049,4.777515,3.018415,2.826809
-0.1719732,-1.512049,-0.006077476,4.748779,3.14819,2.851376
-0.6561946,-1.45127,-0.0003387943,4.778679,3.023028,2.977782
-0.2245048,-1.301968,0.007755809,4.775224,3.175346,2.977969
-0.582234,3.389696,0.1752144,2.977899,3.225236,2.978211
2.991859,2.66243,0.09187949,2.990297,3.388845,2.990182
-0.1209355,-1.171524,-0.01641516,4.747698,3.249544,2.85097
-0.06668644,-1.065199,-0.001393758,4.747549,3.349902,2.85083
-0.1967568,-1.200956,0.01023635,4.775148,3.224425,2.977976
-0.1208796,-1.035852,0.001435771,4.775118,3.375503,2.977981
2.825037,2.26398,0.09004973,2.977569,3.425253,2.97749
2.60745,1.226582,0.109377,2.978688,3.575016,2.97857
-0.0647754,-0.9059585,0.01501241,4.747679,3.45003,2.850754
-0.03951122,-0.8246323,-0.02642003,4.747813,3.550047,2.850666
-0.1178666,-0.9581115,0.002676339,4.775119,3.424498,2.977976
-0.08041822,-0.8768741,0.0009381044,4.775119,3.575508,2.977959
2.511332,0.9845548,0.07297029,2.978763,3.624967,2.97862
2.086731,0.4971853,0.07713307,2.978831,3.775038,2.978626
-0.0478661,-0.7432842,0.02429595,4.747889,3.650028,2.850574
-0.02886601,-0.6661829,-0.03287077,4.747915,3.750012,2.850508
-0.109242,-0.8052739,0.003691258,4.775116,3.624495,2.977954
-0.06157185,-0.7375868,0.002388106,4.775126,3.775506,2.977951
1.843316,0.3379348,0.07078229,2.978827,3.824972,2.978619
1.588566,0.2462058,0.07758265,2.978626,3.975126,2.978454
-0.04903732,-0.6027361,0.02938025,4.747909,3.849993,2.850521
-0.03111325,-0.5391491,-0.03869416,4.747859,3.949968,2.850647
-0.1125222,-0.672824,0.005946184,4.775124,3.824495,2.977951
-0.05702271,-0.5953878,0.0006288264,4.775065,3.9755,2.977969
1.362725,0.1615139,0.0601552,2.97824,4.025094,2.978119
1.238236,0.119291,0.0493918,2.989436,4.187533,2.989397
-0.05332284,-0.4794335,0.04353839,4.747669,4.049969,2.85101
-0.03414746,-0.3910758,-0.02014493,4.747216,4.150026,2.851991
-0.1227372,-0.5415052,0.008117164,4.77496,4.024472,2.978004
-0.03805873,-0.4340239,0.00730397,4.773256,4.175786,2.978817
-2.83793,1.12939,-0.03482014,2.974051,2.974044,0.02260677
-2.863725,1.175803,0.02966332,2.972412,2.972448,0.1741459
-1.277449,-1.13869,-0.03964019,4.753213,2.843827,0.04385199
0.2668402,0.4601879,-0.2898992,4.625793,2.975626,0.02390113
-1.194401,-1.559422,-0.04338585,4.778194,2.973936,0.02146531
-1.884954,-0.7336297,0.01388926,4.652715,2.850442,0.1432314
-1.310631,-1.010752,0.05215514,4.752997,2.84783,0.1414837
0.1939246,-0.7184733,-0.2617095,4.627941,2.975929,0.1737809
-1.22677,-1.648487,0.1138324,4.780912,2.968096,0.17228
-0.5628544,-1.170851,-0.005931459,4.955846,3.04842,0.04283283
-0.3274865,-1.176866,-0.03447552,4.850408,3.14966,0.04664148
-0.4048744,-1.076736,-0.005933105,4.955635,3.150811,0.04306885
-0.5623329,-1.407569,-0.04392561,4.849599,3.047755,0.1435921
-0.6231641,-1.205584,0.007755675,4.949511,3.048968,0.1389451
-0.3275032,-1.222022,-0.05074827,4.846837,3.148777,0.1439849
-0.4705728,-1.103988,0.01717899,4.948459,3.149246,0.1393892
-0.3208992,-1.002424,-0.01065898,4.955445,3.24891,0.04308258
-0.1590813,-0.9711114,-0.01589726,4.849998,3.349982,0.04649973
-0.2292172,-0.9396511,-0.01033705,4.955358,3.350975,0.04305793
-0.206756,-1.088287,-0.01983234,4.845683,3.249562,0.1437632
-0.3578616,-1.01899,0.02291479,4.947797,3.249634,0.1392489
-0.1757516,-1.014176,0.005908423,4.845018,3.349918,0.1436177
-0.2705902,-0.9488175,0.05242634,4.947512,3.349892,0.139101
-0.2200656,-0.8747671,-0.01747045,4.955343,3.448995,0.04304556
-0.108375,-0.8097302,-0.009878837,4.84998,3.550028,0.04651103
-0.1671258,-0.8077494,-0.01457183,4.955374,3.551015,0.04304753
-0.1085384,-0.8943995,-0.01312306,4.844912,3.450043,0.1436018
-0.2482365,-0.8713947,0.01527855,4.947473,3.449995,0.1390645
-0.09968189,-0.831157,0.01680345,4.845122,3.550093,0.1436292
-0.1979646,-0.8041709,0.04532347,4.947677,3.55007,0.1390923
-0.1765022,-0.7568219,-0.01379541,4.955409,3.649013,0.04305433
-0.08762793,-0.6869631,-0.009769799,4.850037,3.750026,0.04655249
-0.1404528,-0.6828324,-0.0128876,4.955447,3.751027,0.04306802
-0.09111104,-0.7513619,-0.01598683,4.845379,3.6501,0.1436819
-0.2018848,-0.7338424,0.003838862,4.947856,3.650047,0.1391242
-0.09144669,-0.6846958,0.009359808,4.845576,3.750087,0.1437517
-0.1705519,-0.6693891,0.03438795,4.94807,3.750107,0.1391932
-0.1684372,-0.6405624,-0.01321884,4.955465,3.849025,0.04308376
-0.07923324,-0.5645212,-0.01010136,4.850062,3.950022,0.04657731
-0.1477264,-0.5623636,-0.01279509,4.955458,3.951044,0.04311974
-0.08934065,-0.6208901,-0.01784282,4.845665,3.850053,0.14381
-0.1939961,-0.6112739,0.007879607,4.948151,3.850038,0.1392498
-0.09266801,-0.552087,0.008840298,4.845671,3.950045,0.1438485
-0.177153,-0.5497145,0.03329561,4.948167,3.950146,0.1393501
-0.1922667,-0.5143143,-0.01765905,4.955439,4.049059,0.04316953
-0.07869356,-0.3994573,-0.01032273,4.850019,4.150082,0.04665246
-0.1671751,-0.4165783,-0.01425679,4.955224,4.150998,0.04336262
-0.1030146,-0.4881596,-0.03357567,4.845605,4.050074,0.1438767
-0.2161627,-0.4909074,-0.0002244044,4.94811,4.050167,0.1394797
-0.1037561,-0.3951374,0.002570788,4.845461,4.150247,0.1439677
-0.199314,-0.4168292,0.02917738,4.947969,4.150521,0.1398131
-2.824577,1.221783,0.005022175,2.972349,2.972374,0.2244502
-2.846534,1.18943,-0.0004716587,2.972314,2.97238,0.3748031
-1.606964,0.3635564,0.009681272,3.149367,2.854846,0.246531
-2.888484,0.219552,-0.02150644,3.009958,2.986403,0.2124492
-1.667407,0.1465467,-0.008444117,3.17757,2.978803,0.2242815
-1.814768,0.5981541,0.01605642,3.048465,2.852411,0.3479912
-1.600054,0.3301467,0.008727521,3.149147,2.855671,0.3481725
-2.911962,0.2020818,-0.001247446,3.009943,2.986409,0.3874695
-1.71399,0.1181383,-0.004697547,3.177702,2.978985,0.3754753
-1.447165,-1.360241,0.02923009,4.754995,2.846603,0.2447792
-0.1178531,-0.2250808,-0.2685718,4.627526,2.976462,0.2233085
-1.36021,-1.860716,0.03833819,4.755257,2.944936,0.2480005
-1.913279,-0.4905418,-0.1242916,4.654707,2.85024,0.3477795
-1.455409,-1.402215,-0.004910073,4.755634,2.846203,0.3466925
0.4170938,-0.2902149,0.2062503,4.628914,2.975966,0.3749179
-1.389083,-1.878484,-0.01408205,4.75557,2.94448,0.3490299
-0.4898754,-1.181465,0.008726546,4.949646,3.04762,0.2421252
-0.3571149,-1.150518,-0.01061186,4.846193,3.147972,0.2464339
-0.3549437,-1.062276,0.01042413,4.947969,3.148463,0.242487
-0.5322885,-1.223323,0.03386185,4.849997,3.045548,0.3476948
-0.497675,-1.202729,0.01375003,4.949719,3.046797,0.34482
-0.3602505,-1.168581,0.004245255,4.845894,3.147495,0.3479262
-0.3674313,-1.09595,-0.00737216,4.947638,3.147733,0.3451203
-0.1591228,-1.197074,-0.001487765,4.746862,3.250569,0.2492976
-0.05719097,-1.035033,-0.01047597,4.745616,3.350472,0.2494356
-0.1602509,-1.187246,-0.002653973,4.746394,3.250627,0.3497047
-0.06682998,-1.032628,0.03304782,4.745098,3.350698,0.3497961
-1.591227,0.3611321,0.001774771,3.149157,2.855911,0.4488376
-2.909124,0.2217669,-0.02956742,3.009949,2.986409,0.412494
-1.666259,0.1691757,-0.03851738,3.177712,2.978994,0.4244765
-1.809652,0.6195174,-0.0004206113,3.048362,2.852667,0.5491463
-1.592229,0.3475506,-0.0003511341,3.14908,2.856149,0.5492729
-2.915136,0.2100667,0.006434559,3.009952,2.986409,0.5874835
-1.687663,0.1573375,0.01993803,3.177726,2.979013,0.5755038
-1.283012,-1.008267,-0.01547772,4.75604,2.845499,0.4477834
-0.07274293,-0.6425115,0.4335326,4.628842,2.975972,0.4249566
-1.264839,-1.619798,-0.03499906,4.782065,2.966456,0.4243918
-1.893647,-0.7105082,0.08658782,4.654917,2.850253,0.5489821
-1.27704,-1.000039,0.0474279,4.756089,2.845538,0.5483389
-0.1911469,-0.647355,-0.4028063,4.628833,2.97598,0.5749708
-1.267013,-1.652677,0.04096003,4.782067,2.966407,0.5745643
-0.5771356,-1.193654,0.01257844,4.950008,3.046258,0.4464147
-0.3740109,-1.193181,0.0114893,4.845851,3.147313,0.4486703
-0.4096425,-1.124793,-0.009196966,4.947688,3.147435,0.4466676
-0.589652,-1.384212,-0.06352503,4.850163,3.045182,0.5488988
-0.575576,-1.2029,-0.004988307,4.949992,3.046099,0.547429
-0.3721035,-1.195055,-0.01712801,4.845841,3.147242,0.5491086
-0.4059908,-1.133498,0.01122106,4.947695,3.147229,0.547749
-0.140286,-1.143335,0.02636168,4.746338,3.250711,0.4498807
-0.04783752,-1.013868,0.04133761,4.745201,3.350891,0.4499075
-0.140972,-1.149003,0.003406382,4.746353,3.250818,0.5499676
-0.03840065,-0.9622823,0.02179524,4.745333,3.351031,0.550053
-1.592811,0.3492241,-0.001144324,3.149103,2.856184,0.6494567
-2.916107,0.2161394,-0.02127905,3.009951,2.986408,0.6125046
-1.680664,0.1682347,-0.03538412,3.177726,2.979013,0.6244925
-1.807397,0.61495,-0.001620711,3.048315,2.852736,0.7495445
-1.589043,0.3411726,-0.000996424,3.149058,2.856273,0.7496279
-2.916872,0.2112971,0.006357105,3.00995,2.986412,0.7874828
-1.692235,0.160565,0.02260884,3.177725,2.979018,0.7755041
-1.445106,-1.361277,0.04880831,4.756149,2.845955,0.6488414
0.7133718,-0.2898992,-0.08835983,4.628879,2.975971,0.6249836
-1.38096,-1.89427,0.04898254,4.755649,2.944366,0.6494796
-1.913874,-0.6026325,-0.02044765,4.654948,2.850524,0.7494042
-1.358836,-1.431872,0.04271256,4.755996,2.846338,0.7490078
0.3830662,-0.5846119,0.05481508,4.628861,2.975997,0.7749757
-1.400756,-1.904001,0.02467084,4.755484,2.944582,0.7496586
-2.737168,1.5398,-0.003799569,2.986396,3.009914,0.6125049
-1.16515,2.583143,-0.03047429,2.978949,3.177727,0.6244953
-2.738404,1.536873,-0.005295284,2.986395,3.009927,0.7874907
-1.158264,2.584452,0.02308711,2.978952,3.177733,0.7755062
-0.4975057,-1.214048,-0.009810178,4.949924,3.045957,0.6481325
-0.3662699,-1.169385,-0.03057774,4.845855,3.14723,0.6493738
-0.3714712,-1.111797,0.005270451,4.947817,3.147208,0.6483148
-0.5382579,-1.227066,-0.0196698,4.849917,3.045167,0.7494485
-0.4832209,-1.211941,-0.01198837,4.949822,3.045998,0.7486277
-0.3661637,-1.160247,-0.00899745,4.845907,3.147241,0.7495866
-0.3627852,-1.10878,-0.002995428,4.947964,3.147175,0.7488719
-0.1513919,-1.110209,-0.009533599,4.746398,3.250933,0.6500228
-0.04550978,-0.9780222,-0.009458602,4.745496,3.351225,0.6500858
-0.1587192,-1.133649,0.004762265,4.746516,3.251065,0.7501461
-0.0528998,-0.9452741,0.01042541,4.745814,3.351383,0.7502703
-1.589174,0.3468179,-0.002325014,3.149063,2.856266,0.8497015
-2.916007,0.2156821,-0.02064494,3.009948,2.986413,0.8125109
-1.68379,0.1691207,-0.03464474,3.177723,2.979017,0.8244927
-1.806411,0.6171481,-0.002357853,3.048248,2.852729,0.9497341
-1.588551,0.3453163,-0.001648424,3.14903,2.8563,0.9497903
-2.918363,0.2134585,0.01043614,3.009905,2.986407,0.9874887
-1.690856,0.1621977,0.02569194,3.177718,2.979018,0.9755039
-1.376143,-1.386251,0.01892469,4.756018,2.846352,0.849258
0.5358877,-0.5356614,0.07265681,4.628857,2.975997,0.8249962
-1.374415,-1.90305,0.008483361,4.755464,2.944609,0.849756
-1.929434,-0.6245489,0.01117163,4.654935,2.850572,0.9496441
-1.379327,-1.389141,0.002356259,4.755986,2.846394,0.949393
0.4028928,-0.499031,-0.09341594,4.628845,2.975995,0.9749811
-1.360527,-1.9194,-0.002262779,4.755452,2.944585,0.9498184
-2.736801,1.540456,-0.003751667,2.986393,3.009927,0.8125014
-1.149308,2.584403,-0.02805684,2.978951,3.177736,0.8244932
-2.737787,1.538497,-0.003451527,2.986393,3.009957,0.9874871
-1.147175,2.584576,0.02449981,2.978952,3.177738,0.9755042
-0.3669251,-1.155246,-0.01073284,4.846052,3.147236,0.849717
-0.3449639,-1.08442,-0.009207039,4.948251,3.147179,0.8490851
-0.5038588,-1.200328,0.002774487,4.85,3.045076,0.9497212
-0.3618303,-1.149873,0.006891482,4.846194,3.147166,0.949854
-0.147155,-1.13679,-0.02363645,4.746779,3.251333,0.8505634
-0.04259784,-1.000764,-0.03211435,4.74672,3.351686,0.8505587
-0.1850814,-1.191144,0.05166809,4.747089,3.250925,0.9517046
-0.08757186,-0.9909142,-0.02432809,4.747597,3.354846,0.9539597
-1.587993,0.3441151,-0.001820489,3.149037,2.856283,1.049828
-2.917705,0.2153165,-0.01732298,3.009905,2.986406,1.012507
-1.685362,0.169547,-0.03347578,3.177719,2.979018,1.024492
-1.805382,0.6160535,-0.001941945,3.048235,2.85269,1.149849
-1.587777,0.3458486,-0.001703451,3.149025,2.856295,1.149886
-2.918037,0.2129033,0.01081672,3.009942,2.986405,1.187494
-1.690942,0.1611617,0.02561222,3.177724,2.979018,1.175504
-1.859449,-0.1335739,-0.001987674,4.552814,2.855762,1.049792
-1.002848,0.2791064,-0.004504862,4.444123,2.955721,1.04899
-0.1183488,0.2136178,0.01615427,4.576935,2.977892,1.02499
-1.387146,0.01468085,-0.0210235,4.451245,2.859997,1.149841
-1.85965,-0.1495071,-0.02484878,4.552809,2.855769,1.149842
-1.011188,0.2708047,-0.04420337,4.444123,2.955724,1.150971
-0.05374184,0.2517635,-0.1426976,4.57693,2.977891,1.175004
-1.391251,-1.3727,-0.005187946,4.756028,2.846317,1.049574
0.2022379,-0.5017577,0.02601204,4.62884,2.975992,1.025002
-1.373493,-1.903247,0.007745635,4.755456,2.944505,1.04987
-1.927245,-0.6136269,-0.01337444,4.654948,2.850522,1.149805
-1.38674,-1.376845,-0.0182226,4.756037,2.846279,1.149654
0.5099279,-0.5471268,-0.1190273,4.628829,2.975986,1.174985
-1.38588,-1.889878,0.005695426,4.755455,2.94445,1.149901
-2.737113,1.539867,-0.001512661,2.986393,3.009955,1.012508
-1.141008,2.583658,-0.02726519,2.978953,3.177735,1.024492
-2.737289,1.537708,-0.003348479,2.986401,3.009926,1.187481
-1.138109,2.583393,0.02450675,2.978965,3.177724,1.175504
-0.310025,-1.13826,0.01151112,4.846301,3.147048,1.049889
-0.435275,-1.194721,0.007359075,4.850089,3.044821,1.149863
-0.3156293,-1.141301,-0.002731877,4.846244,3.146993,1.14993
-1.587876,0.3442587,-0.001566329,3.149028,2.856285,1.249913
-2.917491,0.2148838,-0.0170951,3.009942,2.986404,1.212503
-1.685725,0.1693063,-0.03308801,3.177724,2.979018,1.224493
-1.805354,0.6168732,-0.001277357,3.048218,2.852676,1.349938
-1.587831,0.3459725,-0.001184325,3.149019,2.856291,1.349958
-2.918533,0.2142055,0.0127503,3.009906,2.986403,1.387488
-1.68802,0.1649225,0.02842922,3.177718,2.979017,1.375505
-1.835832,-0.1464814,-0.006699115,4.552828,2.855739,1.249901
-1.022135,0.2638381,-0.02586593,4.444125,2.955721,1.249001
-0.2005737,0.1206197,-0.08645967,4.576931,2.977889,1.224991
-1.339638,0.008899694,-0.04374264,4.451252,2.859979,1.34993
-1.811753,-0.121434,-0.1037746,4.552834,2.855713,1.349936
-1.040096,0.2683991,-0.08373561,4.444125,2.95572,1.350981
-0.2076514,0.4086892,-0.06080583,4.576939,2.977882,1.375006
-1.387874,-1.408796,-0.03743761,4.75612,2.846146,1.249803
-0.06105889,-0.4739851,-0.05904055,4.62883,2.975984,1.225005
-1.398957,-1.875495,-0.001600985,4.7555,2.944386,1.249948
-1.93086,-0.4726201,-0.1188635,4.65503,2.850351,1.349933
-1.455433,-1.354244,-0.03990359,4.756267,2.845812,1.349815
0.4105473,-0.3836502,0.01814792,4.628846,2.975961,1.374993
-1.426029,-1.8543,-0.02681601,4.755692,2.94416,1.350104
-2.736695,1.539085,-0.001028109,2.986401,3.009926,1.212517
-1.136225,2.583177,-0.02670774,2.97897,3.177724,1.224492
-2.736855,1.538819,-0.002037304,2.986399,3.009948,1.38749
-1.135332,2.583111,0.0252707,2.978983,3.177728,1.375505
-0.327779,-1.163685,0.004630346,4.846301,3.146988,1.249913
-0.5016672,-1.224168,0.05984544,4.85037,3.044738,1.349965
-0.3347463,-1.178117,0.02013541,4.846426,3.147014,1.349956
-1.587819,0.3432913,-0.0009912399,3.149023,2.856288,1.449978
-2.918474,0.2149036,-0.01539608,3.009912,2.986403,1.412502
-1.686212,0.1693443,-0.03261372,3.17772,2.979018,1.424493
-1.805412,0.6162848,-0.0006097237,3.048232,2.852668,1.550016
-1.588168,0.3448445,-0.0007407909,3.149027,2.856288,1.550021
-2.91824,0.2136287,0.01334608,3.009947,2.986403,1.58749
-1.687761,0.1652973,0.0292229,3.177725,2.979018,1.575506
-1.893833,-0.132785,-0.07657211,4.55283,2.855675,1.449985
-1.078313,0.2689131,-0.02340078,4.444121,2.955717,1.44901
-0.3585256,0.07976821,0.4044736,4.576921,2.977882,1.424991
-1.45905,-0.03530005,-0.007575978,4.451245,2.859956,1.550008
-1.933741,-0.1870878,-0.02119753,4.552822,2.855656,1.550015
-1.077985,0.2757464,0.008768727,4.444116,2.955715,1.55099
0.1855275,0.2511672,0.3908255,4.576893,2.977883,1.575009
-1.299982,-0.9857425,-0.04206188,4.756369,2.845272,1.449992
-0.2890718,-0.6175021,0.502956,4.628798,2.975967,1.425003
-1.29441,-1.612036,-0.02030858,4.782157,2.96613,1.42501
-1.898335,-0.6298668,-0.07348869,4.654994,2.850157,1.550028
-1.280062,-0.9712725,-0.02070387,4.756401,2.845182,1.550023
0.1291444,-0.7391197,0.3473358,4.628759,2.975977,1.575001
-1.339116,-1.582406,0.01751797,4.782186,2.966173,1.575008
-2.736849,1.538965,8.577162e-05,2.986401,3.009946,1.412514
-1.135464,2.582927,-0.02640384,2.978985,3.177726,1.424494
-2.737108,1.537998,-0.001384257,2.986399,3.009905,1.58749
-1.135076,2.583031,0.02566517,2.978989,3.17772,1.575506
-0.3573716,-1.213775,0.01291878,4.84654,3.147061,1.449959
-0.6164984,-1.366152,0.0220332,4.850692,3.044793,1.550027
-0.3662155,-1.214639,0.007677027,4.846606,3.1471,1.55002
-1.588314,0.3439201,-0.0002446345,3.149022,2.856289,1.650043
-2.918444,0.2144422,-0.01486383,3.009947,2.986404,1.612511
-1.686548,0.1689645,-0.0322783,3.177724,2.979018,1.624495
-1.805843,0.6169439,0.0004844764,3.048214,2.852666,1.7501
-1.588652,0.3436105,0.0001964115,3.149023,2.856282,1.750089
-2.918613,0.2147867,0.01554935,3.009932,2.986407,1.787503
-1.687082,0.169435,0.03179887,3.177718,2.979017,1.775507
-1.969188,-0.2663618,0.01541759,4.552816,2.855651,1.650064
-1.030549,0.2892955,0.03107398,4.444114,2.955715,1.64902
0.1105142,0.190291,0.08724213,4.576891,2.977883,1.624993
-1.516919,-0.06773743,0.002934383,4.451238,2.859942,1.750089
-1.977255,-0.2675731,0.01767503,4.55282,2.855639,1.750097
-1.007237,0.2994256,-0.005768848,4.444113,2.955713,1.750999
0.2099554,0.2540883,0.04197189,4.576891,2.977882,1.77501
-1.263349,-0.8842407,-0.02123246,4.756413,2.845154,1.650133
0.1013712,-0.7362503,0.07641829,4.628757,2.975976,1.625003
-1.362899,-1.54242,0.002123514,4.782189,2.966172,1.625026
-1.764491,-0.8892507,-0.0002815056,4.654991,2.850129,1.750127
-1.251311,-0.8844284,-0.001249622,4.756424,2.845136,1.750178
0.1574541,-0.9200137,0.05858356,4.628756,2.975976,1.775004
-1.393339,-1.521931,0.007494846,4.782195,2.966172,1.77505
-2.737111,1.538232,0.0008412968,2.986399,3.009906,1.612508
-1.135503,2.583254,-0.0254986,2.97899,3.177722,1.624494
-2.73748,1.53871,9.765106e-05,2.9864,3.009933,1.78748
-1.136531,2.582965,0.02612272,2.978991,3.177727,1.775507
-0.375931,-1.230248,0.003225185,4.846637,3.147121,1.650041
-0.6338512,-1.370558,0.006417313,4.850738,3.044802,1.750128
-0.37734,-1.228466,0.004060213,4.846647,3.14713,1.750116
-1.588462,0.3436014,0.0003871244,3.149018,2.856288,1.850115
-2.919672,0.2141579,-0.01251325,3.009912,2.986403,1.812519
-1.689775,0.1657091,-0.02982064,3.177718,2.979018,1.824496
-1.806732,0.616524,0.0009786606,3.048228,2.852654,1.950203
-1.589313,0.346324,0.000746929,3.149036,2.856269,1.950174
-2.919019,0.2144723,0.01619396,3.009947,2.986403,1.987492
-1.68628,0.1690362,0.03259501,3.177724,2.979017,1.975508
-1.96976,-0.2675116,0.00862702,4.55281,2.855645,1.850153
-0.9955739,0.3012361,0.01289646,4.444112,2.955713,1.849029
0.1753379,0.2357694,0.007172583,4.57689,2.977882,1.824995
-1.506572,-0.06029892,-0.002376924,4.451229,2.859921,1.950192
-1.969744,-0.2591672,0.00244623,4.552817,2.855625,1.9502
-0.993128,0.3022179,-0.01157807,4.444111,2.955708,1.95101
0.2104187,0.2514376,0.00915877,4.57689,2.977882,1.975012
-1.256245,-0.8831886,-0.0005730283,4.756413,2.845143,1.850306
0.1044565,-0.8816012,0.001598417,4.628756,2.975976,1.825006
-1.392627,-1.517328,0.005950847,4.782193,2.966171,1.82507
-1.758619,-0.8864586,0.0001127631,4.65498,2.850118,1.950254
-1.257383,-0.8842236,-0.001288455,4.756417,2.845128,1.950379
0.1393109,-0.9228151,0.02092928,4.628756,2.975976,1.975008
-1.39863,-1.515146,-0.0005824077,4.78219,2.966173,1.975105
-2.738039,1.537984,0.002406766,2.986402,3.009946,1.812507
-1.140554,2.582638,-0.02506556,2.978991,3.177728,1.824495
-2.738053,1.537757,0.0008365351,2.9864,3.009904,1.987493
-1.142373,2.582279,0.02654368,2.978991,3.17772,1.975507
-0.3804003,-1.234002,0.001324826,4.84664,3.147132,1.850152
-0.6378406,-1.37429,0.002703324,4.85072,3.044802,1.950265
-0.3810514,-1.233429,0.002988299,4.84662,3.14713,1.950245
-1.589741,0.34227,0.000355308,3.14903,2.856277,2.050216
-2.919669,0.2133361,-0.01162701,3.009948,2.986403,2.012513
-1.691285,0.1652655,-0.02862893,3.177726,2.979017,2.024497
-1.808886,0.6175085,0.00217686,3.048238,2.852634,2.150364
-1.592539,0.3492566,0.001468556,3.14905,2.856238,2.15031
-2.918169,0.2156683,0.02007308,3.009938,2.986404,2.187487
-1.684592,0.1669168,0.03420214,3.177724,2.979016,2.175508
-1.96996,-0.2603445,4.788883e-06,4.552798,2.855637,2.050274
-0.9900042,0.3020274,0.01040745,4.44411,2.955708,2.049041
0.1769873,0.2361314,-0.003079767,4.57689,2.977882,2.024996
-1.504736,-0.05853946,-0.003750665,4.451209,2.859868,2.150351
-1.970479,-0.2570884,-0.001566388,4.552807,2.855596,2.150354
-0.9906717,0.3027759,-0.01253315,4.444107,2.955698,2.151028
0.2111633,0.2520153,0.005670041,4.576889,2.977881,2.175013
-1.258342,-0.8768921,-0.003456426,4.756383,2.84515,2.050542
0.09289195,-0.8886197,-0.01288403,4.628755,2.975976,2.02501
-1.395638,-1.513662,-0.001127237,4.782182,2.966171,2.02513
-1.759714,-0.8850238,-0.002366074,4.654952,2.850101,2.150442
-1.259352,-0.8786778,-0.002129715,4.756379,2.845126,2.150673
0.1379676,-0.9229552,0.01486507,4.628755,2.975975,2.175013
-1.399414,-1.512728,-0.003143511,4.782171,2.966171,2.175189
-2.738718,1.536394,0.003016662,2.9864,3.009904,2.012512
-1.149099,2.582966,-0.02431837,2.978991,3.177719,2.024495
-2.737497,1.539383,0.003771455,2.986404,3.009932,2.187501
-1.153008,2.582042,0.02854,2.97899,3.177722,2.175507
-0.3801517,-1.230662,0.0008333736,4.84658,3.147115,2.050305
-0.6379401,-1.36936,0.001097922,4.85065,3.044791,2.15047
-0.3793451,-1.229395,0.001959073,4.84652,3.147086,2.150429
-1.591205,0.3402023,0.001106198,3.149028,2.856243,2.25039
-2.918943,0.2116989,-0.006736655,3.009945,2.986407,2.212511
-1.694128,0.1619189,-0.02313115,3.177722,2.979016,2.224497
-1.811422,0.6161196,0.002720873,3.048224,2.852583,2.350655
-1.596281,0.3488226,0.001565199,3.149064,2.856157,2.350571
-2.917893,0.2171068,0.02196147,3.009912,2.986402,2.38749
-1.682157,0.1661758,0.03595965,3.177716,2.979011,2.375511
-1.969927,-0.2624984,-0.003885188,4.552772,2.855605,2.250468
-0.988572,0.3022702,0.01023698,4.444106,2.955692,2.249067
0.1778287,0.238121,-0.004823361,4.576889,2.977882,2.224997
-1.505892,-0.05822299,-0.005266371,4.451172,2.859708,2.350655
-1.971623,-0.2595118,-0.006497486,4.552781,2.855513,2.350633
-0.9912566,0.3037329,-0.01357904,4.444113,2.955657,2.351064
0.2161857,0.2547905,0.009855359,4.57689,2.977877,2.375016
-1.25803,-0.8801629,-0.004146831,4.756314,2.845164,2.250916
0.09899556,-0.8934926,-0.01735231,4.628755,2.975976,2.225016
-1.395947,-1.513691,-0.003726682,4.782155,2.966167,2.225224
-1.75969,-0.8913924,-0.00642455,4.65489,2.85006,2.350771
-1.259282,-0.8840158,-0.006360842,4.756291,2.845128,2.351181
0.1441027,-0.9237575,0.01539921,4.628753,2.975972,2.375023
-1.395595,-1.51584,-0.01194613,4.782129,2.966163,2.375333
-2.739211,1.535674,0.005546083,2.986399,3.009916,2.212518
-1.160726,2.582754,-0.02228271,2.978991,3.177724,2.224494
-2.737428,1.540105,0.004221377,2.986402,3.009945,2.387501
-1.169178,2.581026,0.03009594,2.978988,3.177726,2.375507
-1.594544,0.3467966,0.001370952,3.149044,2.856131,2.450778
-2.916435,0.209521,-0.005687439,3.009933,2.986406,2.412505
-1.691008,0.1572113,-0.01987272,3.177718,2.979012,2.424502
-1.811739,0.6222487,0.003214341,3.048278,2.852436,2.551369
-1.5937,0.3603949,0.0005092245,3.149129,2.85592,2.551266
-2.91057,0.2207427,0.02957704,3.009948,2.986401,2.587507
-1.669193,0.1685817,0.04074332,3.177712,2.978996,2.575568
-1.972705,-0.27105,-0.01259981,4.552711,2.855488,2.450867
-0.9891654,0.3032984,0.009724388,4.444125,2.955612,2.449122
0.1809453,0.2443578,-0.01272384,4.576889,2.977878,2.425
-1.509986,-0.05994533,-0.003242896,4.451088,2.859145,2.551415
-1.9756,-0.2725354,-0.0106753,4.552691,2.855253,2.551301
-1.001731,0.3012651,-0.02046903,4.444309,2.955406,2.551045
0.190324,0.2389871,-0.04413956,4.576897,2.977865,2.575039
-1.25648,-0.886392,-0.00958308,4.756157,2.845205,2.451622
0.1109757,-0.8786906,-0.03200353,4.628753,2.975973,2.425026
-1.39349,-1.518309,-0.01136115,4.782098,2.966156,2.425395
-1.762042,-0.9194837,0.0002478995,4.654716,2.849969,2.551504
-1.257206,-0.8930814,-0.002793996,4.75605,2.845195,2.552247
0.1621925,-0.8974557,-0.03484324,4.628751,2.975966,2.575052
-1.377248,-1.524676,-0.02386293,4.782037,2.966196,2.575665
-2.73832,1.534664,0.004289336,2.986401,3.009933,2.412528
-1.206638,2.586345,-0.02021975,2.978989,3.177722,2.424495
-2.731719,1.54749,0.005208575,2.986399,3.009902,2.587505
-1.199986,2.58788,0.02839841,2.978974,3.177702,2.575537
-1.605834,0.333201,-0.006802998,3.149127,2.85576,2.652054
-2.912844,0.2028916,0.001856583,3.009949,2.986403,2.612529
-1.715339,0.1206075,-0.0004457545,3.177696,2.978993,2.624621
-1.82233,0.6124164,0.0006605853,3.048524,2.852027,2.753844
-1.613338,0.3630497,-0.004569091,3.149365,2.855167,2.753947
-2.898318,0.213158,0.03199464,3.009972,2.986407,2.78759
-1.681653,0.1375239,0.0235548,3.176907,2.978924,2.777327
-1.945551,-0.2862781,-0.01354415,4.552489,2.855063,2.652032
-1.01578,0.2947508,-0.006522238,4.444736,2.955048,2.648869
0.2066518,0.2603535,-0.1983613,4.576908,2.977857,2.625037
-1.436999,-0.02421676,0.01202385,4.45079,2.857151,2.754054
-1.924786,-0.1362872,-0.006242244,4.552215,2.854377,2.753677
-1.047758,0.3025615,-0.01894534,4.447516,2.953592,2.749242
-0.4279422,0.2136345,-0.04999686,4.576943,2.977769,2.775367
-1.274437,-0.9689917,0.002086287,4.755662,2.845444,2.65331
0.1939078,-0.8945119,-0.2263732,4.628752,2.975967,2.625073
-1.365818,-1.544085,-0.04216174,4.781967,2.96622,2.625823
-1.933543,-0.5396872,-0.02628034,4.653891,2.849882,2.753883
-1.327389,-0.9845929,-0.02991198,4.75499,2.845782,2.755191
-0.5827767,-0.3613954,-0.02738275,4.628709,2.975954,2.77533
-1.333977,-1.550215,-0.07950089,4.781701,2.966738,2.776778
-2.739516,1.535669,0.004590558,2.9864,3.009902,2.612527
-1.244871,2.59678,-0.02007014,2.978969,3.177691,2.624557
-2.714946,1.561954,0.0006153708,2.9864,3.00991,2.787574
-1.183997,2.607425,0.01794002,2.978839,3.177553,2.776177
-0.6662003,-0.003814706,0.03372803,4.450105,0.1445437,2.854539
-0.6625007,0.002495134,-0.02148326,4.55,0.1443614,2.855012
-0.7539016,-0.0167275,0.0066447,4.424817,0.1732334,2.978994
-0.7865569,-0.005493378,-0.0004065955,4.575584,0.1716919,2.979798
-0.6977063,-0.009798771,-0.006434418,3.349952,0.2398244,2.857375
-0.6334075,0.0210014,0.01369151,3.2502,0.3414367,2.861485
-0.6470397,0.04913203,-0.01643179,3.349796,0.3414173,2.861493
-0.6600363,0.004606397,-0.001064453,3.250089,0.2477144,2.954164
-0.6722765,0.03661657,-0.008984478,3.34991,0.2477126,2.954166
-0.6721781,0.008936656,0.002608749,3.249007,0.3536253,2.957124
-0.7013341,0.02522997,-0.01144545,3.350992,0.3536215,2.957126
-0.7146362,-0.008339446,-0.01144385,3.549981,0.2405268,2.856669
-0.6602287,0.0149413,0.01075959,3.4502,0.341601,2.861392
-0.6643614,0.04117667,-0.01715319,3.549797,0.3417413,2.861314
-0.6842717,0.01269444,-0.007316526,3.449928,0.248653,2.953881
-0.7016238,0.03643958,-0.01287871,3.550008,0.2491573,2.953679
-0.6951776,0.003526624,-0.001462884,3.44899,0.3539003,2.957082
-0.7201101,0.02374813,-0.01455074,3.551002,0.3541196,2.957044
-0.7276346,-0.01066609,-0.0118929,3.749961,0.2403769,2.856821
-0.674329,0.004586584,0.01216035,3.650198,0.3417508,2.861308
-0.677601,0.03238051,-0.0169616,3.749786,0.341596,2.861384
-0.7041244,0.0004270058,-0.001684611,3.64999,0.2492186,2.953662
-0.7179044,0.03003451,-0.009748047,3.75001,0.2489493,2.953772
-0.7167891,-0.002332215,0.0003064751,3.648994,0.3541494,2.95704
-0.7376121,0.01637422,-0.01295035,3.750997,0.3539651,2.957071
-0.7366205,-0.01697827,-0.0102253,3.949967,0.2392578,2.857924
-0.6831764,-0.005220648,0.01270516,3.85019,0.3412556,2.861555
-0.6875749,0.02461375,-0.01747891,3.949793,0.340912,2.861732
-0.7178946,-0.006632619,0.002423193,3.850055,0.2479994,2.954094
-0.7151293,0.02618565,-0.005819887,3.950009,0.2468325,2.954493
-0.7317701,-0.0103919,0.004237028,3.848996,0.353535,2.95714
-0.7465365,0.007014399,-0.01026488,3.950996,0.3530676,2.957217
-0.7373256,-0.02208358,-0.01065144,4.14998,0.2390364,2.858141
-0.6893283,-0.01014458,0.01000659,4.050187,0.3407112,2.861833
-0.6892354,0.01786466,-0.01841641,4.149807,0.3407212,2.861826
-0.7128732,0.002118296,-0.001875495,4.049985,0.2463902,2.954662
-0.7216415,0.02389354,-0.007343731,4.150014,0.2464855,2.954627
-0.7355582,-0.01587311,0.001340775,4.048992,0.3528208,2.957258
-0.7434098,0.002237449,-0.01081534,4.151002,0.3528556,2.957252
-0.7316813,-0.0207297,-0.01427041,4.349984,0.2396596,2.857524
-0.6895875,-0.01874958,0.009481138,4.250194,0.340889,2.861739
-0.6853779,0.008678508,-0.01775758,4.349807,0.3410146,2.861678
-0.7195215,-0.008714466,-0.001816381,4.249919,0.2471757,2.954359
-0.7222709,0.01870444,-0.007811487,4.350006,0.2478045,2.954206
-0.7343788,-0.02271119,0.00234393,4.248989,0.3531046,2.957213
-0.7398928,0.002312091,-0.01090916,4.351007,0.3532827,2.957186
-0.7044016,-0.03078853,-0.01145186,4.749966,0.2401424,2.857057
-0.6690403,-0.03406029,0.01266876,4.6502,0.3411609,2.86162
-0.6630571,-0.005705905,-0.01612635,4.749803,0.3414294,2.861474
-0.6971959,-0.01821775,0.00157119,4.649919,0.2474311,2.954277
-0.6949229,0.008299789,-0.002559147,4.749936,0.2485464,2.953926
-0.7243457,-0.02604392,0.005843049,4.648991,0.3533705,2.957173
-0.7136085,-0.004861876,-0.005769999,4.750998,0.3537514,2.957107
-1.650266,0.3508366,-0.01968782,3.149517,2.854494,2.857116
-2.912915,0.2152775,0.001217485,3.009972,2.986409,2.81263
-1.885033,0.1664137,-0.02930491,3.150533,2.951804,2.85265
-1.773449,0.5625768,0.003404909,3.048412,2.845275,2.954887
-1.634917,0.3647194,-0.01091579,3.150854,2.846905,2.955014
-2.938581,0.1021559,0.02157907,3.011739,2.988284,2.988237
-1.922122,0.07394526,0.007662885,3.175258,2.97727,2.977553
-1.455594,0.1084778,0.006502904,3.349931,2.857305,2.857915
-1.667135,0.07569484,-0.02585846,3.251403,2.952743,2.854213
-1.5883,0.04221629,0.008494642,3.352983,2.954617,2.85079
-1.562269,0.2358597,-0.02173754,3.248981,2.848288,2.95539
-1.508932,0.1264029,-0.021396,3.350907,2.848413,2.955401
-1.823589,0.0533209,0.01261449,3.224894,2.978017,2.978201
-1.520571,0.01636449,0.001530735,3.374735,2.977629,2.977696
-1.324533,0.05281312,-0.04747415,3.550045,2.858241,2.858508
-1.489293,0.01582816,-0.0006553133,3.451883,2.954041,2.8516
-1.461646,0.01237538,-0.01510454,3.55174,2.955221,2.849443
-1.441517,0.1333786,-0.01065878,3.448987,2.848338,2.95544
-1.432664,0.06697344,0.00276879,3.551034,2.848875,2.955603
-1.475137,0.004816938,-0.004205786,3.411335,2.990547,2.990479
-1.402666,0.01365759,0.002754266,3.575001,2.978459,2.978501
-1.268182,0.06331981,0.006559366,3.750014,2.85794,2.857892
-1.434837,0.01089637,0.004033688,3.649248,2.95541,2.84888
-1.411954,0.002002271,-0.01764693,3.751037,2.955208,2.847621
-1.408456,0.07487237,-8.505076e-05,3.649007,2.848742,2.955558
-1.392378,0.01624808,0.001322712,3.750987,2.847682,2.955231
-1.352251,0.01230366,0.00477578,3.625035,2.978441,2.97848
-1.273436,0.0003395071,-0.001487054,3.787374,2.989747,2.989781
-0.9925756,-1.2446,-0.04829071,4.852661,2.946626,2.858027
-1.047125,-0.8738086,0.05561704,4.851787,2.842918,2.956776
-1.020818,-1.179229,0.06648516,4.852383,2.946948,2.9552
-2.770435,1.523702,-0.0113654,2.986406,3.009919,2.812624
-1.306352,2.593355,-0.03327454,2.978748,3.177299,2.825794
-2.632312,1.572457,0.01809132,2.988345,3.011716,2.988261
-1.504752,2.96997,0.1679474,2.977841,3.175173,2.978195
-0.344883,-1.249464,0.03083579,4.846689,3.148421,2.856153
-0.5588734,-1.296726,0.03271073,4.851673,3.048863,2.953641
-0.3305321,-1.177245,0.03542604,4.850429,3.149491,2.953431
-0.1703648,-1.00748,-0.0177422,4.84527,3.349788,2.856281
-0.2206348,-1.009054,0.01628381,4.850076,3.249821,2.95344
-0.1720857,-0.9677083,0.01675369,4.850012,3.349954,2.953461
-0.09487705,-0.6902299,-0.01077529,4.845735,3.75002,2.856068
-0.1192442,-0.7391827,0.009890919,4.850053,3.650001,2.953416
-0.09240725,-0.6882257,0.007646296,4.850056,3.750012,2.953404
-0.09199229,-0.5580309,-0.007430852,4.845605,3.950013,2.856136
-0.1146989,-0.6185923,0.01188637,4.850039,3.849999,2.953404
-0.07927728,-0.5713082,0.01124165,4.849965,3.950012,2.953427
-0.1054686,-0.403857,-0.004467656,4.844644,4.150205,2.856753
-0.131365,-0.4818672,0.01512303,4.849639,4.050044,2.953532
-0.08031714,-0.4044406,0.008008393,4.848647,4.150136,2.953806
-1.994775,0.422131,0.04897587,3.074215,2.92785,0.07084475
-2.042949,0.608056,0.001215569,3.023392,2.922753,0.02170431
-2.198038,0.05482215,-0.01296753,3.08746,2.989258,0.01061489
-2.939337,0.1760177,0.06504922,3.01008,2.986448,0.08702905
-2.169802,0.6636468,0.05135879,3.023717,2.926007,0.07079359
-2.291009,0.1309458,0.0482106,3.07411,2.976214,0.07300285
-1.946814,0.4052331,0.007143923,3.075166,2.923396,0.02189187
-1.858374,0.2860996,0.05735449,3.124618,2.928796,0.07069778
-1.789718,0.1854291,0.01010435,3.175589,2.923877,0.02185698
-2.075302,0.0394349,-0.01092745,3.112442,2.989345,0.01063953
-1.909341,0.0568852,0.01524383,3.176266,2.977632,0.07420103
-1.750972,0.1829458,0.04931344,3.174811,2.929167,0.0705815
-2.061759,0.07540516,0.04123107,3.124888,2.976981,0.0730136
-1.862667,0.319408,0.01300229,3.124446,2.923717,0.02183892
-2.045188,0.297211,0.05120795,3.073727,2.928034,0.1225503
-2.898228,0.19803,0.03410241,3.010005,2.986413,0.1122119
-2.17702,0.5843149,0.04647786,3.022547,2.925606,0.1734865
-2.23319,0.1904119,0.01312774,3.073926,2.976449,0.1745465
-2.207017,0.5764174,0.04524537,3.022826,2.925563,0.1224885
-2.23138,0.1819987,0.03343648,3.073979,2.976317,0.1241036
-2.022352,0.2966831,0.04813849,3.073432,2.928334,0.1736214
-1.6134,0.09865841,0.01046347,3.274968,2.929527,0.07024019
-1.698237,0.1389446,0.004900278,3.224346,2.923909,0.02181769
-1.6569,0.02275766,-0.01577069,3.287525,2.989378,0.0106427
-1.805924,0.05426724,0.001704999,3.225907,2.977283,0.07355836
-1.662207,0.1146021,0.02803076,3.2249,2.929311,0.07037423
-1.719848,0.04727862,-0.01622551,3.276059,2.977864,0.07507414
-1.656162,0.1048758,-0.001333811,3.275446,2.9239,0.02173252
-1.566043,0.09341321,-0.01041484,3.324974,2.929671,0.07016231
-1.545612,0.05420478,0.00452885,3.375612,2.924122,0.02173148
-1.613506,0.02545885,-0.02052377,3.312483,2.989394,0.0106503
-1.560678,0.01588321,-0.002520219,3.375959,2.97813,0.07545215
-1.508053,0.06407425,0.007278486,3.374961,2.929855,0.07004356
-1.63531,0.03114398,-0.0229061,3.324986,2.978028,0.07541693
-1.591582,0.1040617,0.00119535,3.324527,2.923956,0.02171249
-1.431195,0.04031668,0.01902111,3.474973,2.930813,0.06915461
-1.499581,0.03082789,-0.001900847,3.424379,2.924427,0.02160082
-1.545145,0.01504938,0.001229139,3.488809,2.990157,0.009820979
-1.518379,0.01830865,0.01878946,3.424864,2.978238,0.07499662
-1.445338,0.03567812,0.02237299,3.424946,2.930155,0.06977824
-1.489049,0.008224174,0.01495313,3.476349,2.978788,0.07417354
-1.474924,0.04118081,-0.001172121,3.475948,2.925379,0.02108772
-1.388622,0.05532733,-0.005954575,3.524984,2.931927,0.06808589
-1.440597,0.07372059,0.01327807,3.575701,2.926576,0.02043888
-1.523311,0.01421692,0.002694851,3.525285,2.977406,0.02262465
-1.450154,-0.007202682,-0.0328752,3.575791,2.979609,0.07355885
-1.357114,0.04496589,0.0001433457,3.575011,2.932709,0.06734785
-1.473208,-0.007012967,-0.02057937,3.52516,2.979026,0.07422585
-1.455601,0.0713955,0.01373558,3.524854,2.925597,0.02092734
-1.311578,0.001266048,0.02564727,3.675026,2.93202,0.06806122
-1.421098,0.03752209,-0.002632931,3.624304,2.926585,0.02043813
-1.39762,0.00998624,-0.004240229,3.674735,2.977427,0.0226486
-1.433059,0.009733398,-0.01554088,3.624335,2.979622,0.07359164
-1.319561,0.008813415,0.02269426,3.625008,2.932731,0.06734365
-1.417303,0.0145394,0.004985301,3.675134,2.979143,0.07453877
-1.407682,0.01368969,-0.005889288,3.675146,2.925634,0.02092225
-1.304769,0.01793609,0.01063747,3.725031,2.930988,0.0690933
-1.388743,0.02384338,-0.002550082,3.775598,2.924616,0.02155247
-1.376163,0.009319707,-0.006142906,3.711194,2.990162,0.009828302
-1.39226,0.01510863,-0.008493389,3.775596,2.978481,0.07547596
-1.319369,0.02643233,-0.004267378,3.775017,2.930487,0.06961114
-1.413804,0.01192258,0.003514092,3.724065,2.978967,0.07465529
-1.403803,0.02125035,-0.004810324,3.724045,2.925452,0.02107271
-1.293294,-0.0004644108,0.022798,3.874975,2.931004,0.06911147
-1.358273,-0.005967914,-0.0006963835,3.8244,2.92462,0.02155384
-1.424735,0.004310461,-0.001118335,3.888821,2.990159,0.009865106
-1.362807,0.006575684,0.01748632,3.824408,2.978479,0.07550212
-1.301597,-0.001834278,0.01905746,3.824988,2.930494,0.06962235
-1.357058,0.0001451823,0.02152524,3.875963,2.978969,0.07471342
-1.358291,-0.00407021,-0.000231161,3.875954,2.925472,0.02107843
-1.28569,0.02211016,-0.002431304,3.92498,2.932056,0.0680809
-1.358331,0.0477307,0.007505935,3.975696,2.92667,0.02044677
-1.413538,0.005400522,-0.0007015275,3.925276,2.977451,0.02267166
-1.359141,-0.003499477,-0.02849903,3.975699,2.979651,0.07368964
-1.275295,0.02784773,-0.0190554,3.974992,2.932797,0.06736706
-1.370164,-0.01044219,-0.01130683,3.924883,2.979152,0.07460655
-1.369438,0.0383708,0.009289068,3.924866,2.925691,0.02092757
-1.261042,0.004399882,0.009823321,4.075013,2.932018,0.06809964
-1.343879,0.01512995,-0.003940508,4.024302,2.926662,0.02044768
-1.336103,0.00969214,-0.004596339,4.074719,2.977442,0.02266942
-1.346854,0.003859377,-0.007717876,4.024278,2.97965,0.07368983
-1.266887,0.004823364,0.001471223,4.024997,2.932788,0.06737134
-1.345062,0.0001657071,0.005666215,4.075095,2.979141,0.07460562
-1.34415,0.00384851,-0.001717487,4.075135,2.925661,0.02093035
-1.259019,0.02440451,-0.005041369,4.125026,2.930916,0.06915849
-1.351657,0.03664655,0.001722356,4.175623,2.924446,0.02159874
-1.308856,-0.0002163851,0.001677739,4.111177,2.990153,0.009855839
-1.339532,-0.008548729,-0.02083965,4.175565,2.978408,0.0755741
-1.257651,0.04068536,-0.01534688,4.17504,2.930288,0.06976044
-1.349133,-0.005194187,-0.00280189,4.12402,2.978944,0.07472221
-1.353204,0.01405451,0.0009551309,4.124057,2.925407,0.02108944
-1.535166,0.4007618,0.215125,4.525498,2.929248,0.07020368
-1.666223,0.1336088,-0.1523024,4.576417,2.924147,0.02156082
-0.5870894,0.07153223,0.07896761,4.512496,2.989394,0.01062823
-0.2695164,0.242518,0.0431103,4.575822,2.977234,0.07325068
-1.720714,0.4148347,-0.03406552,4.576126,2.928815,0.07021673
-0.5204487,0.2047493,0.2278509,4.524404,2.977784,0.07493192
-1.527787,0.2612985,-0.1225627,4.524727,2.923936,0.02169469
-1.930033,2.157646,0.009152132,2.989244,3.087458,0.01060774
-2.795004,1.590719,0.0734419,2.986449,3.010117,0.08702063
-2.324017,1.996932,0.0511852,2.976197,3.074133,0.07299693
-1.632608,2.375303,0.01882247,2.989316,3.112437,0.0106281
-1.738748,2.687035,0.07895945,2.977614,3.176276,0.07419651
-1.988435,2.347101,0.04567336,2.976963,3.124896,0.07300686
-0.1659923,-1.740883,0.03811674,4.723996,3.073186,0.07310614
-0.09539871,-2.434216,-0.01762418,4.711747,3.011611,0.01194
-0.3934821,-1.493727,-0.00927767,4.775785,3.07505,0.02212322
-0.6416222,-1.765904,0.007353052,4.775217,3.022507,0.07057473
-0.2341542,-2.298318,0.04469852,4.726185,3.02219,0.07388331
-0.4100012,-1.562967,0.01705195,4.772633,3.073407,0.07078935
-0.05960551,-1.737663,-0.006285657,4.71072,3.087284,0.01065577
-0.06332841,-1.616058,-0.03104231,4.723041,3.124153,0.07306252
-0.2729775,-1.404614,-0.007665648,4.775368,3.124283,0.02211539
-0.02955214,-1.324984,-0.00569835,4.7106,3.18751,0.01064946
-0.223004,-1.310613,0.007079303,4.770909,3.174499,0.07066172
-0.2621071,-1.447705,0.002719131,4.771361,3.124077,0.070751
-0.05011373,-1.370413,-0.01334877,4.72239,3.175925,0.07422164
-0.04156984,-1.603065,-0.005125181,4.710647,3.112355,0.0106419
-0.2236081,-1.657773,-0.01432723,4.724046,3.07218,0.1240057
-0.6299802,-1.747104,-0.01242127,4.776902,3.020302,0.122235
-0.2782237,-2.361493,-0.1150574,4.727315,3.020358,0.1744202
-0.359344,-1.540414,-0.01695875,4.772948,3.071153,0.1734477
-0.2763761,-2.331307,0.0005857086,4.727039,3.02099,0.1242224
-0.3554604,-1.54881,-0.001414179,4.772928,3.072067,0.1223927
-0.2193597,-1.667422,-0.0698217,4.724043,3.07161,0.174407
-0.01692631,-1.168151,0.04221204,4.722237,3.275776,0.07486662
-0.02744505,-1.269007,-0.004430458,4.710597,3.212489,0.01064537
-0.1000742,-1.138611,-0.0129074,4.775137,3.275486,0.02202349
-0.162076,-1.19688,0.02174829,4.77075,3.224748,0.07046866
-0.02556851,-1.251906,0.01671537,4.722747,3.225726,0.073572
-0.09779021,-1.121691,0.04887007,4.770555,3.274915,0.07035617
-0.01302376,-1.159202,0.005155945,4.710583,3.287518,0.01066387
-0.01535644,-1.117529,0.02216072,4.722115,3.324591,0.07506367
-0.1229289,-1.079334,-0.006248364,4.775118,3.324486,0.02201629
-0.0104094,-1.018219,0.0007327946,4.710579,3.387518,0.01066985
-0.1360283,-1.030911,-0.007082018,4.77038,3.375007,0.0703356
-0.1149242,-1.064495,0.02496018,4.770451,3.324963,0.07033287
-0.0166768,-1.073875,-0.0002005346,4.722047,3.375529,0.07515942
-0.01310801,-1.137197,0.00705432,4.71058,3.312482,0.0106684
-0.01322145,-0.9008537,0.01433956,4.72203,3.475542,0.07519959
-0.01178731,-0.9857901,-0.003031568,4.710579,3.412485,0.01067014
-0.03737184,-0.8960821,-0.003544229,4.775103,3.475514,0.02202027
-0.1239906,-0.93959,-0.02686846,4.770359,3.425014,0.07034315
-0.02176447,-0.9727297,-0.03334365,4.722036,3.424533,0.07517168
-0.03821243,-0.8784777,0.02430874,4.770362,3.47504,0.07036235
-0.004810335,-0.9197334,-0.002492939,4.710579,3.48752,0.01067253
-0.0114539,-0.8929433,0.002203882,4.722032,3.524546,0.07521609
-0.06397904,-0.881541,0.004002311,4.775103,3.524501,0.0220238
-0.00573335,-0.8310776,0.001191907,4.710579,3.587521,0.01067647
-0.09838159,-0.8468726,-0.02099258,4.77039,3.575053,0.07040554
-0.03572106,-0.8598216,0.03153377,4.770368,3.525032,0.07037746
-0.01542907,-0.8630536,-0.02245061,4.722032,3.575553,0.0752518
-0.004505806,-0.9078755,0.0007842232,4.710579,3.512486,0.01067301
2.238387,0.5860172,-0.0383893,2.989346,3.712481,0.01061291
2.14104,0.5444048,-0.1378708,2.978231,3.775641,0.07614382
2.173044,0.5921964,-0.1283662,2.978283,3.724555,0.07617252
-0.007400186,-0.7131747,0.01807265,4.722036,3.675541,0.07531612
-0.006998811,-0.7959955,4.60878e-05,4.71058,3.612486,0.01067713
-0.02562962,-0.7297222,0.001153581,4.775111,3.675515,0.02204059
-0.110142,-0.7761669,-0.02783779,4.770399,3.625029,0.07042595
-0.01450668,-0.7931998,-0.03238657,4.722036,3.624544,0.07527548
-0.03154894,-0.7083824,0.0242482,4.770416,3.675048,0.07045845
-0.004426069,-0.7533665,-0.00359792,4.71058,3.687519,0.01068202
-0.008421302,-0.7210451,0.01002209,4.722039,3.724524,0.0753399
-0.04703646,-0.7315485,0.003268359,4.775112,3.724498,0.02204528
-0.008168029,-0.6946086,0.001096179,4.71058,3.787518,0.01068691
-0.07990046,-0.7017669,-0.01127797,4.770436,3.775036,0.07050064
-0.01060023,-0.6930701,0.04372239,4.770423,3.725014,0.07047804
-0.01374651,-0.7176614,-0.0008878574,4.722039,3.775523,0.07537139
-0.002278025,-0.7414035,-0.0001078186,4.71058,3.712484,0.01068297
1.744136,0.2902565,-0.03854755,2.989362,3.887516,0.01065069
1.88658,0.3720486,-0.1134331,2.978231,3.824372,0.0761588
1.73646,0.3121025,-0.1251696,2.978287,3.875452,0.0762118
-0.00620085,-0.572029,0.01177543,4.72204,3.87551,0.07539789
-0.007663459,-0.648455,0.00039895,4.71058,3.812482,0.01068759
-0.02537401,-0.585828,0.0006925466,4.775114,3.87551,0.02205528
-0.1029086,-0.6425527,-0.03147931,4.770439,3.824998,0.07051257
-0.01717834,-0.6504111,-0.03601221,4.72204,3.824506,0.0753858
-0.03185871,-0.5706044,0.01460776,4.770442,3.875024,0.07052377
-0.007328018,-0.6090496,-0.004905743,4.71058,3.887518,0.01068903
-0.004530277,-0.5816657,0.01394421,4.72204,3.924496,0.07539738
-0.04296139,-0.5894651,0.00250383,4.775115,3.924494,0.02205502
-0.01190833,-0.5691124,0.0003750265,4.71058,3.987518,0.01068755
-0.0654758,-0.567887,1.959508e-05,4.770447,3.975016,0.07050516
-0.008003638,-0.5524214,0.0432253,4.770443,3.924987,0.07052154
-0.01080002,-0.5896047,0.0132728,4.722042,3.975501,0.07538515
-0.003383317,-0.586039,-0.000602197,4.71058,3.912482,0.01068903
-0.007596272,-0.4251315,0.006069151,4.722043,4.075489,0.07534381
-0.01316783,-0.5022742,-0.003252472,4.71058,4.012483,0.0106869
-0.0376421,-0.4355242,-0.004418141,4.775118,4.075512,0.02204953
-0.109508,-0.5123523,-0.03616253,4.770446,4.024984,0.07049617
-0.01999252,-0.522173,-0.04309978,4.722042,4.024487,0.0753711
-0.05018547,-0.4268804,0.001509315,4.770438,4.075016,0.07049461
-0.01109283,-0.4644582,-0.004562525,4.71058,4.087516,0.01068319
-0.007614224,-0.4253608,0.003656306,4.722043,4.124478,0.07532263
-0.05251206,-0.4278653,-0.0008757064,4.775119,4.124499,0.02204859
-0.01371763,-0.4237371,-9.441044e-05,4.710581,4.187515,0.01067805
-0.05489278,-0.4168658,0.0139306,4.770429,4.175042,0.07047344
-0.0198879,-0.3970756,0.03354308,4.770434,4.124991,0.07048518
-0.01614785,-0.4209993,0.01625345,4.722045,4.17549,0.07528796
-0.007410184,-0.4266152,-0.003994191,4.71058,4.112482,0.0106824
-0.1892891,-1.711857,-0.00166109,4.724057,3.071159,0.2748316
-0.1749161,-2.018316,-0.1816394,4.727504,3.019933,0.2246711
-0.3501789,-1.525485,-0.02781807,4.773033,3.070695,0.2239968
-0.4872792,-1.687878,-0.01257087,4.7778,3.018113,0.2741788
-0.1976579,-1.71288,-0.1034812,4.724064,3.071296,0.2246881
-0.169371,-2.058475,0.003328923,4.727501,3.019791,0.2747746
-0.3518384,-1.515857,-0.02298009,4.772985,3.070419,0.2743601
-0.1949412,-1.717559,-0.03875953,4.724063,3.071072,0.3249277
-0.5139217,-1.697452,0.0002302941,4.777899,3.017892,0.3244424
-0.1806907,-2.033204,0.1750681,4.72755,3.019669,0.3748817
-0.3744496,-1.530842,0.01847166,4.773026,3.0702,0.3746725
-0.176092,-2.066019,-0.03071663,4.72752,3.019706,0.3249085
-0.3708687,-1.520531,-0.005194162,4.773025,3.070299,0.3245433
-0.1930503,-1.730258,0.07515127,4.724064,3.071007,0.3749408
-2.073028,1.183086,0.002372379,2.972046,2.923396,0.4245605
-2.833803,1.213072,0.001801272,2.972324,2.972364,0.4748819
-2.080448,1.205471,-0.002000784,2.972032,2.923418,0.4746692
-2.832415,1.205966,-0.002514834,2.972323,2.972364,0.5249068
-2.07569,1.170759,-0.003400373,2.97203,2.92343,0.5747571
-2.080358,1.193467,-0.001260962,2.972036,2.92341,0.5247352
-0.2601603,-1.717682,0.03614204,4.724043,3.071028,0.4749514
-0.2908328,-2.366373,0.1277081,4.727498,3.019777,0.4249086
-0.3915947,-1.524481,0.02771494,4.773053,3.070213,0.4247205
-0.6942664,-1.734907,0.02671664,4.778037,3.017918,0.474667
-0.2446037,-1.718492,0.04481413,4.724054,3.071019,0.4249455
-0.3130043,-2.421208,0.04767859,4.727478,3.019804,0.4749181
-0.3974896,-1.53328,0.01410413,4.773035,3.070204,0.4747825
-0.2562938,-1.72001,-0.03473325,4.724045,3.071025,0.5249564
-0.699399,-1.751869,-0.03138375,4.778058,3.017896,0.5247458
-0.2886447,-2.382076,-0.1353804,4.727497,3.019766,0.5749378
-0.3901671,-1.546975,-0.0339726,4.77304,3.070171,0.574846
-0.3141338,-2.43768,-0.04885574,4.727481,3.0198,0.5249312
-0.4009155,-1.543287,-0.01947332,4.773049,3.070205,0.524806
-0.2409905,-1.735898,-0.04844887,4.724053,3.071007,0.5749613
-2.074302,1.176401,-0.001762284,2.972034,2.923419,0.6247968
-2.834176,1.205748,-0.0006978019,2.972322,2.97237,0.6749404
-2.077708,1.189409,-0.004639422,2.972022,2.923432,0.6748341
-2.83305,1.205282,-0.006412826,2.972315,2.972377,0.7249522
-2.073816,1.171355,-0.004449695,2.971998,2.923444,0.774866
-2.077397,1.18988,-0.002664229,2.972012,2.923432,0.7248656
-0.1905972,-1.700777,0.01323434,4.724056,3.070967,0.6749725
-0.1798969,-2.04083,-0.1927765,4.727557,3.019628,0.6249763
-0.3867222,-1.521179,-0.03312444,4.77304,3.070131,0.6248656
-0.5249462,-1.711917,-0.02608024,4.777887,3.017721,0.6748215
-0.1936851,-1.712174,-0.08414672,4.724063,3.070959,0.6249762
-0.1739043,-2.07593,-0.007147514,4.727519,3.019618,0.6749427
-0.3822421,-1.517602,-0.01991862,4.773003,3.070128,0.6748967
-0.1713572,-1.677079,-0.03109102,4.724048,3.070975,0.7249957
-0.5067422,-1.751621,-0.01246713,4.777854,3.01773,0.7248929
-0.1567142,-2.105769,0.01812454,4.727492,3.019629,0.7749544
-0.3755818,-1.540845,-0.0002483281,4.772983,3.07015,0.7749359
-0.1561341,-2.103111,-0.04247457,4.7275,3.019623,0.7249976
-0.3802756,-1.52735,-0.006394703,4.772992,3.070144,0.7249151
-0.1751935,-1.683767,0.02716461,4.724045,3.070983,0.774985
-2.071852,1.177546,-0.001810704,2.971985,2.923435,0.8248889
-2.832819,1.206746,-0.0003228851,2.972277,2.972393,0.8749664
-2.074952,1.19056,-0.004151112,2.971952,2.923432,0.8749038
-2.832504,1.206284,-0.005309372,2.972276,2.97238,0.9249742
-2.072075,1.173171,-0.003647517,2.971919,2.923405,0.974917
-2.075784,1.190254,-0.001918213,2.971938,2.923418,0.9249238
-0.1616535,-1.649382,0.03134015,4.724038,3.070992,0.8750194
-0.1491434,-2.08797,-0.009918644,4.727492,3.019627,0.8250077
-0.3744751,-1.519262,0.01723903,4.772993,3.070154,0.8249512
-0.4986592,-1.731214,0.01087794,4.777825,3.017734,0.8749041
-0.1634271,-1.666212,-0.01091434,4.724046,3.070985,0.8250103
-0.1485788,-2.07718,0.02847993,4.727484,3.019628,0.8749781
-0.3791856,-1.505991,0.01161479,4.772992,3.070135,0.8749729
-0.1674713,-1.662235,-0.008927585,4.723962,3.071171,0.9252563
-0.5052477,-1.732162,0.02254658,4.777833,3.017687,0.9249694
-0.1539801,-2.124002,0.0313183,4.727388,3.01977,0.9752069
-0.3516704,-1.566906,0.02885921,4.772965,3.069989,0.9750108
-0.1518599,-2.088814,-0.006295165,4.727427,3.019706,0.9251405
-0.3723013,-1.511502,0.03270559,4.772987,3.070092,0.9249884
-0.1690336,-1.688236,0.04240613,4.723464,3.072458,0.9765065
-2.071454,1.175994,-0.0005374697,2.971916,2.923377,1.024933
-2.832658,1.205315,0.0007685379,2.972278,2.972335,1.074978
-2.07429,1.187632,-0.002931435,2.971929,2.923355,1.074938
-2.832623,1.205462,-0.005081638,2.972289,2.972317,1.124984
-2.071458,1.172835,-0.0033555,2.971943,2.923325,1.174949
-2.07472,1.188744,-0.001344532,2.971943,2.923332,1.124956
-0.2559172,-1.572489,0.04552016,4.723404,3.073346,1.075779
-0.1825976,-2.084678,0.01224645,4.72738,3.01976,1.025252
-0.3710684,-1.607673,0.05621459,4.773047,3.069723,1.024985
-0.4774669,-1.773229,0.03163142,4.777808,3.017442,1.07495
-0.2510642,-1.586905,0.002963061,4.723927,3.071967,1.02598
-0.1893164,-2.097171,0.04391712,4.727317,3.01985,1.075106
-0.3703355,-1.603268,0.03809537,4.772982,3.069602,1.075023
-0.2373741,-1.549108,0.03478303,4.723317,3.073516,1.124544
-0.4781558,-1.763414,0.03397252,4.777783,3.017405,1.124993
-0.1858541,-2.086203,0.04480628,4.727229,3.019948,1.174975
-0.35995,-1.588879,0.03382855,4.772882,3.069567,1.175002
-0.1852527,-2.078656,0.02654639,4.727243,3.019943,1.125026
-0.3625484,-1.586117,0.04093433,4.772917,3.069569,1.124983
-0.2373133,-1.546952,0.04799673,4.723291,3.07351,1.175502
-2.070813,1.175806,-0.0002153562,2.971946,2.923317,1.224967
-2.832573,1.205434,0.001325867,2.972294,2.972311,1.274987
-2.074056,1.188855,-0.002574092,2.971945,2.923317,1.274967
-2.832227,1.205958,-0.004221305,2.972276,2.972329,1.324994
-2.071047,1.174469,-0.002351108,2.971921,2.923324,1.374979
-2.074299,1.189494,-0.0004743956,2.971929,2.923319,1.324984
-0.2349236,-1.543847,0.03529618,4.723289,3.073522,1.275484
-0.1861463,-2.062316,0.0233419,4.727229,3.019947,1.225007
-0.3565692,-1.579181,0.02971477,4.772876,3.06957,1.22496
-0.4934974,-1.755116,0.02931031,4.7778,3.017375,1.274954
-0.2306413,-1.542266,0.02112528,4.723287,3.073512,1.224489
-0.1900715,-2.06073,0.06566473,4.727237,3.019946,1.274973
-0.3660171,-1.582149,0.03149349,4.772885,3.069573,1.274992
-0.2523248,-1.567341,0.02630588,4.7233,3.07353,1.32448
-0.5082996,-1.731823,0.0405214,4.777858,3.017359,1.324998
-0.2193166,-2.010521,0.207003,4.727297,3.019964,1.374977
-0.3723777,-1.56834,0.05280698,4.772961,3.069596,1.375
-0.2116902,-2.04959,0.05323229,4.72726,3.019945,1.325007
-0.36744,-1.567402,0.04393372,4.772915,3.069578,1.324959
-0.2506767,-1.593328,0.09244188,4.723308,3.073542,1.375489
-2.07084,1.175181,0.0008562469,2.971934,2.923318,1.424993
-2.832643,1.205152,0.002323139,2.972299,2.972306,1.474997
-2.074226,1.188514,-0.001480482,2.971954,2.923307,1.474991
-2.832706,1.205091,-0.003438972,2.972305,2.972299,1.525003
-2.071205,1.174143,-0.0017278,2.971965,2.923302,1.575006
-2.074319,1.18856,0.0003099871,2.971963,2.9233,1.525008
-0.3567617,-1.503779,0.05368178,4.723294,3.073644,1.475499
-0.3423728,-2.331951,0.1944169,4.727244,3.020108,1.424988
-0.4040004,-1.594213,0.05810694,4.772981,3.069662,1.42496
-0.7449952,-1.776603,0.05741527,4.778048,3.017571,1.474981
-0.3286244,-1.516117,0.08023735,4.723302,3.073608,1.424478
-0.371501,-2.374586,0.08380628,4.727227,3.020149,1.475002
-0.4303158,-1.606561,0.05215567,4.772984,3.069705,1.475009
-0.365298,-1.525192,0.02529631,4.723293,3.073664,1.524481
-0.742107,-1.720041,0.03927892,4.778054,3.017593,1.525011
-0.4070068,-2.421331,0.06252738,4.727225,3.02017,1.575006
-0.4464021,-1.595151,0.034979,4.772997,3.069744,1.575022
-0.4055456,-2.326814,0.05448958,4.727224,3.020164,1.524992
-0.4293108,-1.585268,0.0395179,4.772988,3.069729,1.524971
-0.3817911,-1.525293,0.05533805,4.723294,3.073675,1.575505
-2.071083,1.174711,0.001312312,2.971957,2.923309,1.625022
-2.83281,1.205628,0.002982351,2.972282,2.972327,1.675006
-2.074782,1.189508,-0.0008117235,2.97194,2.923313,1.675017
-2.832885,1.205521,-0.002241357,2.97228,2.97233,1.725012
-2.071577,1.175344,-0.0004854964,2.971938,2.923322,1.775035
-2.074791,1.189614,0.001554982,2.971935,2.923318,1.725034
-0.3919362,-1.531527,0.03673658,4.723294,3.073682,1.67551
-0.4107225,-2.387247,0.006337511,4.727225,3.020172,1.624995
-0.4441094,-1.587042,0.01770982,4.772999,3.06975,1.624981
-0.8109682,-1.73864,0.02307644,4.778065,3.017605,1.675006
-0.3817807,-1.527325,0.0004711426,4.723294,3.07368,1.624486
-0.4239188,-2.428045,0.04516297,4.727226,3.020172,1.67501
-0.4583996,-1.59152,0.0208128,4.772997,3.069752,1.675033
-0.3935353,-1.535996,-0.002934729,4.723294,3.073683,1.724492
-0.8061091,-1.732827,0.01359764,4.778065,3.017606,1.725037
-0.4266789,-2.439639,0.02909296,4.727226,3.020173,1.775015
-0.4573865,-1.592593,0.01279473,4.773004,3.069757,1.775049
-0.4235026,-2.421007,0.001638866,4.727226,3.020172,1.725
-0.4566676,-1.591106,0.01417141,4.772997,3.069753,1.724995
-0.3941613,-1.538282,0.03205461,4.723295,3.073685,1.775516
-2.072041,1.173803,0.002673489,2.971926,2.923324,1.825052
-2.833508,1.205268,0.004384425,2.972274,2.972333,1.875016
-2.075749,1.188618,0.0005209896,2.971928,2.923316,1.875045
-2.834064,1.20422,-0.001327358,2.972296,2.972313,1.925024
-2.072829,1.174736,0.0003886494,2.971969,2.923301,1.97507
-2.075824,1.187508,0.00256643,2.971949,2.923312,1.925064
-0.395908,-1.538341,0.01996927,4.723294,3.073686,1.875521
-0.4256954,-2.42743,-0.009695351,4.727226,3.020174,1.825004
-0.4560733,-1.591432,0.004596431,4.773002,3.069756,1.825008
-0.8154846,-1.736832,0.004209168,4.778066,3.017606,1.875037
-0.3925897,-1.537655,-0.01494932,4.723295,3.073685,1.824497
-0.4291481,-2.435137,0.0183481,4.727226,3.020173,1.875019
-0.4612975,-1.59265,0.00312392,4.772998,3.069757,1.875062
-0.3941003,-1.539734,-0.01465827,4.723294,3.073686,1.924504
-0.8124495,-1.733782,0.002173209,4.778062,3.017609,1.92507
-0.4287025,-2.44022,0.01637075,4.727225,3.020174,1.975025
-0.4591761,-1.593619,0.002171168,4.772999,3.069759,1.975082
-0.4267496,-2.423364,-0.01234522,4.727225,3.020174,1.92501
-0.4597173,-1.59281,0.003278305,4.772995,3.069755,1.925025
-0.3947177,-1.540676,0.0212162,4.723294,3.073688,1.97553
-2.073,1.172656,0.003459931,2.971972,2.923301,2.02509
-2.834121,1.204907,0.004980857,2.972309,2.972297,2.075031
-2.076972,1.189575,0.001463356,2.971974,2.923293,2.075086
-2.834461,1.205198,7.634714e-05,2.972306,2.972302,2.125039
-2.073612,1.177832,0.00174421,2.971966,2.923302,2.175126
-2.076597,1.190376,0.003890425,2.971969,2.923301,2.125109
-0.3968909,-1.539809,0.01360042,4.723292,3.073686,2.07554
-0.4268677,-2.427465,-0.01771855,4.727224,3.020175,2.025017
-0.4573956,-1.590731,-0.002685919,4.772993,3.069755,2.025045
-0.8161952,-1.735939,-0.001793572,4.778057,3.017605,2.075081
-0.3935149,-1.539159,-0.0229478,4.723293,3.073687,2.024512
-0.4295666,-2.436334,0.01200799,4.727224,3.020174,2.075033
-0.4616031,-1.59224,-0.003896412,4.772988,3.069753,2.075102
-0.3939049,-1.54358,-0.02117571,4.723291,3.073682,2.124525
-0.8128928,-1.733715,-0.00317864,4.778047,3.017607,2.12512
-0.428619,-2.441977,0.01107377,4.727221,3.020172,2.175043
-0.4574697,-1.594417,-0.003516527,4.772981,3.069742,2.175131
-0.4272013,-2.427435,-0.01894037,4.727222,3.020173,2.125026
-0.4592192,-1.593709,-0.003249694,4.772979,3.069746,2.125071
-0.3945499,-1.544115,0.01505831,4.723291,3.073676,2.175552
-2.075483,1.171438,0.004508472,2.971957,2.923317,2.225152
-2.834443,1.204884,0.006352959,2.972281,2.972328,2.275056
-2.079448,1.190599,0.002480345,2.971943,2.923311,2.275154
-2.835895,1.205604,0.0008906971,2.972271,2.972337,2.325069
-2.076965,1.177479,0.001942689,2.97194,2.923307,2.375228
-2.080216,1.190001,0.005008755,2.971927,2.92332,2.325188
-2.078269,1.170134,0.004088214,2.971952,2.923316,2.425273
-2.835247,1.204863,0.001863472,2.972294,2.972313,2.47511
-2.084123,1.193685,0.001558298,2.971971,2.923289,2.475303
-2.835363,1.212907,-0.001773673,2.972308,2.972298,2.525141
-2.076026,1.187078,-0.00158269,2.972007,2.923263,2.575504
-2.084276,1.206828,0.003480252,2.97198,2.923291,2.52538
-2.09045,1.166087,-0.006343022,2.972004,2.923289,2.625641
-2.83445,1.200819,-0.005842876,2.972319,2.97229,2.675308
-2.095372,1.192557,-0.009062882,2.972041,2.923262,2.675822
-2.824925,1.225007,-0.01217432,2.972334,2.972303,2.725434
-2.083702,1.181106,-0.02803432,2.972185,2.923308,2.776663
-2.082403,1.213556,-0.01080785,2.972067,2.923308,2.726124
-0.7117582,0.02240961,-0.03900351,3.324447,0.120619,2.927825
-0.6998118,-0.01893307,0.02714074,3.374997,0.1678812,2.932006
-0.7208484,-0.002456006,0.00586489,3.374752,0.1226133,2.977534
-0.7180906,0.02602681,-0.007816545,3.324425,0.1726381,2.97945
-0.7595731,0.01260221,0.0226047,3.375187,0.1211652,2.9269
-0.676952,0.03007741,-0.04128623,3.325016,0.1671679,2.932735
-0.7020031,0.00137415,0.002726885,3.325018,0.1219917,2.978141
-0.7371664,0.01298849,-0.03660787,3.524527,0.1219226,2.92534
-0.7188322,-0.0232551,0.03138278,3.574978,0.169872,2.92998
-0.7103241,-0.0006705179,-0.003856893,3.587517,0.1106645,2.989435
-0.7280733,0.04693291,-0.001528919,3.524519,0.1750215,2.978096
-0.7791516,0.00135495,-0.01221543,3.575502,0.1219519,2.925241
-0.6807975,0.04290594,-0.05789842,3.52506,0.1697983,2.930061
-0.6885067,0.001734488,-0.001363127,3.512495,0.1106461,2.989457
-0.7634171,0.005871453,-0.03158398,3.724486,0.121914,2.925332
-0.7443369,-0.01924848,0.02597773,3.774909,0.1695379,2.930347
-0.6947775,-0.01039372,0.009798198,3.78747,0.1105384,2.989578
-0.7344322,0.03938023,0.00415548,3.724467,0.1750064,2.978095
-0.801907,-0.005575403,-0.00841301,3.775496,0.1217988,2.925693
-0.6903806,0.04790206,-0.06218508,3.724994,0.1698008,2.930093
-0.705524,-6.124158e-05,0.001965733,3.712479,0.1106571,2.989443
-0.7193074,0.006628591,-0.02459042,3.875759,0.1211062,2.927069
-0.7266748,-0.03067902,0.06179419,3.824969,0.1688561,2.931044
-0.6500023,-0.004838203,0.007244641,3.812622,0.1103267,2.989798
-0.709907,0.02862098,-0.009183214,3.875792,0.1734037,2.978948
-0.7630836,-0.005440171,0.07081241,3.824902,0.1213162,2.926735
-0.6824825,0.02418147,-0.02162734,3.874955,0.167787,2.932139
-0.6929601,0.002455379,-0.001699423,3.875221,0.1225563,2.977598
-0.7711992,0.011362,-0.04233346,3.924409,0.1204664,2.928295
-0.7446145,-0.02089209,0.0256373,3.974946,0.166299,2.933635
-0.7613337,0.0001242003,0.003696605,3.974925,0.1214723,2.978688
-0.7617478,0.03749029,-0.006505331,3.924411,0.172206,2.979598
-0.8094006,-0.0009864125,0.0047689,3.975474,0.1202332,2.928995
-0.7043329,0.02740366,-0.04291488,3.924913,0.1667892,2.933148
-0.7225602,-7.879474e-05,0.001786834,3.924842,0.1218124,2.978334
-0.7200338,-0.000872135,-0.01487142,4.075537,0.1201265,2.92933
-0.7118613,-0.03862952,0.08006189,4.024962,0.1660955,2.933847
-0.7146922,0.0007140867,0.01062572,4.024948,0.1213623,2.978806
-0.7257662,0.02583214,-0.003282209,4.075552,0.1712158,2.979946
-0.7591573,-0.0123589,0.05541473,4.024434,0.120152,2.929258
-0.6765815,0.02431444,-0.01361567,4.075013,0.1660551,2.933906
-0.7006121,0.003217376,0.01058278,4.07502,0.1213337,2.978832
-0.7704399,0.01269584,-0.04279646,4.124487,0.1201444,2.929267
-0.7452579,-0.02366601,0.02724501,4.175064,0.1662658,2.933671
-0.7613551,2.757565e-05,0.001720531,4.175109,0.1214633,2.978698
-0.7736591,0.0237511,0.0009060457,4.124475,0.1712745,2.979928
-0.8094766,0.004275349,0.01905748,4.175602,0.1202263,2.929011
-0.7153222,0.0289034,-0.04720575,4.125011,0.1661029,2.933857
-0.7428244,0.001329568,0.0002036788,4.12501,0.1213581,2.978806
-0.7499597,0.006354051,-0.04872171,4.324045,0.1211321,2.927218
-0.7245617,-0.002579835,0.002553085,4.374995,0.1684693,2.931429
-0.7624531,-0.003102239,0.008962307,4.388847,0.1098168,2.990313
-0.74679,0.04350982,-0.006940919,4.324024,0.173238,2.978903
-0.7872345,-0.006531287,-0.003350891,4.375958,0.1211329,2.927212
-0.6990493,0.02284263,-0.03640353,4.325008,0.1684718,2.931434
-0.6949116,-0.0007686958,0.005295747,4.311154,0.1098159,2.990314
-0.6988742,-0.0003146047,-0.004430924,4.675209,0.1211039,2.927052
-0.7021518,-0.04464438,0.08457034,4.625066,0.1668525,2.933067
-0.700234,0.003068869,0.006929278,4.625101,0.1218332,2.978312
-0.6844245,0.02944049,-0.007874791,4.675211,0.1733827,2.97893
-0.7457442,-0.01213197,0.06521891,4.624501,0.1204966,2.928235
-0.6599616,0.01653917,-0.003586868,4.675031,0.1677631,2.932167
-0.6773522,0.009355653,0.00764363,4.674784,0.1225483,2.977591
-0.7370187,0.008575252,-0.04723252,4.72404,0.1213016,2.926706
-0.7107693,-0.03376769,0.02906578,4.775024,0.1695045,2.930376
-0.7105025,-0.001530761,-0.003477255,4.787544,0.1106156,2.989492
-0.7180879,0.03582099,-0.001934059,4.724008,0.1736948,2.978715
-0.7704452,-0.006764283,-0.009909896,4.775478,0.1217854,2.9257
-0.6786619,0.01921482,-0.04069928,4.725063,0.1689039,2.931013
-0.6894254,0.004423402,-0.005651044,4.71118,0.1098661,2.990253
-2.215051,1.094623,-0.04417146,2.972339,2.923497,2.827387
-2.875966,1.199938,-0.0700824,2.972604,2.972598,2.876544
-2.211627,1.119333,-0.04242617,2.972827,2.92374,2.878614
-2.895078,1.199314,-0.08919399,2.973238,2.973207,2.927631
-1.914753,1.015302,0.008919508,2.974382,2.921386,2.978643
-2.170421,1.380169,-0.06314589,2.97376,2.924631,2.930364
-1.273146,0.01459126,0.004580385,3.924991,2.930278,2.93023
-1.34928,0.003593252,0.007950294,3.975537,2.978381,2.924204
-1.349888,0.01541114,0.005735395,3.975544,2.92429,2.978351
-1.324652,0.009566858,0.008350453,3.911065,2.989826,2.989828
-1.284176,0.02172678,0.01442415,3.974958,2.930186,2.930127
-1.368341,0.00407083,0.001425118,3.924019,2.978648,2.924409
-1.365995,0.0114352,0.007340736,3.924012,2.924493,2.978618
-1.259595,0.0002588759,-0.02851378,4.074956,2.930904,2.930904
-1.321912,-0.001634313,-0.02205381,4.024375,2.97844,2.92442
-1.327853,-0.01381502,-0.0005740972,4.024379,2.924482,2.978423
-1.406673,0.001488414,-0.0005918625,4.088825,2.99014,2.990189
-1.269364,0.0004485089,-0.01296709,4.024954,2.930351,2.930308
-1.314628,0.001202086,-0.02784656,4.075918,2.978941,2.925359
-1.335411,-0.01016483,0.0007924312,4.075961,2.925354,2.97893
-1.270306,0.02682561,-0.0168874,4.124963,2.931963,2.93198
-1.307072,0.006936501,0.02075102,4.175634,2.979575,2.926619
-1.350001,0.04115023,0.003105007,4.1757,2.926434,2.979622
-1.398446,0.0058011,0.0006131567,4.125266,2.977367,2.97742
-1.276583,0.04618846,0.008553571,4.174981,2.932703,2.932717
-1.329647,-0.003878223,0.004373385,4.124832,2.979107,2.92559
-1.357642,0.02888346,-0.001158515,4.124875,2.925506,2.979112
-1.270489,0.04523728,-0.0697487,4.275003,2.931969,2.932063
-1.278037,0.01001162,-0.01018523,4.224209,2.97957,2.926678
-1.335123,0.01570509,0.01629527,4.224281,2.926454,2.97963
-1.339471,0.01057499,-0.0100128,4.274688,2.97739,2.977485
-1.269858,0.03630358,-0.03229527,4.22498,2.932708,2.932741
-1.253182,0.0085696,-0.03923998,4.274838,2.979023,2.926028
-1.337778,0.01390475,0.02204153,4.275107,2.925601,2.979146
-1.280723,0.1019363,-0.08053012,4.32501,2.931013,2.931144
-1.143576,0.0668429,0.02362226,4.375612,2.978676,2.926116
-1.343033,0.1864853,0.02055154,4.376178,2.925475,2.978911
-1.343298,0.01984687,-0.001993661,4.311146,2.990182,2.990239
-1.282647,0.1792291,-0.04667522,4.37512,2.930727,2.930903
-1.232077,0.008073122,-0.03244971,4.323673,2.97889,2.926196
-1.353208,0.08085298,0.02233201,4.324079,2.925653,2.979053
-1.600715,0.4235277,-0.07491437,4.525581,2.929784,2.930124
-0.1988185,0.2108064,0.09942409,4.576115,2.977087,2.927326
-1.679796,-0.1228929,0.3270703,4.57598,2.924012,2.978285
-0.3367363,0.203513,-0.02523031,4.511142,2.990061,2.990095
-1.960328,0.4767617,-0.04610645,4.576162,2.928825,2.929659
-0.3632023,0.298205,0.006177446,4.523375,2.978221,2.926578
-1.435822,0.2406444,0.2192695,4.524162,2.924876,2.978714
-1.605853,-1.46542,-0.03332159,4.731456,2.918854,2.878542
-1.08866,-1.254145,-0.03991006,4.781127,2.918616,2.828766
-1.4574,-2.657321,0.05419111,4.720275,2.979575,2.812725
-1.138254,-1.567907,-0.04376249,4.780997,2.968286,2.87851
-1.618891,-1.445604,-0.1089387,4.732623,2.918002,2.827389
-1.089156,-1.299065,0.01461001,4.77999,2.919823,2.880107
-1.402027,-2.623307,-0.05414302,4.719951,2.979952,2.887962
-1.938537,-1.407689,-0.073963,4.678303,2.923992,2.929638
-0.07414151,-0.6288879,0.1638825,4.627955,2.976019,2.927413
-2.002009,-1.02832,0.3075967,4.625611,2.923339,2.978402
-1.587642,-2.055639,-0.02951247,4.678033,2.974055,2.97563
-2.207407,-0.02326872,0.06478666,4.627076,2.927161,2.929565
-1.839752,-2.316752,-0.09189353,4.680547,2.972596,2.925803
-1.896503,-1.686386,0.02239547,4.676873,2.920376,2.978081
-1.670409,-1.576545,-0.05993927,4.729121,2.92117,2.93031
-1.270769,-1.572306,-0.03709972,4.778736,2.970733,2.930229
-1.041263,-1.266888,0.05023838,4.778569,2.920636,2.97917
-1.015764,-2.633627,0.01034125,4.714024,2.985948,2.988037
-1.163481,-1.477009,0.01664089,4.777708,2.922208,2.931784
-1.382901,-2.658836,-0.09707332,4.719339,2.980565,2.912987
-1.586356,-1.508474,-0.004219836,4.72654,2.9202,2.979067
-0.1937666,-1.738006,-0.03897517,4.723478,3.073193,2.925928
-0.8406707,-1.66801,-0.0472665,4.775973,3.021508,2.929535
-0.42508,-2.432282,0.02452699,4.725847,3.021944,2.975518
-0.3937338,-1.372263,0.006579494,4.775894,3.074244,2.97816
-0.4975813,-2.472808,-0.05912757,4.727294,3.019478,2.925594
-0.4766489,-1.535236,-0.04735258,4.772893,3.072728,2.929435
-0.07239209,-1.819664,0.003725766,4.710696,3.086882,2.98955
-0.09268332,-1.602521,-0.004367972,4.723024,3.124354,2.926368
-0.2531911,-1.316609,-0.05080845,4.770749,3.174382,2.929566
-0.3041954,-1.363202,0.002889076,4.775423,3.12408,2.977969
-0.03141605,-1.356328,0.0006689814,4.710592,3.187483,2.989338
-0.2920635,-1.402508,-0.04530868,4.771387,3.123713,2.92948
-0.05677917,-1.365943,-0.03758469,4.722311,3.175163,2.925072
-0.04942201,-1.637508,0.0009752942,4.71066,3.112269,2.989426
2.86999,3.612829,0.1148647,2.978941,3.376456,2.926259
1.933996,3.477061,0.1156585,2.990285,3.31116,2.990175
1.779477,3.865997,-0.03787009,2.978859,3.32452,2.926321
-0.02357017,-1.167479,-0.02990441,4.72206,3.275403,2.924788
-0.1800364,-1.199944,-0.03531956,4.770517,3.224676,2.929579
-0.02867326,-1.296467,0.001694055,4.710586,3.21246,2.98933
-0.1065817,-1.1508,0.007942339,4.775119,3.275474,2.977981
-0.02877358,-1.25727,-0.02581066,4.722139,3.224295,2.924876
-0.1166506,-1.138953,-0.04506724,4.770409,3.274868,2.929598
-0.01296153,-1.178914,-0.002307688,4.710583,3.287514,2.989329
3.320318,2.86254,0.1922893,2.979022,3.425173,2.926415
2.880897,1.84023,0.1021994,2.978225,3.474917,2.978192
3.248545,2.250615,0.300723,2.979693,3.475884,2.927382
2.611315,1.042162,0.1405713,2.980146,3.624372,2.927891
2.359167,0.7748312,0.05988094,2.978816,3.675009,2.978632
2.396382,0.8254295,0.09041205,2.980228,3.675518,2.927866
2.141192,0.5595324,0.06762186,2.980195,3.775692,2.92788
2.145787,0.5358031,0.0593073,2.978831,3.725001,2.978633
2.166299,0.6076607,0.06132948,2.980238,3.724529,2.927865
-0.005087278,-0.7323344,-0.02044108,4.722038,3.675499,2.924563
-0.09571273,-0.7890568,0.01754152,4.770424,3.624985,2.929464
-0.007224067,-0.8075709,-0.001467645,4.710583,3.612481,2.989314
-0.02628037,-0.7383472,0.0002479161,4.775108,3.675509,2.977942
-0.02006984,-0.7726908,0.0216667,4.722045,3.624489,2.924593
-0.02453091,-0.7219577,-0.03164507,4.770436,3.675015,2.929452
-0.004229993,-0.7603433,0.002356261,4.710582,3.687516,2.989311
-0.006110791,-0.7279964,-0.01606407,4.72204,3.724493,2.924559
-0.08223151,-0.7093782,0.009844913,4.770435,3.77502,2.929434
-0.04746281,-0.7376141,-0.002584257,4.775113,3.724489,2.977941
-0.008241027,-0.7022769,-0.002402915,4.71058,3.787518,2.989308
-0.01336809,-0.7061614,-0.04567394,4.770439,3.724984,2.929444
-0.01356455,-0.7320751,-0.004983751,4.722049,3.775508,2.924563
-0.002973187,-0.7486078,-0.0009934838,4.710581,3.712481,2.98931
1.893216,0.3800082,0.04376857,2.98019,3.824327,2.927862
1.715473,0.3102869,0.06175948,2.978811,3.875017,2.978606
1.758792,0.3287586,0.06063899,2.980223,3.875503,2.927783
1.617612,0.2778564,0.07637375,2.980051,3.975736,2.927443
1.599334,0.1852431,0.06243627,2.978762,3.92503,2.978566
1.617636,0.2581209,0.06912311,2.980189,3.924539,2.927679
-0.006488186,-0.5731221,-0.01290554,4.722039,3.875508,2.924569
-0.1085038,-0.648687,0.03511769,4.770433,3.824984,2.929436
-0.008185006,-0.6567686,-0.0004815661,4.71058,3.812482,2.989308
-0.02638809,-0.591649,-0.001653312,4.77511,3.87551,2.977944
-0.0184995,-0.6566787,0.03785571,4.722049,3.824493,2.924564
-0.03621091,-0.5734893,-0.01252176,4.770432,3.875017,2.929452
-0.007781447,-0.6151846,0.004621108,4.710579,3.887519,2.989309
-0.006125879,-0.5795039,-0.01431311,4.722034,3.924499,2.924587
-0.06331865,-0.5707071,-0.0006499478,4.770365,3.975005,2.929514
-0.044641,-0.5959045,-0.003915428,4.775097,3.924489,2.977948
-0.01345464,-0.5738852,0.001534936,4.710578,3.987517,2.989317
-0.01066956,-0.5539509,-0.04240161,4.770415,3.924983,2.929473
-0.01937826,-0.5754735,-0.003403728,4.72203,3.9755,2.924646
-0.004445022,-0.5951009,0.0009947968,4.71058,3.912484,2.98931
1.380084,0.1959189,0.01451796,2.97979,4.024341,2.926793
1.28779,0.1679015,0.06060636,2.977509,4.074764,2.9774
1.286653,0.1552513,0.02152538,2.979198,4.07513,2.925603
1.228308,0.1357106,0.08398721,2.978444,4.175559,2.924484
1.262979,0.06654547,0.04585781,2.990175,4.11119,2.990145
1.230949,0.1184111,0.07550986,2.978973,4.12404,2.925352
-0.003534003,-0.443644,0.000478944,4.721867,4.075494,2.925115
-0.09478242,-0.5208386,0.02946909,4.770258,4.024949,2.929621
-0.01393686,-0.5038027,0.003978816,4.710572,4.012479,2.989323
-0.03996464,-0.4451579,0.006129109,4.774603,4.075514,2.978126
-0.02741424,-0.4976948,0.03479752,4.721994,4.024465,2.92476
-0.03246244,-0.4332423,-0.0123274,4.769989,4.074957,2.929885
-0.0190087,-0.4409653,0.01300451,4.710443,4.087471,2.989447
-0.6532465,0.0468389,0.01096621,3.150001,0.2461335,0.04525618
-0.6370652,0.01289903,0.002732481,3.048994,0.3525698,0.04268593
-0.6745925,0.03470828,0.01594392,3.151004,0.3525613,0.04268117
-0.6516932,0.03844758,-0.003585372,3.050019,0.2388273,0.1415746
-0.6708545,-0.003954822,0.009689161,3.149977,0.2388097,0.1415633
-0.6109788,0.02949659,-0.01203677,3.050185,0.3405444,0.1380408
-0.6204029,0.05529453,0.0160166,3.149809,0.3405143,0.1380253
-0.6800221,0.04270962,0.01035816,3.350001,0.2461266,0.04525166
-0.6677763,0.007271372,0.001900525,3.248995,0.3525549,0.0426777
-0.7008453,0.02698196,0.01517045,3.351004,0.3525495,0.04267524
-0.6800854,0.03528641,-0.002983742,3.25002,0.2387966,0.1415557
-0.695907,-0.007403159,0.01009538,3.349978,0.2387869,0.1415508
-0.6386335,0.0228771,-0.01053733,3.250187,0.3404906,0.1380136
-0.6463667,0.04856771,0.0174121,3.349809,0.3404691,0.1380041
-0.7014161,0.03937726,0.01010513,3.550001,0.2461234,0.04525046
-0.6930763,0.0006530843,0.001415978,3.448995,0.3525462,0.04267392
-0.7215232,0.01921309,0.01497358,3.551005,0.3525431,0.04267337
-0.7029149,0.03219309,-0.001753499,3.450021,0.2387806,0.1415482
-0.7152941,-0.01060517,0.01009218,3.549978,0.2387752,0.1415472
-0.6615021,0.01568608,-0.008911021,3.450189,0.3404555,0.1379991
-0.6657597,0.04150582,0.01842763,3.549809,0.3404423,0.1379957
-0.7148233,0.03480574,0.009424758,3.75,0.2461146,0.04524939
-0.7127026,-0.005965941,0.0004747298,3.648996,0.3525394,0.0426747
-0.7360047,0.01178592,0.01352738,3.751008,0.3525273,0.04268308
-0.7201427,0.028242,-0.001489165,3.650021,0.2387684,0.1415496
-0.7288625,-0.01392526,0.01042718,3.749975,0.2387549,0.1415617
-0.6777196,0.007567421,-0.008137932,3.65019,0.3404314,0.1379972
-0.6798005,0.03393543,0.01929631,3.74981,0.3404112,0.1380062
-0.7062548,0.004149529,0.001808641,4.550002,0.246119,0.04525292
-0.7320969,-0.01772973,-0.006961128,4.448992,0.3525265,0.04268366
-0.728729,0.004033076,0.005500997,4.551005,0.3525363,0.04267709
-0.7279403,0.01392133,-0.003228062,4.450025,0.2387533,0.1415627
-0.722639,-0.02820445,0.01160261,4.549979,0.2387624,0.141554
-0.6809128,-0.02792971,-0.01402465,4.45019,0.3404088,0.1380076
-0.6770228,-0.0005111229,0.01410625,4.54981,0.3404243,0.138002
-0.691583,-0.001702257,0.0004679094,4.750002,0.2461154,0.04524752
-0.7231884,-0.02141822,-0.008790054,4.648999,0.3525291,0.04268428
-0.7123854,0.0009093404,0.003436488,4.751005,0.3525216,0.04269313
-0.7168506,0.01082854,-0.002483888,4.650018,0.2387578,0.1415641
-0.7063669,-0.03110026,0.01184822,4.749979,0.2387528,0.1415769
-0.6694931,-0.03635379,-0.01543128,4.650192,0.3404206,0.1380114
-0.6646401,-0.009563388,0.01251597,4.749811,0.3404202,0.1380249
-0.6724316,-0.004769314,-0.0001563729,4.950004,0.2461201,0.04525487
-0.7074065,-0.02658861,-0.009405242,4.848996,0.3525242,0.04269467
-0.6924074,-0.003263501,0.002237372,4.951002,0.3525374,0.04269038
-0.6993838,0.009171985,-0.00217091,4.850023,0.2387587,0.1415821
-0.6860348,-0.03369394,0.01212843,4.949984,0.2387777,0.1415829
-0.6532135,-0.04256212,-0.01530164,4.85019,0.3404312,0.13803
-0.6471312,-0.01546455,0.01292771,4.949811,0.3404596,0.1380312
-0.8532248,-0.9350305,-0.01940193,4.954425,2.845489,0.04156101
-0.9804751,-1.24959,-0.06541951,4.85192,2.947416,0.04474152
-0.7604179,-1.107765,-0.02131455,4.955663,2.949519,0.04227007
-1.024386,-0.9178925,0.07489238,4.85154,2.848555,0.1384014
-0.8791973,-0.9666855,0.1297581,4.950548,2.849288,0.1356049
-0.9932033,-1.330887,0.01216044,4.852201,2.947357,0.141582
-0.8343546,-1.114539,0.09093117,4.9504,2.948966,0.1375399
-1.785865,-0.1660997,0.1007184,4.552293,2.854417,0.2463379
-1.030169,0.2385408,0.03390367,4.448052,2.953926,0.2499106
-0.3482295,0.1287924,0.1428935,4.576397,2.977731,0.2239668
-1.345636,-0.00972385,-0.0390608,4.451122,2.858608,0.3478778
-1.773668,-0.1435521,-0.08325891,4.552571,2.855118,0.348004
-1.04053,0.2684257,-0.03924688,4.444833,2.955097,0.3510708
-0.1478222,0.394301,0.1855957,4.577009,2.977863,0.3749636
-1.893245,-0.1828182,-0.04400753,4.552742,2.855307,0.4487232
-1.07928,0.2646766,0.01738117,4.444341,2.955413,0.4489947
-0.2556487,0.1648107,0.3043999,4.576961,2.977869,0.4249671
-1.432957,-0.01055337,0.02511857,4.451213,2.859628,0.549117
-1.893158,-0.1787904,0.06630764,4.552746,2.855554,0.5491432
-1.07112,0.2692695,0.01321563,4.444146,2.955618,0.5509001
-0.3091079,0.1327803,-0.2326962,4.576942,2.977882,0.5750019
-0.8747833,-0.9297142,-0.08335894,4.953085,2.846084,0.4441442
-0.9953061,-1.305314,0.03480073,4.854518,2.94407,0.4477491
-0.8102646,-1.114003,-0.04079577,4.952324,2.945713,0.4456608
-0.9872642,-0.9108033,0.08587798,4.854792,2.845265,0.5470942
-0.8692387,-0.9301438,0.1214725,4.953118,2.846025,0.545418
-0.9927019,-1.323173,-0.01358606,4.85456,2.943987,0.5482557
-0.8123493,-1.119979,0.07057222,4.95233,2.945481,0.5466633
-1.814849,-0.1182721,0.08704053,4.552814,2.855609,0.6493667
-1.0348,0.2742751,0.0699431,4.444134,2.955666,0.6489456
-0.1064683,0.442677,-0.03823088,4.576958,2.977882,0.6249868
-1.415515,0.01090966,0.00284281,4.451235,2.859907,0.7495271
-1.864557,-0.1377801,0.002223962,4.552791,2.855732,0.7495243
-1.007419,0.2774379,0.01549276,4.444125,2.955704,0.7509362
-0.08595504,0.2155146,0.06112885,4.576946,2.977892,0.775001
-1.86499,-0.1395521,0.01727344,4.552815,2.855736,0.8496367
-0.9994465,0.279361,0.02925055,4.444123,2.955711,0.8489735
-0.06400159,0.274156,0.1054278,4.576944,2.977892,0.8249883
-1.400298,0.01835337,-0.006205268,4.451241,2.859985,0.949722
-1.870944,-0.1404649,-0.0005621816,4.552797,2.85578,0.9497173
-0.9968339,0.2834439,-0.01821176,4.444123,2.955721,0.9509587
-0.07348607,0.2602475,-0.1213498,4.576937,2.977894,0.9750019
-0.8864507,-0.9285388,-0.1434135,4.954115,2.845275,1.449895
-1.039477,-1.276447,0.02249555,4.855007,2.943562,1.44999
-0.833551,-1.088073,-0.08642375,4.953357,2.944901,1.449924
-1.016059,-0.8891061,-0.03314724,4.855452,2.844644,1.550064
-0.8689926,-0.9343195,-0.03228696,4.954228,2.845164,1.550083
-0.9984909,-1.277473,-0.01160681,4.855094,2.943521,1.550044
-0.8289271,-1.097648,-0.02028022,4.953494,2.944849,1.550087
-0.8650779,-0.9167825,-0.0372143,4.954282,2.845119,1.650318
-1.040593,-1.233027,-0.002056681,4.85513,2.943505,1.650112
-0.8404971,-1.059101,-0.02023935,4.953557,2.944821,1.650205
-1.031768,-0.8808736,-0.007086152,4.855503,2.844579,1.750337
-0.8616716,-0.9145576,-0.0120934,4.954318,2.845087,1.750524
-1.040777,-1.224879,0.005194975,4.855145,2.943498,1.750194
-0.8439421,-1.056025,-0.004248779,4.953588,2.944815,1.750395
-0.8627473,-0.9139421,-0.00890007,4.954289,2.845108,1.850798
-1.047172,-1.214808,-0.000523007,4.855142,2.943498,1.850285
-0.8458128,-1.047618,-0.005065344,4.95357,2.944809,1.850548
-1.034488,-0.8906518,-0.003218961,4.855479,2.844575,1.950686
-0.86232,-0.9144815,-0.004521013,4.954287,2.845091,1.951073
-1.04844,-1.213684,0.000715998,4.855129,2.943498,1.950397
-0.8469182,-1.046082,-0.0007968931,4.953555,2.944824,1.950792
-0.863193,-0.9123624,-0.004049473,4.954191,2.845153,2.051447
-1.049841,-1.211036,-0.004177145,4.855102,2.943504,2.050528
-0.8472281,-1.044987,-0.003787019,4.953476,2.944824,2.051021
-1.038118,-0.8803076,-0.001136669,4.85539,2.844594,2.1512
-0.8630255,-0.9133747,-0.001898103,4.954155,2.84514,2.151877
-1.049754,-1.2104,0.0001574373,4.855064,2.943506,2.1507
-0.8474921,-1.044164,-0.0007538846,4.953416,2.944858,2.151386
-0.8621768,-0.9138132,-0.003818857,4.953971,2.845261,2.252469
-1.048761,-1.209644,-0.004838129,4.855003,2.94352,2.250921
-0.8461662,-1.043708,-0.004904999,4.953258,2.944873,2.251786
-1.035522,-0.8851896,-0.002683381,4.855202,2.844657,2.352086
-0.8617387,-0.9159328,-0.002267763,4.95388,2.845285,2.353239
-1.046696,-1.210649,-0.004081967,4.854927,2.943537,2.351234
-0.8445499,-1.044998,-0.002394811,4.953136,2.944966,2.352423
-0.8626662,-0.9152749,-0.00332701,4.953544,2.845565,2.454328
-1.045646,-1.209897,-0.01090888,4.854813,2.943602,2.451677
-0.8441574,-1.046892,-0.006217825,4.952858,2.945072,2.453233
-1.038254,-0.8765464,0.0002534687,4.85478,2.844941,2.553883
-0.8633498,-0.9207895,-0.0007696541,4.953307,2.845792,2.555894
-1.042928,-1.212198,-0.01051046,4.854661,2.943736,2.552369
-0.8404022,-1.050224,-0.003458458,4.952631,2.945399,2.554545
-0.8617076,-0.9280748,-0.002204898,4.952606,2.846585,2.658178
-1.029838,-1.215763,-0.01832449,4.854409,2.944083,2.653456
-0.8288928,-1.052079,-0.01224255,4.952133,2.945939,2.656431
-1.058444,-0.865557,-0.01064643,4.853453,2.846228,2.758053
-0.8690256,-0.9409482,-0.001571986,4.951898,2.847478,2.761035
-1.008848,-1.230184,-0.04045458,4.853931,2.944876,2.755286
-0.8232861,-1.05744,-0.005863838,4.951557,2.947056,2.759181
-0.6717206,-3.976049e-07,-0.01224562,3.149989,0.2402811,2.85693
-0.6084736,0.02810772,0.01364175,3.050196,0.3418221,2.861277
-0.6168143,0.05552131,-0.01544373,3.149798,0.341651,2.86137
-0.6397724,0.009825257,-0.003664434,3.049993,0.2491552,2.953674
-0.6586974,0.0471526,-0.01210677,3.150072,0.248657,2.953877
-0.6357086,0.01252136,-0.003044693,3.048997,0.3541254,2.957034
-0.6751884,0.0382732,-0.01737681,3.151009,0.3539084,2.957075
-0.6874704,-0.02826769,-0.0156076,4.949982,0.2401404,2.857074
-0.6532616,-0.04311478,0.01494111,4.8502,0.3415606,2.861404
-0.6474048,-0.01482079,-0.01395611,4.949797,0.3414393,2.861474
-0.6942901,-0.02764536,0.008776856,4.849998,0.2489774,2.953747
-0.6772851,0.0008770734,-0.001228852,4.950059,0.2485381,2.953934
-0.7050575,-0.03316912,0.01038826,4.848995,0.3539246,2.957077
-0.6907886,-0.003657928,-0.001984822,4.951005,0.3537351,2.95711
-0.2530424,-0.8552648,-0.01459683,4.947951,3.449927,2.860832
-0.1161337,-0.8357146,-0.01504303,4.845603,3.550024,2.856192
-0.202446,-0.8102354,-0.04583992,4.948151,3.550044,2.860782
-0.1443932,-0.8647198,0.01029582,4.850019,3.449993,2.953452
-0.2180633,-0.8682289,0.0118616,4.955423,3.448982,2.956925
-0.1111618,-0.8099279,0.008870384,4.850038,3.55001,2.953432
-0.1673424,-0.8149085,0.01334396,4.955453,3.55101,2.956917
-0.6406916,0.00324348,-0.003911537,2.97502,0.1212867,0.02111766
-0.6515107,-0.006760324,-0.01384238,2.97501,0.1659137,0.06596311
-0.7137417,0.008222025,-0.000335956,2.97554,0.1200788,0.07052208
-0.6337978,0.002391509,0.01313444,3.075541,0.1200775,0.07052068
-0.6161993,0.004099749,-0.007609795,3.02498,0.1212862,0.02111722
-0.6349206,0.03216155,0.003099237,3.075551,0.1710802,0.02001519
-0.6328177,-0.03442216,-0.07719241,3.024989,0.1659101,0.06596003
-0.6742477,-0.00820015,-0.04872487,3.024459,0.1200776,0.07052108
-0.5991051,0.03101756,0.01437087,3.075012,0.1659143,0.06596042
-0.606008,0.005011557,-0.008894192,3.07502,0.1212856,0.02111704
-0.6927139,0.01712744,0.04578376,3.124459,0.1200768,0.07052017
-0.6761901,0.002773592,-0.004445995,3.17502,0.1212855,0.02111656
-0.6970606,0.03533244,0.001305076,3.124449,0.1710796,0.02001468
-0.6808168,-0.01032914,-0.01840367,3.17501,0.165903,0.06595448
-0.7453645,0.007394482,-0.004688733,3.17554,0.1200756,0.07051931
-0.6430422,0.03538803,0.04490336,3.124987,0.1659122,0.06595876
-0.6507821,0.001847212,-0.004149624,3.12498,0.1212854,0.02111683
-0.6641552,0.001796047,0.01336025,3.275541,0.120076,0.07051947
-0.6455361,0.003725481,-0.008845013,3.22498,0.1212854,0.02111649
-0.666491,0.03350623,0.003869641,3.275551,0.1710787,0.02001402
-0.6601052,-0.0343584,-0.07813491,3.22499,0.1659021,0.06595382
-0.7033328,-0.009042806,-0.05140264,3.224459,0.1200753,0.07051913
-0.625227,0.03023749,0.01432661,3.275012,0.1659087,0.06595626
-0.634117,0.005090479,-0.01029635,3.27502,0.1212851,0.02111659
-0.7215539,0.01622397,0.04574416,3.324459,0.1200759,0.07051941
-0.7053596,0.002263293,-0.004660009,3.37502,0.1212853,0.02111641
-0.7263838,0.03535366,0.0006098276,3.324449,0.1710786,0.02001396
-0.7045245,-0.01370395,-0.02180952,3.37501,0.1659003,0.06595273
-0.7709521,0.006381256,-0.007998164,3.37554,0.1200749,0.07051886
-0.6695859,0.03372668,0.04514318,3.324988,0.1659082,0.065956
-0.6810359,0.002188028,-0.003690168,3.32498,0.1212851,0.02111657
-0.6879646,0.001330465,0.01338236,3.475541,0.1200757,0.0705193
-0.6697829,0.003315619,-0.009683953,3.42498,0.1212853,0.0211164
-0.6913974,0.03381033,0.004198821,3.475551,0.1710785,0.02001387
-0.6815253,-0.03531167,-0.07839658,3.42499,0.1659001,0.06595263
-0.7266061,-0.00964807,-0.05316559,3.424459,0.1200749,0.07051884
-0.6455092,0.02899288,0.01478823,3.475012,0.1659073,0.06595554
-0.6575336,0.00521729,-0.01114652,3.47502,0.121285,0.02111654
-0.7440648,0.01537344,0.04492671,3.524459,0.1200757,0.0705193
-0.7285153,0.00183464,-0.004844715,3.57502,0.1212853,0.0211164
-0.7492258,0.0349806,1.65838e-05,3.524449,0.1710784,0.02001387
-0.7231122,-0.01667488,-0.02527176,3.57501,0.1658994,0.06595255
-0.7904871,0.00526412,-0.0110542,3.57554,0.1200748,0.07051883
-0.6892853,0.03261005,0.04625601,3.524988,0.1659071,0.06595552
-0.7053379,0.002327796,-0.003372841,3.52498,0.121285,0.02111654
-0.7055633,0.0007959944,0.01324471,3.675541,0.1200764,0.07051959
-0.6887016,0.002856867,-0.01035016,3.62498,0.1212853,0.02111639
-0.7097952,0.03327876,0.004352238,3.675551,0.171078,0.02001369
-0.6977241,-0.03608151,-0.07918899,3.62499,0.1658991,0.06595281
-0.7441094,-0.01045539,-0.05485024,3.62446,0.1200748,0.0705189
-0.6608129,0.02767478,0.01477087,3.675012,0.165906,0.06595676
-0.6755466,0.005104504,-0.01169099,3.67502,0.1212851,0.02111641
-0.7604826,0.01430708,0.04424284,3.724462,0.1200814,0.0705186
-0.7453526,0.001228062,-0.004915852,3.77502,0.1212889,0.02111218
-0.7655215,0.0343361,-0.0002629933,3.724447,0.1710785,0.02001098
-0.7362277,-0.01950643,-0.02734425,3.77501,0.1659049,0.06595791
-0.8043538,0.004155131,-0.01285303,3.775543,0.1200895,0.07051598
-0.7032836,0.03201914,0.04681741,3.724987,0.1659051,0.06595998
-0.7234336,0.002077217,-0.003123753,3.72498,0.1212863,0.02111489
-0.7107015,-0.003331796,0.01699346,4.475538,0.1200814,0.07051865
-0.7114127,-0.003156624,-0.00777069,4.42498,0.1212888,0.02111217
-0.7185313,0.01810865,-0.001392521,4.475553,0.1710784,0.02001102
-0.7096257,-0.03718719,-0.07691842,4.42499,0.1659048,0.06595798
-0.7556426,-0.01619591,-0.05299475,4.424457,0.1200895,0.07051601
-0.6711301,0.02276035,0.01593923,4.475013,0.1659049,0.06596016
-0.6942073,-0.002340051,-0.007190016,4.47502,0.1212863,0.0211149
-0.7583353,0.007951868,0.04747227,4.524459,0.1200764,0.07051971
-0.7477752,-0.003135355,-0.003901691,4.57502,0.1212854,0.02111628
-0.762185,0.0229333,0.002710388,4.524449,0.1710779,0.02001375
-0.7285567,-0.01842595,-0.02020764,4.57501,0.1658982,0.06595424
-0.7971,-0.003208463,-0.01195226,4.575541,0.1200756,0.07051923
-0.7043528,0.02513481,0.04139312,4.524988,0.1659056,0.06595722
-0.7300271,-0.003233458,-0.003024456,4.52498,0.1212852,0.02111642
-0.6963715,-0.004544411,0.01620411,4.675543,0.1200904,0.07051657
-0.7031138,-0.004533933,-0.007270323,4.62498,0.1212866,0.02111476
-0.7051751,0.01607703,-0.001865012,4.67555,0.1710806,0.02000615
-0.6979683,-0.03845518,-0.07584544,4.624989,0.1658976,0.06595726
-0.744174,-0.01748041,-0.05250938,4.624462,0.1200806,0.07051818
-0.6585561,0.02123804,0.01496334,4.675013,0.1659125,0.06596133
-0.6836788,-0.004020479,-0.00636285,4.67502,0.1212886,0.02111234
-0.7424616,0.006709086,0.04856536,4.724458,0.120092,0.07051651
-0.7346524,-0.003835217,-0.003461477,4.77502,0.1212892,0.02111194
-0.7467549,0.0211845,0.003240058,4.72445,0.1710809,0.02000551
-0.7129893,-0.01807064,-0.01713971,4.77501,0.1659085,0.06595825
-0.7814698,-0.004112398,-0.01059906,4.775542,0.1200915,0.0705161
-0.6892152,0.02393104,0.04066345,4.724988,0.1659153,0.06596119
-0.716896,-0.004522645,-0.003282573,4.72498,0.1212889,0.02111211
-0.677297,-0.004971452,0.01497352,4.875542,0.1200922,0.07051665
-0.6899142,-0.005634162,-0.006664227,4.82498,0.1212892,0.02111195
-0.686993,0.0138647,-0.002942872,4.87555,0.1710811,0.02000564
-0.6820899,-0.0404495,-0.07486616,4.82499,0.1659087,0.06595841
-0.7276081,-0.01813211,-0.05205734,4.824458,0.1200916,0.07051613
-0.6417484,0.01934993,0.01454914,4.875013,0.1659162,0.06596188
-0.6685521,-0.005333375,-0.005894325,4.87502,0.121289,0.02111215
-2.406211,0.4494931,0.03531443,3.036566,2.965167,0.03385198
-2.629659,0.5224161,-0.01297986,3.011274,2.962524,0.01018828
-2.553231,0.127598,-0.01252634,3.037056,2.988837,0.01092417
-2.980812,0.1445071,0.07244568,3.011084,2.987231,0.03639502
-2.678428,0.6074716,0.02671434,3.011143,2.963389,0.03410933
-2.553934,0.1310063,0.02047914,3.037053,2.98891,0.03585098
-2.406378,0.4058411,-0.002505314,3.037349,2.963147,0.01009314
-1.227337,0.04750603,0.05384466,4.275008,2.929854,0.07011788
-1.338931,0.01760379,-0.006764439,4.22439,2.924115,0.02172289
-1.275127,0.001300993,0.01020081,4.287513,2.989337,0.01058445
-1.316164,-0.008961355,0.01529512,4.224318,2.978263,0.07582897
-1.237448,0.03318517,0.0341612,4.225035,2.930006,0.07001095
-1.303099,-0.004358871,0.03003598,4.275194,2.978173,0.0757035
-1.342085,0.02123004,-0.01535238,4.275468,2.923924,0.02169748
-1.231717,0.1075707,0.05924871,4.325019,2.929768,0.07015865
-1.351211,0.1607901,-0.03876486,4.375634,2.923917,0.02176866
-1.268616,0.005387091,0.01136016,4.31248,2.989336,0.01058423
-1.209624,0.0560703,-0.01986185,4.375055,2.977971,0.07526554
-1.25406,0.1659669,0.04685106,4.37504,2.929679,0.07019394
-1.284033,0.004869864,0.02370889,4.324116,2.978103,0.07552225
-1.357344,0.076282,-0.02844043,4.324547,2.923883,0.02171012
-1.36687,0.3404103,0.1472931,4.47524,2.92942,0.07022058
-1.364323,0.2086536,-0.06369559,4.424386,2.923922,0.02177405
-0.664095,0.07515184,0.03842213,4.487532,2.98938,0.01064033
-1.065622,0.1232909,0.005670455,4.42387,2.97796,0.07532222
-1.284473,0.2160342,0.1014953,4.425098,2.929599,0.07020643
-0.7957507,0.2016945,0.06232901,4.474991,2.977896,0.07522048
-1.404819,0.2996859,-0.1025856,4.475506,2.923881,0.02172723
-0.5288255,0.5125455,-0.1644125,4.562791,2.967212,0.03271638
0.1898555,0.2217961,-0.1212887,4.588538,2.964439,0.009584831
-0.483536,0.1790569,0.05078902,4.562821,2.989533,0.01044884
0.4968988,0.03495989,0.1126846,4.588844,2.99032,0.03515523
-0.3467253,0.5244825,-0.3362506,4.588094,2.967373,0.03245759
-0.004013668,0.1031963,0.1966431,4.562578,2.990178,0.03537778
-0.332276,0.3293387,-0.05185906,4.562494,2.964331,0.009734439
-2.421289,1.736419,-0.006254196,2.988825,3.037059,0.01091326
-2.889296,1.559489,-0.03146921,2.987229,3.011062,0.03638811
-2.866793,1.750507,-0.05016326,2.988906,3.037051,0.03582875
-0.8258131,2.767395,0.04024559,2.98933,3.162505,0.01061006
-2.731796,3.32384,-0.2066061,2.989987,3.188,0.03566753
-2.725078,3.017503,-0.1845496,2.989987,3.162398,0.03565494
-2.743969,1.559118,0.06652281,2.98641,3.01005,0.1122159
-2.082857,1.969265,0.03188192,2.976417,3.073923,0.1745804
-2.07724,1.992313,0.04445778,2.976293,3.074012,0.1241226
1.184351,3.533088,-0.4517294,2.98933,3.287521,0.01062586
-1.038616,3.125324,0.1179498,2.977259,3.225906,0.07356553
0.2231165,3.680759,0.3002951,2.977843,3.276064,0.07509393
1.916325,3.557887,-0.4491245,2.989341,3.312485,0.01061899
2.770753,3.735213,0.1300072,2.97806,3.375987,0.07561959
1.841832,3.949585,0.3479921,2.977998,3.325001,0.07546335
3.028695,1.693764,-0.08383567,2.989373,3.487517,0.01065217
3.329587,2.959432,-0.2099537,2.978039,3.424853,0.07551785
3.315912,2.280438,-0.4481093,2.978109,3.475867,0.07566515
3.007233,1.501933,-0.0754827,2.989358,3.512486,0.01064518
3.000903,1.39687,-0.4834588,2.9782,3.575703,0.076038
3.108495,1.583873,-0.4511508,2.978163,3.524806,0.07585426
2.356939,0.7111837,-0.04340149,2.989343,3.687519,0.01061007
2.640661,1.027209,-0.2417984,2.978209,3.624415,0.07606588
2.400538,0.8062884,-0.1681493,2.978278,3.675482,0.07615383
1.659666,0.2109366,-0.039688,2.989351,3.912489,0.01062857
1.613899,0.2754621,-0.1435837,2.978231,3.975625,0.07608014
1.617855,0.2514669,-0.1298372,2.978289,3.92454,0.07617848
1.319663,0.1409778,-0.03136426,2.989338,4.087513,0.01060229
1.370137,0.1979455,-0.06906236,2.97823,4.024357,0.07607334
1.279443,0.1566608,-0.06868414,2.978279,4.075437,0.07613931
1.263015,0.08171802,-0.03468876,2.98934,4.112477,0.01061783
1.217188,0.1186344,-0.0826475,2.97827,4.124517,0.07614905
-2.047664,1.981567,0.006038226,2.976456,3.073871,0.2247937
-2.724227,1.561609,0.01780575,2.986396,3.009916,0.2874653
-2.081901,1.964554,0.019649,2.97648,3.07385,0.2748941
-2.730438,1.538341,0.01238992,2.986394,3.009915,0.3124885
-2.093071,1.956741,0.0021569,2.976494,3.073855,0.3749615
-2.080835,1.959528,0.0123222,2.976486,3.07385,0.3249355
-2.096133,1.960834,-0.003567671,2.976494,3.073846,0.4249765
-2.72824,1.550764,0.0004884678,2.986396,3.009914,0.4874826
-2.09305,1.962473,0.002247888,2.976498,3.073838,0.4749819
-2.727168,1.54531,-0.0008321413,2.986396,3.009913,0.5125034
-2.099839,1.956401,-0.001548285,2.9765,3.073836,0.5749868
-2.088362,1.962131,-9.35784e-05,2.976498,3.073836,0.5249849
-0.6515261,-0.01413279,0.02109265,2.974975,0.1698737,2.929979
-0.6387413,0.0001986855,-0.005499896,2.987517,0.110664,2.989436
-0.7024931,0.004287405,-0.02107924,2.975499,0.1219527,2.925247
-0.6193476,0.001988498,-0.02267231,3.075473,0.121923,2.925342
-0.637502,-0.03695717,0.07967814,3.025024,0.169869,2.929983
-0.608816,-0.001437769,-0.001288869,3.012483,0.1106639,2.989436
-0.6195034,0.03673982,-0.002896567,3.075482,0.1750199,2.978096
-0.6672073,-0.007326869,0.06952197,3.0245,0.121951,2.925249
-0.5965878,0.02517531,-0.005040359,3.074941,0.1698001,2.930061
-0.6234298,-0.003248623,0.007225079,3.087505,0.1106461,2.989457
-0.6787475,0.008002772,-0.03837115,3.124522,0.121798,2.925659
-0.6834521,0.005152398,0.001148318,3.174945,0.1689459,2.930927
-0.7013181,-0.0002613016,0.006322316,3.188824,0.1098739,2.990245
-0.6766531,0.04759713,-0.004147737,3.124511,0.1747218,2.978223
-0.7233117,-0.00299224,-0.0232324,3.175977,0.121331,2.926647
-0.6297444,0.04154214,-0.04559757,3.124972,0.1695548,2.930316
-0.620885,-0.005437989,0.008483262,3.112456,0.1106172,2.98949
-0.6765346,0.003982004,-0.02218071,3.475478,0.1217973,2.925658
-0.6669379,-0.03500706,0.07673044,3.425055,0.168944,2.930928
-0.6709924,0.001410038,-0.002253401,3.411176,0.1098739,2.990245
-0.6764405,0.04340144,-0.00430566,3.475489,0.1747221,2.978224
-0.7128024,-0.002299269,0.06260867,3.424023,0.1213305,2.926647
-0.6344983,0.03584579,-0.02521982,3.475028,0.1695521,2.930317
-0.6760881,-0.0004665802,0.002699302,3.487544,0.1106172,2.98949
-0.69966,0.004525021,-0.02158241,3.675478,0.121948,2.925236
-0.6948388,-0.03694648,0.07981932,3.625033,0.1698972,2.929965
-0.6792152,-0.001456349,0.00173084,3.612483,0.1106651,2.989434
-0.6881705,0.03923561,-0.005325765,3.6755,0.1751047,2.978064
-0.73967,-0.006419787,0.06624704,3.624509,0.1219607,2.925224
-0.6520289,0.03534864,-0.02069247,3.674958,0.1698923,2.929997
-0.6964446,0.000131445,0.003109428,3.687514,0.1106616,2.989437
-0.7101796,-0.0009670247,-0.002907447,4.275199,0.1210532,2.927277
-0.7119122,-0.04516305,0.08343081,4.225065,0.1667296,2.933194
-0.7120049,-0.003068843,0.006404013,4.225105,0.1217949,2.978357
-0.7110961,0.02040068,0.002691445,4.275188,0.1732119,2.979002
-0.7569154,-0.009873818,0.06304615,4.224501,0.1204588,2.928373
-0.6688397,0.01539295,0.001668428,4.275004,0.1675692,2.932346
-0.6872218,-0.0033185,0.007179748,4.274763,0.122495,2.977667
-0.6557177,0.005054235,-0.04433437,4.87548,0.1219081,2.925406
-0.6933093,-0.05475456,0.07881159,4.825052,0.1697285,2.93014
-0.6693193,-0.002838855,1.305861e-05,4.812494,0.1106438,2.98946
-0.665362,0.01223165,-0.002996505,4.875493,0.1749767,2.97812
-0.7179155,-0.009878483,0.05868447,4.824521,0.1219064,2.925405
-0.6358797,0.006849644,-0.005351101,4.87495,0.1697382,2.93014
-0.6604444,-0.008928561,0.008457057,4.887505,0.1106436,2.98946
-1.2746,-0.003870079,-0.01670335,3.875027,2.930475,2.930421
-1.370933,0.000867373,-0.01103113,3.824818,2.978709,2.92491
-1.36819,0.002449115,-0.0006862297,3.824829,2.924943,2.978706
-1.348981,0.002914674,-0.002770475,3.875015,2.976271,2.976249
-1.285128,0.008719887,-0.003246637,3.825092,2.930591,2.930575
-1.365981,0.00354318,-0.01693157,3.875411,2.97821,2.923495
-1.363649,-0.005241807,0.004149558,3.87542,2.92358,2.978181
-1.344801,0.0165309,0.002934753,3.962508,2.967233,2.9672
-1.318961,0.01790915,-0.05381395,3.987835,2.990129,2.96414
-1.323437,-0.04387504,0.01924898,3.987837,2.964105,2.99014
-1.312021,0.01778136,0.01742901,3.962502,2.989424,2.989448
-1.357767,0.003528673,-0.009638046,3.987495,2.967202,2.967159
-1.326166,0.01905727,-0.04008011,3.962237,2.990183,2.964185
-1.329317,-0.02793935,0.01964066,3.962234,2.964139,2.990195
-1.396071,0.001361535,-0.00716536,4.037431,2.967386,2.967382
-1.340005,0.001435195,-0.05578314,4.012118,2.990149,2.964169
-1.344825,-0.04569386,0.002652941,4.012125,2.964165,2.990146
-1.385363,0.005253886,0.00627472,4.037454,2.989487,2.989493
-1.383104,-0.005606587,-0.0169989,4.012456,2.967244,2.967205
-1.367669,-0.004616851,-0.04019591,4.037712,2.990248,2.964357
-1.371844,-0.03060866,-0.004475481,4.037717,2.964351,2.990232
-1.296121,0.09045717,0.03123811,4.362481,2.967955,2.967959
-1.169396,0.03935313,0.002335293,4.388341,2.990727,2.965388
-1.16964,0.05718803,0.01869655,4.388374,2.96536,2.990722
-1.320283,0.05904575,-0.001824971,4.362702,2.98978,2.989791
-1.210713,0.124641,0.04666225,4.387517,2.96841,2.968401
-1.268387,0.009445197,-0.006073565,4.362321,2.990483,2.965087
-1.25752,0.04434848,0.01055669,4.362369,2.965028,2.990496
-1.356068,0.3414392,-0.04827352,4.475272,2.930647,2.930977
-0.9877338,0.1721691,-0.0007098504,4.424068,2.978402,2.925518
-1.353791,0.2291515,0.04692921,4.424744,2.924758,2.978706
-0.7497375,0.295822,0.01647106,4.47454,2.976793,2.977082
-1.302923,0.2218674,-0.06330103,4.425176,2.930985,2.931214
-0.6981202,0.2868319,0.01532774,4.473512,2.977867,2.926796
-1.342444,0.323847,0.1296161,4.475205,2.924549,2.978699
-0.2612633,0.4130807,0.1227996,4.562872,2.96714,2.967241
0.9707016,0.01911725,0.1844139,4.588494,2.989957,2.964751
0.3751598,0.4453122,0.04182722,4.588085,2.964022,2.990145
0.2771419,0.1877439,-0.06208809,4.562626,2.989436,2.989512
0.2369538,0.3773984,0.2532882,4.588121,2.96685,2.967133
0.3980577,0.02869614,0.01244962,4.562474,2.990079,2.964747
-0.4284747,0.4297195,0.0729977,4.562368,2.964237,2.990214
-1.9924,-1.730541,-0.04929058,4.680238,2.922718,2.877846
-1.770585,-1.113044,0.01922488,4.629054,2.927024,2.826698
-1.916588,-2.481515,-0.01491685,4.681661,2.972314,2.82545
0.4976133,-0.7136682,-0.1618077,4.628359,2.975891,2.876197
-1.941759,-2.080866,-0.08539607,4.681099,2.922344,2.826819
-1.761154,-0.959779,-0.04782721,4.628315,2.926951,2.877826
-1.992459,-2.121543,-0.09484293,4.681375,2.972319,2.87575
0.8542424,-0.3824879,0.4020605,4.639011,2.965792,2.967348
0.7185567,-0.3232747,0.259284,4.613557,2.989836,2.964839
-0.2990856,0.2623696,0.05108893,4.612663,2.963873,2.990233
0.7581315,-0.1954692,-0.1892273,4.639405,2.989353,2.989808
1.342259,-0.08274113,0.04635516,4.638989,2.963615,2.990491
-3.413843e-06,-0.1929045,0.2784354,4.613426,2.966543,2.967199
1.14534,-0.4110265,0.2545624,4.640001,2.989406,2.964887
-0.3229451,-1.629346,-0.01636701,4.724059,3.072199,2.875103
-0.5249897,-2.49143,0.0201538,4.727486,3.01837,2.825321
-0.4246624,-1.694977,-0.02668577,4.772901,3.070171,2.826649
-0.7664649,-1.763581,-0.01185247,4.777214,3.019397,2.877792
-0.3248585,-1.631647,0.009023086,4.723463,3.073171,2.824729
-0.5417712,-2.449576,-0.04384784,4.727553,3.018612,2.875526
-0.4216918,-1.682396,-0.02779219,4.773116,3.071134,2.877771
-0.03436688,-1.093035,0.004506886,4.722047,3.324464,2.924776
-0.1306278,-1.020666,-0.002576548,4.770386,3.374997,2.929578
-0.1257057,-1.084302,0.002878268,4.775115,3.324482,2.977982
-0.01065085,-1.016336,-0.0005482556,4.71058,3.387519,2.989324
-0.1187426,-1.068241,-0.002078929,4.770384,3.324928,2.92959
-0.0315455,-1.006348,0.00461056,4.722043,3.37551,2.92475
-0.01390944,-1.150935,-0.002238666,4.710582,3.312482,2.989328
-0.006716848,-0.8944801,-0.02932665,4.722037,3.475521,2.924678
-0.09737712,-0.9472395,-0.01138872,4.770393,3.424992,2.929558
-0.01081606,-0.9837778,-0.001403425,4.71058,3.412485,2.989323
-0.04091249,-0.9059973,0.004534698,4.775111,3.475512,2.97796
-0.01767739,-0.9330922,0.001102077,4.722045,3.424511,2.924726
-0.03669693,-0.8840875,-0.04169828,4.77041,3.475024,2.929526
-0.004551192,-0.9229507,0.0004969746,4.71058,3.487519,2.989318
-0.01710605,-0.8726086,-0.01240797,4.722039,3.52451,2.92465
-0.09801154,-0.847023,0.01018318,4.770422,3.575023,2.929479
-0.06481554,-0.8925218,-0.003162259,4.775112,3.524493,2.977955
-0.006756475,-0.8403041,-0.002462049,4.710583,3.587517,2.989314
-0.03955071,-0.8628113,-0.03795425,4.770416,3.524996,2.929503
-0.02289952,-0.8552302,-0.003208804,4.722046,3.57551,2.924617
-0.005047487,-0.9129252,-0.001713414,4.710581,3.512483,2.989317
1.23127,0.1300452,0.0289035,2.990164,4.187858,2.964145
1.218593,0.05014593,0.03706462,2.989497,4.162541,2.989476
1.206493,0.1152226,0.0310948,2.990248,4.162271,2.964332
-0.01142672,-0.4412603,0.004118028,4.721377,4.124883,2.926135
-0.0541111,-0.4307821,-0.01464801,4.768218,4.175012,2.931675
-0.04824793,-0.4427975,0.00242605,4.77358,4.124887,2.978615
-0.006508137,-0.4296701,-0.01014077,4.722465,4.175223,2.977388
-0.006764212,-0.407793,-0.04190553,4.769296,4.124921,2.930579
-0.0120116,-0.4418169,-0.01471358,4.721157,4.175767,2.926453
-0.01527366,-0.3953315,0.009646705,4.71022,4.11262,2.989657
-1.906138,1.006009,-0.004966933,2.974349,2.921341,0.02138879
-2.886369,1.210783,0.08254857,2.973177,2.973211,0.07245774
-2.17796,1.402637,0.06073674,2.973728,2.924597,0.06974645
-2.023417,-0.616771,-0.1573258,4.624978,2.922622,0.02204745
-0.62494,-1.709075,-0.005327609,4.688248,2.988469,0.01176853
0.01991801,-0.1133282,0.1542322,4.625809,2.97625,0.07492308
-1.935953,0.04215393,-0.08600654,4.626905,2.92761,0.07034008
-1.549448,-1.388468,0.4658052,4.677515,2.974274,0.07366918
-1.890421,-0.9802892,0.1390144,4.677801,2.925078,0.07027655
-2.054088,-1.22346,-0.02197832,4.67632,2.922874,0.02127566
-1.486708,-2.364056,-0.007519942,4.726107,2.974056,0.02301806
-1.253679,-1.771805,0.02370558,4.777172,2.972244,0.06938964
-1.426446,-2.351501,0.0429529,4.728001,2.972297,0.07321448
-1.638248,-1.890591,-0.0500238,4.728034,2.923067,0.06927939
-1.146018,-1.345343,-0.08333651,4.777582,2.921721,0.02055357
-1.294539,-1.469061,-0.02766077,4.776621,2.923563,0.06790085
-1.650353,-1.784363,-0.1175799,4.72607,2.921042,0.02117268
-0.09129107,-0.467743,0.464959,4.627381,2.975944,0.1246422
-1.602524,-1.069667,-0.05024242,4.62938,2.927019,0.1733042
-1.736338,-2.232774,-0.1289252,4.67976,2.972742,0.1743006
-1.854109,-0.6127569,0.01470557,4.628458,2.927094,0.122078
-1.792954,-1.742795,0.2731347,4.679136,2.973068,0.124236
-1.786983,-1.454573,0.04417272,4.680108,2.923256,0.1220588
-1.765392,-2.022252,-0.03409859,4.681249,2.922576,0.1731197
-1.204731,-1.701898,0.02096064,4.779809,2.969565,0.1212088
-1.676431,-2.306411,-0.1318626,4.730223,2.969954,0.1738318
-1.481974,-2.304108,0.02873288,4.729486,2.970758,0.1234468
-1.546192,-1.69003,-0.06621789,4.730777,2.920429,0.1211431
-1.1862,-1.31854,0.2064054,4.780274,2.919993,0.1707623
-1.208289,-1.399347,0.008851167,4.77896,2.921297,0.1195369
-1.541778,-1.590049,0.1009752,4.732221,2.919271,0.1722678
-2.129185,0.6376632,0.03888942,3.022367,2.925555,0.2240222
-2.178362,0.2338759,-0.009364498,3.073905,2.976492,0.2247717
-2.893909,0.2257033,0.03742238,3.009953,2.986407,0.287463
-1.970558,0.3372572,0.05130773,3.073354,2.928409,0.2241389
-2.16559,0.2477222,0.03138196,3.07389,2.976521,0.2748815
-1.962898,0.3429663,0.02747097,3.073279,2.928524,0.2744834
-2.127852,0.6539355,0.02387688,3.022342,2.925625,0.2743708
-2.896996,0.2019192,0.0135569,3.009951,2.986406,0.3124886
-2.136799,0.6122557,0.008944508,3.0223,2.925663,0.3746455
-2.205446,0.2062852,0.0101177,3.073873,2.97654,0.3749538
-2.187504,0.2043927,0.004786512,3.07388,2.976531,0.3249322
-1.97067,0.3233746,0.008933361,3.073269,2.928545,0.3246412
-2.135675,0.6216791,0.006359266,3.022292,2.925618,0.3245649
-1.981062,0.307062,0.01339433,3.073244,2.928594,0.3747427
-1.590134,-0.05502168,0.2360543,4.629625,2.927032,0.2239208
-1.451945,-1.098726,-0.1618779,4.680065,2.9726,0.2244675
0.7167265,-0.3072722,-0.00393827,4.628775,2.976031,0.2745729
-1.425688,-1.844162,0.0328559,4.680224,2.972566,0.2746502
-1.48362,-1.667372,0.02040508,4.682097,2.922248,0.2741742
-1.605219,-0.7905611,0.07309219,4.681934,2.922245,0.2238298
-1.361501,-0.6994626,0.003476741,4.629763,2.927092,0.2743278
-0.3135271,-0.292096,-0.03922192,4.628933,2.975967,0.3248584
-1.479072,-1.325432,0.1462007,4.680266,2.972471,0.3748723
-1.405475,-1.187941,-0.0008797559,4.6803,2.9725,0.3248597
-1.517391,-0.933003,0.06115507,4.68217,2.922147,0.3244304
-1.517921,-0.3428266,0.01338782,4.629765,2.92708,0.3746471
-1.526931,-0.1220153,0.05032176,4.629761,2.927065,0.3245244
-1.567773,-1.227369,-0.004900386,4.682142,2.922058,0.3745477
-2.12102,0.6324549,0.0009691559,3.022277,2.925645,0.424732
-2.192373,0.2460796,-0.03665779,3.073876,2.976543,0.4249648
-2.898521,0.208217,0.01344799,3.009951,2.986408,0.4874817
-2.123758,0.6534627,-0.005638764,3.022291,2.92567,0.4747916
-2.189787,0.209069,0.01573703,3.073878,2.976547,0.4749762
-1.961164,0.3537307,-0.01248494,3.073241,2.928622,0.4748552
-1.965511,0.3190393,-0.006682991,3.07325,2.928594,0.4247979
-2.89529,0.2042046,-0.009896671,3.009951,2.986408,0.5125031
-2.124647,0.617714,-0.0009169585,3.022294,2.925684,0.574843
-2.206286,0.2294226,0.02115945,3.07388,2.97655,0.5749842
-2.12286,0.6421584,0.002077727,3.022282,2.925664,0.5248478
-2.189297,0.2036541,-0.01833904,3.07388,2.976548,0.5249823
-1.960394,0.3401178,0.007456934,3.073246,2.928622,0.5248837
-1.971169,0.3069842,0.005423911,3.073241,2.928637,0.5748996
-1.720692,-1.872558,0.4038264,4.680132,2.972517,0.4249148
0.2460186,-0.7748762,0.3367782,4.62882,2.975985,0.4749668
-1.816011,-2.234151,0.1089839,4.6801,2.972536,0.4749266
-1.804714,-2.169607,0.07490792,4.68198,2.921991,0.4746908
-1.939179,-0.2872053,-0.01944613,4.629694,2.927052,0.4247188
-1.843493,-1.193043,-0.03226866,4.682026,2.921979,0.4246586
-1.603476,-1.43543,0.135506,4.629689,2.927079,0.4747958
-1.595096,-2.315322,0.1992509,4.730788,2.969167,0.4247658
-1.258997,-1.654034,0.04931748,4.782061,2.966451,0.4744702
-1.749007,-2.354609,0.07188859,4.730764,2.969188,0.4747911
-1.564384,-1.74754,0.02200769,4.733476,2.917918,0.474488
-1.23182,-1.253343,-0.1511035,4.782128,2.917852,0.42395
-1.644321,-1.617982,-0.1323137,4.733482,2.917921,0.4244094
-1.16307,-1.266238,0.01417936,4.782162,2.917803,0.4740737
0.257325,-0.7979844,-0.2892477,4.628817,2.975985,0.5249715
-1.709521,-1.887665,-0.3945236,4.680133,2.972519,0.5749434
-1.822893,-2.35806,-0.0755517,4.680101,2.972534,0.5249395
-1.810477,-2.260666,-0.04907453,4.681995,2.921979,0.5247694
-1.971221,-0.08804384,0.08584438,4.629714,2.927095,0.5748441
-1.588759,-1.502666,-0.1062961,4.629683,2.927076,0.5248284
-1.853011,-1.055586,0.07175112,4.682034,2.921998,0.5747586
-1.258443,-1.672156,-0.03529447,4.782085,2.966448,0.5245463
-1.598165,-2.34132,-0.1922017,4.730795,2.969158,0.5748292
-1.7671,-2.364959,-0.04493769,4.73077,2.969183,0.5248217
-1.555505,-1.733824,0.01085284,4.733481,2.917899,0.5245671
-1.235901,-1.277895,0.1871973,4.78215,2.917837,0.5742283
-1.155665,-1.283227,0.007216136,4.782212,2.917756,0.5242604
-1.639596,-1.650138,0.1730087,4.733523,2.917922,0.5745765
-2.123758,0.6230155,-0.001970452,3.02228,2.925672,0.6248835
-2.204028,0.2406146,-0.03492529,3.07388,2.97655,0.6249871
-2.900214,0.2054663,0.01034645,3.009952,2.98641,0.6874857
-2.124081,0.643191,-0.009020757,3.022282,2.925684,0.674894
-2.195582,0.2066549,0.01618668,3.073878,2.976552,0.6749898
-1.964979,0.3432241,-0.01437351,3.073236,2.928643,0.6749328
-1.971539,0.3065232,-0.008656734,3.073244,2.928633,0.624915
-2.897658,0.2037706,-0.01466789,3.009951,2.986411,0.7125097
-2.124881,0.6186145,-0.003019783,3.022268,2.925691,0.7749096
-2.208429,0.2313445,0.02221423,3.073869,2.976553,0.7749909
-2.122782,0.6405156,0.001284429,3.022268,2.92568,0.7249292
-2.194076,0.2034033,-0.02224571,3.073873,2.976552,0.7249926
-1.962945,0.3375278,0.006929045,3.073234,2.92864,0.7249443
-1.973015,0.3045955,0.003961163,3.073225,2.928646,0.7749469
-1.464633,-1.559341,-0.04393325,4.680267,2.972462,0.62498
-0.3282721,-0.2944508,-0.03985888,4.628872,2.97598,0.6749755
-1.427519,-1.13061,-0.006285826,4.680277,2.972503,0.6749451
-1.514858,-0.8944115,-0.01797873,4.682174,2.922169,0.6748289
-1.493717,-0.4817719,0.06579845,4.62975,2.9271,0.6248665
-1.535036,-1.474853,0.07744565,4.682184,2.922037,0.6248392
-1.567803,-0.06240479,-0.03308116,4.629761,2.927145,0.6748915
0.4592114,-0.5583375,0.2262243,4.628867,2.975991,0.7249942
-1.439897,-1.864191,0.03714412,4.680266,2.972535,0.7749515
-1.442753,-1.840213,0.03575233,4.680272,2.972524,0.7249975
-1.470253,-1.53725,-0.0099821,4.682168,2.922211,0.72489
-1.434313,-0.5516667,0.05407845,4.629745,2.927189,0.7749074
-1.406976,-0.485642,0.07113063,4.629751,2.927165,0.7249115
-1.458504,-1.576216,0.03395202,4.682143,2.922251,0.7748548
-2.096016,1.955509,-0.003341656,2.976499,3.073837,0.6249884
-2.727192,1.545227,-0.002129773,2.986396,3.009917,0.6874848
-2.082721,1.960949,-0.00115445,2.976499,3.073842,0.6749889
-2.726551,1.545279,-0.004726242,2.986395,3.009923,0.712501
-2.094422,1.955432,-0.002960352,2.976498,3.073861,0.7749926
-2.08079,1.961724,-0.003969435,2.976499,3.073854,0.7249893
-2.12173,0.6232169,-0.00314188,3.022246,2.925683,0.8249438
-2.204578,0.2398059,-0.03540451,3.073858,2.976553,0.8249982
-2.900214,0.2053912,0.00983883,3.009915,2.986408,0.8874833
-2.12165,0.6440355,-0.009078401,3.022225,2.925682,0.8749364
-2.195431,0.2057507,0.01682665,3.073841,2.976552,0.8749955
-1.962837,0.3425694,-0.01465657,3.073201,2.928644,0.8749627
-1.969644,0.3057394,-0.01011803,3.073216,2.928642,0.8249566
-2.898386,0.2046445,-0.01499794,3.009931,2.986413,0.9125004
-2.12342,0.6194887,-0.0017491,3.022203,2.925671,0.9749426
-2.208297,0.2357266,0.02677519,3.073827,2.976551,0.9749973
-2.122399,0.6428091,0.00245904,3.022212,2.925674,0.9249635
-2.194714,0.2043098,-0.02308422,3.073836,2.976552,0.9249962
-1.963538,0.3404288,0.008192183,3.073193,2.928639,0.9249692
-1.972593,0.3039762,0.005818959,3.073185,2.928638,0.9749681
-1.430176,-1.825148,0.01111792,4.680264,2.972535,0.825003
0.4334423,-0.5040347,0.02546342,4.628854,2.975998,0.8749793
-1.430332,-1.749849,0.01293072,4.680262,2.972536,0.8749614
-1.468338,-1.536524,0.0115776,4.682139,2.922255,0.8748883
-1.409107,-0.585577,0.0724576,4.629736,2.927186,0.824924
-1.460076,-1.630119,0.02242941,4.682147,2.922247,0.8249155
-1.424653,-0.5928063,0.02328489,4.62974,2.927192,0.8749331
0.5817375,-0.5653724,-0.001383392,4.62885,2.975996,0.9249992
-1.430336,-1.688083,-0.02450086,4.680255,2.972526,0.9749828
-1.4263,-1.898203,-0.002166468,4.68026,2.972532,0.925021
-1.465532,-1.672355,0.005132218,4.682141,2.92224,0.9249452
-1.434208,-0.5271363,-0.01631404,4.62973,2.92719,0.9749428
-1.381017,-0.6434235,0.009931546,4.629734,2.927187,0.924949
-1.478172,-1.430497,0.02097385,4.682127,2.922239,0.9749042
-2.092528,1.956371,-0.003473675,2.976496,3.07387,0.824988
-2.726077,1.54655,-0.001692749,2.986397,3.009957,0.8874912
-2.079253,1.962067,-0.0009256365,2.976496,3.073885,0.8749924
-2.725893,1.546488,-0.003635316,2.986394,3.00995,0.9125142
-2.091027,1.956,-0.001553004,2.976495,3.073889,0.9749934
-2.077315,1.962545,-0.003029254,2.976494,3.073888,0.9249945
-2.122014,0.6213752,-0.002156697,3.022197,2.925656,1.024966
-2.206088,0.2396035,-0.03355362,3.07383,2.976549,1.02499
-2.899528,0.2045462,0.01098936,3.009943,2.986407,1.087484
-2.121662,0.6422728,-0.007967542,3.022217,2.925648,1.074952
-2.195432,0.2053051,0.01879597,3.073853,2.976548,1.074988
-1.963341,0.3408058,-0.01368433,3.073197,2.928629,1.074972
-1.970677,0.303528,-0.009429659,3.073188,2.928631,1.024971
-2.898748,0.2039533,-0.01456767,3.009946,2.986405,1.112509
-2.123337,0.6196227,-0.001429998,3.02223,2.925637,1.174963
-2.207783,0.2354993,0.02720797,3.073867,2.976546,1.174998
-2.122003,0.6417421,0.002894447,3.022229,2.925638,1.124981
-2.19486,0.2040376,-0.02295001,3.073867,2.976547,1.124996
-1.963782,0.3395894,0.008354483,3.073207,2.928625,1.124981
-1.972931,0.304166,0.006204084,3.073208,2.928623,1.174981
-1.436452,-1.561954,0.01969243,4.680251,2.972516,1.025033
0.5548777,-0.5370614,-0.02061664,4.628835,2.97599,1.074984
-1.434936,-1.875164,0.000191141,4.680247,2.972508,1.074979
-1.471806,-1.671625,-0.01059198,4.682125,2.922206,1.074926
-1.48842,-0.4147177,-0.02258169,4.629723,2.92718,1.024957
-1.478184,-1.280165,-0.01486692,4.682129,2.922218,1.02496
-1.394744,-0.6530918,-0.03415425,4.629725,2.927176,1.074959
0.2574385,-0.5579202,-0.03718365,4.628831,2.975988,1.125004
-1.442548,-1.859073,-0.00633744,4.680245,2.9725,1.174968
-1.435353,-1.708493,-0.006187151,4.680245,2.972502,1.125019
-1.466338,-1.411127,-0.01023225,4.682125,2.922188,1.124979
-1.38944,-0.6411544,-0.05342397,4.629721,2.927167,1.174967
-1.459085,-0.4998208,-0.04288747,4.629722,2.927169,1.124973
-1.474665,-1.648144,-0.001026842,4.68212,2.922182,1.174938
-2.089286,1.955971,-0.001825704,2.976496,3.07388,1.025
-2.7248,1.545544,-0.000696452,2.986393,3.009917,1.087496
-2.07433,1.961663,-0.0001026428,2.976499,3.073854,1.075004
-2.724911,1.545716,-0.003418948,2.986394,3.00991,1.11251
-2.088077,1.95489,-0.001477816,2.976509,3.073837,1.174993
-2.073535,1.961788,-0.002885954,2.976503,3.073835,1.124997
-2.12172,0.6217045,-0.001856293,3.022228,2.925632,1.224987
-2.205652,0.2396219,-0.03329587,3.073866,2.976546,1.224997
-2.899418,0.2043749,0.01156183,3.009942,2.986407,1.287493
-2.121473,0.6428147,-0.00745016,3.022225,2.925633,1.274975
-2.195423,0.2049283,0.01964416,3.073861,2.976547,1.275001
-1.963343,0.3409689,-0.01311143,3.073201,2.928622,1.27499
-1.970623,0.3037614,-0.00913951,3.073207,2.928621,1.224987
-2.899157,0.2044093,-0.01389924,3.009929,2.986406,1.312523
-2.122442,0.6204409,-0.0002355429,3.022196,2.925635,1.374979
-2.207394,0.2377939,0.02961027,3.073826,2.976546,1.374999
-2.121617,0.6428147,0.00423131,3.022205,2.925632,1.325002
-2.19505,0.2044899,-0.02261394,3.07384,2.976546,1.325007
-1.963643,0.3405965,0.009839136,3.07319,2.928621,1.324996
-1.971969,0.3034431,0.007421871,3.073184,2.928621,1.374992
-1.432875,-1.381912,-0.01174957,4.680247,2.972495,1.225018
0.4850674,-0.5544368,-0.08300925,4.628836,2.975979,1.274987
-1.447281,-1.845192,-0.01771175,4.680252,2.972486,1.274972
-1.473457,-1.618865,-0.02474057,4.682145,2.922136,1.274956
-1.504114,-0.2900874,-0.05448635,4.629723,2.927157,1.22498
-1.468003,-1.10939,-0.01444824,4.682129,2.922165,1.224991
-1.373062,-0.6059923,-0.07076607,4.629734,2.927142,1.274979
-0.1005783,-0.3616595,-0.03468353,4.62884,2.975968,1.325005
-1.502222,-1.629766,0.03214126,4.680247,2.972423,1.374977
-1.454164,-1.152933,0.05687029,4.680258,2.972462,1.325021
-1.541497,-1.021018,0.03538711,4.682165,2.922078,1.325005
-1.609381,-0.1844669,-0.08130372,4.629739,2.927083,1.374989
-1.511697,-0.3415218,-0.003863479,4.629742,2.927116,1.324992
-1.543636,-1.384118,-0.05491164,4.682166,2.921957,1.374972
-2.08738,1.955212,-0.001544652,2.976513,3.073837,1.224999
-2.72457,1.545582,-6.314277e-05,2.986397,3.009915,1.287482
-2.072404,1.961535,0.0001237596,2.976516,3.073839,1.274993
-2.724298,1.546197,-0.002668334,2.9864,3.009935,1.312496
-2.086384,1.955351,-0.0006807099,2.976523,3.07387,1.374998
-2.071932,1.961709,-0.002369527,2.97652,3.073859,1.324991
-2.121721,0.6208993,-0.00103625,3.022208,2.925634,1.425001
-2.206605,0.2395318,-0.03241094,3.07384,2.976546,1.424992
-2.899493,0.2040644,0.01248216,3.009946,2.986404,1.48749
-2.121576,0.64237,-0.006465338,3.022229,2.92563,1.474985
-2.195578,0.2046503,0.02082633,3.073862,2.976546,1.474995
-1.963602,0.3403477,-0.0122989,3.073204,2.928621,1.474994
-1.970918,0.3026535,-0.008675669,3.073191,2.928621,1.424994
-2.899191,0.2038833,-0.01331615,3.009946,2.986403,1.512511
-2.122517,0.620253,0.0001919349,3.02224,2.925628,1.574996
-2.206916,0.2378979,0.03035876,3.073872,2.976546,1.575001
-2.12168,0.64219,0.004977104,3.022238,2.925626,1.525012
-2.195181,0.2042331,-0.02200794,3.073871,2.976546,1.525
-1.963814,0.3402133,0.01050147,3.073211,2.92862,1.525002
-1.971962,0.3029335,0.007820341,3.073212,2.928621,1.575003
-1.73627,-1.831746,0.3630982,4.680117,2.972473,1.425001
0.1127608,-0.8144123,0.1931309,4.628776,2.975975,1.475
-1.876293,-2.271747,0.1371935,4.680082,2.972489,1.474999
-1.854073,-2.06238,0.09932318,4.681986,2.921886,1.474981
-1.958106,-0.04044277,0.01749138,4.629693,2.927065,1.424996
-1.831602,-1.097338,-0.009718336,4.682033,2.921897,1.425017
-1.660431,-1.279746,0.156595,4.629667,2.92706,1.474998
-1.690751,-2.264931,0.250314,4.730799,2.968994,1.425005
-1.286663,-1.638181,0.02769364,4.782171,2.966161,1.474995
-1.875048,-2.296692,0.09354443,4.730774,2.96902,1.474997
-1.586504,-1.529284,0.002274265,4.733542,2.917709,1.474992
-1.254661,-1.24623,-0.1742447,4.782299,2.917556,1.425033
-1.686062,-1.542556,-0.1484441,4.733573,2.917728,1.425016
-1.20398,-1.236325,-0.03291329,4.78235,2.917486,1.474965
-1.319964,-1.57743,0.01151055,4.78218,2.966169,1.525008
-1.951499,-2.290695,0.09287681,4.730768,2.969027,1.575003
-1.669142,-2.243071,0.07232112,4.730769,2.969025,1.525004
-1.636908,-1.61068,0.005243016,4.733534,2.917699,1.525015
-1.180072,-1.138219,-0.01690798,4.782369,2.917462,1.574988
-1.240573,-1.232744,-0.02453288,4.782366,2.917464,1.525042
-1.651881,-1.557985,0.03773894,4.733531,2.917696,1.575004
-2.086383,1.955107,-0.0007811498,2.976524,3.073857,1.425007
-2.72443,1.545397,0.0008060809,2.986399,3.009906,1.487492
-2.071785,1.961304,0.000852166,2.976525,3.073832,1.475006
-2.724515,1.545293,-0.001882912,2.986399,3.009905,1.512511
-2.086773,1.954648,-0.0001312845,2.976527,3.073819,1.574999
-2.072019,1.961133,-0.001743054,2.976527,3.07382,1.525002
-2.122094,0.6206505,-0.0007364452,3.022233,2.925632,1.625024
-2.206816,0.2395264,-0.03200223,3.073864,2.976546,1.625006
-2.900143,0.2043871,0.01305193,3.009914,2.986402,1.687496
-2.122019,0.6428824,-0.005891622,3.022212,2.92563,1.675005
-2.196175,0.2045247,0.02157633,3.073845,2.976546,1.675006
-1.964136,0.3405925,-0.01177852,3.073195,2.92862,1.675009
-1.971399,0.3025289,-0.008407966,3.073206,2.928622,1.62501
-2.900317,0.2043364,-0.01254904,3.009914,2.986402,1.712505
-2.122504,0.6210986,0.001322735,3.022209,2.925636,1.775014
-2.207262,0.2394928,0.03225585,3.073842,2.976547,1.775005
-2.122033,0.6427993,0.00636291,3.022208,2.925633,1.725026
-2.19644,0.2044762,-0.02113563,3.073841,2.976546,1.724999
-1.964184,0.3405501,0.0118536,3.07319,2.928622,1.725013
-1.9717,0.3026661,0.008616712,3.073189,2.928622,1.775015
-1.877747,-2.255107,0.02064938,4.730769,2.969026,1.625011
-1.392057,-1.530579,0.02028779,4.782193,2.966169,1.675028
-2.009999,-2.271566,0.06850243,4.73077,2.969025,1.67501
-1.697918,-1.491741,0.03604278,4.733536,2.917687,1.675022
-1.192426,-1.096348,-0.01543976,4.782372,2.917459,1.625075
-1.716749,-1.561342,0.001803913,4.733533,2.917693,1.625032
-1.202329,-1.065502,-0.002819102,4.782386,2.917443,1.675022
-1.38451,-1.528082,0.01108072,4.782193,2.966168,1.725046
-2.024512,-2.276342,0.02759792,4.730771,2.969025,1.775019
-1.980122,-2.27068,0.01063648,4.73077,2.969025,1.725019
-1.710215,-1.524161,0.007525248,4.733537,2.917687,1.72505
-1.196848,-1.052659,0.002353591,4.782382,2.917449,1.775059
-1.192468,-1.060951,0.00488724,4.782385,2.917444,1.725104
-1.70395,-1.484156,0.01680357,4.733534,2.917688,1.775043
-2.087107,1.95472,-0.0002500425,2.976527,3.073831,1.624995
-2.724846,1.545853,0.001583935,2.986403,3.009946,1.687487
-2.072605,1.961191,0.001439873,2.976528,3.073854,1.674996
-2.724887,1.545775,-0.0007825384,2.986403,3.009947,1.712515
-2.087468,1.954827,0.0008766942,2.976526,3.07386,1.775
-2.07276,1.961164,-0.0008932974,2.976527,3.073861,1.725005
-2.123386,0.6197648,0.0004858377,3.022199,2.925635,1.825041
-2.208859,0.238023,-0.02989582,3.073828,2.976546,1.825008
-2.900664,0.2042621,0.01413766,3.009913,2.986402,1.887484
-2.12296,0.6420451,-0.004464305,3.022198,2.925629,1.875017
-2.197075,0.2042884,0.0225232,3.07383,2.976546,1.874998
-1.965162,0.3394592,-0.01051852,3.073186,2.928619,1.875016
-1.973216,0.3024904,-0.007483106,3.073183,2.928622,1.825021
-2.900863,0.2042768,-0.01186397,3.009933,2.986406,1.912499
-2.123689,0.6206632,0.001795401,3.022238,2.925626,1.975033
-2.207666,0.2395578,0.03289497,3.07387,2.976546,1.975003
-2.12322,0.6418127,0.007111625,3.022222,2.92563,1.925041
-2.197479,0.2047769,-0.0201254,3.073853,2.976546,1.924997
-1.965593,0.3406025,0.01235514,3.073199,2.92862,1.925021
-1.973144,0.3031247,0.009051322,3.073212,2.928618,1.975027
-1.998593,-2.272155,-0.005861874,4.73077,2.969026,1.825028
-1.398693,-1.514869,0.001495701,4.782195,2.966169,1.875073
-2.03092,-2.271497,0.01444824,4.730771,2.969025,1.875028
-1.705806,-1.455596,0.008634365,4.733535,2.917684,1.875065
-1.20051,-1.051325,0.004309869,4.782376,2.917454,1.825149
-1.712418,-1.483777,-0.0001826994,4.733535,2.91769,1.825073
-1.203477,-1.046108,0.0004119644,4.782388,2.917438,1.875098
-1.392849,-1.518379,0.002058906,4.78219,2.966168,1.925095
-2.032884,-2.275761,0.01355132,4.730769,2.969025,1.97504
-1.991531,-2.271481,-0.008741504,4.73077,2.969025,1.925038
-1.716725,-1.479584,-0.003787184,4.733535,2.917686,1.925095
-1.202005,-1.045164,-0.002935883,4.782376,2.917447,1.975151
-1.203229,-1.053016,0.001655411,4.78238,2.917444,1.925186
-1.705487,-1.461999,0.004384262,4.733529,2.917686,1.975095
-2.088653,1.954382,0.0008064164,2.976527,3.073869,1.824999
-2.725448,1.545536,0.002863626,2.986402,3.009944,1.887496
-2.073921,1.960859,0.002496923,2.976528,3.073866,1.875007
-2.725844,1.544461,0.0001748256,2.986401,3.00993,1.912525
-2.089919,1.953789,0.001462053,2.976528,3.073823,1.975007
-2.074823,1.960188,-0.0001119309,2.976527,3.073843,1.925012
-2.124248,0.6192325,0.001065156,3.022247,2.925629,2.025062
-2.209527,0.2371767,-0.02850394,3.073874,2.976545,2.025006
-2.900051,0.2039371,0.01430482,3.009948,2.986403,2.087493
-2.123775,0.6426234,-0.003621434,3.022243,2.925621,2.075044
-2.196734,0.2042361,0.0227103,3.073874,2.976545,2.075007
-1.965478,0.3399051,-0.009908546,3.073217,2.928616,2.075036
-1.973836,0.3026743,-0.006612405,3.073216,2.92862,2.025035
-2.901292,0.2045896,-0.01036131,3.009949,2.986404,2.112513
-2.124199,0.6235467,0.002939928,3.022231,2.925624,2.175069
-2.206743,0.239981,0.0353921,3.073864,2.976544,2.175008
-2.123844,0.6438089,0.008471399,3.022242,2.925626,2.125073
-2.197795,0.205377,-0.01775364,3.07387,2.976545,2.12501
-1.966127,0.3428535,0.01372865,3.073213,2.928618,2.125044
-1.973309,0.3061699,0.01026644,3.073211,2.928614,2.175052
-2.003291,-2.271736,-0.01370817,4.730767,2.969026,2.025052
-1.400497,-1.511781,-0.003131944,4.782183,2.96617,2.075139
-2.033926,-2.271451,0.009103779,4.730767,2.969024,2.075054
-1.706763,-1.454118,0.00310394,4.733526,2.917683,2.075125
-1.204255,-1.047831,-0.00155012,4.782361,2.917459,2.025249
-1.715452,-1.47428,-0.007337837,4.733528,2.917691,2.025129
-1.204582,-1.04129,-0.003582257,4.782372,2.917438,2.075205
-1.395877,-1.514833,-0.00175337,4.782173,2.966167,2.125168
-2.03416,-2.276411,0.008746157,4.730762,2.969024,2.175073
-1.999601,-2.272652,-0.01553787,4.730764,2.969025,2.125067
-1.716988,-1.476609,-0.008393951,4.733524,2.917687,2.125163
-1.203401,-1.042578,-0.003741638,4.782351,2.917447,2.175291
-1.204447,-1.048488,-0.0007672887,4.782355,2.917449,2.125306
-1.706921,-1.459769,0.002058949,4.733514,2.917685,2.175173
-2.092287,1.953363,0.001334955,2.976529,3.073817,2.025005
-2.726474,1.544565,0.003492722,2.9864,3.009903,2.087492
-2.078152,1.960047,0.003019731,2.976528,3.073817,2.075004
-2.726544,1.54468,0.001568001,2.986399,3.009905,2.112511
-2.093128,1.954011,0.003492098,2.976528,3.073839,2.175007
-2.079458,1.959642,0.0009047873,2.976528,3.073826,2.125003
-2.127008,0.6185519,0.003087953,3.022234,2.925636,2.225102
-2.210791,0.2324467,-0.02261788,3.073858,2.976546,2.225012
-2.89974,0.2039828,0.01468288,3.009911,2.986402,2.287502
-2.1252,0.6406974,-0.001768341,3.022206,2.925625,2.275088
-2.196844,0.2036233,0.02236648,3.073838,2.976545,2.275018
-1.965871,0.3372061,-0.007540606,3.073192,2.928613,2.275067
-1.975749,0.303649,-0.003704153,3.073202,2.928619,2.225062
-2.902454,0.2060748,-0.01033383,3.009905,2.986403,2.312517
-2.127167,0.6244028,0.001629561,3.022196,2.925618,2.37513
-2.20606,0.2409907,0.0349059,3.073827,2.976543,2.37501
-2.127149,0.643977,0.009188799,3.022197,2.92563,2.32512
-2.198235,0.206763,-0.01582205,3.073821,2.976545,2.325015
-1.9685,0.343833,0.01454537,3.07318,2.928615,2.325078
-1.975505,0.3072831,0.008002433,3.073188,2.928605,2.375094
-2.042319,-2.186045,-0.02109725,4.680061,2.972491,2.225032
0.131796,-0.9265298,0.001590019,4.628754,2.975974,2.275016
-2.052027,-2.297186,0.005247123,4.680061,2.97249,2.275032
-2.028186,-1.821423,0.006171118,4.681949,2.921867,2.275115
-1.914206,-0.8954343,-0.01823577,4.629635,2.927054,2.225087
-2.025566,-1.729957,-0.01812703,4.681946,2.921876,2.225138
-1.908187,-0.9402768,0.01107704,4.62963,2.927044,2.275091
-2.006876,-2.27386,-0.01908587,4.730758,2.969025,2.225088
-1.397945,-1.51337,-0.007638187,4.782155,2.966165,2.275245
-2.033155,-2.27383,0.001233891,4.730756,2.969022,2.275096
-1.706812,-1.456608,-0.001407847,4.733503,2.917681,2.275225
-1.203088,-1.046709,-0.002652698,4.782322,2.917466,2.225407
-1.714997,-1.474676,-0.009565493,4.73351,2.917692,2.225217
-1.203068,-1.04336,-0.006447684,4.782334,2.917439,2.27538
0.08456688,-0.866782,-0.01788556,4.628754,2.975974,2.325019
-2.052335,-2.30288,0.002865563,4.680059,2.972489,2.375044
-2.037047,-2.151756,-0.02420748,4.68006,2.97249,2.325041
-2.025412,-1.695365,-0.02184415,4.68194,2.921873,2.325172
-1.904644,-0.954746,0.006050962,4.629619,2.927036,2.375137
-1.920271,-0.8781812,-0.02133235,4.629632,2.927047,2.325106
-2.02843,-1.839505,0.001169032,4.681939,2.921864,2.375167
-1.393091,-1.518129,-0.006414786,4.782134,2.966157,2.32529
-2.032638,-2.280503,-0.0009456136,4.730746,2.969019,2.37513
-1.995422,-2.276317,-0.0232418,4.73075,2.969021,2.325114
-1.718183,-1.47967,-0.01296892,4.733498,2.917688,2.325277
-1.200612,-1.046229,-0.01045079,4.782295,2.91745,2.375537
-1.202895,-1.052088,-0.0047619,4.782301,2.917458,2.325509
-1.706268,-1.464079,-0.005215185,4.73348,2.917682,2.375313
-2.094893,1.953309,0.003076918,2.976527,3.073843,2.225006
-2.72708,1.544697,0.004831254,2.986402,3.009947,2.28749
-2.080732,1.959829,0.003901232,2.976527,3.07386,2.275002
-2.727967,1.544849,0.00236601,2.9864,3.009949,2.312514
-2.095985,1.954059,0.003451528,2.976526,3.073869,2.375016
-2.083338,1.959035,0.001095566,2.976527,3.073873,2.325009
-2.127315,0.6167205,0.001173949,3.022229,2.925631,2.425173
-2.209276,0.2278348,-0.02010315,3.073848,2.976544,2.425014
-2.898175,0.2042077,0.008627984,3.009937,2.986403,2.487494
-2.126759,0.6427097,-0.002670366,3.022229,2.925609,2.475176
-2.192557,0.2030064,0.01669729,3.073861,2.97654,2.475021
-1.963693,0.339784,-0.00789801,3.073212,2.928594,2.475134
-1.973627,0.3066077,-0.005176237,3.073196,2.92861,2.425112
-2.899867,0.2083175,-0.01408225,3.009945,2.986405,2.512517
-2.12473,0.6326595,-0.001114213,3.022248,2.925586,2.57531
-2.196232,0.2451519,0.03665954,3.073875,2.976536,2.575045
-2.127762,0.6535614,0.005821304,3.022252,2.925613,2.525238
-2.192517,0.2092685,-0.01626055,3.073869,2.97654,2.525029
-1.965549,0.3543532,0.0114346,3.073216,2.928596,2.52517
-1.970993,0.3154733,0.006859255,3.073233,2.928572,2.575241
-2.005253,-2.285235,-0.03026638,4.730737,2.96902,2.425155
-1.39468,-1.518509,-0.01521185,4.782094,2.966163,2.475451
-2.034564,-2.286718,-0.007231862,4.730732,2.969017,2.475176
-1.705743,-1.484122,-0.009542227,4.733451,2.917685,2.475424
-1.200458,-1.048616,-0.009695161,4.782241,2.917488,2.425699
-1.715637,-1.485142,-0.01872192,4.733471,2.917697,2.425381
-1.196423,-1.044708,-0.01417301,4.782248,2.91746,2.475725
-1.3885,-1.522642,-0.02000197,4.782051,2.966161,2.525545
-1.99979,-2.298279,-0.03021245,4.730707,2.969024,2.575261
-2.028405,-2.301745,-0.05364889,4.730719,2.96902,2.525215
-1.703469,-1.493752,-0.03189421,4.733434,2.917707,2.525523
-1.191076,-1.060213,-0.00656271,4.782154,2.917523,2.576086
-1.193794,-1.050806,-0.00863953,4.782178,2.917512,2.525936
-1.706426,-1.513317,-0.01310267,4.73339,2.917708,2.575637
-2.100239,1.954859,0.001405046,2.976526,3.073854,2.425019
-2.728952,1.54419,0.0003541695,2.986404,3.009931,2.487507
-2.090472,1.959156,-0.0007188922,2.976526,3.073841,2.47502
-2.728815,1.550714,-0.0002235111,2.986399,3.009913,2.512525
-2.095419,1.959147,0.002672642,2.976523,3.073816,2.575036
-2.095094,1.96177,-0.002583926,2.976526,3.073825,2.525027
-2.142612,0.6118193,-0.004470018,3.02228,2.925608,2.625414
-2.207377,0.2086437,-0.01181842,3.073876,2.976535,2.625069
-2.892013,0.2013875,-0.006694121,3.009949,2.9864,2.68752
-2.135715,0.6291296,-0.006363497,3.022267,2.925571,2.67552
-2.185578,0.2021683,-0.005631939,3.073889,2.976535,2.675126
-1.970411,0.3268337,-0.01177003,3.073251,2.928542,2.675456
-1.985761,0.3030049,-0.01115152,3.073229,2.928579,2.625319
-2.888644,0.2188868,-0.03045804,3.009954,2.986404,2.71255
-2.135658,0.6409952,-0.01628865,3.022333,2.925538,2.776124
-2.175915,0.219771,0.00783398,3.075278,2.976994,2.776615
-2.126622,0.6494401,-0.01072229,3.022314,2.925593,2.725744
-2.173516,0.2307439,-0.0268278,3.074044,2.976602,2.725387
-1.96897,0.3403147,-0.01447458,3.073247,2.928545,2.725664
-1.977786,0.3255155,-0.02082688,3.073296,2.92846,2.776069
-2.023908,-2.313593,-0.08170818,4.68004,2.972495,2.625123
-0.01558032,-0.6008974,-0.04918792,4.62875,2.97596,2.675109
-1.968303,-1.612797,-0.009209341,4.680032,2.972496,2.675157
-2.016054,-1.346303,-0.03129403,4.681825,2.921893,2.675594
-1.846595,-1.040361,-0.07358333,4.629589,2.927023,2.625363
-2.003608,-1.936851,-0.06029599,4.681854,2.921898,2.625493
-1.896445,-0.8104896,-0.03856487,4.629542,2.926987,2.675483
-1.998107,-2.326115,-0.09855035,4.730685,2.969041,2.625328
-1.332128,-1.556399,-0.02183416,4.781938,2.966306,2.676026
-1.788749,-2.287963,-0.0133643,4.730663,2.969061,2.675411
-1.732882,-1.53149,-0.02189674,4.733273,2.917789,2.675988
-1.191259,-1.08752,-0.007260583,4.782027,2.91764,2.6264
-1.686623,-1.484483,-0.04502864,4.733355,2.917762,2.625797
-1.192436,-1.129332,-0.01871957,4.781983,2.917683,2.67663
0.1825003,-0.7351702,-0.2361801,4.628738,2.975954,2.725175
-2.17874,0.06646283,-0.01525202,4.629318,2.926965,2.776101
-1.925476,-1.4198,0.01231608,4.680331,2.972579,2.775425
-2.02643,-2.281954,-0.07644606,4.68,2.972514,2.725204
-2.012935,-0.8736215,-0.05947086,4.681522,2.922139,2.776206
-1.978483,-2.056197,-0.07428933,4.681718,2.921979,2.725846
-1.821873,-1.203032,-0.1143277,4.629499,2.927004,2.725678
-1.350954,-1.558108,-0.04677166,4.781801,2.966413,2.726332
-1.2348,-1.227256,-0.06204956,4.781622,2.918083,2.777736
-1.668123,-2.285111,-0.09607457,4.731068,2.968678,2.775359
-2.009483,-2.313831,-0.06450552,4.73062,2.969108,2.725533
-1.682326,-1.62836,-0.1035846,4.732879,2.918059,2.776759
-1.686534,-1.585047,-0.06400505,4.73317,2.917925,2.726301
-1.179268,-1.123236,-0.03960487,4.781765,2.91791,2.72715
-2.095266,1.962547,-0.001903163,2.976524,3.073814,2.625054
-2.724784,1.541091,-0.00775044,2.986399,3.009902,2.687518
-2.075056,1.959688,-0.01317785,2.976518,3.073817,2.675094
-2.716542,1.560974,-0.01128123,2.986401,3.009904,2.712545
-2.066221,1.976346,-0.003922103,2.976502,3.073847,2.77538
-2.085412,1.967354,-0.0212607,2.976515,3.073826,2.725182
-2.272953,0.6089952,-0.02522162,3.022507,2.925602,2.826695
-2.151497,0.2194519,-0.02760708,3.074675,2.976453,2.826139
-2.889093,0.2184689,-0.03589887,3.010019,2.986418,2.887825
-2.268007,0.5883555,-0.04742074,3.022797,2.925615,2.877721
-2.157411,0.217545,-0.02702889,3.074809,2.976389,2.875596
-2.109387,0.2996859,-0.04828906,3.073623,2.928162,2.877893
-2.122556,0.309827,-0.02314696,3.073309,2.928337,2.826657
-2.950162,0.1813852,-0.05983965,3.010093,2.98646,2.912997
-2.041934,0.5854281,-0.004752597,3.023378,2.922891,2.978346
-2.227412,0.07842508,0.007940008,3.087428,2.989374,2.989504
-2.180877,0.6693609,-0.07842312,3.023685,2.926132,2.929364
-2.277709,0.1435422,-0.0363708,3.075452,2.976865,2.926104
-1.937443,0.3740583,-0.01660676,3.075162,2.92386,2.978282
-2.010131,0.4234932,-0.06023426,3.074133,2.928217,2.929581
-1.893317,0.06178916,-0.04765525,3.176128,2.978511,2.927027
-1.789391,0.1701668,-0.02228404,3.175863,2.925538,2.979036
-2.113722,0.06467014,0.002752758,3.112584,2.989661,2.989692
-2.047077,0.09540817,-0.04053902,3.126044,2.977639,2.927829
-1.853755,0.2985302,-0.02317687,3.124833,2.925163,2.978838
-1.864233,0.304867,-0.03824039,3.124518,2.92982,2.930567
-1.740476,0.2070172,-0.02546799,3.174821,2.931329,2.931823
-1.796924,0.05797147,-0.008591966,3.224766,2.979265,2.928054
-1.721104,0.1393662,-0.01921542,3.224281,2.926687,2.979672
-1.714219,0.05361422,0.02306136,3.275048,2.978294,2.978428
-1.721556,0.05359019,0.01879419,3.276019,2.979563,2.928216
-1.574453,0.09767636,0.02301335,3.274996,2.932986,2.933163
-1.634111,0.1281546,0.009879044,3.22483,2.932482,2.932817
-1.67592,0.09852267,-0.01136033,3.275471,2.927133,2.979914
-1.577012,0.01687901,0.01621052,3.375747,2.979117,2.926725
-1.596603,0.03168646,0.01662517,3.32512,2.978104,2.978238
-1.641429,0.03599491,0.03040505,3.325025,2.979523,2.927653
-1.531475,0.08800297,0.02222263,3.324983,2.932875,2.933
-1.581018,0.0898648,-0.002045222,3.375366,2.926239,2.979263
-1.48196,0.0608033,-0.009138629,3.374998,2.932358,2.932438
-1.617174,0.1126391,-0.007282747,3.324508,2.92687,2.979791
-1.539453,0.01528276,-0.01128916,3.424782,2.979368,2.927494
-1.472675,0.006836871,-0.00765649,3.475335,2.977673,2.977697
-1.516907,0.01139501,-0.008167108,3.476129,2.979207,2.926705
-1.411482,0.03749454,-0.01802878,3.475043,2.932429,2.932491
-1.536222,0.05369683,0.001418711,3.424285,2.926996,2.979531
-1.433416,0.03229736,-0.02641529,3.424987,2.931944,2.931996
-1.507659,0.04894082,0.001855164,3.475698,2.926252,2.979342
-1.3983,0.006433799,0.01128743,3.775305,2.978957,2.925576
-1.395399,0.02651073,0.001798672,3.775287,2.925606,2.978956
-1.348633,0.008326884,0.002684056,3.724777,2.977434,2.977451
-1.314497,0.04258109,0.02460071,3.775056,2.931094,2.931089
-1.417725,0.006639767,-0.007759318,3.724308,2.979173,2.925703
-1.306498,0.02437696,0.002127622,3.725037,2.932096,2.932096
-1.409972,0.01480718,0.001769431,3.724295,2.925689,2.979163
-2.098792,1.955118,-0.01403016,2.976504,3.073899,2.82579
-2.752014,1.555242,-0.06461045,2.986434,3.010036,2.887878
-2.090616,1.977366,-0.03674245,2.976524,3.074066,2.876592
-2.796517,1.577732,-0.07072066,2.98648,3.010102,2.913089
-1.891364,2.091286,0.005903557,2.990069,3.088773,2.990158
-2.373735,1.992318,-0.02493379,2.976841,3.074538,2.928112
-2.243075,0.3195844,0.02116208,3.061901,2.96618,0.03346249
-2.371773,0.06324878,-0.009719539,3.062345,2.98911,0.01066341
-2.19926,0.04941799,0.01618001,3.087583,2.989802,0.0354765
-2.130867,0.2100554,0.001063038,3.087775,2.963854,0.009984089
-2.387222,0.07213926,0.006261827,3.062228,2.989351,0.03505078
-2.089017,0.2470445,0.0404188,3.087209,2.966641,0.03322136
-2.23111,0.3038578,-0.003794507,3.06207,2.963578,0.01000943
-0.6615769,0.4425041,-0.1229916,4.537689,2.967083,0.03288954
-0.5032225,0.07694783,0.09988459,4.537537,2.98942,0.01058642
-0.4454269,0.03684481,0.1354989,4.512194,2.990093,0.03589895
-0.7149387,0.2586007,-0.02412492,4.51217,2.964079,0.009903566
-0.771411,0.3185019,-0.01150267,4.512583,2.967052,0.03293138
-0.2188777,0.07055696,0.09628925,4.537827,2.990102,0.03569745
-0.3460939,0.3166472,-0.04710811,4.537821,2.964142,0.009836072
-2.187876,1.943352,0.0002557147,2.9891,3.062347,0.01065496
-2.845474,2.224535,-0.1145257,2.989795,3.087579,0.03545873
-2.813045,1.979981,-0.0857011,2.989346,3.062228,0.03503456
-1.273929,2.582309,0.03135229,2.989326,3.137491,0.0106212
-2.778569,2.484294,-0.1376522,2.989904,3.112098,0.03550252
-2.760012,2.75533,-0.1558204,2.989971,3.13781,0.03559949
-0.4128678,-1.945228,0.06299989,4.735147,3.036257,0.03352202
-0.4309914,-2.151347,-0.02886532,4.73754,3.011182,0.01014748
-0.1455425,-2.449503,0.02548724,4.712933,3.010404,0.03760585
-0.125882,-2.072951,-0.01700065,4.711171,3.036838,0.01101308
-0.5218468,-2.177768,0.01651305,4.737226,3.010644,0.03382326
-0.1192176,-2.070532,0.04975007,4.711285,3.036362,0.0363059
-0.3810447,-1.938059,-0.0122457,4.736858,3.037273,0.01004712
-0.2765783,-1.795012,0.03025925,4.733999,3.061599,0.03330168
-0.0467394,-1.758451,0.005561615,4.710174,3.087055,0.03560333
-0.06596691,-1.906977,-0.004770556,4.710861,3.062098,0.01075019
-0.2034818,-1.687229,0.002255319,4.736075,3.087705,0.009988014
-0.06938228,-1.917178,0.01285251,4.710524,3.061142,0.0357963
-0.2079266,-1.668714,0.0314166,4.733413,3.086941,0.03315722
-0.2832278,-1.782766,-0.006281098,4.736382,3.062006,0.009991127
-0.1142681,-1.340245,-0.009517595,4.733034,3.162323,0.0330729
-0.07112636,-1.335208,-0.002361902,4.735815,3.187821,0.00995654
-0.02498834,-1.344004,0.002293281,4.709971,3.187933,0.0357656
-0.02809674,-1.39553,-0.004646237,4.710604,3.162471,0.01064932
-0.0276935,-1.420841,-0.0150982,4.70997,3.162276,0.03574638
-0.08278662,-1.266002,0.003437317,4.733005,3.187419,0.03304214
-0.1132964,-1.39445,-0.002796947,4.735847,3.162217,0.009938785
-0.1358092,-1.438445,0.001905091,4.733072,3.137279,0.03307812
-0.04571359,-1.634657,-0.02496409,4.710068,3.111786,0.03556063
-0.1798963,-1.561707,-0.003613651,4.735929,3.112068,0.009972671
-0.03708374,-1.486669,-0.006872803,4.710618,3.137444,0.01064031
-0.1639109,-1.543904,-0.01601317,4.733195,3.112093,0.03311632
-0.0312664,-1.505661,-0.008796216,4.709997,3.137629,0.03565113
-0.1276644,-1.484275,0.0006653066,4.735876,3.137693,0.009941668
-0.0494516,-1.172657,0.01363111,4.732971,3.237479,0.0330107
-0.06736115,-1.275333,-0.00795947,4.735808,3.212143,0.009953634
-0.03213906,-1.293059,0.002345933,4.709982,3.212353,0.03569952
-0.02573846,-1.218643,-0.005936052,4.710593,3.237515,0.01064308
-0.02776458,-1.244943,0.009348633,4.709952,3.237932,0.03574956
-0.06600063,-1.20568,0.0007967607,4.732994,3.212421,0.03303315
-0.03952497,-1.229481,-0.006633158,4.735817,3.237739,0.009926269
-0.04322906,-1.155384,0.01356931,4.732955,3.262465,0.03300614
-0.01580215,-1.19675,0.01045824,4.709912,3.287863,0.03596931
-0.01398642,-1.182887,0.002793093,4.710588,3.262507,0.01065209
-0.04103333,-1.179583,0.005527719,4.735792,3.28784,0.009948897
-0.01960735,-1.215274,0.007216135,4.709929,3.262373,0.03585445
-0.03383221,-1.147963,0.01930919,4.732933,3.287499,0.03300001
-0.0531528,-1.193136,-0.001744856,4.735812,3.262249,0.009925357
-0.06544229,-1.030783,-0.004888904,4.732919,3.362488,0.03299697
-0.04852323,-1.043607,0.0005780409,4.735786,3.387844,0.009949305
-0.00977219,-1.054118,-0.009591464,4.709896,3.387846,0.03600581
-0.01191007,-1.06133,0.003333625,4.710578,3.362499,0.01066774
-0.01059342,-1.094032,-0.010198,4.709875,3.362259,0.03601557
-0.04854613,-0.9955936,0.001119717,4.732911,3.387514,0.03299862
-0.07410815,-1.083746,0.00184423,4.735803,3.362254,0.009924729
-0.05597088,-1.085901,0.0042879,4.732922,3.33751,0.03299655
-0.0163094,-1.171026,0.007685732,4.709906,3.31217,0.03598484
-0.05739318,-1.152588,0.005718361,4.73579,3.312156,0.009948745
-0.01362967,-1.106205,0.00522822,4.710578,3.337501,0.01066723
-0.04449022,-1.122016,0.009493499,4.732926,3.312482,0.03299892
-0.01018417,-1.138155,-0.002979286,4.709876,3.337749,0.03601237
-0.06093812,-1.128157,0.008325639,4.735804,3.337746,0.009924591
-0.02417298,-0.8987966,0.01085066,4.732914,3.437518,0.03300035
-0.04030552,-1.003963,-0.007027731,4.735786,3.412158,0.009949493
-0.0155625,-1.017618,-0.004089019,4.709896,3.412165,0.03600635
-0.01531004,-0.9577494,-0.007193558,4.710577,3.437504,0.01066933
-0.01530675,-0.9784402,0.00720378,4.709872,3.437752,0.03602354
-0.03566046,-0.939358,0.002820159,4.73291,3.412495,0.03299928
-0.01628289,-0.96605,-0.01077618,4.735801,3.437748,0.009925801
-0.02078698,-0.8996877,0.01250441,4.732914,3.462496,0.03300199
-0.006969652,-0.9545841,0.009404109,4.709895,3.487854,0.03601579
-0.006709396,-0.9373251,-0.003282103,4.710577,3.4625,0.01066995
-0.02463831,-0.9473906,-0.003960339,4.735786,3.487845,0.009951062
-0.009731982,-0.9601838,0.003782128,4.709872,3.462264,0.0360254
-0.01828064,-0.9064708,0.02087389,4.73291,3.487521,0.03300698
-0.02626486,-0.9476146,-0.005624734,4.735801,3.462256,0.009926258
-0.04165142,-0.8582614,-0.01418005,4.732916,3.562498,0.03301364
-0.04596701,-0.8616945,-0.002208228,4.735787,3.587846,0.009954167
-0.005004483,-0.8640894,-0.02024077,4.709895,3.587857,0.03603259
-0.007350011,-0.8692454,0.0008026819,4.710578,3.562501,0.01067333
-0.005117029,-0.8969684,-0.01792616,4.709873,3.562267,0.03603839
-0.0378073,-0.8203721,-0.0134826,4.732913,3.587523,0.03302112
-0.04889781,-0.8968008,0.0008602208,4.735802,3.562256,0.009928742
-0.02644646,-0.8912133,0.01167306,4.732916,3.537523,0.03301072
-0.009092227,-0.9387482,0.01265787,4.709896,3.512172,0.03601678
-0.03047355,-0.9321207,-0.004194509,4.735786,3.51216,0.009951513
-0.007665411,-0.8985748,0.0003718393,4.710577,3.537505,0.0106724
-0.02276275,-0.8989199,0.02096845,4.73291,3.5125,0.0330084
-0.006016867,-0.9279254,0.00440331,4.709872,3.537757,0.03603503
-0.02879168,-0.9235799,-0.000321304,4.735802,3.537749,0.009927972
-0.01448116,-0.7259074,0.008354009,4.732918,3.637522,0.03302587
-0.03458546,-0.8206772,-0.005020077,4.735787,3.61216,0.0099548
-0.0127828,-0.8255373,-0.01240174,4.709896,3.612172,0.03603479
-0.009891615,-0.7790485,-0.002964162,4.710578,3.637505,0.01067678
-0.01018349,-0.7908611,0.005319003,4.709872,3.637756,0.03605265
-0.0294435,-0.7745887,-0.005557751,4.732913,3.6125,0.03302346
-0.009557003,-0.7817929,-0.00483066,4.735803,3.637748,0.00993137
-0.01288597,-0.7258699,0.007735562,4.732918,3.662495,0.03302968
-0.005869424,-0.7814786,0.002410378,4.709895,3.687851,0.03605448
-0.006882734,-0.7691986,-0.002101543,4.710578,3.6625,0.01067825
-0.016165,-0.7756891,-0.002725332,4.735788,3.687844,0.00995814
-0.00617645,-0.7808029,0.003693554,4.709873,3.662263,0.03605728
-0.01385562,-0.7357564,0.0140079,4.732915,3.687519,0.0330387
-0.01535232,-0.7730043,-0.002374532,4.735803,3.662255,0.009932391
-0.03872788,-0.7214127,-0.009642806,4.73292,3.76249,0.03304496
-0.04895875,-0.7257096,-0.001188949,4.735788,3.787843,0.009961533
-0.008398923,-0.7225067,-0.02095459,4.709895,3.787844,0.03607296
-0.009608081,-0.7283958,1.610371e-05,4.710578,3.762498,0.0106833
-0.00595295,-0.7499077,-0.002147327,4.709873,3.762256,0.03607597
-0.04226978,-0.6881951,-0.0197185,4.732917,3.787515,0.03305327
-0.0398275,-0.7516185,0.001989823,4.735804,3.762254,0.009935866
-0.01148015,-0.7318734,0.01945135,4.732919,3.737517,0.03304176
-0.009150633,-0.768017,0.009233938,4.709895,3.712164,0.03605735
-0.01784775,-0.764844,-0.003257372,4.735788,3.712158,0.009958864
-0.005846825,-0.7426959,-0.0007399221,4.710578,3.737503,0.01068206
-0.01307435,-0.7328375,0.0190812,4.732915,3.712494,0.03304133
-0.007307331,-0.7655761,0.0150464,4.709872,3.737749,0.03607209
-0.01255295,-0.7642402,-0.0006944372,4.735803,3.737747,0.009935161
-0.01013868,-0.5885401,0.0006438982,4.73292,3.837514,0.03305217
-0.0393763,-0.678555,-0.004886192,4.735788,3.812157,0.009962017
-0.01410069,-0.6777509,-0.01847729,4.709895,3.812157,0.03607468
-0.0074151,-0.6322894,0.001036998,4.710579,3.837502,0.01068559
-0.006953096,-0.6389145,-0.0005929819,4.709873,3.837746,0.03608485
-0.03488333,-0.6509553,-0.01736983,4.732917,3.812489,0.03305491
-0.008469442,-0.6316138,-0.000341385,4.735804,3.837746,0.009937587
-0.007947866,-0.5836826,-0.0007362353,4.73292,3.862487,0.03305325
-0.008052659,-0.6307818,-0.005776159,4.709895,3.887844,0.03608056
-0.007882384,-0.6278106,-0.0004195252,4.710578,3.862498,0.01068612
-0.01590234,-0.6239951,-0.002466638,4.735788,3.887843,0.009963005
-0.003757432,-0.6319692,-0.0007877394,4.709873,3.862254,0.03608622
-0.01584854,-0.5867243,0.001496907,4.732917,3.887514,0.03305946
-0.01032347,-0.6247415,0.0005926736,4.735804,3.862254,0.009937901
-0.02874007,-0.5887627,0.006648069,4.732921,3.962487,0.03305196
-0.05466283,-0.59813,-0.00213469,4.735788,3.987843,0.009962001
-0.009846424,-0.5937001,-0.01665573,4.709896,3.987844,0.03607466
-0.01028777,-0.594003,-0.0003129143,4.710579,3.962498,0.01068565
-0.005473598,-0.6088977,0.01730365,4.709873,3.962255,0.03608466
-0.05005613,-0.5630752,-0.02016252,4.732918,3.987513,0.03305483
-0.02304324,-0.6096722,0.004942007,4.735804,3.962254,0.009937529
-0.001785949,-0.5806379,0.02477186,4.732921,3.937514,0.03305312
-0.0102034,-0.6122041,0.001379443,4.709895,3.912157,0.03608047
-0.01663366,-0.6087995,-0.003212356,4.735788,3.912157,0.00996293
-0.004049853,-0.5894065,-0.0001056943,4.710579,3.937502,0.01068613
-0.0135657,-0.5831386,0.01208716,4.732917,3.912488,0.03305934
-0.008202643,-0.6103445,0.01933248,4.709873,3.937747,0.03608617
-0.002170795,-0.6067338,0.0006644538,4.735804,3.937747,0.009937951
-0.01287042,-0.4549899,0.002248862,4.732921,4.037513,0.03304595
-0.05299186,-0.5402748,-0.01002352,4.735788,4.012158,0.00996154
-0.01695909,-0.5393648,-0.02023629,4.709896,4.012157,0.03607278
-0.005224584,-0.4829752,0.003032243,4.710579,4.037502,0.01068335
-0.00668194,-0.4881959,0.0007641152,4.709873,4.037746,0.036076
-0.05082075,-0.5270935,-0.02339808,4.732918,4.012487,0.03305331
-0.01354984,-0.4808391,-0.0008809622,4.735804,4.037747,0.009936199
-0.007680132,-0.4430911,0.002435556,4.732922,4.062486,0.03304333
-0.0108167,-0.4777632,-0.008010836,4.709896,4.087839,0.03605805
-0.008407693,-0.4835739,0.001655814,4.710579,4.062497,0.01068222
-0.02351554,-0.4692589,-0.003560617,4.735788,4.087843,0.009959678
-0.004624352,-0.4869454,0.003750026,4.709873,4.062252,0.03607223
-0.02585488,-0.4402184,-0.005823082,4.732919,4.08751,0.03304467
-0.0135068,-0.4749447,0.002549936,4.735804,4.062254,0.009935738
-0.008781913,-0.4229321,0.02298737,4.732925,4.162485,0.03303342
-0.01143464,-0.4397576,-0.001094404,4.709898,4.187835,0.03603731
-0.01019129,-0.4298222,-0.0009385505,4.710579,4.162496,0.01067755
-0.005641172,-0.4404711,0.02987723,4.709875,4.162248,0.0360545
-0.05261448,-0.4163942,-0.01392873,4.732922,4.187511,0.03303284
-0.002394036,-0.4381442,0.005487701,4.735805,4.162254,0.009933846
-0.001657945,-0.4161215,0.02335053,4.732924,4.137511,0.03303612
-0.01349252,-0.4475972,-0.009433659,4.709897,4.112152,0.03605528
-0.02603038,-0.4426356,-0.006198059,4.735789,4.112158,0.009959529
-0.005289514,-0.4167136,-0.001965763,4.710579,4.137501,0.01067882
-0.02438297,-0.4270375,-0.000624925,4.732919,4.112485,0.03304297
-0.008940424,-0.4332205,0.01728803,4.709874,4.13774,0.03605886
-0.000917537,-0.4270234,-0.001295725,4.735805,4.137747,0.009934355
-0.7477283,-0.0196486,0.01637459,3.562496,0.1329527,2.967147
-0.759482,-0.02275448,6.996413e-05,3.587841,0.1359863,2.990116
-0.761669,0.002233261,0.02012642,3.587842,0.1099406,2.964268
-0.7226035,-0.00143975,-0.002202265,3.5625,0.1106609,2.989438
-0.7699307,-0.01124818,-0.005846818,3.562259,0.1359946,2.990141
-0.7668979,0.005813073,-0.00079096,3.562258,0.1099145,2.964254
-0.7269027,-0.02336611,0.02469092,3.587508,0.1329592,2.967146
-0.77495,-0.02845334,0.02307662,3.762453,0.1328181,2.967288
-0.7498838,-0.02267586,0.01499452,3.787815,0.1356214,2.990237
-0.7542422,-0.01142806,0.01715039,3.787817,0.1098261,2.964673
-0.7248414,-0.01260637,0.01142598,3.762471,0.1106147,2.989492
-0.7748681,-0.01089741,-0.004538417,3.76223,0.1098723,2.964411
-0.7693275,-0.03453583,0.02817964,3.78743,0.1326422,2.967481
-0.7717032,-0.002358442,0.01159425,3.762228,0.135856,2.990185
-0.7570461,0.00150287,0.004121336,3.737487,0.1328915,2.967202
-0.754094,-0.007783026,-0.01004753,3.712154,0.1099307,2.964293
-0.7266826,-0.007581998,0.008527049,3.73749,0.1106438,2.989458
-0.7525503,0.03206032,0.003564081,3.712153,0.1359611,2.990121
-0.772969,-0.01038686,-0.01883062,3.737732,0.1098974,2.964318
-0.7127988,0.0222513,-0.004473257,3.712485,0.1329154,2.967159
-0.774859,0.02941703,0.008578896,3.73773,0.1359378,2.990157
-0.6949636,-0.0009007351,-0.0007859617,3.837391,0.1314925,2.968673
-0.7118097,-0.01965217,0.01522236,3.812214,0.1351658,2.990419
-0.720429,-0.0075339,0.01436143,3.812196,0.1096425,2.96515
-0.639622,0.002294934,-0.002498379,3.838791,0.1098594,2.990255
-0.6719195,0.002227112,0.0006883489,3.838184,0.134495,2.990804
-0.7583606,-0.03213566,0.02712096,3.812375,0.1322495,2.967903
-0.6676427,0.001995622,-0.00663694,3.838141,0.1092612,2.965824
-0.7625855,0.004571693,-0.001855395,4.337551,0.1319104,2.968241
-0.7021139,-0.007867829,-0.02272079,4.311716,0.1092388,2.966015
-0.7310529,-0.007069216,0.01022332,4.337315,0.1102007,2.989945
-0.7008317,0.03290192,0.002736002,4.311668,0.1343438,2.990841
-0.7242005,-0.00602147,-0.0454891,4.337673,0.1095027,2.965545
-0.7165378,-0.002620337,0.008700321,4.312573,0.1313265,2.968831
-0.7245173,0.04920549,0.003240616,4.337661,0.1348157,2.99057
-1.339873,0.02506071,0.01488933,3.937536,2.967405,2.967376
-1.316402,0.01292208,0.01199308,3.93727,2.989542,2.989564
-1.357954,0.007937665,-0.008259172,3.911591,2.990464,2.964547
-1.360866,-9.82558e-05,0.00942518,3.911581,2.964543,2.990467
-1.339138,0.01756215,0.008324379,3.912477,2.967749,2.967698
-1.336862,0.01787939,-0.02091924,3.93761,2.990293,2.964377
-1.338671,-0.009677513,0.01695777,3.937607,2.964338,2.990294
-1.403002,0.003550528,-0.003967436,4.062373,2.967777,2.967783
-1.404401,0.0006956396,-5.124857e-05,4.062639,2.989692,2.989714
-1.404157,-0.004538208,0.0002817076,4.088278,2.990738,2.965535
-1.403509,0.005074526,-0.004486806,4.088319,2.965417,2.990773
-1.407441,0.006340083,8.289916e-05,4.087399,2.968531,2.968525
-1.385197,-0.00729531,-0.01353893,4.062299,2.99042,2.964829
-1.388196,-0.007149994,-0.007583397,4.062304,2.964779,2.990422
-1.357102,0.0715848,0.02326609,4.337561,2.968014,2.968043
-1.349427,0.0166182,-0.01361755,4.337319,2.989791,2.989836
-1.338016,0.00769095,-0.04387227,4.311651,2.990764,2.965724
-1.335375,-0.006038305,0.01237318,4.311659,2.965543,2.990815
-1.390495,0.03996762,-0.006898514,4.312556,2.968637,2.968655
-1.317748,-0.0003462544,-0.00506519,4.337638,2.990497,2.96521
-1.303246,0.03384334,0.00307479,4.337682,2.965067,2.990523
-0.3471192,0.4506923,0.1504627,4.537807,2.967523,2.967548
0.1454751,0.1996187,-0.06775619,4.537382,2.989641,2.989681
-0.2138459,0.1263618,-0.07097295,4.511534,2.990624,2.965456
-0.6412419,0.4159174,0.04337086,4.511687,2.965176,2.990674
-0.5764202,0.4292531,0.03523312,4.512646,2.968181,2.968211
0.2092429,0.1199783,0.09232495,4.537675,2.990267,2.964987
-0.2816571,0.4778054,0.04858797,4.537725,2.964638,2.990377
-1.503538,-1.956608,-0.09222983,4.747194,2.952595,2.83879
-1.484716,-2.360399,-0.1350614,4.747795,2.976241,2.813412
-2.349918,-2.002099,-0.1069009,4.7235,2.952002,2.813406
-1.492964,-2.664772,-0.03254974,4.720319,2.979549,2.837836
-1.563844,-1.951612,-0.2393356,4.747229,2.952537,2.813778
-2.35148,-2.041846,-0.1074525,4.723442,2.951989,2.838368
-1.525715,-2.356244,-0.0537476,4.747834,2.976326,2.838362
-1.499426,-1.97249,-0.09683566,4.746825,2.952988,2.864236
-2.267287,-2.032638,-0.1052196,4.722587,2.952755,2.888962
-1.4299,-2.630242,-0.05328285,4.720198,2.97969,2.862936
-1.334438,-2.317065,-0.07657449,4.747107,2.977234,2.88895
-2.282585,-2.046346,-0.07889624,4.723201,2.952252,2.863738
-1.46936,-1.975659,-0.08985485,4.746133,2.953693,2.889563
-1.463017,-2.333358,-0.07495841,4.747594,2.976597,2.863737
-1.555386,-2.29211,-0.08613815,4.740483,2.959453,2.967039
-0.7707017,-2.209363,-0.01580164,4.74098,2.985704,2.990172
-1.275594,-2.748804,-0.05778627,4.716336,2.983526,2.963345
-1.961935,-1.990227,0.02368034,4.714282,2.958941,2.9902
-1.1458,-1.880066,0.01205295,4.740071,2.959872,2.990319
-2.223768,-2.430982,-0.127104,4.716945,2.958352,2.966668
-1.337509,-2.546883,-0.09933251,4.741568,2.982926,2.966634
-1.445448,-2.059543,-0.07389373,4.742904,2.956946,2.941124
-2.227812,-2.111557,-0.1112479,4.721533,2.95383,2.914613
-1.230635,-2.351247,-0.09544757,4.74603,2.978283,2.914597
-1.360793,-2.671941,-0.1167734,4.718287,2.981582,2.937998
-1.445351,-2.084576,-0.08281506,4.744782,2.95504,2.915375
-2.242914,-2.079011,-0.1943542,4.719644,2.955535,2.940311
-1.200139,-2.335049,-0.08018656,4.74432,2.980164,2.940299
-0.05373014,-1.172651,-0.02407129,4.732921,3.262452,2.966992
-0.01499996,-1.209311,-0.01632148,4.709904,3.287828,2.963986
-0.014379,-1.205798,-0.002028899,4.710582,3.262491,2.98933
-0.05055178,-1.193558,-0.00145655,4.73579,3.287837,2.990062
-0.01807219,-1.232098,-0.0152325,4.709881,3.262226,2.963976
-0.04300818,-1.162847,-0.02646463,4.732918,3.287493,2.966998
-0.06509642,-1.208962,0.005257942,4.735806,3.262248,2.990085
-0.009082294,-0.7345504,0.002783702,4.732916,3.662483,2.966941
-0.006891248,-0.7877584,0.001979048,4.709899,3.687839,2.963911
-0.006871722,-0.7776105,0.0009207392,4.710581,3.662497,2.989314
-0.01592129,-0.782937,0.0006607786,4.735788,3.687842,2.990043
-0.007723735,-0.7889282,0.003118533,4.709877,3.662249,2.963909
-0.0115913,-0.7403524,-0.01138274,4.732911,3.687511,2.966927
-0.01325091,-0.7814921,-0.0009848031,4.735804,3.662254,2.99007
-0.04182558,-0.7291344,0.01017377,4.732928,3.762485,2.966948
-0.05159713,-0.7351134,0.0003555337,4.735789,3.787842,2.990038
-0.007947551,-0.730946,0.01821395,4.709898,3.787844,2.96391
-0.009738491,-0.7345578,-0.001214148,4.710579,3.762497,2.989311
-0.00648721,-0.7579639,0.001223049,4.709874,3.762252,2.963905
-0.04474839,-0.6978517,0.01810209,4.732932,3.787513,2.966951
-0.0425008,-0.7598674,-0.003086956,4.735804,3.762253,2.990062
-0.01295876,-0.740143,-0.01994171,4.732924,3.737512,2.966944
-0.009598904,-0.7754106,-0.01184023,4.709898,3.712151,2.96391
-0.02016012,-0.7730769,0.002386396,4.735788,3.712158,2.99004
-0.006677464,-0.7503004,-0.0001284293,4.710579,3.737501,2.989312
-0.01403704,-0.7394329,-0.0205749,4.732914,3.712483,2.966929
-0.008000191,-0.774762,-0.01631924,4.709874,3.737743,2.963904
-0.01463282,-0.7735421,-0.0002742149,4.735804,3.737746,2.990062
-0.01137584,-0.5952055,-0.002234281,4.732928,3.837515,2.966949
-0.04255001,-0.6877544,0.005526885,4.735789,3.812158,2.990038
-0.01361368,-0.6866966,0.01566122,4.709898,3.812156,2.96391
-0.008275435,-0.6391353,-0.0004830225,4.710578,3.837502,2.989311
-0.03718054,-0.6588613,0.01548616,4.732932,3.812487,2.966951
-0.007279246,-0.6469099,-0.00120312,4.709874,3.837748,2.963905
-0.01006484,-0.6398408,0.001257118,4.735804,3.837747,2.990062
-0.009324024,-0.591909,-0.001867882,4.732924,3.862488,2.966946
-0.00800539,-0.6383608,0.001901101,4.709895,3.887848,2.963912
-0.008270868,-0.6336932,0.0004998284,4.710578,3.862499,2.989312
-0.01637731,-0.6326815,0.00308947,4.735786,3.887843,2.990036
-0.005321347,-0.6403045,-0.00148151,4.709873,3.862257,2.963905
-0.01731931,-0.5968123,-0.004951961,4.732917,3.887516,2.966936
-0.01209345,-0.6326226,0.0002377493,4.735803,3.862254,2.990062
-0.02917095,-0.595192,-0.007061897,4.732913,3.962489,2.966961
-0.05494946,-0.6096494,0.002584186,4.735772,3.98784,2.990052
-0.01228172,-0.6003349,0.01756355,4.709897,3.987845,2.963939
-0.01181014,-0.6020533,0.001885718,4.710578,3.962499,2.989316
-0.006942713,-0.6178221,-0.02076363,4.709873,3.962259,2.96392
-0.04885229,-0.5727344,0.0230756,4.732902,3.987511,2.966972
-0.02394312,-0.6215884,-0.003791211,4.735796,3.962252,2.990069
-0.004079483,-0.5923215,-0.02607883,4.732916,3.937515,2.966952
-0.01011549,-0.6201816,-0.007038261,4.709896,3.912162,2.963914
-0.01730892,-0.61848,0.003513947,4.735786,3.912156,2.990039
-0.005946109,-0.5975896,0.001412377,4.710578,3.937503,2.989314
-0.01561888,-0.5936823,-0.01495311,4.732913,3.91249,2.966937
-0.007806823,-0.6207183,-0.02348982,4.709874,3.937749,2.963914
-0.002672083,-0.6183771,-0.001133847,4.735799,3.937748,2.990066
1.222044,0.08632443,0.03351028,2.989704,4.137362,2.989699
1.249738,0.1461962,0.01813404,2.990756,4.111727,2.965456
1.207469,0.1014192,0.01901297,2.990426,4.137695,2.964795
-0.009971388,-0.4681214,0.009038058,4.732842,4.037492,2.967032
-0.05292733,-0.5486938,0.009797275,4.735755,4.012154,2.990057
-0.02076894,-0.5412871,0.0273934,4.709891,4.012153,2.963956
-0.009013301,-0.478793,-4.55209e-05,4.710555,4.037491,2.989338
-0.04786802,-0.5350083,0.03518478,4.732884,4.012481,2.966991
-0.009724877,-0.4915306,0.004826918,4.709854,4.037733,2.963994
-0.01193899,-0.4824677,0.003277124,4.735723,4.037736,2.990089
-0.005599497,-0.4508048,0.01070542,4.732755,4.06245,2.967109
-0.02386221,-0.4682726,0.009548011,4.709782,4.087816,2.964318
-0.01352983,-0.4717635,0.003362621,4.710524,4.062471,2.989368
-0.01540315,-0.4560768,0.01336708,4.73538,4.087818,2.990174
-0.01142639,-0.4856387,0.001627827,4.709828,4.062229,2.964081
-0.02948112,-0.4524539,0.01850345,4.732564,4.087435,2.967281
-0.01116774,-0.4718531,0.003206081,4.735631,4.062227,2.990118
-0.7577234,0.001882487,0.002473227,4.975554,0.1710798,0.02001111
-0.6345881,0.001238079,0.02202788,4.949985,0.1441365,0.144277
-0.6352796,0.001266885,-0.02240941,4.950057,0.1449742,2.853251
-0.7409352,-0.008938323,-0.01163787,4.975957,0.1213011,2.926724
-0.47229,-1.202179,-0.01195803,4.94998,3.045926,0.8489346
-0.4692115,-1.204984,-0.02720063,4.950106,3.045909,0.9492431
-0.3426595,-1.076489,-0.01642882,4.948621,3.14714,0.94947
-0.5036881,-1.225698,-0.01938391,4.950281,3.045801,1.049409
-0.4008531,-1.08082,-0.01341571,4.948846,3.147091,1.04949
-0.4987434,-1.212115,0.005876951,4.950407,3.045761,1.149608
-0.3811912,-1.051364,-0.01032572,4.949089,3.147056,1.149789
-0.5161842,-1.21929,0.01207948,4.950621,3.045693,1.249691
-0.404903,-1.06067,-0.005147987,4.949306,3.14704,1.249676
-0.531563,-1.22806,0.01859649,4.950924,3.045653,1.349856
-0.4141932,-1.073405,-0.007168383,4.94957,3.147039,1.349976
-0.6216574,-1.205585,0.0123838,4.951262,3.045636,1.449933
-0.471816,-1.13125,-0.01495397,4.949785,3.147055,1.449843
-0.6356549,-1.201452,0.007272981,4.951415,3.045632,1.550071
-0.4731472,-1.126707,0.004255221,4.949925,3.147074,1.550158
-0.6440266,-1.190887,-0.002150086,4.95148,3.045632,1.650151
-0.4756637,-1.126797,-0.003463026,4.949987,3.147083,1.650033
-0.64931,-1.187011,0.001554415,4.95151,3.045626,1.750309
-0.4783317,-1.126131,0.002441771,4.950013,3.147094,1.75037
-0.6453058,-1.184895,-0.002241058,4.951489,3.045635,1.850418
-0.4765199,-1.126088,-0.001031517,4.949986,3.147088,1.850273
-0.646837,-1.184151,0.002075168,4.951464,3.045627,1.95062
-0.4772688,-1.125467,0.002576196,4.949938,3.147095,1.950651
-0.647554,-1.182676,-0.002478976,4.951375,3.045643,2.050793
-0.4773298,-1.123163,-0.0003407416,4.949826,3.147071,2.050614
-0.6479438,-1.181914,0.0004071729,4.951292,3.045626,2.151089
-0.4775179,-1.122198,0.00195375,4.949684,3.147068,2.15107
-0.8652911,-0.9503856,-0.01451409,4.950829,2.848857,2.863821
-0.8220382,-1.072436,-0.01718882,4.950679,2.948468,2.862039
-0.8396102,-0.9117302,0.0153501,4.954554,2.845325,2.958344
-0.7538502,-1.052438,0.02336654,4.955819,2.949316,2.957658
-0.6510203,-1.183521,-0.006770891,4.949633,3.048662,2.860984
-0.478709,-1.077597,-0.0009939081,4.948444,3.149046,2.860596
-0.6038558,-1.137766,0.01266136,4.955957,3.048272,2.957144
-0.4134882,-1.049291,0.00719126,4.955668,3.150729,2.956927
-0.3637469,-1.002071,-0.03488993,4.947831,3.249494,2.860716
-0.2770726,-0.9411647,-0.05741285,4.947844,3.349834,2.860818
-0.3289008,-0.9817726,0.0100505,4.955459,3.248872,2.956913
-0.2349487,-0.9377712,0.01488116,4.95541,3.350958,2.956918
-0.208247,-0.7358877,-0.004187187,4.948242,3.649984,2.860733
-0.1732307,-0.6831915,-0.03389803,4.948304,3.750079,2.860684
-0.1762679,-0.7579902,0.01279002,4.955464,3.649005,2.956901
-0.1400204,-0.6901793,0.01207166,4.955469,3.751021,2.956891
-0.1906477,-0.6199125,-0.004740896,4.94827,3.850003,2.860662
-0.1728176,-0.5608724,-0.03170782,4.948123,3.950138,2.860634
-0.1658158,-0.646513,0.01307971,4.955443,3.849021,2.956885
-0.1460744,-0.5693675,0.01299031,4.955341,3.951046,2.956875
-0.2193285,-0.4968523,-0.0001363434,4.947837,4.050151,2.860617
-0.2006242,-0.4239083,-0.02961505,4.947377,4.150514,2.86045
-0.1914952,-0.5204931,0.01717405,4.955091,4.049069,2.956865
-0.1638569,-0.4213472,0.01396002,4.95446,4.151019,2.956743
-0.6895508,-0.002924869,0.001055193,4.97493,0.1688965,2.931039
-0.7421577,0.01995718,0.0004866439,4.975992,0.1736992,2.978724
-0.7123254,0.001920755,-0.03293299,4.96231,0.1096045,2.965119
-0.7073305,0.001295807,-0.04512929,4.924522,0.1217875,2.925706
-0.7107308,0.02637555,-0.006036051,4.924508,0.1746926,2.978243
-0.6493948,0.03292584,-0.04831488,4.924973,0.1695191,2.930387
-0.6580286,-0.009506555,0.01049773,4.912456,0.1106151,2.989492
-0.7214379,0.02897247,0.008443456,3.950001,0.2461119,0.04524719
-0.7245604,-0.01391122,6.926526e-05,3.848996,0.3525159,0.04269144
-0.7444414,0.005280024,0.01396125,3.951004,0.3525133,0.04269303
-0.7314915,0.0247089,-0.00105845,3.850021,0.2387428,0.1415733
-0.7364802,-0.01698062,0.01068103,3.949978,0.2387381,0.141576
-0.6880843,-0.0007735964,-0.007206867,3.850191,0.3403937,0.1380165
-0.687379,0.02555659,0.01916536,3.949809,0.340387,0.138019
-0.7211235,0.02284673,0.006795541,4.150001,0.2461116,0.04524737
-0.7334521,-0.0181241,-0.001761719,4.048996,0.3525127,0.04269337
-0.7451178,0.001315382,0.01158398,4.151004,0.3525126,0.04269337
-0.736204,0.02077041,-0.001353721,4.050021,0.2387369,0.1415766
-0.7376559,-0.02093432,0.01093463,4.149979,0.2387368,0.1415766
-0.6903635,-0.01004058,-0.008783843,4.050191,0.340385,0.1380198
-0.6897,0.01721788,0.01826965,4.149809,0.3403849,0.1380198
-0.7170274,0.01411508,0.004937794,4.350001,0.2461128,0.04524654
-0.7346421,-0.0202099,-0.003632054,4.248996,0.3525132,0.04269307
-0.7387023,0.002371352,0.009798784,4.351004,0.3525156,0.04269159
-0.7349989,0.01664321,-0.001643067,4.250022,0.238738,0.1415761
-0.7330049,-0.02459339,0.01118834,4.349979,0.2387423,0.1415736
-0.6889115,-0.01901191,-0.01043528,4.250191,0.3403867,0.1380191
-0.6857546,0.008009273,0.0163486,4.349809,0.3403929,0.1380169
-0.633928,-0.0002205514,-0.07764585,3.050072,0.1380605,0.2431306
-0.6412899,-0.008566139,0.08416741,3.149927,0.1380571,0.2431289
-0.6769098,-0.03042112,-0.009625087,3.04919,0.1216986,0.3452016
-0.6975903,0.03332201,0.03761604,3.150809,0.1216976,0.3452008
-0.6599022,-0.001111647,-0.07950256,3.250072,0.1380546,0.2431278
-0.6646196,-0.009331786,0.08046931,3.349927,0.138053,0.2431273
-0.7099846,-0.03107462,-0.01010078,3.24919,0.1216968,0.3452003
-0.7278903,0.03163544,0.03631613,3.35081,0.1216963,0.3452
-0.680961,-0.001907679,-0.08154174,3.450072,0.1380519,0.2431271
-0.6827713,-0.009939683,0.07729334,3.549927,0.1380509,0.2431272
-0.7369423,-0.03185351,-0.01076219,3.44919,0.121696,0.3451999
-0.751733,0.03001898,0.03489834,3.55081,0.1216958,0.3451998
-0.6963495,-0.00246367,-0.08316088,3.650072,0.138049,0.2431281
-0.6955953,-0.01047131,0.07463201,3.749925,0.1380412,0.2431323
-0.7569207,-0.03275196,-0.01134789,3.64919,0.1216953,0.3452
-0.7687118,0.02852063,0.03388905,3.750809,0.121694,0.3452005
-0.7064278,-0.003308875,-0.08523391,3.850072,0.1380336,0.2431365
-0.7025981,-0.01106921,0.07242812,3.949927,0.138032,0.2431373
-0.7700721,-0.03374114,-0.0122435,3.84919,0.1216927,0.345201
-0.7792175,0.0271927,0.03259546,3.95081,0.1216922,0.3452012
-0.7106889,-0.003670553,-0.08611792,4.050072,0.1380317,0.2431375
-0.7043048,-0.01132028,0.07120441,4.149928,0.1380317,0.2431375
-0.7767802,-0.03478495,-0.01320184,4.04919,0.1216921,0.3452012
-0.7829651,0.02605888,0.03124965,4.15081,0.1216921,0.3452012
-0.7097384,-0.00405854,-0.08702994,4.250073,0.138032,0.2431373
-0.7004004,-0.0113529,0.07080804,4.349928,0.1380334,0.2431365
-0.7771534,-0.03586434,-0.01434034,4.24919,0.1216922,0.3452012
-0.7803364,0.02514107,0.02989873,4.35081,0.1216926,0.345201
-0.7037561,-0.003792254,-0.08788894,4.450075,0.1380407,0.2431326
-0.6921835,-0.01112041,0.07109117,4.549928,0.138047,0.2431293
-0.7715717,-0.03692402,-0.01582005,4.449191,0.1216938,0.3452006
-0.7718782,0.02452004,0.02868777,4.55081,0.1216948,0.3452003
-0.6936768,-0.003766155,-0.0891799,4.65007,0.1380414,0.2431326
-0.6792985,-0.01109305,0.07147491,4.749927,0.1380352,0.2431366
-0.7606477,-0.03798609,-0.01754919,4.64919,0.121694,0.3452006
-0.7579872,0.02414273,0.02701349,4.75081,0.121693,0.3452011
-0.6788177,-0.003752297,-0.09102065,4.850073,0.1380359,0.2431372
-0.7446128,-0.03901863,-0.01896946,4.849191,0.1216932,0.3452014
-0.7392322,0.02402083,0.02597771,4.95081,0.1216946,0.3452015
-1.485397,0.09422885,0.004324035,3.350041,2.858979,0.2460235
-1.587322,0.1388936,-0.009358488,3.251617,2.953563,0.2496176
-1.472793,0.08287239,-0.03197713,3.352799,2.954929,0.2511815
-1.536878,0.1237475,0.0009316559,3.249788,2.858575,0.3480323
-1.493771,0.08706796,-0.005548198,3.349945,2.861039,0.347832
-1.596646,0.1451889,0.01905255,3.251965,2.95419,0.3498017
-1.464834,0.08603707,-0.009153998,3.355707,2.956645,0.3512025
-0.0592374,-0.944782,-0.04084315,4.74553,3.450601,0.2498648
-0.01421205,-0.87367,-0.02568016,4.746256,3.550789,0.2500918
-0.09073511,-0.9348107,0.04191707,4.745525,3.450884,0.3503095
-0.05980645,-0.866197,0.03752338,4.746312,3.554768,0.3541842
-0.05407957,-0.7958023,-0.02674857,4.747233,3.65048,0.249514
-0.0193048,-0.7364974,0.004854123,4.748007,3.750347,0.2487221
-0.08418145,-0.7598687,0.001431957,4.749909,3.652538,0.3490308
-0.02737676,-0.6854623,0.03086005,4.752663,3.753277,0.3438379
-0.05481282,-0.6683984,-0.007010616,4.748329,3.850141,0.2484375
-0.02074445,-0.5923576,0.02580095,4.748331,3.949945,0.2484446
-0.06179184,-0.6257026,-0.008096883,4.753358,3.850057,0.3429257
-0.009091908,-0.5553498,0.009980687,4.753363,3.950082,0.342933
-0.06919113,-0.5112745,-0.01048858,4.748016,4.049794,0.2487409
-0.03490234,-0.4018697,0.02646448,4.747267,4.149835,0.2495588
-0.05371789,-0.487124,-0.02346159,4.752672,4.046927,0.3438416
0.0009116598,-0.4123533,0.01045123,4.749967,4.147897,0.3490564
-1.499672,0.09134997,0.00774156,3.350016,2.861823,0.4486353
-1.607436,0.1504474,-0.03597759,3.252197,2.954467,0.4498034
-1.482079,0.0908696,-0.03635101,3.356293,2.957082,0.4489424
-1.539979,0.1213221,0.001183844,3.249753,2.859435,0.5492427
-1.505918,0.07842743,0.004597765,3.349954,2.862388,0.5491597
-1.616771,0.1596033,0.02806177,3.252232,2.954578,0.549889
-1.468937,0.1219833,0.01285857,3.356502,2.957319,0.5509037
-0.05033909,-0.8782732,0.02898887,4.746376,3.450353,0.4501508
0.03548391,-0.7897916,0.003379875,4.749791,3.549762,0.4521157
-0.03135787,-0.8344569,0.03384615,4.74713,3.449659,0.5502594
0.06274042,-0.76511,0.03453942,4.752547,3.54462,0.5531284
-1.507984,0.0815447,0.003965905,3.34999,2.862546,0.6494044
-1.623972,0.1520418,-0.03198465,3.252233,2.954611,0.6499232
-1.489589,0.09587849,-0.02287164,3.356523,2.95738,0.648931
-1.544099,0.116793,0.0001342341,3.249736,2.859646,0.7496247
-1.510852,0.07292239,0.00533297,3.349951,2.862719,0.7495875
-1.625822,0.1602519,0.02938655,3.252233,2.954636,0.7499563
-1.473051,0.1274077,0.0155772,3.356532,2.957421,0.750965
-0.02564477,-0.8460083,-0.006181619,4.747609,3.449465,0.6501901
0.06510348,-0.774209,-0.0027105,4.753526,3.543732,0.6501734
-0.04432585,-0.8273452,0.01941633,4.748197,3.449491,0.7502084
0.07722289,-0.7490953,0.02534287,4.754585,3.543144,0.7506341
-1.510745,0.07547438,-0.002039834,3.349969,2.862745,0.8496942
-1.627505,0.1557161,-0.03200941,3.252229,2.954641,0.8499616
-1.478301,0.1184453,-0.02020602,3.356533,2.957431,0.8489665
-1.542575,0.1212198,-0.0001627892,3.249719,2.859702,0.9497918
-1.511203,0.07400839,0.002704157,3.349945,2.862809,0.9497696
-1.628425,0.1565063,0.0282621,3.252228,2.954649,0.9499771
-1.480114,0.1182966,0.01622185,3.356531,2.957442,0.9509863
-0.01190002,-0.8606153,-0.006706597,4.749944,3.449191,0.8491053
0.09484596,-0.7691929,-0.01834754,4.756837,3.542275,0.8464411
-0.05309206,-0.8714929,-0.02904492,4.753324,3.450311,0.947164
0.0750586,-0.7775242,-0.006027607,4.763939,3.540932,0.9385352
-1.509376,0.07257881,-0.003892184,3.349954,2.862809,1.049835
-1.62961,0.1574034,-0.0316105,3.252227,2.954649,1.049976
-1.474976,0.129272,-0.0206031,3.35653,2.957444,1.048979
-1.540259,0.1268022,-0.0009109132,3.249711,2.859715,1.149888
-1.510946,0.07629307,-0.0005632983,3.349942,2.862836,1.149872
-1.627399,0.1547377,0.02761828,3.252228,2.954652,1.149988
-1.48661,0.10696,0.01613986,3.35653,2.957449,1.150994
-0.1504394,-1.062994,0.04913232,4.748328,3.250732,1.05137
0.01363768,-1.013213,-0.03555247,4.750791,3.349686,1.051916
-0.08086916,-1.084747,0.05092106,4.748299,3.248898,1.150403
0.03039741,-1.029466,0.0170008,4.753237,3.344468,1.153109
-1.508703,0.07315146,-0.000939195,3.349947,2.862832,1.249923
-1.629805,0.1569108,-0.03053497,3.252227,2.954651,1.249986
-1.475533,0.1294728,-0.02046536,3.356529,2.957449,1.248986
-1.541117,0.1244708,-0.001183895,3.249705,2.859716,1.349959
-1.510982,0.07499829,-0.001536287,3.349941,2.862842,1.349945
-1.628623,0.1552373,0.02795776,3.252226,2.954652,1.349997
-1.483247,0.1139221,0.01662705,3.356529,2.95745,1.351001
-0.07909511,-1.108265,0.001760496,4.748494,3.248356,1.250069
0.03436873,-1.03683,-0.007177375,4.753867,3.343421,1.249991
-0.0778423,-1.112807,0.04423555,4.748589,3.248413,1.350019
0.03747112,-1.03708,0.03626612,4.754054,3.34345,1.351126
-1.5098,0.0728292,-0.001743111,3.349943,2.86284,1.449991
-1.630683,0.1571679,-0.03027654,3.252227,2.954652,1.449995
-1.476448,0.1293493,-0.02042751,3.356529,2.95745,1.448993
-1.542006,0.1239987,-0.000982778,3.249704,2.859713,1.55002
-1.511812,0.07560822,-0.002037287,3.349943,2.86284,1.550009
-1.628681,0.1547673,0.02842395,3.252228,2.954652,1.550005
-1.486345,0.1104096,0.01712394,3.356529,2.95745,1.551007
-0.0697289,-1.123085,-0.0006237121,4.748628,3.248521,1.44992
0.04266976,-1.040689,-0.002559733,4.754156,3.343537,1.449015
-0.0768514,-1.119927,0.03238672,4.748649,3.248593,1.549998
0.03992099,-1.039961,0.02513243,4.754203,3.343616,1.55094
-1.511081,0.07405849,0.001821617,3.349941,2.862841,1.650056
-1.630975,0.1561593,-0.02942714,3.252227,2.954652,1.650003
-1.481451,0.1220575,-0.02008748,3.356529,2.95745,1.649
-1.545687,0.1170104,-0.0002977874,3.249701,2.859707,1.750086
-1.51063,0.07282818,-0.001480923,3.349946,2.862831,1.750078
-1.631883,0.15745,0.02874872,3.252225,2.954651,1.750014
-1.477165,0.1294935,0.01845296,3.356529,2.957448,1.751014
-0.07953133,-1.123211,-0.009456474,4.748657,3.248633,1.649955
0.03455895,-1.042113,-0.009689881,4.754215,3.343658,1.649005
-0.08257861,-1.126051,0.02459416,4.748659,3.248651,1.750052
0.03246174,-1.044312,0.01984034,4.754222,3.343681,1.751019
-1.513354,0.07351292,-0.004746074,3.349941,2.862834,1.85013
-1.630853,0.1563847,-0.03087371,3.252226,2.954651,1.850013
-1.483695,0.1171694,-0.01818601,3.356529,2.957448,1.849007
-1.541449,0.124761,0.001176214,3.249702,2.859689,1.950171
-1.513838,0.07332088,0.001730505,3.349953,2.862806,1.950168
-1.630816,0.1561776,0.03016093,3.252227,2.954647,1.950025
-1.482166,0.1184113,0.01791338,3.356531,2.957444,1.951022
-0.07848031,-1.130448,-0.01620208,4.748657,3.248655,1.850019
0.03593495,-1.04772,-0.01446085,4.754214,3.34368,1.8491
-0.07842097,-1.131987,0.02087215,4.74865,3.248646,1.950124
0.03639015,-1.048956,0.01906646,4.754196,3.34367,1.951121
-1.511747,0.07113512,-0.007048001,3.349943,2.862806,2.050236
-1.631955,0.1583494,-0.03126329,3.25223,2.954647,2.050025
-1.477648,0.1296899,-0.01882229,3.356531,2.957442,2.049016
-1.543929,0.1396154,-0.0004809595,3.249703,2.859645,2.150307
-1.510526,0.08227737,-0.001372667,3.349965,2.862742,2.150315
-1.627962,0.1500179,0.0307735,3.252229,2.954638,2.150041
-1.497502,0.09085715,0.01848045,3.356532,2.957431,2.151037
-0.07998834,-1.127981,-0.02039335,4.748637,3.248613,2.050096
0.03547727,-1.04502,-0.01637404,4.754161,3.343621,2.049204
-0.07776963,-1.133632,0.01207939,4.748607,3.248541,2.150187
0.03712293,-1.049021,0.0105149,4.75409,3.34352,2.151104
-1.514736,0.0723136,-0.002349671,3.349945,2.862718,2.250432
-1.629057,0.1605863,-0.0279243,3.252229,2.954633,2.25005
-1.476689,0.1288056,-0.01641196,3.356531,2.95742,2.249044
-1.548153,0.1414073,-0.002415369,3.249699,2.859521,2.350587
-1.510401,0.08408274,-0.004451778,3.349984,2.862552,2.350637
-1.625876,0.1481215,0.0326581,3.252227,2.954609,2.350091
-1.497072,0.08810897,0.02239732,3.356522,2.95738,2.351093
-0.4746239,-1.121066,0.00107177,4.949445,3.147016,2.251165
-0.6351471,-1.370034,-0.001399802,4.850583,3.044779,2.250612
-0.3774761,-1.229683,0.003960112,4.846423,3.147032,2.250529
-0.6333199,-1.368647,-0.0005227836,4.850502,3.04476,2.350824
-0.6432329,-1.182595,-0.001216877,4.950944,3.045652,2.351919
-0.3771081,-1.230179,0.003853205,4.846282,3.146964,2.350715
-0.4741792,-1.121295,0.001986041,4.949148,3.147017,2.351802
-0.07340234,-1.135895,-0.03236882,4.748553,3.248402,2.250101
0.03956721,-1.054046,-0.02879131,4.75394,3.343368,2.248987
-0.07451132,-1.138269,0.002194317,4.748413,3.248232,2.350061
0.03886938,-1.055856,0.006038222,4.753648,3.3432,2.350028
-1.511719,0.07768299,-0.001091242,3.349948,2.862411,2.450932
-1.620611,0.1604537,-0.0273697,3.252229,2.954579,2.450149
-1.472973,0.1244133,-0.01283604,3.356501,2.957324,2.449158
-1.540735,0.1525519,-0.007154861,3.249707,2.85912,2.551391
-1.503054,0.09103865,-0.007708707,3.35001,2.861893,2.551564
-1.609631,0.1508733,0.03936051,3.252195,2.954482,2.550313
-1.486259,0.09224337,0.03986407,3.356284,2.957104,2.551235
-0.6419372,-1.183285,-0.007002378,4.950638,3.045772,2.452588
-0.378375,-1.226169,0.01195711,4.846069,3.146892,2.450945
-0.4679829,-1.121234,0.001312453,4.948735,3.146988,2.452246
-0.6271409,-1.352297,-0.002441078,4.850249,3.044829,2.551619
-0.6421259,-1.183749,-0.003278873,4.9504,3.045929,2.553695
-0.3771901,-1.221923,0.01136595,4.845794,3.146885,2.551402
-0.4723665,-1.121196,0.002131344,4.948305,3.147136,2.553419
-0.07702472,-1.13032,-0.04581919,4.748042,3.248379,2.449935
0.03691462,-1.05523,-0.02664557,4.752803,3.343939,2.44698
-0.1257016,-1.128923,-0.02305424,4.747269,3.249111,2.549899
0.02043726,-1.04728,0.0005441137,4.750046,3.349018,2.547935
-0.6767851,-0.03038776,0.009706943,3.049187,0.1217314,2.654123
-0.6977189,0.03328197,-0.03772286,3.150815,0.1217249,2.654207
-0.6334847,-0.000240234,0.07963288,3.050075,0.1383013,2.755349
-0.6413616,-0.00754591,-0.0874518,3.149944,0.1382581,2.755563
-0.7101945,-0.03097784,0.01005395,3.249189,0.1217171,2.654307
-0.7279564,0.0316787,-0.03650431,3.350811,0.1217166,2.654306
-0.65971,-9.060767e-05,0.07627982,3.250085,0.1382018,2.755839
-0.6652862,-0.009223098,-0.07960769,3.349915,0.1382004,2.755838
-0.736848,-0.03175075,0.01053493,3.449184,0.1217236,2.654204
-0.7512777,0.03001153,-0.03543995,3.550813,0.1217293,2.654115
-0.6814114,-0.001715303,0.07919593,3.450056,0.1382541,2.75556
-0.681662,-0.009640699,-0.07916949,3.549924,0.1382953,2.755335
-0.756642,-0.03275197,0.01149984,3.649187,0.1217302,2.654103
-0.7686551,0.02833372,-0.03387506,3.750815,0.1217257,2.654185
-0.6958445,-0.001984228,0.08128523,3.650072,0.1383018,2.755303
-0.6956225,-0.009308961,-0.07761003,3.749932,0.1382719,2.755478
-0.7704203,-0.03376883,0.01257536,3.849191,0.1217153,2.654358
-0.779725,0.02707564,-0.03222015,3.950813,0.1217039,2.654549
-0.7072865,-0.002233663,0.08155161,3.850086,0.1381964,2.755893
-0.704539,-0.01023674,-0.07298943,3.949934,0.1381124,2.756355
-0.7772206,-0.03473651,0.01306672,4.04919,0.1216982,2.654652
-0.7831228,0.02610895,-0.03140115,4.15081,0.1216992,2.65464
-0.7125387,-0.003758298,0.08596066,4.050072,0.1380716,2.756594
-0.7052355,-0.01139288,-0.07077444,4.149921,0.1380794,2.756554
-0.7773026,-0.03578331,0.0141935,4.249187,0.1217054,2.654548
-0.7803741,0.02517503,-0.03019921,4.350812,0.1217101,2.654479
-0.7106044,-0.004586624,0.09041435,4.250059,0.1381263,2.756306
-0.7013097,-0.01079741,-0.07357848,4.34993,0.1381611,2.756129
-0.7718091,-0.03690854,0.01591658,4.449191,0.1217084,2.654503
-0.7719586,0.02460348,-0.02878395,4.55081,0.121706,2.654518
-0.7044276,-0.003716667,0.08680521,4.450091,0.1381446,2.756229
-0.6929809,-0.01151888,-0.06849636,4.549928,0.1381246,2.756312
-0.7604593,-0.03790469,0.01733621,4.649185,0.1217113,2.654423
-0.7574941,0.02421992,-0.0274075,4.75081,0.121721,2.654275
-0.6938436,-0.004448661,0.09300779,4.650055,0.1381643,2.756071
-0.6784954,-0.0108345,-0.07111524,4.749912,0.1382369,2.755686
-0.6613595,-0.01016244,-0.07505155,4.949943,0.1382375,2.755711
-0.7441658,-0.03906686,0.0193003,4.849187,0.1217256,2.65421
-0.7391146,0.0238405,-0.02577833,4.950816,0.1217215,2.65429
-0.6773626,-0.003385122,0.0901615,4.850071,0.1382694,2.755514
-1.496549,0.08826495,0.008433709,3.349941,2.861235,2.652592
-1.608993,0.1409735,-0.02032421,3.251912,2.954286,2.650658
-1.477517,0.08139695,0.01328422,3.355619,2.956746,2.649334
-1.538633,0.1588597,-0.02113097,3.249718,2.857708,2.754486
-1.485977,0.09226343,0.002431741,3.350025,2.859514,2.754751
-1.613174,0.128599,0.016736,3.251119,2.954173,2.752362
-1.47513,0.08664101,0.0309796,3.352686,2.955194,2.750021
-0.4502499,-1.105392,0.01300757,4.947964,3.148156,2.757549
-0.6049324,-1.345753,-0.002849301,4.850098,3.045069,2.652453
-0.6233366,-1.181217,-0.008121426,4.950037,3.046462,2.655379
-0.361687,-1.21024,0.01468287,4.845555,3.147026,2.652198
-0.4463963,-1.111012,0.000833607,4.947939,3.147416,2.654918
-0.6009556,-1.324873,-0.01021171,4.85,3.045701,2.753963
-0.360017,-1.197491,-0.009075723,4.84573,3.147502,2.753735
-0.1731919,-1.199161,-0.04397358,4.746402,3.249701,2.649768
-0.07722046,-1.088493,-0.02603043,4.746535,3.354092,2.645819
-0.1504907,-1.196698,0.01305898,4.746223,3.249597,2.750175
-0.06012961,-1.107532,0.02282301,4.746421,3.350233,2.749868
-0.09828998,-0.9339136,-0.02253151,4.750005,3.452228,2.650909
-0.0402142,-0.8542905,-0.03626738,4.752767,3.553244,2.655999
-0.08172865,-0.9577607,-0.004915631,4.747283,3.450234,2.750421
-0.0329998,-0.9143209,-0.01541127,4.748048,3.550241,2.751155
-0.06769172,-0.7708427,0.005432955,4.753558,3.650272,2.656814
-0.02181667,-0.6949534,-0.01520757,4.753786,3.751155,2.656747
-0.06828305,-0.8117871,-0.001917971,4.748396,3.650136,2.751336
-0.0201901,-0.7472043,-0.01466856,4.748502,3.750077,2.751244
-0.05696109,-0.6356334,0.006064675,4.753782,3.848884,2.656761
-0.005074404,-0.575549,-0.02149524,4.753551,3.949766,2.656851
-0.05748809,-0.6685567,0.01134545,4.748497,3.849939,2.751262
-0.02908072,-0.600535,-0.02462787,4.748375,3.949875,2.751416
-0.04515285,-0.5041597,0.01168508,4.752744,4.04677,2.65612
0.0008021593,-0.4223692,-0.008678528,4.749979,4.147722,2.651127
-0.08091622,-0.5110944,-0.005335193,4.747986,4.049754,2.751403
-0.03280221,-0.4132402,-0.02718442,4.74715,4.149714,2.750999
-0.722383,-0.03021084,-0.01066244,4.549984,0.2392788,2.85792
-0.6800036,-0.027137,0.01174354,4.450206,0.3409865,2.86171
-0.6757814,0.002215703,-0.01763037,4.549812,0.3409734,2.861725
-0.7065437,-0.01737198,0.002268591,4.450101,0.2472447,2.954327
-0.7050548,0.007122004,-0.003549242,4.550006,0.2467855,2.95451
-0.7309024,-0.02338855,0.005813207,4.449009,0.3531979,2.957207
-0.7307789,-0.00302594,-0.007862908,4.551011,0.353129,2.957219
-0.7165916,0.0001758584,0.01364545,3.875542,0.1200922,0.07051653
-0.7023028,0.002234338,-0.0105599,3.82498,0.1212892,0.02111194
-0.7213072,0.03131866,0.00463215,3.87555,0.1710809,0.0200054
-0.7085786,-0.03769667,-0.07975577,3.82499,0.1659074,0.06595779
-0.7558532,-0.01124628,-0.05543875,3.824458,0.1200911,0.07051594
-0.6709314,0.02584833,0.01461938,3.875012,0.165915,0.06596106
-0.6885124,0.004620894,-0.01159784,3.87502,0.1212889,0.02111208
-0.7698011,0.01318949,0.04401991,3.924458,0.1200922,0.07051655
-0.7557634,0.0004615058,-0.004601926,3.97502,0.1212892,0.02111193
-0.774829,0.03192676,-5.943375e-05,3.92445,0.1710809,0.0200054
-0.7428208,-0.02115528,-0.02765443,3.97501,0.1659076,0.06595801
-0.811351,0.002788169,-0.01360207,3.975542,0.1200914,0.07051605
-0.7109715,0.0304332,0.04714163,3.924988,0.165915,0.06596112
-0.7351284,0.00149,-0.002674175,3.92498,0.121289,0.02111208
-0.7210971,-0.0005579888,0.01423301,4.075542,0.1200922,0.07051658
-0.710597,0.001196323,-0.0100438,4.02498,0.1212892,0.02111192
-0.7264392,0.02799925,0.00451744,4.07555,0.1710808,0.02000542
-0.7134989,-0.0379026,-0.07939162,4.02499,0.1659076,0.06595802
-0.761286,-0.01234504,-0.05531862,4.024458,0.1200914,0.07051606
-0.6755662,0.02497391,0.01539959,4.075012,0.1659149,0.06596118
-0.6963707,0.003560088,-0.01075249,4.07502,0.1212889,0.02111207
-0.7728628,0.01204725,0.04377521,4.124458,0.1200922,0.07051658
-0.7596871,-0.0004355793,-0.004252897,4.17502,0.1212892,0.02111192
-0.777571,0.02875966,0.0003029201,4.12445,0.1710808,0.02000542
-0.7440391,-0.02154602,-0.0272252,4.17501,0.1659076,0.06595802
-0.8126423,0.001262094,-0.0138909,4.175542,0.1200914,0.07051605
-0.7140719,0.02909833,0.04703458,4.124988,0.1659149,0.06596118
-0.7401964,0.0007120804,-0.00235176,4.12498,0.1212889,0.02111207
-0.719197,-0.00192633,0.01520097,4.275542,0.1200922,0.07051656
-0.7135964,-0.000209771,-0.009163177,4.22498,0.1212892,0.02111193
-0.7258507,0.02383567,0.003290486,4.27555,0.1710808,0.0200054
-0.7139031,-0.03807738,-0.07898177,4.22499,0.1659076,0.06595801
-0.7614322,-0.01376558,-0.05495033,4.224458,0.1200914,0.07051604
-0.6759559,0.02377962,0.01584134,4.275012,0.165915,0.06596112
-0.698524,0.001581604,-0.009432127,4.27502,0.1212889,0.02111208
-0.7688576,0.009931477,0.04513642,4.324458,0.1200922,0.07051654
-0.7568556,-0.002003449,-0.003969491,4.37502,0.1212892,0.02111194
-0.7742835,0.02576263,0.001097051,4.32445,0.1710808,0.02000541
-0.7404928,-0.02010586,-0.02470867,4.37501,0.1659074,0.06595783
-0.8077035,-0.001178889,-0.01292248,4.375542,0.1200911,0.07051595
-0.7128522,0.02744235,0.04600771,4.324988,0.165915,0.06596107
-0.7386778,-0.001045389,-0.002600038,4.32498,0.1212889,0.02111207
-1.808093,0.1006853,0.011721,3.162421,2.966943,0.03305354
-1.822792,0.07772976,-0.00410937,3.187842,2.963995,0.009918388
-1.897141,0.0270305,-0.006982749,3.162495,2.989363,0.01063568
-1.852161,0.02701152,0.009666373,3.187997,2.990005,0.0357078
-1.759725,0.07160283,0.01995098,3.187482,2.966964,0.03302678
-1.918508,0.03296077,0.005224172,3.162382,2.990017,0.03571619
-1.869671,0.107577,-0.00528488,3.162242,2.964004,0.009912771
-2.487404,0.3326734,0.026776,3.034728,2.963778,0.1620835
-2.914954,0.1947763,0.005640098,3.009964,2.986406,0.1623781
-2.719366,0.4952971,0.02653448,3.008744,2.961283,0.1871327
-2.426594,0.2399188,0.008349671,3.036649,2.988397,0.1876457
-2.732469,0.4892172,0.03692018,3.00874,2.961262,0.1620594
-2.478563,0.336603,0.01766464,3.034696,2.963803,0.1871987
-2.429365,0.2410993,0.002924351,3.036648,2.988391,0.1620848
-1.932405,0.2053818,0.05230903,3.124269,2.929512,0.1223974
-1.828478,0.08802412,0.01262201,3.175938,2.977821,0.1248083
-1.822625,0.131944,0.04616892,3.174533,2.931066,0.173357
-2.01175,0.1113834,0.003349581,3.124891,2.977744,0.174508
-1.828581,0.1286757,0.04136214,3.174692,2.930195,0.1222236
-2.009149,0.1075021,0.02634667,3.124813,2.977473,0.1240933
-1.921969,0.2112871,0.05257532,3.124136,2.930087,0.1735249
-1.692623,0.04333077,0.01794532,3.237502,2.966989,0.03297731
-1.777631,0.07482177,-0.003686373,3.21215,2.963975,0.009903389
-1.741754,0.01754602,-0.002877895,3.23752,2.989343,0.01060268
-1.810145,0.0262297,0.006500608,3.212399,2.989981,0.03560918
-1.764489,0.02390566,0.007874606,3.23796,2.990012,0.03566589
-1.719358,0.04928596,0.0153321,3.212466,2.966972,0.03300741
-1.746083,0.05509654,-0.009207048,3.23773,2.963961,0.009871402
-1.577043,0.0194529,-0.003611807,3.362483,2.967079,0.03292808
-1.547672,-0.0283114,-0.01050649,3.387848,2.964047,0.009874982
-1.56889,0.02382141,-0.02193989,3.362495,2.989371,0.01062889
-1.558786,0.01857232,0.03686016,3.387877,2.990097,0.03585175
-1.580183,0.01035115,0.003271313,3.387496,2.967126,0.03288424
-1.568963,0.02706947,0.03023192,3.362289,2.990121,0.0359479
-1.555578,-0.02234112,-0.01807047,3.36226,2.964016,0.009873645
-1.583939,0.02062345,0.001254631,3.437434,2.967371,0.03259922
-1.551592,-0.01508197,-0.001068507,3.41213,2.964117,0.009841594
-1.57767,0.01470484,-0.002641942,3.437457,2.989476,0.01045793
-1.562213,0.007807308,0.03293785,3.412168,2.990115,0.03571953
-1.565232,0.004319946,0.01779511,3.437761,2.990208,0.03549868
-1.582541,0.01049568,0.003834179,3.412458,2.967202,0.03278976
-1.558816,0.002240849,0.0009831944,3.437717,2.964314,0.009740395
-1.387108,0.01416569,-0.0119056,3.762564,2.967427,0.03258559
-1.358537,-0.04638069,-0.01702406,3.787856,2.964197,0.009831624
-1.35594,0.01988949,-0.01786117,3.762541,2.989488,0.01046447
-1.362396,0.0199851,0.0452883,3.787857,2.990153,0.03574774
-1.39744,-0.002306489,0.001331841,3.787522,2.967296,0.03273852
-1.371605,0.02182209,0.03347568,3.762276,2.990235,0.03555131
-1.368072,-0.03093092,-0.01935676,3.762279,2.964351,0.009738806
-1.426637,0.003270039,0.002083921,3.837438,2.96742,0.03261372
-1.37646,-0.04634723,-0.00132841,3.81213,2.964199,0.009840379
-1.415537,0.008394174,-0.006896458,3.837458,2.989485,0.01050391
-1.379857,0.004219898,0.04579548,3.812131,2.990157,0.03577827
-1.400186,-0.002249704,0.03343302,3.837726,2.990242,0.03563576
-1.416944,-0.00747357,0.007698318,3.812472,2.96729,0.03274862
-1.398858,-0.03027474,0.003757919,3.837719,2.964369,0.009755195
-1.259671,0.01747896,0.00993296,4.162568,2.967387,0.03261582
-1.317903,0.01390174,-0.007249325,4.187879,2.964109,0.009843284
-1.28696,0.001521054,0.0006732703,4.162548,2.989478,0.01047026
-1.315232,-0.001210427,0.007898292,4.187868,2.99013,0.0357654
-1.24338,0.01520594,0.01661421,4.187542,2.967212,0.03278678
-1.329307,-0.00659231,-0.006359063,4.162276,2.990227,0.03558131
-1.332236,0.02536626,-0.001499174,4.162293,2.964323,0.009745939
-1.322062,0.003444851,-0.004187617,4.212162,2.964016,0.009867427
-1.27175,0.004923531,0.0003465963,4.237502,2.989347,0.010581
-1.319401,-0.003058807,0.01758986,4.21215,2.990101,0.03583991
-1.326008,-0.0002898216,0.01406884,4.237726,2.990107,0.03588062
-1.242221,0.00757253,0.02575553,4.212506,2.967129,0.03285945
-1.249245,0.01176988,0.02537284,4.23751,2.967074,0.03288567
-1.326589,0.007304331,-0.005817895,4.237741,2.963948,0.009849514
-1.19403,0.02051408,0.002921076,4.362495,2.989336,0.01058523
-1.134298,0.02481659,0.004688523,4.387798,2.990059,0.03583282
-1.221876,0.01529986,-0.0003970369,4.362209,2.990085,0.03585125
-1.19744,0.0914396,0.02337307,4.362487,2.967016,0.03290565
-1.197526,0.1146727,-0.02101492,4.387846,2.963937,0.009883293
-1.136417,0.1253778,0.01779147,4.387509,2.967008,0.03290285
-1.270912,0.09155988,-0.01200774,4.362262,2.963913,0.009856495
-0.9391157,0.05652849,-9.677244e-05,4.437498,2.989349,0.01061146
-1.047736,0.0323472,0.02381647,4.412105,2.990059,0.03585447
-0.9150673,0.0427167,0.02903163,4.437693,2.990081,0.03590301
-1.019194,0.2163468,-0.0006950159,4.437524,2.967015,0.03293903
-1.15319,0.1438656,-0.02324569,4.412143,2.963945,0.009883943
-1.091356,0.1496364,0.02854174,4.412493,2.967012,0.03291298
-1.033387,0.1920858,-0.03906285,4.437728,2.963947,0.00986263
-2.744519,1.530072,0.03503793,2.986398,3.009965,0.1624106
-2.440516,1.62397,0.03351984,2.988385,3.036614,0.1876757
-2.44535,1.621829,0.03994658,2.988384,3.036649,0.1621295
-1.173424,2.581491,0.06906816,2.977791,3.175946,0.1248125
-1.82108,2.312175,0.02136837,2.977709,3.124894,0.1745293
-1.77742,2.331847,0.03819841,2.977447,3.124826,0.1241007
-0.1106341,-1.597699,-0.04203235,4.722607,3.123462,0.124089
-0.160327,-1.347509,-0.02455675,4.769982,3.174032,0.1222305
-0.1915673,-1.429155,-0.03243392,4.770386,3.122635,0.1734586
-0.1214136,-1.309302,-0.05787225,4.721461,3.176382,0.1751562
-0.1872805,-1.443596,-0.01271319,4.770823,3.123181,0.1223675
-0.1273006,-1.31447,-0.04470743,4.722227,3.175245,0.1247856
-0.1059004,-1.60644,-0.05278074,4.722367,3.123156,0.1744683
0.2991866,3.20066,-0.15173,2.989323,3.237522,0.01061865
-2.6019,3.564913,-0.2614458,2.989977,3.212394,0.0356125
-2.540168,3.791016,-0.2668698,2.990009,3.237964,0.03569232
2.867624,3.088628,-0.1790409,2.989334,3.362498,0.0106275
3.100309,3.418162,0.05913179,2.990074,3.387885,0.03596178
2.628472,3.863313,0.1156342,2.990091,3.362291,0.0359622
3.149292,2.084972,-0.09297332,2.989359,3.437504,0.01064787
3.333017,2.759919,-0.1138288,2.990069,3.41219,0.03596903
3.298085,2.448361,-0.205764,2.990109,3.437779,0.03600159
2.838247,1.217019,-0.07113374,2.989345,3.562503,0.01061136
2.924585,1.262853,-0.1929963,2.990081,3.587854,0.03597706
2.925763,1.295141,-0.1975999,2.990102,3.562277,0.03597016
2.552071,0.9113468,-0.04874022,2.989333,3.637506,0.01063149
2.726123,1.108031,-0.0991089,2.990085,3.612152,0.03599441
2.606817,0.9799257,-0.06819924,2.990107,3.637752,0.03601222
2.097078,0.423447,-0.04323634,2.989363,3.7625,0.01065111
2.119719,0.520143,-0.05479762,2.990113,3.787862,0.03608135
2.106527,0.5203557,-0.04920201,2.99012,3.762265,0.03606142
1.842145,0.3571436,-0.04569227,2.989402,3.8375,0.01066843
1.957202,0.4212428,-0.03324866,2.990118,3.812157,0.03609654
1.861398,0.3708838,-0.03158729,2.990142,3.837734,0.03611418
1.59182,0.156312,-0.04604579,2.989341,3.9625,0.01060227
1.608521,0.2610099,-0.05023083,2.990085,3.987848,0.03593175
1.588874,0.2428603,-0.051664,2.990104,3.962258,0.03595644
1.364499,0.1797527,-0.03254228,2.989337,4.0375,0.01059697
1.440204,0.2108134,-0.01401127,2.990082,4.012147,0.03592792
1.371927,0.1835313,-0.009421421,2.990101,4.037734,0.03594226
1.224174,0.06204135,-0.03461864,2.989332,4.162497,0.01063456
1.232671,0.1360197,-0.0266242,2.990079,4.187847,0.03597548
1.214222,0.1213175,-0.02836252,2.990112,4.162259,0.03601144
-2.393596,1.657752,0.01591432,2.988386,3.036592,0.2122013
-2.719602,1.56334,0.003203923,2.986396,3.009919,0.2374518
-2.44207,1.631886,0.01259163,2.988388,3.036582,0.2377121
-1.780909,2.321995,0.0142144,2.977832,3.124971,0.2247311
-1.227727,2.590054,0.05262206,2.978876,3.177672,0.2753995
-1.827779,2.306311,0.02015772,2.977881,3.124973,0.2748723
-2.738706,1.532094,0.001376878,2.986399,3.00994,0.3624883
-2.448601,1.619036,0.0007663013,2.988391,3.036605,0.3877478
-2.43947,1.623099,0.004022112,2.98839,3.036605,0.3622365
-1.198957,2.589698,-0.006464049,2.978905,3.177684,0.3244548
-1.850495,2.305227,-0.001127679,2.977907,3.124971,0.3749673
-1.835059,2.304477,0.01884794,2.977897,3.12497,0.3249316
-0.1311778,-1.572625,-0.007152782,4.722222,3.122948,0.2748342
-0.2251032,-1.445156,-0.03102756,4.770277,3.122266,0.2240314
-0.132552,-1.34105,-0.05801432,4.721275,3.176517,0.2242387
-0.1825924,-1.344068,-0.01674051,4.768672,3.173253,0.2743866
-0.1390773,-1.559868,-0.06829209,4.722262,3.123041,0.2246774
-0.2226701,-1.435897,-0.02249817,4.770153,3.122103,0.2744003
-0.1313554,-1.3387,-0.01049092,4.721169,3.176549,0.2753319
-0.132474,-1.570176,-0.02671791,4.722213,3.122884,0.3249103
-0.1836167,-1.342633,-0.00774553,4.768625,3.173203,0.3245718
-0.2374968,-1.442997,0.001342926,4.77012,3.121938,0.3747094
-0.1290277,-1.338829,0.02477223,4.721131,3.176522,0.3754466
-0.2323059,-1.435284,-0.009968219,4.770152,3.12198,0.3245808
-0.1318614,-1.328202,-0.01154764,4.721146,3.176525,0.3244042
-0.1327526,-1.567028,0.03308888,4.722207,3.122846,0.3749474
-2.437427,1.633128,-0.002051191,2.988387,3.036593,0.4122603
-2.736336,1.546383,-0.008555237,2.986395,3.009915,0.4374827
-2.455795,1.623178,-0.004388791,2.988389,3.036578,0.4377445
-1.84663,2.307676,-0.001805469,2.97791,3.124969,0.4249787
-1.198524,2.587881,0.02734741,2.978946,3.177723,0.4755035
-1.845477,2.307639,-1.990221e-05,2.977914,3.124967,0.4749909
-2.739918,1.534788,-0.0004184707,2.986396,3.009913,0.5625045
-2.448448,1.622534,-0.003773946,2.98839,3.036573,0.5877431
-2.45035,1.621204,-0.0006304301,2.98839,3.036572,0.5622508
-1.192047,2.58853,-0.0233211,2.978947,3.177724,0.5244961
-1.8492,2.305344,-0.004964754,2.977917,3.124967,0.574995
-1.838685,2.308582,0.0009234607,2.977915,3.124966,0.5249905
-0.1356698,-1.641055,0.02290749,4.722201,3.122853,0.4749672
-0.2340778,-1.423296,0.009768124,4.770137,3.121911,0.4247596
-0.1390685,-1.284302,0.02695004,4.721129,3.176529,0.424459
-0.1934415,-1.339916,0.009655994,4.768559,3.17316,0.4748436
-0.1365934,-1.618519,0.01181852,4.722205,3.122843,0.4249519
-0.2280582,-1.43033,0.003129332,4.77012,3.121921,0.4748228
-0.1419292,-1.27497,0.02584767,4.721125,3.176549,0.4754764
-0.1306972,-1.647911,-0.01661971,4.722203,3.122855,0.5249656
-0.1911163,-1.336067,-0.001831487,4.768572,3.173177,0.5248585
-0.2298841,-1.437723,-0.01499814,4.770126,3.121913,0.5748823
-0.1346833,-1.288679,-0.01058501,4.721126,3.176578,0.5754902
-0.2272256,-1.433791,-0.003489775,4.770134,3.121911,0.524841
-0.140103,-1.28079,-0.007936103,4.721127,3.176561,0.5244755
-0.131013,-1.630897,-0.009321867,4.722204,3.12285,0.5749796
-0.1289489,-1.541746,0.00324799,4.722204,3.122847,0.6749934
-0.25047,-1.418692,-0.0176372,4.770135,3.121896,0.6248926
-0.1287818,-1.279237,-0.03106291,4.721129,3.176586,0.6244897
-0.2013514,-1.317327,-0.0123695,4.768586,3.173212,0.674959
-0.1351834,-1.53935,-0.04605487,4.722206,3.122838,0.6249792
-0.2479549,-1.41249,-0.01328731,4.770122,3.121908,0.6749302
-0.1279323,-1.274203,-0.001234168,4.721129,3.176607,0.6755135
-0.1163838,-1.553231,-0.03211379,4.722205,3.12286,0.7249999
-0.1939353,-1.313191,-0.002731292,4.768607,3.173234,0.7249632
-0.2377288,-1.439056,-0.0007180506,4.770138,3.121933,0.7749748
-0.1240017,-1.287509,0.007672141,4.721139,3.176661,0.7755655
-0.2385812,-1.419548,-0.004699371,4.77013,3.121915,0.7249406
-0.1251986,-1.286256,-0.01029235,4.721133,3.176626,0.7245205
-0.1177823,-1.559812,0.0199654,4.722207,3.122875,0.7750179
-0.1112931,-1.527318,0.02834749,4.722208,3.122894,0.8750707
-0.2355406,-1.412022,0.009617084,4.770159,3.121937,0.8249829
-0.11852,-1.276972,-0.007423249,4.72115,3.176683,0.8245905
-0.2012147,-1.299908,0.008227732,4.768767,3.173292,0.8750783
-0.1110986,-1.545571,-0.01222968,4.722211,3.122885,0.825028
-0.24602,-1.394376,0.01281373,4.770173,3.121935,0.8750208
-0.1210276,-1.27659,0.005383843,4.721152,3.17668,0.8757252
-0.1191104,-1.552034,0.02106427,4.722173,3.122989,0.9252638
-0.2015611,-1.321772,0.04996645,4.76877,3.173288,0.9250651
-0.231014,-1.457295,0.03129124,4.770101,3.121818,0.9750905
-0.1403094,-1.310372,0.09675636,4.721105,3.176103,0.9768135
-0.2344625,-1.403773,0.0422683,4.770161,3.1219,0.9250323
-0.1372239,-1.322093,0.03229676,4.721135,3.176568,0.9249792
-0.1301363,-1.570203,0.08488094,4.722179,3.123757,0.9760318
-0.3954733,-1.542073,0.002465119,4.723287,3.073649,2.275559
-0.4267463,-2.430827,-0.0236094,4.727219,3.020169,2.225036
-0.4551219,-1.592784,-0.008672019,4.772969,3.069727,2.225099
-0.8131704,-1.73766,-0.00819563,4.778033,3.017586,2.275149
-0.3915067,-1.542168,-0.02950536,4.723289,3.073666,2.224536
-0.4289133,-2.437843,0.004091996,4.727218,3.020162,2.275053
-0.4579953,-1.593849,-0.01097382,4.77296,3.069712,2.275155
-0.3925731,-1.546829,-0.03161116,4.723285,3.073629,2.324542
-0.8089471,-1.736322,-0.01007177,4.778015,3.017582,2.325196
-0.4274339,-2.445335,-0.002311643,4.727214,3.020144,2.375063
-0.4532336,-1.5969,-0.01540071,4.772938,3.069664,2.375185
-0.4261945,-2.429858,-0.02802417,4.727215,3.020155,2.325046
-0.4554848,-1.596273,-0.01279995,4.772943,3.069686,2.325129
-0.3932292,-1.547429,-0.000383215,4.723284,3.073597,2.375556
-0.3956738,-1.55517,-0.02055418,4.723278,3.073519,2.475542
-0.4258288,-2.443684,-0.03869744,4.727209,3.020133,2.425056
-0.451209,-1.60019,-0.0222456,4.772913,3.069628,2.425163
-0.8068398,-1.742842,-0.02030533,4.777982,3.017536,2.475263
-0.3920383,-1.554034,-0.04630468,4.72328,3.073566,2.424534
-0.4281166,-2.450553,-0.01536458,4.727207,3.020116,2.475072
-0.4520504,-1.599588,-0.02607708,4.772896,3.069598,2.475221
-0.404688,-1.582496,-0.05790889,4.723272,3.073481,2.524525
-0.8008987,-1.746349,-0.02585932,4.777945,3.017539,2.525343
-0.424255,-2.455118,-0.02062186,4.727199,3.020088,2.575098
-0.4462899,-1.610312,-0.03223539,4.772848,3.069543,2.575313
-0.4273909,-2.468809,-0.0530557,4.727201,3.020103,2.525071
-0.4538364,-1.611695,-0.03257476,4.772861,3.069558,2.525222
-0.4025963,-1.583305,-0.01987215,4.72327,3.073433,2.575542
-0.3821202,-1.644507,-0.008840562,4.72327,3.073362,2.675596
-0.4156781,-2.480864,-0.0613471,4.72719,3.020082,2.625115
-0.4319414,-1.642552,-0.03598485,4.772806,3.069516,2.625364
-0.748795,-1.739501,-0.01831351,4.777883,3.017575,2.675637
-0.3911029,-1.634469,-0.05675711,4.723263,3.0734,2.624549
-0.4020535,-2.410662,-0.006462027,4.727188,3.020079,2.675164
-0.4186357,-1.633226,-0.02245763,4.77281,3.069549,2.675531
-0.4048727,-1.62361,-0.02803773,4.72328,3.073357,2.724643
-0.7682976,-1.756206,-0.02303873,4.777791,3.017694,2.725887
-0.418423,-2.36413,0.00985226,4.727135,3.019771,2.775412
-0.4003715,-1.6222,-0.03243041,4.77287,3.069803,2.776105
-0.4181479,-2.465659,-0.03136243,4.727173,3.020107,2.7252
-0.4261623,-1.638259,-0.02219761,4.772783,3.069589,2.725708
-0.3687266,-1.682329,0.02548438,4.72335,3.073294,2.775697
-0.6550124,0.007402141,-0.01305808,3.275553,0.1206191,2.927825
-0.682658,-0.02403804,0.06980719,3.225002,0.1678826,2.932006
-0.6595162,-0.004343677,0.01327286,3.225248,0.1226134,2.977534
-0.6601506,0.02423294,-0.004275233,3.275575,0.1726381,2.979449
-0.6955236,-0.01274699,0.05065097,3.224813,0.1211654,2.9269
-0.6408227,0.03044317,-0.0164674,3.274984,0.1671682,2.932734
-0.6621868,0.008433801,0.0002018636,3.274982,0.1219918,2.978141
-1.327097,-0.004838386,-0.01554078,3.812324,2.99037,2.964795
-1.309702,-0.003253947,-0.005098396,3.838935,2.989881,2.989914
-1.33455,-0.003152219,-0.01460292,3.838313,2.99051,2.964746
-1.350158,-0.001198767,-0.006711848,3.837572,2.967865,2.967862
-1.326637,-0.009036425,-0.007494275,3.812328,2.964725,2.990383
-1.334536,-0.008127519,-0.006165541,3.838316,2.964682,2.990546
-1.346897,-0.007081761,-0.01272179,3.812551,2.967693,2.967711
-1.521966,0.1774928,-0.120124,4.526076,2.930397,2.878344
-1.748969,-0.1040776,0.1276717,4.5775,2.929699,2.82679
-0.1776108,0.3730373,0.2300114,4.523161,2.978701,2.82465
0.146336,0.2780071,-0.2929934,4.576741,2.97748,2.876248
-1.522617,0.1680456,0.12171,4.52649,2.931035,2.826978
-1.727043,-0.1204272,-0.1285845,4.577044,2.929293,2.877983
-0.1184052,0.3758699,-0.1673603,4.524301,2.978055,2.875422
-1.270286,3.11855,-0.03991968,2.97869,3.225941,2.92895
0.8688089,3.600447,0.1699257,2.977408,3.27485,2.97753
0.1621949,3.686817,-0.1176072,2.978759,3.275744,2.926627
3.139205,3.020685,0.1035719,2.990841,3.38837,2.965599
2.730531,3.053169,0.06329542,2.989926,3.362684,2.989794
2.922164,3.466503,0.06066967,2.990566,3.362377,2.965121
2.964408,1.410618,0.3517691,2.980083,3.575737,2.927815
2.684793,1.429694,0.1084724,2.97856,3.524928,2.978484
3.064991,1.580209,0.3124437,2.979965,3.524718,2.927787
-2.858512,1.201627,0.06428874,2.972562,2.972623,0.1235781
-2.148641,1.136118,0.05215818,2.972332,2.923551,0.1728156
-2.165563,1.164088,0.04285175,2.972802,2.923749,0.121566
-2.079648,1.174907,0.0209404,2.972198,2.92339,0.2235173
-2.832913,1.225729,0.01999966,2.972335,2.972365,0.2746403
-2.086339,1.215485,0.01456374,2.97209,2.923411,0.2740264
-2.838747,1.196854,0.0103282,2.972321,2.972362,0.324746
-2.086198,1.161731,0.008979188,2.972033,2.92342,0.374447
-2.094245,1.180627,0.00854339,2.972067,2.923383,0.324294
-2.682883,0.5294105,0.01580532,3.008705,2.961245,0.2122417
-2.374829,0.2709927,-0.0203923,3.036651,2.988396,0.2121918
-2.880555,0.2250345,0.002896966,3.009955,2.986405,0.2374469
-2.378459,0.2713166,-0.0001844784,3.036647,2.988398,0.2377071
-2.437892,0.3682112,0.004716352,3.034693,2.96379,0.212283
-2.438297,0.3859317,0.007205421,3.034676,2.963805,0.2373396
-2.668802,0.5580067,0.01837592,3.008705,2.961259,0.2372885
-1.765663,0.1549465,0.0318746,3.174531,2.93139,0.2239643
-1.932495,0.1712886,-0.0051475,3.124981,2.977873,0.2247113
-1.650786,0.1612818,-0.004277162,3.177671,2.978924,0.2753802
-1.866325,0.2363493,0.05534872,3.124032,2.930283,0.2240978
-1.913152,0.1980963,0.009639967,3.124986,2.977927,0.2748575
-1.849495,0.2289442,0.02669077,3.124014,2.930464,0.2744695
-1.769482,0.1599475,0.01879642,3.174462,2.931688,0.2743911
-2.901818,0.2049048,-0.008774325,3.009941,2.986407,0.3625008
-2.703108,0.5074153,0.003468748,3.008671,2.961269,0.3874053
-2.401825,0.2509997,0.00130495,3.036636,2.988398,0.3877315
-2.40616,0.2522252,-0.003882423,3.036636,2.988397,0.3622496
-2.468893,0.3489807,0.004614995,3.034654,2.963808,0.3624542
-2.703828,0.513943,0.002161712,3.008661,2.961256,0.3624427
-2.460361,0.3456205,0.003442397,3.034653,2.963814,0.3874424
-1.736009,0.1160153,0.02096344,3.177683,2.978957,0.3244391
-1.969014,0.1396958,-0.002970638,3.124977,2.977961,0.3749578
-1.956543,0.1364308,0.01865003,3.12498,2.977947,0.3249219
-1.855961,0.2218386,0.0114944,3.123981,2.930512,0.3246451
-1.773474,0.1394452,0.01127817,3.174438,2.931879,0.3747045
-1.770809,0.1536622,0.01448176,3.174468,2.931776,0.3246002
-1.868775,0.2019616,0.01387165,3.123985,2.930579,0.3747514
-2.689994,0.5217924,-0.009690979,3.008675,2.961261,0.4124469
-2.389603,0.2771439,-0.03347143,3.036638,2.988402,0.4122392
-2.895185,0.227701,-0.003552657,3.009951,2.986408,0.4374794
-2.39563,0.2793122,-0.01207878,3.036644,2.988401,0.4377391
-2.681755,0.5434932,-0.01384422,3.008681,2.961261,0.4374318
-2.455114,0.3797586,-0.02369591,3.03466,2.963817,0.4374576
-2.448133,0.3668223,-0.02023597,3.034658,2.963815,0.4124586
-1.946584,0.1990178,-0.03871933,3.124977,2.977965,0.4249702
-1.747387,0.1221086,-0.003635377,3.177723,2.979006,0.4754959
-1.962359,0.1409666,0.004699735,3.12498,2.977972,0.4749846
-1.850164,0.2490365,-0.01722468,3.12398,2.930622,0.4748664
-1.785679,0.1511174,-0.0222293,3.174455,2.931893,0.4247884
-1.860837,0.2074512,-0.0162885,3.123973,2.930587,0.4248121
-1.778076,0.1747146,-0.02008616,3.174438,2.931948,0.4748448
-2.900024,0.2162626,-0.009350251,3.009951,2.986408,0.5625042
-2.697887,0.5083732,0.002283802,3.008685,2.961268,0.5874503
-2.401843,0.2642517,0.009950111,3.036646,2.988402,0.5877422
-2.693672,0.5240011,0.005023354,3.008679,2.961259,0.5624853
-2.407396,0.2672674,-0.002069616,3.036645,2.988401,0.5622504
-2.466529,0.3625625,0.01024187,3.034663,2.963818,0.562486
-2.456941,0.3534736,0.007572897,3.034663,2.963821,0.5874731
-1.750341,0.1222739,-0.006366723,3.177724,2.979009,0.5244911
-1.968114,0.1784092,0.01885682,3.124983,2.977976,0.5749919
-1.965,0.1374109,-0.01417383,3.124981,2.977973,0.524987
-1.850705,0.2343354,0.0117455,3.123975,2.930625,0.524897
-1.789169,0.1431339,0.01233891,3.174437,2.931981,0.5748892
-1.780992,0.1677828,0.01490099,3.174445,2.931956,0.5248981
-1.866522,0.1971396,0.01007022,3.12398,2.930643,0.5749096
-2.69609,0.5139985,-0.009048464,3.008682,2.961264,0.612487
-2.3995,0.2716156,-0.02544874,3.036646,2.988402,0.6122505
-2.900345,0.2225716,-0.0001857258,3.009951,2.986408,0.6374849
-2.405667,0.27447,-0.009416883,3.036645,2.988402,0.6377429
-2.69032,0.5321729,-0.0124585,3.008681,2.961262,0.63746
-2.464676,0.3706759,-0.02107725,3.034662,2.96382,0.637478
-2.455757,0.3598599,-0.01779243,3.034664,2.963819,0.6124874
-1.964228,0.1943189,-0.03617118,3.124982,2.977977,0.6249906
-1.759189,0.1206771,0.003574036,3.177727,2.979016,0.6755049
-1.971658,0.1384954,0.01087292,3.124982,2.977979,0.6749954
-1.85763,0.2383319,-0.01754163,3.123977,2.930651,0.6749395
-1.802106,0.1426993,-0.01890362,3.174446,2.931977,0.624926
-1.87108,0.1945495,-0.01585883,3.123975,2.93064,0.6249263
-1.789205,0.1679737,-0.01887903,3.174438,2.931994,0.6749265
-2.901011,0.2173502,-0.01053673,3.009945,2.986409,0.7625007
-2.698665,0.5098603,0.0004832516,3.008676,2.961275,0.7874634
-2.403023,0.2653858,0.0103261,3.036635,2.988404,0.7877374
-2.694433,0.5260292,0.003435601,3.008665,2.961265,0.7624964
-2.408794,0.2684667,-0.002162913,3.036637,2.988399,0.7622464
-2.468209,0.3642803,0.009876336,3.03465,2.963818,0.7624936
-2.458031,0.3546608,0.007002537,3.03465,2.963825,0.7874806
-1.756897,0.1210313,-0.007129325,3.177726,2.979016,0.7244946
-1.972365,0.1812778,0.02191908,3.124977,2.977979,0.7749959
-1.971439,0.1363973,-0.01635258,3.12498,2.977979,0.7249935
-1.855013,0.230973,0.01141566,3.123971,2.93065,0.7249528
-1.797263,0.1416513,0.01300753,3.174433,2.932002,0.7749362
-1.78733,0.1663445,0.01522719,3.17444,2.931993,0.7249605
-1.869764,0.1923876,0.009700455,3.123969,2.930656,0.7749518
-2.446865,1.623909,-0.002662901,2.98839,3.036573,0.6122512
-2.7405,1.538239,-0.006904259,2.986396,3.009914,0.6374856
-2.451452,1.62081,-0.004382718,2.98839,3.036574,0.6377437
-1.840179,2.303652,-0.003166209,2.977917,3.124968,0.6249923
-1.157962,2.585988,0.02366137,2.978952,3.177729,0.6755075
-1.827085,2.308263,-0.002442876,2.977918,3.124972,0.6749965
-2.740863,1.535737,-0.001655459,2.986399,3.009937,0.7625145
-2.447118,1.622182,-0.005333013,2.988387,3.036603,0.7877531
-2.450173,1.62033,-0.002576078,2.98839,3.036607,0.7622604
-1.149253,2.586658,-0.02751237,2.978951,3.177731,0.7244962
-1.835987,2.304582,-0.003673058,2.977917,3.124981,0.774997
-1.823396,2.308615,-0.002322047,2.977917,3.124976,0.7249934
-2.696005,0.5136705,-0.00978657,3.00867,2.961273,0.8125041
-2.399815,0.2710055,-0.02508685,3.036631,2.988404,0.8122598
-2.899896,0.2224052,-8.079152e-05,3.009935,2.986411,0.8374995
-2.406074,0.2740911,-0.009517056,3.036615,2.988402,0.8377621
-2.690058,0.5318746,-0.01330377,3.00865,2.961268,0.8374796
-2.464694,0.3702592,-0.02156002,3.03463,2.96382,0.8374944
-2.455634,0.3594114,-0.01829061,3.034645,2.963824,0.8125011
-1.966082,0.1935832,-0.03593417,3.124971,2.977979,0.824995
-1.758846,0.1205079,0.00427031,3.177721,2.979018,0.8755037
-1.971952,0.1374154,0.01241589,3.124965,2.977979,0.8749981
-1.855251,0.2354811,-0.0180432,3.123955,2.930656,0.8749655
-1.800692,0.1417635,-0.01917576,3.174435,2.931998,0.8249671
-1.868524,0.1914574,-0.01644689,3.123961,2.930652,0.8249624
-1.787514,0.1678018,-0.01993133,3.174428,2.932004,0.874953
-2.901632,0.2200477,-0.007960364,3.009912,2.986406,0.9625142
-2.698863,0.5109668,0.002926481,3.008611,2.961264,0.987473
-2.403381,0.2680273,0.01454302,3.036574,2.9884,0.9877467
-2.693834,0.5284696,0.006172567,3.008614,2.96126,0.9625103
-2.409482,0.2713451,0.00104158,3.036587,2.988399,0.9622654
-2.46851,0.3671637,0.01347729,3.034599,2.963814,0.9625057
-2.458196,0.3567394,0.01040221,3.034592,2.963815,0.9874882
-1.758654,0.1200752,-0.00841789,3.177718,2.979018,0.9244937
-1.971081,0.1862746,0.02671763,3.124958,2.977979,0.974998
-1.971938,0.1362761,-0.01829555,3.12496,2.977979,0.9249954
-1.855947,0.2332729,0.01214716,3.123948,2.930653,0.9249744
-1.799822,0.1408321,0.01454982,3.174422,2.932006,0.9749569
-1.78814,0.1668687,0.01490673,3.174426,2.932002,0.9249835
-1.870677,0.1908716,0.01189502,3.123947,2.930654,0.9749703
-2.445885,1.624267,-0.002822396,2.988387,3.036605,0.8122404
-2.739906,1.539152,-0.007110682,2.986396,3.009943,0.8374753
-2.450542,1.621374,-0.004753292,2.988389,3.036622,0.8377266
-1.832334,2.30497,-0.002209797,2.977916,3.124986,0.8249927
-1.143117,2.58655,0.02455347,2.978951,3.177738,0.8755048
-1.819794,2.309155,-0.001686985,2.977917,3.124991,0.8749972
-2.740374,1.53731,8.893853e-05,2.986394,3.009955,0.9625043
-2.446084,1.622935,-0.003558578,2.988388,3.036647,0.9877437
-2.449092,1.621099,-0.001025956,2.988389,3.036643,0.9622451
-1.137728,2.587523,-0.02622089,2.978951,3.177738,0.9244937
-1.829088,2.304932,-0.002347979,2.977917,3.124993,0.9749978
-1.81655,2.309506,-0.001263265,2.977916,3.124993,0.9249945
-2.697724,0.5126918,-0.007902394,3.00861,2.96126,1.012505
-2.401645,0.2704398,-0.02191753,3.036575,2.9884,1.01225
-2.901075,0.2218796,0.002273546,3.009912,2.986404,1.037481
-2.407617,0.2737276,-0.007215154,3.03659,2.988397,1.03773
-2.691985,0.5303862,-0.01147884,3.008614,2.961252,1.037469
-2.466697,0.369303,-0.01959442,3.034603,2.963809,1.037479
-2.457145,0.358667,-0.01613236,3.034593,2.963813,1.012497
-1.967738,0.1933753,-0.03433052,3.12496,2.977978,1.024994
-1.759244,0.1204538,0.005568987,3.177722,2.979018,1.075503
-1.972451,0.1369569,0.0149991,3.124969,2.977978,1.074996
-1.855943,0.2337539,-0.0174361,3.123953,2.93065,1.074976
-1.802168,0.1404944,-0.01779601,3.174426,2.932001,1.024986
-1.869609,0.1889643,-0.01535074,3.123946,2.93065,1.024977
-1.788278,0.1673751,-0.01978814,3.174426,2.932004,1.074966
-2.900833,0.2194927,-0.007695645,3.009946,2.986405,1.162512
-2.698182,0.5109964,0.003137548,3.008655,2.961246,1.187481
-2.402411,0.2678562,0.01489926,3.036635,2.988396,1.18775
-2.693058,0.5282242,0.006392356,3.008659,2.961242,1.162511
-2.409039,0.2710785,0.001391682,3.036635,2.9884,1.16226
-2.468086,0.3669171,0.01377086,3.034645,2.963808,1.162506
-2.457795,0.3566139,0.01074455,3.034643,2.963806,1.187492
-1.758467,0.1193882,-0.008257953,3.177724,2.979018,1.124494
-1.97086,0.1859126,0.02714171,3.124976,2.977977,1.174999
-1.971982,0.1357487,-0.01800133,3.124975,2.977978,1.124996
-1.856368,0.2328156,0.01202128,3.123957,2.930648,1.124985
-1.80023,0.1412223,0.01476626,3.174429,2.932004,1.17497
-1.788343,0.1664713,0.01436869,3.174429,2.932002,1.124996
-1.871193,0.1912141,0.01227532,3.123959,2.930649,1.174982
-0.2996033,0.2457345,-0.01412704,4.522357,2.979194,1.024367
-0.04727968,0.276309,-0.04702504,4.576924,2.977897,1.074991
-0.220394,0.2563638,-0.02179481,4.522299,2.979243,1.075449
-1.253679,0.2940228,-0.03217756,4.526828,2.931941,1.074966
-1.447909,0.2931155,-0.008648159,4.578005,2.930166,1.024966
-1.279954,0.3014237,-0.007165802,4.52683,2.93196,1.024988
-1.458895,0.1711277,-0.03606336,4.578003,2.930162,1.07497
-0.1102201,0.1904526,-0.05277709,4.576923,2.977896,1.125002
-0.2423689,0.2494897,-0.06569887,4.522355,2.979194,1.175634
-0.3187528,0.2339782,-0.03508386,4.522298,2.979242,1.124552
-1.284537,0.283504,-0.02907868,4.526826,2.931939,1.12499
-1.445709,0.1671775,-0.08088176,4.578,2.930163,1.174973
-1.434716,0.2643421,-0.04953102,4.578003,2.930158,1.124977
-1.262207,0.2785319,-0.0693523,4.52683,2.93196,1.174965
-2.445631,1.623245,-0.0009779264,2.988388,3.036645,1.012253
-2.739639,1.538486,-0.004862859,2.986395,3.009949,1.037493
-2.448008,1.62141,-0.00295788,2.988389,3.036633,1.037754
-1.826456,2.304546,-0.001012351,2.977918,3.124987,1.024996
-1.130575,2.586484,0.02438367,2.978956,3.17773,1.075504
-1.81271,2.308647,-0.001181512,2.977921,3.124976,1.075001
-2.739644,1.536431,0.0002834176,2.986395,3.009914,1.162503
-2.444751,1.62172,-0.00340304,2.988393,3.036597,1.187736
-2.446605,1.620148,-0.0009586039,2.988389,3.036588,1.162241
-1.128423,2.586974,-0.02676461,2.97896,3.177727,1.124493
-1.82492,2.303483,-0.002306676,2.97793,3.124965,1.174998
-1.811151,2.308637,-0.001383476,2.977925,3.124967,1.124996
-2.696956,0.5125841,-0.007464355,3.008654,2.961245,1.212507
-2.400685,0.2704823,-0.02168703,3.036635,2.988396,1.212248
-2.900345,0.2215764,0.002723549,3.009946,2.986405,1.237485
-2.407298,0.2736518,-0.006804621,3.036635,2.9884,1.237738
-2.691096,0.5303939,-0.01115585,3.008659,2.961242,1.237478
-2.466255,0.3693026,-0.01925997,3.034643,2.963808,1.237488
-2.456613,0.3586215,-0.01581912,3.034643,2.963806,1.2125
-1.967645,0.1933865,-0.03407964,3.124975,2.977977,1.224997
-1.759203,0.1200045,0.006117207,3.177723,2.979018,1.275504
-1.972592,0.1364666,0.01595244,3.124971,2.977978,1.275001
-1.855971,0.2335037,-0.01688434,3.123954,2.930648,1.274989
-1.802155,0.1408099,-0.01715729,3.174429,2.932002,1.224999
-1.869515,0.1889199,-0.01496438,3.123957,2.930647,1.22499
-1.788499,0.1675555,-0.01917775,3.174426,2.932003,1.274977
-2.901322,0.2210288,-0.006412065,3.009905,2.986403,1.362511
-2.698464,0.5116742,0.004694213,3.008611,2.961249,1.387479
-2.402726,0.2691823,0.01698758,3.036576,2.988398,1.387743
-2.693138,0.5294752,0.007994825,3.008607,2.961244,1.362515
-2.409234,0.2725665,0.003145718,3.036576,2.988398,1.362257
-2.46816,0.3682479,0.01575992,3.034593,2.963804,1.362507
-2.457829,0.3576266,0.01250611,3.034594,2.963806,1.38749
-1.758997,0.1196001,-0.008987246,3.17772,2.979018,1.324495
-1.969725,0.1897814,0.02992414,3.124959,2.977977,1.375001
-1.972129,0.1360524,-0.01884906,3.124963,2.977977,1.325
-1.856358,0.2333639,0.01344243,3.123947,2.930646,1.324997
-1.801738,0.140152,0.01559275,3.174423,2.932003,1.374981
-1.788803,0.167051,0.01551551,3.174424,2.932002,1.325007
-1.870663,0.189264,0.01332864,3.123945,2.930646,1.374992
-0.4035862,0.2212734,-0.07779699,4.522356,2.979193,1.224366
-0.07976622,0.2478735,-0.08395214,4.576927,2.977892,1.274993
-0.2744215,0.250592,-0.05589689,4.5223,2.979241,1.275448
-1.249038,0.2994967,-0.0704355,4.526831,2.931933,1.274978
-1.447422,0.2967873,-0.07092516,4.578004,2.930156,1.224983
-1.301331,0.2976204,-0.05498484,4.52683,2.931956,1.225001
-1.418887,0.2106726,-0.07745317,4.578009,2.930145,1.274985
-0.2158511,0.1497045,-0.07477026,4.576932,2.977889,1.325004
-0.3323934,0.3458939,-0.07055493,4.522358,2.97919,1.375634
-0.4392956,0.2324739,-0.06913172,4.522302,2.97924,1.324551
-1.302333,0.2581384,-0.05937986,4.526832,2.931928,1.325002
-1.52757,0.4898529,-0.1136527,4.578008,2.930129,1.37499
-1.406539,0.2312516,-0.06160432,4.578013,2.930135,1.324991
-1.293443,0.4293509,-0.1371162,4.526832,2.931945,1.374977
-2.444408,1.622469,-0.0006929989,2.988394,3.036597,1.212262
-2.739252,1.537644,-0.004533304,2.986396,3.009914,1.237495
-2.446447,1.620665,-0.002671039,2.988391,3.036589,1.237757
-1.823991,2.303463,-0.0006633652,2.977935,3.124965,1.224996
-1.126255,2.586338,0.02485987,2.978975,3.177725,1.275504
-1.809782,2.30813,-0.0008020942,2.97794,3.124968,1.274998
-2.739401,1.537544,0.001458083,2.986399,3.009948,1.362509
-2.443745,1.622723,-0.002211536,2.988395,3.036638,1.387747
-2.446231,1.620972,-2.473708e-05,2.988395,3.036638,1.362253
-1.125969,2.586016,-0.0259787,2.978979,3.177727,1.324493
-1.822321,2.303456,-0.001356096,2.977948,3.124977,1.375
-1.80897,2.307996,-0.0008327287,2.977944,3.124974,1.324994
-2.697857,0.5121986,-0.006386257,3.008618,2.961247,1.412508
-2.401822,0.2702697,-0.01995755,3.03659,2.988396,1.412239
-2.900989,0.2216117,0.00396846,3.009928,2.986405,1.437477
-2.408328,0.2736004,-0.005634679,3.03661,2.988398,1.437726
-2.692153,0.5298201,-0.01000794,3.008631,2.961243,1.437474
-2.467275,0.3689722,-0.01819248,3.034619,2.963806,1.437482
-2.45735,0.3583301,-0.014676,3.034604,2.963805,1.412496
-1.968765,0.1933147,-0.03344271,3.124964,2.977977,1.424995
-1.759867,0.1199331,0.007379159,3.177723,2.979018,1.475504
-1.973132,0.1362384,0.01766665,3.124973,2.977977,1.474999
-1.856437,0.2329061,-0.01620871,3.123955,2.930647,1.474995
-1.803247,0.1399745,-0.01689113,3.174425,2.932003,1.425009
-1.870036,0.187669,-0.01466154,3.123949,2.930646,1.424997
-1.789452,0.1675978,-0.01863424,3.174427,2.932003,1.474985
-2.901003,0.2204733,-0.005742963,3.009947,2.986403,1.56251
-2.697751,0.5113227,0.005183594,3.008665,2.961241,1.587486
-2.401928,0.2691184,0.01764603,3.036641,2.988399,1.587746
-2.692396,0.5290281,0.008587181,3.008663,2.961236,1.562516
-2.408456,0.2725169,0.003788423,3.036641,2.988398,1.562254
-2.467715,0.3679251,0.01639888,3.03465,2.963805,1.562507
-2.457426,0.3573613,0.01312101,3.03465,2.963807,1.587495
-1.759233,0.1192828,-0.008607515,3.177725,2.979018,1.524495
-1.969635,0.1903218,0.03075047,3.124978,2.977977,1.575002
-1.972495,0.1357412,-0.01869782,3.124978,2.977977,1.524999
-1.856586,0.2329702,0.01405947,3.12396,2.930647,1.525003
-1.802529,0.1399802,0.01594232,3.17443,2.932003,1.574991
-1.789274,0.1670341,0.01609693,3.17443,2.932003,1.525014
-1.870822,0.1885931,0.01369172,3.12396,2.930647,1.575002
-0.5294176,0.2444668,0.2461427,4.522351,2.97919,1.424366
0.1565284,0.1170709,0.1632052,4.576898,2.977887,1.474996
-0.1921919,0.3436043,0.09415577,4.522286,2.979238,1.475449
-1.504628,0.1018416,0.05796234,4.526814,2.931918,1.474989
-1.79865,0.4056249,0.05853945,4.577991,2.930121,1.424997
-1.59854,0.4035736,0.03822033,4.526823,2.931941,1.425013
-1.673517,-0.3589682,0.1224185,4.577978,2.930113,1.474999
-0.3490112,0.06544032,0.1299316,4.576889,2.977887,1.525004
-0.168496,0.4174044,0.2475214,4.522336,2.979189,1.575634
-0.4935176,0.2677267,0.04898042,4.522281,2.979238,1.524551
-1.674219,0.3216582,0.05507387,4.526808,2.931917,1.525011
-1.82544,-0.2983076,0.2321192,4.577962,2.930115,1.575003
-1.88168,0.2728968,0.104604,4.577968,2.930111,1.525001
-1.569858,0.1433978,0.1944153,4.526806,2.931937,1.574988
-0.4388863,-0.4810329,0.157722,4.628764,2.975976,1.525001
-1.975783,-2.255575,0.09905603,4.680066,2.972493,1.575
-1.864536,-1.429393,0.1397029,4.68007,2.972492,1.525003
-1.906208,-0.9922648,0.06082181,4.681969,2.921881,1.525022
-1.79271,-1.246215,0.1598264,4.629644,2.927057,1.575005
-2.01194,-0.2682738,0.104099,4.629652,2.927058,1.525003
-1.938923,-2.067874,0.08138048,4.681962,2.921879,1.574989
-2.443911,1.622564,0.0003846576,2.988396,3.036629,1.412263
-2.739315,1.537643,-0.003275009,2.9864,3.009934,1.437503
-2.446228,1.620794,-0.00164682,2.988394,3.036612,1.437765
-1.822142,2.303228,5.638134e-05,2.97795,3.124972,1.425
-1.125297,2.586079,0.02480231,2.978988,3.177722,1.475505
-1.808754,2.307738,-0.0004639748,2.977951,3.124963,1.475004
-2.73961,1.536688,0.002124338,2.986399,3.009904,1.56251
-2.444084,1.621805,-0.001556456,2.988395,3.036569,1.587745
-2.446343,1.620107,0.0005655696,2.988395,3.036567,1.562254
-1.125912,2.58598,-0.02591258,2.978989,3.17772,1.524495
-1.822925,2.302936,-0.0007722193,2.977953,3.124956,1.575001
-1.809144,2.307655,-0.0004858035,2.977952,3.124957,1.524999
-2.69752,0.5116273,-0.005824172,3.008664,2.961243,1.61252
-2.401785,0.2701366,-0.01945919,3.036639,2.988399,1.612255
-2.900948,0.2214526,0.004836871,3.009943,2.986405,1.637495
-2.408573,0.2735118,-0.005012261,3.036629,2.9884,1.637756
-2.692032,0.5296778,-0.009610112,3.008653,2.961242,1.637493
-2.467502,0.3688227,-0.01768514,3.034637,2.963808,1.637502
-2.457281,0.3580235,-0.01420069,3.034646,2.963808,1.61251
-1.969212,0.1931938,-0.03313768,3.124974,2.977977,1.625001
-1.760354,0.1195832,0.007778977,3.177722,2.979018,1.675506
-1.973629,0.135999,0.01816137,3.124967,2.977977,1.675004
-1.856963,0.2329647,-0.01563288,3.123951,2.930646,1.675006
-1.803605,0.1398866,-0.01658064,3.174428,2.932003,1.62502
-1.87056,0.1875351,-0.01439053,3.123957,2.930647,1.625009
-1.790086,0.1677461,-0.01791951,3.174426,2.932002,1.674995
-2.901214,0.2215828,-0.004222069,3.00994,2.986409,1.762511
-2.698219,0.5119785,0.00664744,3.008637,2.96125,1.787498
-2.402513,0.2701353,0.01997462,3.036608,2.988399,1.787765
-2.6925,0.5298063,0.01018012,3.008644,2.961249,1.762519
-2.409045,0.2734828,0.005349495,3.036615,2.988402,1.762254
-2.467872,0.3688307,0.01811298,3.034622,2.963811,1.762509
-2.457859,0.3581268,0.01477167,3.034616,2.963809,1.787506
-1.760953,0.1199384,-0.008708649,3.17772,2.979018,1.724496
-1.969766,0.193362,0.03293863,3.124962,2.977977,1.775004
-1.97401,0.1360877,-0.01897632,3.124964,2.977977,1.725
-1.857127,0.232972,0.01540547,3.123947,2.930647,1.725012
-1.804325,0.1397875,0.01625084,3.174423,2.932002,1.775002
-1.79057,0.1678031,0.01740376,3.174424,2.932003,1.725023
-1.870972,0.1876237,0.01426964,3.123945,2.930646,1.775011
-0.2078331,0.3832551,0.01083689,4.522334,2.979189,1.624366
0.2158848,0.2542254,0.1486977,4.576883,2.977887,1.674998
-0.1355424,0.4305949,0.108892,4.522276,2.979238,1.675449
-1.617163,0.172639,0.08222693,4.526801,2.931915,1.674999
-1.852197,-0.1310358,0.066614,4.577959,2.930115,1.62501
-1.623331,0.1486961,0.05379671,4.526805,2.931937,1.625023
-1.918618,-0.2329533,0.09064596,4.57796,2.930108,1.675011
0.1528509,0.2349058,0.03395521,4.576883,2.977887,1.725006
-0.1205568,0.4331113,0.0627403,4.522333,2.979189,1.775634
-0.1472665,0.4140935,-0.007459623,4.522276,2.979238,1.724552
-1.633212,0.1705431,0.02605755,4.526801,2.931915,1.725021
-1.940488,-0.1881553,0.03702379,4.577959,2.930112,1.775017
-1.935072,-0.1774426,0.01944072,4.577959,2.930108,1.725013
-1.625354,0.1821408,0.0351184,4.526803,2.931935,1.774998
-1.967662,-1.840438,0.02920986,4.680065,2.972492,1.625005
0.1687423,-0.9036088,0.1699346,4.628757,2.975976,1.675002
-2.036366,-2.287215,0.05953881,4.680065,2.972492,1.675003
-2.010784,-1.932097,0.0514742,4.681963,2.921873,1.674999
-1.845281,-0.9508067,0.03235743,4.629641,2.927057,1.625011
-1.978142,-1.611326,0.02203014,4.681961,2.921878,1.625032
-1.862387,-1.054417,0.08535326,4.629642,2.927053,1.675012
0.1265286,-0.8613959,0.02951033,4.628756,2.975976,1.725004
-2.046604,-2.298445,0.02769905,4.680065,2.972491,1.775006
-2.025817,-2.125305,0.008145193,4.680065,2.972491,1.725008
-2.008685,-1.753143,0.006749235,4.681962,2.921873,1.725042
-1.892611,-0.9767406,0.04129199,4.629639,2.927053,1.775022
-1.890278,-0.935362,0.01458215,4.629643,2.927053,1.725018
-2.02064,-1.86779,0.02648905,4.681961,2.921873,1.775012
-2.444256,1.621955,0.001108193,2.988395,3.036573,1.61225
-2.739763,1.536934,-0.002613871,2.986398,3.009913,1.637483
-2.44652,1.620248,-0.0009077395,2.988393,3.036589,1.637731
-1.823415,2.302873,0.0006633132,2.977954,3.124962,1.624997
-1.128454,2.585567,0.02560861,2.978991,3.177725,1.675506
-1.809737,2.307548,0.0001909142,2.977954,3.12497,1.675001
-2.739996,1.537338,0.003571065,2.986396,3.009924,1.762511
-2.444861,1.622207,-5.770861e-05,2.988394,3.036619,1.787731
-2.446708,1.620526,0.00182926,2.98839,3.036615,1.762255
-1.128758,2.585537,-0.02501888,2.978991,3.177727,1.724496
-1.823918,2.30288,6.208182e-05,2.977954,3.124976,1.775003
-1.810079,2.307554,0.0003411694,2.977954,3.124974,1.725
-2.699332,0.511306,-0.004291492,3.008617,2.961249,1.812529
-2.403671,0.2692828,-0.017134,3.036589,2.988397,1.81227
-2.902267,0.2210895,0.006653645,3.009905,2.986403,1.837493
-2.410594,0.2726383,-0.003184053,3.036575,2.988398,1.83775
-2.694158,0.5291085,-0.007860618,3.008607,2.961244,1.837493
-2.469377,0.3680927,-0.01580902,3.034592,2.963805,1.837501
-2.458885,0.3574779,-0.01242079,3.034601,2.963806,1.812519
-1.971536,0.1902249,-0.0307281,3.124959,2.977977,1.825003
-1.761063,0.119748,0.007387366,3.177719,2.979017,1.875506
-1.974516,0.1359309,0.01803265,3.12496,2.977977,1.875002
-1.858169,0.2323114,-0.01470699,3.123945,2.930644,1.875014
-1.804148,0.1394152,-0.01666917,3.174421,2.932003,1.82503
-1.872442,0.1883922,-0.01379326,3.123944,2.930647,1.825019
-1.791032,0.1665037,-0.01767116,3.174424,2.932,1.875004
-2.901909,0.2212636,-0.003335913,3.009947,2.986403,1.962512
-2.698528,0.5118061,0.007209608,3.008666,2.96124,1.987495
-2.402807,0.270145,0.02078336,3.036641,2.988399,1.987748
-2.692923,0.5295262,0.01068578,3.008662,2.961238,1.962523
-2.40919,0.273471,0.006209349,3.036639,2.988399,1.962255
-2.468321,0.3686636,0.01873924,3.034646,2.963807,1.96251
-2.458443,0.35804,0.01534435,3.034651,2.963807,1.987501
-1.761939,0.1201889,-0.007936329,3.177722,2.979017,1.924496
-1.969736,0.1934797,0.03365562,3.124976,2.977977,1.975004
-1.974678,0.1365029,-0.0177757,3.124969,2.977977,1.924999
-1.858927,0.2343925,0.01574932,3.123953,2.930646,1.925021
-1.805532,0.1398433,0.01739035,3.174432,2.931999,1.975015
-1.791653,0.1673206,0.01769814,3.174426,2.932001,1.925033
-1.873024,0.1893773,0.01507008,3.123959,2.930644,1.975022
-0.1312788,0.4246831,-0.02667057,4.522333,2.979189,1.824366
0.2074621,0.2501275,0.006507879,4.576883,2.977887,1.874999
-0.1171414,0.4311364,0.03569664,4.522276,2.979237,1.875448
-1.628413,0.1877743,0.01137686,4.5268,2.931913,1.875009
-1.946219,-0.1657633,0.0007100196,4.577956,2.930114,1.825024
-1.631953,0.1811133,0.00699462,4.526803,2.931936,1.825034
-1.947333,-0.1708028,0.01852292,4.57796,2.930106,1.875024
0.1613704,0.236188,0.002809342,4.576883,2.977887,1.925007
-0.1144568,0.4347847,0.03906663,4.522333,2.979188,1.975633
-0.1330609,0.4215299,-0.02840751,4.522276,2.979237,1.924551
-1.634144,0.1893439,0.001223665,4.526801,2.931914,1.925032
-1.947741,-0.1726434,0.01209916,4.577958,2.930109,1.975035
-1.948641,-0.1464743,-0.006542847,4.577958,2.930107,1.925027
-1.627153,0.1869908,0.008402579,4.526801,2.931931,1.975012
-2.036843,-2.176667,-0.008977298,4.680065,2.972492,1.825011
0.1358438,-0.9271858,0.01792516,4.628756,2.975976,1.875005
-2.050847,-2.2957,0.01784908,4.680065,2.972491,1.875009
-2.026677,-1.822657,0.01837028,4.681963,2.921871,1.875024
-1.907706,-0.9105052,-0.003061675,4.629641,2.927056,1.825028
-2.021337,-1.732475,-0.006509256,4.68196,2.921875,1.825056
-1.903789,-0.94318,0.02349211,4.629641,2.927051,1.875029
0.08001267,-0.8683391,-0.005890609,4.628756,2.975976,1.925007
-2.052052,-2.297522,0.01610615,4.680064,2.972491,1.975013
-2.035474,-2.135767,-0.01136583,4.680065,2.972491,1.925014
-2.022619,-1.689676,-0.01085327,4.68196,2.921873,1.925068
-1.905389,-0.9508348,0.01460609,4.629636,2.927051,1.975044
-1.91596,-0.8807397,-0.009833414,4.629642,2.927053,1.925036
-2.025806,-1.837592,0.01289131,4.68196,2.921872,1.975042
-2.445181,1.621873,0.002659643,2.988396,3.036632,1.812245
-2.740442,1.536757,-0.001091749,2.986399,3.009948,1.83749
-2.447363,1.620219,0.0003428019,2.988395,3.036639,1.837745
-1.82541,2.302657,0.001581907,2.977955,3.124978,1.824999
-1.131092,2.585425,0.02580845,2.978991,3.177727,1.875506
-1.811694,2.307171,0.0007493843,2.977955,3.124975,1.875005
-2.740592,1.536403,0.004219725,2.986399,3.009906,1.962514
-2.445936,1.621201,0.0005261621,2.988395,3.036568,1.987748
-2.447668,1.619778,0.002462332,2.988395,3.036573,1.962259
-1.133209,2.585195,-0.024893,2.978991,3.177724,1.924496
-1.827864,2.302046,0.0006635086,2.977954,3.124958,1.975006
-1.81347,2.306821,0.0007203435,2.977955,3.124967,1.925003
-2.69925,0.5104013,-0.003707193,3.008668,2.961241,2.012529
-2.404267,0.2686889,-0.01600076,3.036642,2.988399,2.012256
-2.902565,0.2201256,0.007138068,3.009947,2.986402,2.037492
-2.410814,0.2720536,-0.002224979,3.036642,2.988398,2.037748
-2.694152,0.528227,-0.007329493,3.008664,2.961235,2.037497
-2.469719,0.3672748,-0.01488692,3.034652,2.963805,2.037502
-2.459251,0.3566831,-0.01157632,3.034652,2.963807,2.012514
-1.972618,0.1890055,-0.02901927,3.12498,2.977977,2.025003
-1.761539,0.1205059,0.007506547,3.177727,2.979017,2.075507
-1.974766,0.1363538,0.01816123,3.12498,2.977976,2.075006
-1.858315,0.2326776,-0.01453188,3.123963,2.930642,2.075029
-1.80349,0.13948,-0.01560113,3.174431,2.932002,2.025044
-1.872767,0.1890953,-0.0126576,3.123964,2.930646,2.025031
-1.79117,0.1667544,-0.01803989,3.174434,2.931997,2.075018
-2.901818,0.2222336,-3.756778e-05,3.009938,2.986403,2.162519
-2.698047,0.5140523,0.0097474,3.008647,2.961243,2.1875
-2.40181,0.2710932,0.0246558,3.036631,2.988396,2.187742
-2.692021,0.5319852,0.01282713,3.008647,2.96124,2.162534
-2.408012,0.2741592,0.009253816,3.036633,2.988396,2.162261
-2.46692,0.3702352,0.02137468,3.03464,2.963803,2.162519
-2.457838,0.3595275,0.01810726,3.034639,2.963804,2.187504
-1.76284,0.1195117,-0.005764047,3.177726,2.979017,2.124497
-1.967963,0.1934756,0.03605484,3.124975,2.977976,2.175007
-1.974781,0.137023,-0.01375543,3.124978,2.977976,2.125004
-1.859839,0.2375457,0.016702,3.123963,2.930644,2.125038
-1.805604,0.1420793,0.01973519,3.174433,2.931991,2.175036
-1.792481,0.1678801,0.01799987,3.174431,2.931998,2.125049
-1.873546,0.1934642,0.01709969,3.123958,2.930639,2.175043
-0.1282052,0.4264769,-0.03793888,4.522333,2.979189,2.024364
0.2082941,0.2502003,-4.638771e-06,4.576882,2.977886,2.075
-0.1137517,0.4321744,0.0290845,4.522275,2.979237,2.075447
-1.628407,0.1881898,0.002917757,4.526797,2.931909,2.075024
-1.949511,-0.1580858,-0.01064578,4.577954,2.930114,2.025042
-1.632274,0.1856624,-0.004808099,4.526802,2.931935,2.025048
-1.950197,-0.1688266,0.01004863,4.577958,2.930103,2.075042
0.1666653,0.2389143,-0.001950881,4.576882,2.977886,2.125008
-0.112132,0.4352619,0.03558756,4.522332,2.979187,2.17563
-0.130714,0.4229446,-0.03393689,4.522275,2.979237,2.124548
-1.63357,0.1918415,-0.004163009,4.526799,2.931911,2.125048
-1.94887,-0.1717068,0.009052637,4.577956,2.930104,2.17506
-1.94998,-0.1444367,-0.01208977,4.577955,2.930105,2.125047
-1.626291,0.1875209,0.005429518,4.526797,2.931924,2.175032
-2.041009,-2.173149,-0.01636353,4.680064,2.972492,2.025019
0.1319036,-0.9250832,0.009755256,4.628756,2.975975,2.07501
-2.052558,-2.295072,0.01208539,4.680064,2.972491,2.075018
-2.027524,-1.821754,0.0113613,4.681959,2.92187,2.075058
-1.913642,-0.8957692,-0.014836,4.629639,2.927055,2.025052
-2.02532,-1.719411,-0.01454549,4.681956,2.921876,2.025088
-1.909019,-0.9390874,0.01360523,4.629638,2.927049,2.075052
0.08788025,-0.8774309,-0.01316916,4.628756,2.975975,2.125012
-2.052958,-2.298532,0.01178533,4.680063,2.97249,2.175025
-2.038973,-2.159375,-0.01775434,4.680063,2.972491,2.125024
-2.024295,-1.704988,-0.01633006,4.681954,2.921873,2.125106
-1.907925,-0.9456728,0.01101232,4.629631,2.927047,2.175077
-1.917447,-0.8812936,-0.0161224,4.629639,2.927052,2.125062
-2.027632,-1.831674,0.009530134,4.681953,2.921869,2.175086
-2.446307,1.620894,0.003250493,2.988395,3.036566,2.012255
-2.74124,1.535163,-0.0005418246,2.986399,3.009903,2.037492
-2.44918,1.618967,0.0008197761,2.988395,3.036565,2.037747
-1.831199,2.301918,0.002297352,2.977955,3.124954,2.025002
-1.140536,2.585669,0.02646043,2.978991,3.177719,2.075506
-1.818185,2.306545,0.001479,2.977955,3.124954,2.075004
-2.740402,1.537999,0.006888896,2.986404,3.009931,2.162505
-2.445883,1.622921,0.002993693,2.988396,3.036602,2.187757
-2.449833,1.62025,0.004717972,2.988396,3.036599,2.162247
-1.14313,2.585084,-0.02378392,2.978991,3.17772,2.124495
-1.833703,2.30191,0.002549491,2.977954,3.124962,2.175006
-1.820787,2.306084,0.0020436,2.977955,3.124958,2.125001
-2.700554,0.5098845,-0.0004978007,3.008659,2.961248,2.212535
-2.405414,0.2659039,-0.01065916,3.036632,2.9884,2.21225
-2.902579,0.2179212,0.01042175,3.009942,2.986406,2.237498
-2.411467,0.2690048,0.00199205,3.036627,2.9884,2.237757
-2.696218,0.5261787,-0.003566389,3.00865,2.961243,2.237509
-2.47061,0.3645002,-0.01010422,3.034633,2.963808,2.237513
-2.460339,0.3547745,-0.00716265,3.034639,2.96381,2.212518
-1.974758,0.1828634,-0.02261947,3.12497,2.977976,2.225006
-1.760442,0.1215831,0.008097741,3.177719,2.979015,2.275507
-1.974664,0.1369058,0.01708961,3.124962,2.977975,2.275011
-1.858414,0.2309786,-0.01195194,3.123947,2.930635,2.275055
-1.8012,0.1409847,-0.01161384,3.174426,2.931996,2.225068
-1.873321,0.1917827,-0.008955633,3.123956,2.930643,2.225054
-1.791255,0.1665142,-0.01535849,3.174427,2.931987,2.275045
-2.902333,0.223622,0.0002344499,3.009904,2.986403,2.362514
-2.6987,0.5154705,0.00917287,3.008617,2.961244,2.387513
-2.401671,0.2720802,0.02596195,3.036589,2.988396,2.387735
-2.692979,0.5337962,0.01213762,3.008607,2.961245,2.362541
-2.408029,0.2748384,0.009532571,3.036573,2.988398,2.362254
-2.467046,0.3716126,0.0210066,3.03459,2.963804,2.362521
-2.458308,0.3607382,0.01782867,3.034603,2.963803,2.387508
-1.761932,0.1194054,-0.00282994,3.177717,2.979014,2.324498
-1.965759,0.1938228,0.03653522,3.124957,2.977973,2.37501
-1.973802,0.1379499,-0.0101587,3.124956,2.977975,2.325008
-1.86118,0.2394598,0.01771145,3.123945,2.930637,2.325068
-1.805544,0.1430938,0.01950048,3.174429,2.93197,2.375084
-1.792666,0.1678985,0.01902626,3.174422,2.931987,2.325081
-1.875144,0.1957001,0.01601092,3.123943,2.930625,2.375082
-0.1268519,0.4263344,-0.03967711,4.522332,2.979187,2.22436
0.2104495,0.2510469,-0.002242508,4.576881,2.977885,2.275001
-0.1119039,0.4324851,0.02618393,4.522275,2.979234,2.275443
-1.626863,0.1865019,0.0002366079,4.526793,2.931897,2.275049
-1.949808,-0.1560354,-0.01322877,4.577949,2.930111,2.22507
-1.630972,0.1873688,-0.007328485,4.5268,2.931928,2.22507
-1.949482,-0.1723534,0.007594157,4.577955,2.930096,2.275071
0.1638147,0.2406208,-0.003279884,4.576881,2.977884,2.325009
-0.1101273,0.4356684,0.03458643,4.522334,2.979182,2.375627
-0.1296809,0.4225568,-0.03669057,4.522276,2.979234,2.324544
-1.631545,0.1948829,-0.007713512,4.526796,2.931898,2.325077
-1.946636,-0.1799919,0.006502715,4.577952,2.930088,2.375108
-1.94948,-0.1431456,-0.01591152,4.57795,2.930098,2.325081
-1.62413,0.1856446,0.003430886,4.526791,2.931901,2.375075
-2.447106,1.620786,0.005391091,2.988393,3.036594,2.212266
-2.741519,1.534508,0.002042769,2.986397,3.009916,2.237488
-2.44909,1.619429,0.002899824,2.988392,3.036597,2.237736
-1.837236,2.301704,0.004221301,2.977954,3.124968,2.225002
-1.152564,2.584734,0.02736427,2.97899,3.177726,2.275504
-1.823788,2.305919,0.002233952,2.977954,3.124974,2.275004
-2.740971,1.538464,0.007275323,2.986399,3.009948,2.362516
-2.445755,1.623991,0.00294398,2.988396,3.036631,2.387758
-2.450515,1.620726,0.00463941,2.988395,3.03664,2.362258
-1.16263,2.583754,-0.02372048,2.978991,3.177727,2.324493
-1.841348,2.301027,0.002941459,2.977953,3.124977,2.37501
-1.828613,2.305448,0.002220802,2.977954,3.124979,2.325003
-2.700398,0.5076815,-0.001998818,3.008643,2.96125,2.412546
-2.404969,0.2631816,-0.0090365,3.036611,2.988399,2.412241
-2.901748,0.2156707,0.009536456,3.009942,2.986407,2.437497
-2.410305,0.2661892,0.002666028,3.036622,2.988401,2.437749
-2.696639,0.5224326,-0.004972245,3.008649,2.961243,2.437521
-2.469062,0.361153,-0.009745313,3.034631,2.963807,2.437516
-2.459731,0.352578,-0.007041771,3.03462,2.963808,2.412522
-1.971678,0.1762717,-0.0181375,3.124964,2.977973,2.42501
-1.753845,0.1225538,0.00655441,3.17772,2.979008,2.47552
-1.968155,0.1369499,0.01359121,3.12497,2.97797,2.475018
-1.85317,0.2331466,-0.01155882,3.123954,2.930613,2.475122
-1.789789,0.1429879,-0.01154649,3.174422,2.931976,2.425126
-1.868636,0.1974914,-0.009585196,3.123953,2.93063,2.425102
-1.783789,0.1676183,-0.0140608,3.174435,2.931952,2.475127
-2.896261,0.2270601,0.003103992,3.009948,2.986402,2.562523
-2.691566,0.5222862,0.009890051,3.008667,2.96123,2.587567
-2.3926,0.2762724,0.03309095,3.036643,2.988397,2.587757
-2.683112,0.5431947,0.01209104,3.008669,2.961234,2.562579
-2.398403,0.2786826,0.01204557,3.036642,2.988397,2.562263
-2.457451,0.3783676,0.02285182,3.034652,2.963802,2.562551
-2.451009,0.3657541,0.02030709,3.034656,2.963799,2.587551
-1.750575,0.1224947,0.004369542,3.17772,2.979006,2.524524
-1.952002,0.1982284,0.039623,3.124976,2.977964,2.575051
-1.965268,0.1412454,-0.005936408,3.124974,2.977969,2.525026
-1.854884,0.2494786,0.01683267,3.123965,2.930613,2.525163
-1.79387,0.1487839,0.02196329,3.174449,2.931902,2.575282
-1.783558,0.175144,0.02132027,3.174429,2.931949,2.525195
-1.868815,0.2037255,0.01631399,3.123962,2.930583,2.575237
-0.1218947,0.4273346,-0.04797708,4.522336,2.979182,2.424358
0.2170032,0.2541393,0.009606971,4.576884,2.977879,2.475006
-0.1096895,0.430756,0.02822175,4.522287,2.979223,2.47544
-1.622692,0.1780687,-0.00598927,4.526787,2.931852,2.475119
-1.948356,-0.1538248,-0.02309424,4.577941,2.930097,2.425126
-1.626598,0.1918137,-0.01762032,4.526798,2.931902,2.42512
-1.944942,-0.1926108,-0.0002004197,4.57795,2.93007,2.475141
0.2150446,0.2582711,-0.06054425,4.576885,2.977877,2.52502
-0.1330036,0.4184803,0.002719502,4.522382,2.979147,2.575627
-0.1141623,0.4291898,-0.07006222,4.522296,2.979216,2.524544
-1.614825,0.1847416,-0.03989238,4.526795,2.93184,2.525169
-1.927675,-0.2051022,-0.02163372,4.577944,2.930032,2.575251
-1.936525,-0.2013262,-0.04581198,4.57794,2.930068,2.525173
-1.618237,0.1681935,-0.02650888,4.526779,2.931795,2.57523
-2.041215,-2.194552,-0.03062218,4.680056,2.972491,2.425056
0.1672587,-0.9229758,0.01859705,4.628752,2.975971,2.47503
-2.053563,-2.30999,-0.003104753,4.680055,2.972489,2.475061
-2.027344,-1.861349,-0.00655703,4.681926,2.921862,2.475231
-1.916815,-0.896851,-0.0302361,4.629625,2.927046,2.425156
-2.02662,-1.733191,-0.02864403,4.681925,2.921877,2.425233
-1.90018,-0.967537,-0.00339918,4.629614,2.927028,2.475175
0.1844168,-0.9244602,-0.08599333,4.628752,2.97597,2.525038
-2.036733,-2.205473,-0.02483885,4.680048,2.972489,2.575094
-2.048946,-2.318073,-0.04849603,4.680051,2.972491,2.525077
-2.025123,-1.879633,-0.0416512,4.681905,2.921876,2.525317
-1.881108,-0.9613774,-0.01442109,4.629586,2.927006,2.575293
-1.889812,-0.9796089,-0.05091797,4.629615,2.927033,2.525211
-2.018687,-1.798459,-0.01625712,4.681895,2.921864,2.575364
-2.447822,1.621632,0.003751844,2.988395,3.036617,2.412274
-2.740135,1.533563,0.0006764974,2.986397,3.009923,2.437498
-2.448612,1.620654,0.0004596786,2.988391,3.03661,2.437752
-1.851016,2.303082,0.004849722,2.977953,3.12497,2.425008
-1.200302,2.586455,0.02161345,2.978986,3.177718,2.47551
-1.841672,2.305007,-0.002286449,2.977951,3.124962,2.475013
-2.735976,1.546347,0.008209794,2.986399,3.009903,2.562522
-2.439944,1.631213,0.002234592,2.988395,3.036564,2.587755
-2.450945,1.625003,0.004248712,2.988395,3.036566,2.562262
-1.209088,2.588366,-0.02813539,2.978984,3.177713,2.524507
-1.84813,2.304317,0.0003395647,2.977946,3.124949,2.575034
-1.849477,2.306304,-0.001183774,2.977951,3.124955,2.525016
-2.705094,0.5081913,-0.001736171,3.008677,2.96124,2.612608
-2.403766,0.2523527,-0.001793945,3.036643,2.988397,2.612267
-2.902769,0.2062388,0.01177677,3.009948,2.9864,2.637511
-2.40759,0.2537998,0.004862642,3.036643,2.988396,2.637762
-2.705217,0.5149402,-0.001669475,3.008667,2.961226,2.637584
-2.470392,0.3495258,-0.004337697,3.034657,2.963796,2.637567
-2.462516,0.3460953,-0.003159517,3.034655,2.963803,2.612571
-1.972191,0.1436618,-0.004612915,3.124977,2.977963,2.625088
-1.746506,0.1166923,-0.01428975,3.177641,2.978991,2.675837
-1.959999,0.1380344,-0.01653794,3.124981,2.97796,2.675193
-1.85857,0.2233003,-0.01473749,3.123967,2.930545,2.675502
-1.778314,0.1379583,-0.01244296,3.17443,2.931905,2.625421
-1.873161,0.1967213,-0.01343656,3.123975,2.930587,2.625333
-1.779751,0.1561257,-0.01417273,3.174459,2.931843,2.67563
-2.885248,0.2198094,-0.002110889,3.009971,2.98641,2.762588
-2.702248,0.538113,0.01164592,3.008688,2.961227,2.787817
-2.380645,0.2602914,0.01888282,3.036896,2.988449,2.788072
-2.681045,0.5536854,-0.004734608,3.008691,2.961243,2.762762
-2.383106,0.2626026,-0.0003744482,3.036867,2.988457,2.762523
-2.45325,0.3735575,0.00379695,3.034657,2.9638,2.762716
-2.455848,0.3663424,0.01198649,3.034671,2.963784,2.787783
-1.698017,0.1393208,0.008875173,3.177508,2.979002,2.725305
-1.937554,0.168508,0.005179254,3.125749,2.977851,2.776303
-1.930306,0.1768464,-0.003402105,3.12508,2.977974,2.725503
-1.863025,0.234507,-0.01581861,3.123984,2.93055,2.725774
-1.776603,0.1512113,-0.003736982,3.174537,2.931758,2.776727
-1.784045,0.1580821,-0.007299014,3.174447,2.931851,2.726023
-1.873219,0.2297036,-0.03507487,3.123957,2.930471,2.776239
-0.1339764,0.426944,-0.142384,4.522421,2.979128,2.624356
0.03770206,0.1802066,-0.07277937,4.576925,2.977839,2.675071
-0.2339758,0.3666001,-0.01809256,4.522632,2.979072,2.675294
-1.599343,0.1937585,-0.07304735,4.526752,2.931628,2.675474
-1.890835,-0.1994287,-0.09403928,4.577918,2.930035,2.625325
-1.589684,0.1822383,-0.09088894,4.526791,2.931769,2.625333
-1.827902,-0.04974499,-0.07070139,4.577917,2.929963,2.675448
0.2062038,0.2910733,-0.3199063,4.576943,2.977816,2.725159
-1.952527,0.4776178,-0.03149768,4.577772,2.929793,2.776118
-0.5000508,0.3567789,-0.04102586,4.52308,2.978831,2.775542
-0.1445446,0.4290367,-0.2087797,4.522855,2.978997,2.724346
-1.655439,0.4483559,-0.03273051,4.526621,2.931271,2.776228
-1.534064,0.181793,-0.1536753,4.526744,2.931531,2.725723
-1.811048,-0.2555671,-0.1653361,4.577858,2.929931,2.725663
-2.452452,1.622196,0.001436396,2.988396,3.036563,2.612264
-2.739984,1.534607,0.0007282259,2.986399,3.009901,2.637508
-2.440097,1.627826,-0.003421405,2.988395,3.036562,2.637758
-1.853415,2.31053,0.001128162,2.977944,3.124948,2.625059
-1.220086,2.586006,0.002993401,2.978947,3.177672,2.675645
-1.835356,2.301683,-0.01961865,2.977935,3.124949,2.675128
-2.725649,1.559206,0.006006303,2.986402,3.009908,2.762569
-2.417693,1.64754,-0.01336594,2.988395,3.036575,2.787854
-2.443594,1.633887,-0.006367567,2.988395,3.036567,2.76232
-1.298085,2.583316,-0.05105024,2.978925,3.177658,2.724816
-1.798304,2.311808,-0.008637212,2.977899,3.124953,2.7756
-1.844742,2.302559,-0.01752129,2.977926,3.124954,2.725272
-0.7238124,-0.02867037,0.06362976,4.425005,0.1675795,2.93232
-0.7105112,-0.008579414,0.01678422,4.425242,0.122502,2.977659
-0.7192907,0.02059475,-0.001137575,4.475534,0.1721992,2.979592
-0.7513041,-0.01641123,0.05766622,4.424806,0.1210588,2.927251
-0.6985313,0.00367486,0.004098628,4.474907,0.1218166,2.978332
-0.7110031,0.003200502,-0.01049161,4.475511,0.1204762,2.928297
-0.6745738,0.0283543,-0.02535751,4.474951,0.1667784,2.933115
-0.7387842,-0.02440757,0.03003746,4.575042,0.1664227,2.933493
-0.7474195,-0.0003392442,0.002569942,4.57508,0.1215291,2.978624
-0.7652351,0.01760984,0.0008259185,4.524423,0.1716755,2.979802
-0.7997754,0.001401155,0.02062669,4.575576,0.1202809,2.928812
-0.7356015,0.0001319193,0.002217424,4.524925,0.1215246,2.978629
-0.7634975,0.0104236,-0.04078584,4.52443,0.120275,2.928827
-0.715111,0.02742288,-0.04559722,4.524967,0.1663998,2.9335
-2.753046,0.5337417,0.0005192807,3.008729,2.961267,2.812933
-2.370309,0.2561432,-0.01702434,3.036823,2.988425,2.812535
-2.905887,0.2195064,-0.005712046,3.009971,2.986406,2.837647
-2.372418,0.2574997,-0.01083067,3.036769,2.988411,2.838011
-2.755325,0.5405717,-0.02223129,3.00873,2.96125,2.838016
-2.478947,0.3748013,-0.02151699,3.034697,2.963773,2.838012
-2.4811,0.3670467,-0.008238333,3.034667,2.963799,2.812881
-2.986887,0.1430243,-0.06285031,3.01108,2.987251,2.963622
-2.637996,0.4712952,0.02789567,3.011267,2.962553,2.98981
-2.55355,0.1375054,0.01265863,3.037066,2.988854,2.989095
-2.742523,0.5547289,-0.02420205,3.011123,2.963428,2.965932
-2.569602,0.1439407,-0.01070818,3.037166,2.988973,2.964093
-2.488939,0.392249,-0.0200179,3.036549,2.965228,2.96623
-2.416441,0.3428566,0.01440845,3.037347,2.963205,2.989928
-1.486241,0.009206936,-0.004328068,3.411826,2.99106,2.966373
-1.480414,0.007175781,-0.005328966,3.438648,2.990568,2.990504
-1.478804,0.005956104,-0.008142847,3.438148,2.991104,2.966393
-1.500289,0.008487592,-0.00799523,3.437526,2.969345,2.969313
-1.485522,0.009200134,0.001697974,3.411774,2.966469,2.991061
-1.499958,0.00988639,-0.007867745,3.412503,2.969334,2.969282
-1.478593,0.004894212,-0.004891745,3.438097,2.966496,2.991069
-1.452435,0.003126003,0.0219275,3.575741,2.979904,2.9276
-1.448316,0.006076292,-0.008117847,3.524923,2.978197,2.978241
-1.484597,0.003157417,0.01529901,3.524776,2.97973,2.92734
-1.377574,0.05420392,0.008403372,3.524947,2.933156,2.933198
-1.447348,0.06189042,-0.003024055,3.575665,2.927484,2.979986
-1.350465,0.04556811,0.00335888,3.575021,2.933482,2.933511
-1.473086,0.06272067,-0.004584939,3.524498,2.927032,2.979843
-1.43431,0.01125463,0.007385319,3.624403,2.979899,2.927532
-1.337902,0.007304888,-0.0002876246,3.675141,2.978115,2.978157
-1.420687,0.01111607,-0.01134337,3.675551,2.979771,2.926853
-1.313315,0.002663763,-0.02462208,3.675103,2.933036,2.933053
-1.425844,0.03303702,0.004779773,3.624362,2.927431,2.979973
-1.319892,0.00727829,-0.02242218,3.625023,2.933448,2.933473
-1.413172,0.008504105,0.005409585,3.67553,2.926803,2.97979
-1.315204,0.001087399,-0.01157196,3.787829,2.99044,2.965029
-1.272694,0.0132534,0.01160539,3.761208,2.990183,2.990194
-1.327337,0.01169491,-0.006290427,3.761868,2.990773,2.965579
-1.357955,0.01270254,0.004453697,3.762613,2.968608,2.968589
-1.314697,-0.005129362,-0.0007275772,3.787826,2.964961,2.990453
-1.32683,0.003680053,0.01034443,3.76184,2.965539,2.990806
-1.348001,0.0008757115,-0.005255682,3.787613,2.967906,2.967918
-2.485566,1.597097,-0.01985674,2.988397,3.036581,2.812413
-2.758752,1.527406,-0.01462649,2.986404,3.009936,2.837651
-2.444074,1.620098,-0.02236715,2.988398,3.036617,2.838
-1.83183,2.297519,-0.009364434,2.97785,3.124883,2.826189
-1.37223,2.585233,-0.03605931,2.978316,3.175985,2.877184
-1.878804,2.30605,-0.02807626,2.977827,3.124926,2.877294
-2.910279,1.553022,0.04641735,2.987285,3.011054,2.963686
-2.444611,1.748928,0.008533723,2.988975,3.037006,2.989187
-2.915889,1.759339,0.06741264,2.989033,3.037035,2.964434
-2.034134,2.668201,0.02129242,2.978985,3.176417,2.928228
-1.999936,2.643216,0.1042482,2.977124,3.125242,2.977557
-2.235322,2.337338,0.03422212,2.977774,3.125264,2.928465
-2.516903,0.3147992,0.06408568,3.035687,2.964205,0.06013772
-2.917838,0.1673879,0.09778752,3.010337,2.986624,0.06172444
-2.776612,0.475581,0.09091223,3.009236,2.961578,0.08611408
-2.481815,0.2029961,0.04415812,3.036658,2.98836,0.08706836
-2.762097,0.4785721,0.05501259,3.009817,2.962021,0.06039728
-2.496051,0.1994741,0.04473219,3.036292,2.988265,0.06141224
-2.522968,0.3067721,0.07418405,3.035133,2.963912,0.08604345
-1.877742,0.138463,0.02921377,3.137421,2.966921,0.03307649
-1.975934,0.03727743,-0.0112902,3.137489,2.98937,0.01063838
-2.089117,0.04442114,0.008253986,3.112105,2.989917,0.03552961
-2.014,0.1739638,-0.002194375,3.112117,2.96398,0.009956141
-1.967279,0.1859092,0.0218714,3.112304,2.966826,0.03312831
-1.984943,0.03526892,0.01191011,3.137805,2.989996,0.03564667
-1.942097,0.1121518,-0.002474125,3.137739,2.964013,0.009919492
-2.475209,0.3394011,0.0440768,3.03476,2.963794,0.1368969
-2.905679,0.1937479,0.03735865,3.009968,2.986409,0.1373001
-2.735818,0.4892784,0.07760339,3.008912,2.961341,0.1115922
-2.420947,0.2421882,0.01796348,3.036654,2.988366,0.1118331
-2.724254,0.498373,0.05358195,3.008808,2.961314,0.1368624
-2.476459,0.3330783,0.06043618,3.034899,2.96378,0.1115639
-2.422641,0.237568,0.03501188,3.036649,2.988386,0.1374839
-1.662378,0.04795807,0.002857606,3.262484,2.967009,0.03297174
-1.699385,0.01773422,-0.008460286,3.262512,2.989354,0.01062438
-1.67607,0.02837435,0.008128424,3.287903,2.990086,0.03595279
-1.659034,0.02756723,-0.01737711,3.28785,2.964038,0.009915869
-1.724246,0.02806425,0.004333451,3.262402,2.990047,0.03580097
-1.635818,0.0471538,-0.004447089,3.287511,2.967041,0.03296753
-1.701856,0.05915833,-0.01409066,3.262242,2.963985,0.00987736
-1.580855,0.0369159,-0.01246321,3.337504,2.967066,0.03294921
-1.585462,0.02595103,-0.02270816,3.337496,2.989383,0.01064149
-1.636813,0.03181912,0.009639622,3.312204,2.990099,0.0359758
-1.618592,0.01800644,-0.0188001,3.312155,2.964063,0.009917259
-1.603979,0.04678628,-0.01603271,3.312487,2.96706,0.03296344
-1.590535,0.03178506,0.02391711,3.337778,2.990127,0.03599267
-1.577667,-0.01457309,-0.0224236,3.33775,2.964033,0.009887732
-1.575708,0.0245169,0.0007741842,3.462369,2.967778,0.03220791
-1.565645,0.01409014,0.0004033989,3.462636,2.98969,0.01024519
-1.547599,0.008465125,0.002536929,3.488297,2.990732,0.03445295
-1.548173,0.01397375,0.003680519,3.488284,2.965468,0.009228552
-1.556402,0.006232913,0.006017473,3.462333,2.990389,0.03505454
-1.56731,0.02174031,0.003461018,3.487387,2.96855,0.03149617
-1.550186,0.01858292,0.001239702,3.462297,2.964769,0.0095594
-1.387477,0.02447703,-0.01716124,3.737631,2.967815,0.03220585
-1.364225,0.01580867,-0.01348388,3.737366,2.989697,0.01025271
-1.40612,0.008503412,0.005816834,3.711745,2.990748,0.03450809
-1.401285,0.0009592047,-0.007952981,3.711719,2.965482,0.009229831
-1.384847,0.01371481,-0.004640632,3.712623,2.968573,0.03149762
-1.385368,0.02012807,0.01809488,3.737714,2.990411,0.03511735
-1.381703,-0.01104349,-0.0170201,3.737701,2.964792,0.00956004
-1.429391,0.007543034,2.295936e-05,3.862373,2.967817,0.03224713
-1.428115,0.004103799,-0.001831959,3.862635,2.989706,0.01030424
-1.42327,-0.001978872,-0.0002425705,3.888299,2.990771,0.03459642
-1.422826,0.00504778,0.003574106,3.888279,2.965512,0.009264502
-1.412147,-0.004210655,0.0113667,3.862295,2.990416,0.03522922
-1.433535,0.008748467,-0.001460406,3.887397,2.968564,0.03151607
-1.411469,-0.005002697,0.005797558,3.862297,2.964828,0.009577054
-1.289281,0.02347537,-0.003024136,4.13763,2.967794,0.03224008
-1.302333,-0.003172381,0.005210886,4.137368,2.989697,0.01027888
-1.349336,-0.009491924,-0.006436411,4.111694,2.990769,0.03457293
-1.352698,0.02183882,0.007492803,4.111723,2.965491,0.00926119
-1.311922,0.01372369,0.001735099,4.1126,2.968548,0.03151091
-1.339583,-0.009500661,-0.01221552,4.13771,2.99041,0.03518371
-1.341646,0.02939112,0.003557643,4.13771,2.964794,0.009571537
-2.820853,1.55095,0.04654453,2.986624,3.010344,0.06170583
-2.581912,1.647615,0.02800821,2.98836,3.036701,0.08704564
-2.724438,1.618735,-0.04362173,2.988262,3.036309,0.06138352
2.149085,0.5194515,-0.03266323,2.989354,3.737498,0.01062939
2.253725,0.6518513,-0.02021584,2.990088,3.712159,0.0359714
2.162093,0.581433,-0.02594516,2.990111,3.737758,0.03602111
1.747917,0.2915598,-0.0360796,2.989385,3.862492,0.01066116
1.748677,0.3197014,-0.02383623,2.9901,3.887841,0.03605048
1.75045,0.319822,-0.03052462,2.990138,3.862231,0.03610134
-0.7360992,0.008209782,-0.002471339,3.537517,0.1329373,2.967164
-0.731411,-0.001580965,-0.01289349,3.512171,0.1099232,2.964338
-0.7130327,0.001644175,-0.001148871,3.537506,0.1106562,2.989444
-0.735201,0.02424533,-0.001814111,3.512173,0.1359252,2.990135
-0.7618769,0.01658179,-0.004783287,3.537751,0.1359806,2.990146
-0.7569597,0.001212737,-0.01538826,3.53775,0.1099099,2.964271
-0.699153,0.02234377,-0.005848422,3.512514,0.1328984,2.967211
-0.7805002,-0.005266422,0.009759493,4.36245,0.131911,2.968241
-0.7552173,0.0008108514,-0.0006556543,4.388333,0.1343472,2.990841
-0.7542269,2.930739e-05,0.005231185,4.388285,0.1092393,2.966011
-0.7599759,-0.004706853,0.009061484,4.362686,0.110201,2.989944
-0.7694601,-0.0134224,0.02083872,4.387428,0.1313286,2.968829
-0.7536206,0.002265999,-0.02744139,4.362327,0.1095028,2.965544
-0.753462,0.03010277,-0.002783838,4.36234,0.1348164,2.99057
-0.7469698,-0.02707493,0.01314372,4.762568,0.1326389,2.967479
-0.7512517,-0.03923076,0.003886224,4.787866,0.1358372,2.990164
-0.7572664,0.003192256,0.01829245,4.787864,0.1098953,2.964439
-0.7297608,-0.001337566,-0.003002945,4.762544,0.1105372,2.989578
-0.7692407,0.008226492,0.00485237,4.762275,0.1097986,2.964653
-0.7178284,-0.04308833,0.01929666,4.787543,0.1328125,2.967305
-0.7672062,-0.02042005,-0.006153571,4.762275,0.1356369,2.99026
-0.7418597,0.004826315,-0.006726086,4.737627,0.1322367,2.967886
-0.7313846,0.006047546,-0.00612513,4.711737,0.1092863,2.965819
-0.7213961,0.00180994,-0.00272414,4.73736,0.1103275,2.989799
-0.7297435,0.01466961,-0.01157501,4.711692,0.1345024,2.990787
-0.7581779,0.005761471,-0.01574587,4.73769,0.1096182,2.965126
-0.715923,0.02065996,-0.01452476,4.712607,0.1314678,2.968641
-0.7581242,0.01533139,-0.01102745,4.73768,0.1351877,2.990444
-0.4099645,-1.854153,-0.03602826,4.734228,3.060929,2.96733
-0.0397218,-1.83718,-0.03032402,4.710128,3.086617,2.964544
-0.04518046,-1.96181,-0.0087385,4.710658,3.060625,2.98981
-0.2620422,-1.756923,0.003910294,4.736089,3.087338,2.990207
-0.04482092,-1.968901,-0.02637659,4.710541,3.060134,2.964659
-0.271081,-1.75491,-0.0576106,4.733503,3.086531,2.967174
-0.3958477,-1.795109,0.01556901,4.736337,3.061018,2.990472
-0.1378134,-1.358089,-0.008482202,4.733014,3.162256,2.967004
-0.08745589,-1.358147,0.001264654,4.735811,3.187809,2.990061
-0.02382246,-1.376116,-0.01094161,4.709923,3.187724,2.96404
-0.03063822,-1.424003,-0.0009400684,4.710601,3.162447,2.989355
-0.02762708,-1.443486,-0.001262336,4.709939,3.162138,2.964165
-0.1020879,-1.295234,-0.02124164,4.732965,3.187373,2.967011
-0.1324235,-1.410248,0.001470345,4.735851,3.162196,2.990082
-0.1750987,-1.462435,-0.02103354,4.733076,3.137154,2.967032
-0.0477376,-1.666687,0.008914309,4.710043,3.111623,2.964442
-0.2314837,-1.579938,0.006260087,4.735968,3.111949,2.990098
-0.04218614,-1.5206,0.002905844,4.710621,3.137408,2.989383
-0.2257335,-1.573264,0.002617253,4.733239,3.111864,2.967046
-0.02977892,-1.534726,-0.007191014,4.709976,3.137539,2.964315
-0.1584457,-1.509143,-0.001031959,4.735893,3.137651,2.99009
2.404388,3.324728,0.07712027,2.989922,3.337314,2.989792
1.857127,3.715945,0.1121357,2.990821,3.311713,2.965582
2.387934,3.712902,0.05400302,2.990562,3.337701,2.96511
-0.0643858,-1.193141,-0.02450432,4.732926,3.23746,2.966997
-0.08458194,-1.294234,0.007786641,4.7358,3.212138,2.99006
-0.03122123,-1.320334,-0.01029915,4.709913,3.212077,2.96401
-0.02621163,-1.24409,0.003895826,4.710583,3.23749,2.989331
-0.08308779,-1.232936,-0.01222963,4.732948,3.212395,2.967001
-0.02537753,-1.268533,-0.01725951,4.709884,3.2377,2.963983
-0.05436428,-1.247536,0.006628666,4.735809,3.237733,2.990085
-0.01129486,-0.7358958,0.001192577,4.732919,3.637511,2.966947
-0.03019398,-0.831131,-0.0002708479,4.73579,3.612157,2.990048
-0.01375794,-0.8310162,0.0209779,4.709901,3.612152,2.963924
-0.01018188,-0.7885818,0.001609127,4.710581,3.637501,2.989315
-0.02656999,-0.7874764,0.01752473,4.732922,3.612485,2.966953
-0.009370376,-0.8002601,0.003127374,4.709878,3.637742,2.963912
-0.006642048,-0.7922218,-0.0002346827,4.735805,3.637745,2.990072
-1.431129,0.3349632,0.2550731,4.57805,2.929897,0.2239754
-0.5505888,0.1715387,-0.08949031,4.523889,2.978896,0.223631
-0.06617023,0.3417934,0.02654921,4.577023,2.977859,0.2746638
-1.343306,0.331785,0.009980048,4.526721,2.931429,0.2238312
-0.2604671,0.2670118,-0.007195668,4.523115,2.979058,0.2753599
-1.388831,0.180951,0.03506514,4.578053,2.929998,0.2743688
-1.286057,0.2879328,0.02417915,4.526854,2.93161,0.2743229
-0.3449751,0.1111524,-0.0282263,4.577058,2.977853,0.3249089
-0.2892094,0.3393173,0.0723095,4.522484,2.979136,0.3756474
-0.5474197,0.2153735,-0.07641749,4.522752,2.9791,0.3246316
-1.493269,0.3676724,0.01777987,4.578029,2.930065,0.3746881
-1.386551,0.2753361,0.03684162,4.578065,2.930006,0.3245707
-1.315608,0.2781585,-0.006377609,4.526846,2.931666,0.3245615
-1.27268,0.4030624,-0.01493885,4.526862,2.931789,0.3746947
-0.4420718,0.2787723,0.1657967,4.522424,2.979151,0.4243851
0.1042063,0.1132689,0.4119355,4.576931,2.977882,0.4749853
-0.2008015,0.3055101,0.254141,4.522327,2.979219,0.4754661
-1.794272,0.3627741,0.02247381,4.57802,2.930057,0.4247619
-1.639966,-0.4775711,0.209657,4.577996,2.930091,0.474836
-1.500882,0.01145144,0.1658368,4.526835,2.931851,0.474845
-1.574467,0.3908281,0.007485344,4.526832,2.931809,0.4247913
0.1361004,0.1105538,-0.3514818,4.576927,2.977884,0.5249968
-0.470418,0.2638682,-0.1444596,4.522367,2.979184,0.5756462
-0.1603808,0.3078782,-0.2092064,4.522315,2.979225,0.5245673
-1.807732,0.4353494,0.04771141,4.577999,2.930123,0.5748767
-1.612379,-0.5366613,-0.1713119,4.578001,2.930093,0.5248655
-1.47737,-0.01920041,-0.1240306,4.526823,2.931865,0.524891
-1.581661,0.4122248,0.03692373,4.526836,2.931916,0.5748868
-0.2125187,0.3321039,0.01938612,4.522371,2.979185,0.6243758
-0.3125774,0.127435,-0.04126028,4.576948,2.977891,0.6749895
-0.4865355,0.2145898,0.01949951,4.522312,2.979238,0.6754571
-1.476385,0.3360174,0.06347464,4.578025,2.93012,0.6248951
-1.424207,0.3184233,0.004852738,4.578022,2.930141,0.6749181
-1.305262,0.2936457,0.03155878,4.526841,2.931919,0.674925
-1.259102,0.3792993,0.08901836,4.526835,2.931917,0.6249296
-0.08552935,0.2699824,0.2453905,4.576944,2.977894,0.7250007
-0.2908111,0.238879,0.04568296,4.522364,2.979193,0.7756398
-0.2501362,0.2577498,0.1055167,4.52231,2.979239,0.7245586
-1.453879,0.2287842,0.05219562,4.578012,2.930169,0.7749272
-1.453828,0.2566424,0.1120109,4.578023,2.930147,0.7249303
-1.243386,0.3072291,0.09423361,4.526835,2.931922,0.7249524
-1.266803,0.297639,0.03450977,4.526839,2.931956,0.7749302
-0.226216,0.2523061,0.05041539,4.522363,2.979193,0.8243704
-0.05633855,0.2559397,0.03316185,4.576934,2.977898,0.8749899
-0.2340185,0.2461827,0.02190024,4.522304,2.979243,0.8754514
-1.468451,0.2206012,0.07593603,4.578015,2.930164,0.8249402
-1.473142,0.1690996,0.0278198,4.578011,2.930167,0.87495
-1.248487,0.2844405,0.01297272,4.526833,2.93194,0.8749512
-1.246893,0.2905964,0.05653893,4.526834,2.931953,0.8249681
-0.03877665,0.2646026,0.003721925,4.576932,2.977898,0.9250012
-0.2362297,0.252159,-0.02954536,4.522358,2.979195,0.9756353
-0.2061484,0.2480468,-0.0004823666,4.522303,2.979243,0.9245537
-1.468486,0.2168308,-0.04291362,4.578003,2.930173,0.9749545
-1.47488,0.1467178,0.01151813,4.578011,2.930164,0.9249587
-1.257018,0.2978527,-0.03118744,4.526833,2.931964,0.9749507
-1.244199,0.2852799,0.01166778,4.52683,2.931939,0.9249757
-1.273703,0.002363133,0.00694138,4.262496,2.989341,0.01058326
-1.326996,-0.0004630921,0.006227975,4.287807,2.99007,0.03585897
-1.328482,-0.0007248366,0.01468367,4.262217,2.9901,0.03588532
-1.25998,0.01372778,0.03010187,4.262488,2.967052,0.03289403
-1.336509,0.03033253,0.000157634,4.28784,2.963932,0.009874247
-1.268263,0.03043598,0.02607634,4.287502,2.967039,0.03289389
-1.332801,0.01254845,-0.001459815,4.262242,2.963927,0.009850929
-1.244233,0.009531863,0.01023428,4.337499,2.989336,0.01058341
-1.311629,0.0001961886,0.007589561,4.312117,2.990068,0.03585514
-1.279765,0.005865876,-0.007022106,4.337709,2.990085,0.03585425
-1.238586,0.07741535,0.01559393,4.337506,2.967022,0.03290575
-1.332196,0.04521758,0.001151604,4.312157,2.963928,0.009874839
-1.260728,0.04555119,0.02896222,4.312488,2.967032,0.0328961
-1.307245,0.07342169,-0.00579897,4.337757,2.963909,0.009853353
-0.8068971,0.07369558,0.009839764,4.462503,2.989359,0.01063125
-0.5853591,0.05633794,0.07282612,4.487844,2.990085,0.03593464
-0.7260485,0.2660457,-0.03902767,4.487861,2.964039,0.009910165
-0.7802494,0.05284456,0.06323648,4.462218,2.990095,0.03594385
-0.8340329,0.2990272,-0.02223743,4.487575,2.967029,0.03295486
-0.9518364,0.2519302,0.01009363,4.46252,2.967022,0.03294975
-0.9636113,0.2321384,-0.03706301,4.462246,2.963978,0.009872697
-2.73775,1.556133,0.06219138,2.986406,3.010003,0.1373176
-2.469703,1.640095,0.03776347,2.988362,3.036713,0.1118339
-2.445014,1.649192,0.0577165,2.988384,3.036688,0.1375123
0.718761,3.373599,-0.3345852,2.989328,3.26251,0.01062724
-1.862156,4.120607,-0.2533444,2.990054,3.287903,0.03591119
-2.367578,3.969826,-0.2918918,2.990033,3.262399,0.03580283
2.493636,3.438328,-0.3277226,2.989343,3.337501,0.01061782
-0.5487439,4.179543,-0.1408047,2.990055,3.312209,0.03590993
1.332476,4.145472,0.07789005,2.990086,3.337787,0.03594574
3.058306,1.845461,-0.08601247,2.989374,3.462502,0.01065105
3.214943,1.8724,-0.2760438,2.990102,3.487873,0.03601476
3.232945,2.053757,-0.2522862,2.99012,3.462291,0.03601882
2.923746,1.363771,-0.07137655,2.989351,3.53751,0.01062411
3.117665,1.590284,-0.2174831,2.990091,3.512194,0.03599525
3.023643,1.445168,-0.2102313,2.990102,3.537789,0.03598932
2.409196,0.768004,-0.04311629,2.989343,3.662503,0.01061974
2.388858,0.7856734,-0.05669274,2.990085,3.687848,0.03596424
2.422193,0.8216437,-0.05584301,2.990103,3.662253,0.03599614
1.611467,0.2148594,-0.03552824,2.989345,3.937506,0.01060705
1.672626,0.264246,-0.01796551,2.990087,3.912163,0.03600521
1.61564,0.2460426,-0.02948012,2.990104,3.937763,0.03597629
1.311677,0.1318386,-0.0283016,2.989337,4.062495,0.01059742
1.316222,0.1561561,-0.006002913,2.99008,4.087835,0.03594832
1.308289,0.1574989,-0.012022,2.990102,4.062233,0.03594881
1.232746,0.1064135,-0.02949617,2.989332,4.137498,0.01063283
1.268909,0.1193865,-0.006513949,2.99008,4.112141,0.03597753
1.229206,0.1157254,-0.01617977,2.990112,4.137743,0.03601278
-2.72974,1.563677,0.01974297,2.986394,3.009916,0.2624803
-2.422986,1.644271,0.01556516,2.988389,3.036577,0.2877272
-2.446911,1.628223,0.01591596,2.988388,3.036578,0.2622289
-2.730382,1.538578,0.009817843,2.986395,3.009923,0.3374682
-2.436278,1.624338,0.01239848,2.988388,3.036579,0.3122368
-2.434515,1.625611,0.01029381,2.988387,3.036593,0.3377233
-2.731969,1.550965,0.003417101,2.986395,3.009914,0.4625028
-2.433267,1.637165,-0.0005170831,2.98839,3.036573,0.4877424
-2.450776,1.626598,0.0005112812,2.988389,3.036574,0.4622507
-2.729461,1.544811,-0.003570582,2.986396,3.009913,0.5374842
-2.434847,1.632181,-0.0003290847,2.98839,3.036573,0.5122503
-2.442521,1.627852,-0.001984266,2.98839,3.036572,0.537743
-0.6907889,0.002168207,0.0181833,2.987841,0.1099406,2.964271
-0.6868089,-0.02081943,-0.0007098442,2.98784,0.1359843,2.990116
-0.6603077,-0.02141025,0.02417754,2.987507,0.1329577,2.967147
-0.6603172,-0.002746659,0.01590593,3.012159,0.1099404,2.964271
-0.6115074,0.003131178,-0.002519173,3.0375,0.1106606,2.989439
-0.6211835,0.002931751,-0.001762221,3.037742,0.1099143,2.964255
-0.5902582,0.004502509,0.004258927,3.037504,0.1329521,2.967148
-0.6561695,-0.01919452,0.009939328,3.01216,0.135984,2.990116
-0.6427172,-0.02094603,0.02685553,3.012493,0.132957,2.967147
-0.6210903,0.008103655,0.001685418,3.037741,0.1359937,2.990141
-0.6323892,-0.01082559,0.003409956,3.087829,0.1099233,2.964339
-0.6263012,0.002142447,0.000704769,3.062494,0.1106561,2.989444
-0.630356,-0.000149001,-0.0005550655,3.06225,0.1099098,2.964272
-0.5884965,0.003585235,0.007971275,3.062483,0.1329371,2.967165
-0.6350033,0.01431172,0.008450471,3.087827,0.135925,2.990135
-0.6162095,-0.007020362,0.01725089,3.087486,0.1328984,2.967211
-0.6306972,0.01246866,0.0003119807,3.062249,0.13598,2.990146
-0.6958354,0.002567527,0.001582156,3.18827,0.1092961,2.965785
-0.6881559,-0.0023909,0.006854502,3.162642,0.1103305,2.989795
-0.6766783,0.005362122,-0.03173761,3.162311,0.1096253,2.965108
-0.6997481,0.003973564,0.002862138,3.162376,0.1322578,2.967872
-0.6962743,0.005516039,-0.002982958,3.188314,0.1345369,2.990784
-0.705868,-0.00575092,0.01498301,3.187401,0.1315167,2.968628
-0.6788507,0.03878293,-0.005396163,3.162323,0.1352026,2.990442
-0.6324456,-0.01237693,-0.02044121,3.112135,0.1098979,2.96443
-0.6511601,-0.004440009,0.008462798,3.137456,0.1105383,2.989577
-0.6431546,-0.008403962,-0.03966068,3.137727,0.1098032,2.964642
-0.6762105,0.00884833,-0.001405013,3.137434,0.1326501,2.967467
-0.632209,0.03299621,0.01175793,3.112133,0.1358434,2.990162
-0.6320323,-0.006512569,0.0162376,3.112456,0.1328219,2.967293
-0.6454929,0.04881959,0.005123557,3.137726,0.1356447,2.990259
-0.6921662,-0.02029274,-0.002652323,3.411686,0.1345369,2.990784
-0.6930101,0.006425423,0.02780226,3.41173,0.1092961,2.965785
-0.6653646,-0.004572237,0.005977834,3.437358,0.1103306,2.989795
-0.6570622,0.01418936,0.00349589,3.412599,0.1315166,2.968628
-0.6802644,-0.002203979,0.0016171,3.437689,0.1096253,2.965108
-0.6215338,0.02764503,-0.002340679,3.437624,0.1322577,2.967872
-0.6808283,0.02071357,0.001798834,3.437677,0.1352026,2.990442
-0.714457,-0.00145993,0.003625132,3.487865,0.1098979,2.96443
-0.6727848,-0.0008579946,0.002845709,3.462544,0.1105383,2.989577
-0.717216,0.022581,-0.002229807,3.487867,0.1358435,2.990162
-0.6955469,-0.0001687184,0.005128903,3.462273,0.1098033,2.964642
-0.6706889,0.02165115,0.001121038,3.487544,0.1328218,2.967293
-0.6444738,0.02531156,0.006312479,3.462566,0.1326499,2.967467
-0.6968307,0.02534025,-0.003257359,3.462274,0.1356448,2.990259
-0.7306406,-0.01481337,0.00752071,3.612161,0.1359885,2.990115
-0.7334368,-0.00181925,0.01928315,3.612159,0.1099407,2.964266
-0.6812001,0.001166628,0.0009515624,3.637502,0.1106619,2.989433
-0.7069151,-0.01439375,0.02579436,3.612494,0.1329631,2.967144
-0.7004363,0.0172459,-0.001610071,3.637746,0.1360028,2.990135
-0.657675,0.01767794,0.004863435,3.637509,0.1329704,2.967143
-0.7033225,0.004556265,0.003829243,3.637741,0.1099107,2.964241
-0.7397075,-0.003267844,0.006519073,3.687838,0.1099348,2.964276
-0.6928728,0.001210317,0.001942382,3.662498,0.110661,2.989433
-0.7367115,0.02337776,-0.00197625,3.687836,0.1359758,2.990116
-0.6898364,0.020011,0.001357448,3.6875,0.1329331,2.967143
-0.7173584,0.02408722,-0.004989994,3.662253,0.1359998,2.990135
-0.6579323,0.02267944,0.004628639,3.662488,0.1329635,2.967143
-0.7215543,0.004681286,0.00493184,3.662257,0.1099091,2.964243
-0.7089454,-0.04210395,0.0144195,4.812173,0.1359177,2.990138
-0.7167458,-0.002727221,0.008541397,4.81217,0.1099195,2.964349
-0.6666369,0.0005314212,-0.002303213,4.837505,0.1106509,2.989445
-0.6929342,-0.05033676,0.01732138,4.812513,0.132889,2.967228
-0.6663777,0.003624965,-0.01373079,4.837743,0.1098969,2.964288
-0.6347342,-0.02464787,-0.00884923,4.837513,0.1329276,2.967197
-0.6685396,-0.01445976,0.005233515,4.83775,0.1359643,2.990148
-0.6726412,-0.01278162,-0.01733285,4.88783,0.1099194,2.964349
-0.6552595,-0.03000678,0.00561374,4.887487,0.1328897,2.967229
-0.6684856,-0.006485061,0.01025504,4.887827,0.1359174,2.990138
-0.6717987,-0.003280269,0.002119849,4.862495,0.1106509,2.989445
-0.6732862,0.0002660138,-0.01550055,4.862257,0.1098969,2.964288
-0.6299778,-0.02898206,-0.006322858,4.862487,0.1329278,2.967198
-0.6703831,-0.009903038,0.003707987,4.86225,0.1359641,2.990148
-0.03889109,-1.037932,-0.005765093,4.735789,3.387845,2.990052
-0.01282464,-1.062158,-0.0009060531,4.710578,3.3625,2.989327
-0.06524067,-1.080504,-0.002691385,4.735803,3.362253,2.990076
-0.05652756,-1.034786,0.0176672,4.732923,3.362488,2.966994
-0.01352026,-1.037964,0.02276487,4.709899,3.387849,2.96397
-0.01804204,-1.081149,0.02013652,4.709876,3.36226,2.963962
-0.0385519,-0.9939092,0.01469441,4.732926,3.387515,2.966995
-0.01860851,-1.174788,-0.005428311,4.709903,3.31215,2.963983
-0.06170937,-1.161812,-0.0007003822,4.73579,3.312158,2.99006
-0.01562485,-1.111868,-0.000286551,4.710579,3.337503,2.989328
-0.04854641,-1.129529,-0.008171177,4.732919,3.312477,2.966996
-0.0590695,-1.129991,-0.003358118,4.735803,3.337747,2.990077
-0.053703,-1.08703,0.003498774,4.732921,3.337508,2.966995
-0.0148655,-1.132388,0.006682185,4.709876,3.337745,2.963965
-0.03154019,-0.998607,-0.003024396,4.735788,3.412159,2.990049
-0.01429269,-0.9584211,0.003062907,4.71058,3.437504,2.989324
-0.01421628,-0.9664476,0.001241417,4.735804,3.437746,2.990075
-0.02078348,-0.9030268,-0.003118192,4.732921,3.437518,2.966981
-0.01553367,-1.000702,0.01839317,4.709899,3.412166,2.963967
-0.0287947,-0.9397683,0.009704917,4.732928,3.412493,2.966994
-0.01309803,-0.9738888,0.0007314679,4.709876,3.437754,2.963949
-0.007079405,-0.9394932,0.0002112544,4.71058,3.462499,2.989322
-0.02323026,-0.9488948,-0.0001440836,4.735787,3.487844,2.990043
-0.02687017,-0.9494801,0.0007323492,4.735803,3.462257,2.990073
-0.01952314,-0.9013338,-0.006585044,4.732918,3.46249,2.966972
-0.008681041,-0.9560665,-0.00655701,4.709896,3.487847,2.963945
-0.009926961,-0.9583927,-0.001890259,4.709876,3.462258,2.963943
-0.01605247,-0.9074464,-0.01928595,4.732915,3.487516,2.966961
-0.04178937,-0.8722162,-0.004785342,4.73579,3.587841,2.990049
-0.00909243,-0.8698582,0.02038648,4.709901,3.587841,2.963927
-0.009332023,-0.8767349,-0.002344183,4.71058,3.562498,2.989317
-0.03715192,-0.8336199,0.01859011,4.732923,3.587512,2.966957
-0.05204584,-0.9022977,-0.003537473,4.735804,3.562252,2.990069
-0.04549687,-0.8665115,0.01381016,4.732923,3.562487,2.966961
-0.009225791,-0.9000665,0.01100496,4.709876,3.562253,2.963924
-0.02810264,-0.9365762,0.001219137,4.735788,3.512156,2.990044
-0.008969214,-0.9050661,-0.00081376,4.710579,3.537502,2.989318
-0.02927712,-0.9301004,-0.001299637,4.735804,3.537747,2.990069
-0.02580549,-0.8944631,-0.009304739,4.732921,3.537513,2.966961
-0.01211879,-0.9410319,-0.01309967,4.709897,3.512161,2.963942
-0.01933289,-0.9021283,-0.01784388,4.732914,3.51249,2.966957
-0.008801933,-0.9298375,-0.009140784,4.709875,3.537745,2.963928
-0.02088839,-0.4305353,0.00305853,4.709596,4.112201,2.964771
-0.01976036,-0.4251369,0.01361877,4.734902,4.112204,2.990348
-0.002812367,-0.3744157,-0.003500334,4.709756,4.13879,2.990123
-0.02924402,-0.4464712,0.01184098,4.732157,4.112365,2.967686
-0.00137288,-0.3991705,-0.003388434,4.734225,4.138143,2.990716
-0.002990628,-0.4276312,-0.009392835,4.731401,4.137394,2.968458
-0.006257035,-0.4034633,-0.01033918,4.709206,4.138182,2.965445
1.165957,0.3454294,-0.145285,4.661842,2.989286,0.01054199
-1.45807,-2.065959,-0.05362182,4.689686,2.987314,0.03736994
1.565491,0.1182145,0.3177552,4.663241,2.989072,0.035923
-1.126264,-0.9413471,0.5454068,4.663974,2.965407,0.03291117
-1.446113,-1.532152,-0.01320061,4.688743,2.962788,0.009981919
-1.865667,-1.781741,0.1981285,4.689638,2.96318,0.03356106
-0.9759431,-1.005758,-0.0402227,4.662229,2.96354,0.009681914
-2.882991,0.2307324,0.01275748,3.009952,2.986404,0.2624772
-2.364999,0.279922,0.03908802,3.036645,2.9884,0.2877259
-2.372242,0.2807976,0.01844467,3.036646,2.988398,0.2622261
-2.438571,0.3882232,0.02807949,3.034674,2.9638,0.2623847
-2.679882,0.5396731,0.02226274,3.008696,2.961264,0.2873519
-2.672897,0.5596096,0.02156791,3.008687,2.961245,0.2623592
-2.433844,0.3756106,0.02724727,3.034667,2.963811,0.2873986
-2.888331,0.2028355,0.01386315,3.009949,2.986409,0.337476
-2.383418,0.2501288,0.01076469,3.036644,2.988399,0.3122391
-2.388612,0.2506263,0.01332627,3.036638,2.988401,0.3377412
-2.45422,0.3484098,0.007060602,3.034657,2.963813,0.3374356
-2.692144,0.5149221,0.00855578,3.008681,2.961252,0.3124055
-2.693688,0.5147454,0.009106568,3.00868,2.961262,0.3374004
-2.446013,0.3490689,0.009133862,3.034667,2.963807,0.3124272
-2.886114,0.2123095,0.0002949779,3.009951,2.986407,0.4625015
-2.690008,0.5272973,0.000834979,3.008685,2.961266,0.4874405
-2.384339,0.2569421,0.01476551,3.036645,2.988401,0.4877413
-2.390465,0.2572746,0.006855983,3.036644,2.988401,0.4622487
-2.68037,0.5458301,-0.008515509,3.008678,2.961256,0.4624706
-2.449582,0.3698629,0.002079835,3.034662,2.963815,0.4624753
-2.446376,0.356589,0.005489329,3.034662,2.963819,0.4874658
-2.884346,0.2071638,-0.00164093,3.009951,2.986408,0.5374836
-2.689246,0.5212533,-0.001637297,3.008681,2.961261,0.5124785
-2.383608,0.2523573,-0.01327531,3.036645,2.988401,0.5122501
-2.68234,0.5321108,0.004856004,3.008681,2.961261,0.5374519
-2.389035,0.2529281,-0.008394517,3.036645,2.988401,0.5377423
-2.449057,0.3597396,-0.00589635,3.034662,2.963818,0.5374723
-2.445157,0.3513638,-0.006766486,3.034663,2.963817,0.5124814
-2.887525,0.2094936,-0.0008847273,3.009951,2.986408,0.6625058
-2.691983,0.5210424,-0.002270357,3.008683,2.961269,0.6874623
-2.388709,0.2543617,0.01277944,3.036644,2.988402,0.6877439
-2.394622,0.2548438,0.006021552,3.036645,2.988402,0.6622512
-2.682561,0.5382377,-0.0101423,3.008678,2.961261,0.6624944
-2.452602,0.3652424,0.001147575,3.034662,2.963819,0.6624922
-2.449091,0.3527643,0.003902835,3.034661,2.963822,0.6874809
-2.88627,0.207363,-0.004961237,3.009946,2.986409,0.737492
-2.691104,0.5197817,-0.005464509,3.008678,2.961269,0.7125
-2.387329,0.2519566,-0.01735708,3.036639,2.988403,0.7122582
-2.683632,0.5336564,0.002004676,3.008668,2.961266,0.7374705
-2.392719,0.2527611,-0.01165029,3.036638,2.988399,0.7377485
-2.452014,0.360757,-0.008536746,3.034652,2.963818,0.7374848
-2.447866,0.3505633,-0.01053966,3.034657,2.963822,0.7124973
-2.73099,1.544399,0.0007084342,2.986395,3.009914,0.6625057
-2.429817,1.632776,-0.002748608,2.98839,3.03658,0.6877414
-2.443622,1.624638,-0.001168582,2.98839,3.036575,0.662251
-2.730024,1.54471,-0.0075603,2.9864,3.009936,0.7374794
-2.429832,1.632756,-0.003711065,2.988388,3.036594,0.7122402
-2.442319,1.625822,-0.00527011,2.988391,3.036605,0.737736
-2.887203,0.2094385,-0.0009218948,3.009916,2.986407,0.8625133
-2.691901,0.5214314,-0.002017395,3.008628,2.96127,0.8874685
-2.388503,0.2538931,0.01248767,3.036594,2.988399,0.8877354
-2.394473,0.2544132,0.006186971,3.036596,2.988399,0.8622644
-2.682308,0.5384918,-0.01017905,3.008627,2.961264,0.8625086
-2.4523,0.3651244,0.001345183,3.034615,2.963816,0.8625044
-2.448652,0.3526804,0.004078925,3.03461,2.963818,0.8874834
-2.88601,0.2082793,-0.004605618,3.00993,2.986412,0.9374962
-2.69135,0.5208388,-0.004213563,3.008639,2.961272,0.9125016
-2.38794,0.2526675,-0.01787194,3.036601,2.988403,0.9122446
-2.683033,0.5359943,0.003610104,3.008634,2.961266,0.9374797
-2.393828,0.2533181,-0.01201763,3.036599,2.988402,0.9377539
-2.452319,0.362829,-0.00784333,3.03461,2.963819,0.9374914
-2.44815,0.3516413,-0.01024513,3.034614,2.963821,0.9124967
-2.729984,1.545838,0.001210302,2.986397,3.009956,0.8625039
-2.428534,1.633725,-0.002344299,2.98839,3.036642,0.8877513
-2.442701,1.625442,-0.0006721204,2.98839,3.036639,0.8622445
-2.729358,1.545793,-0.00655965,2.986393,3.009949,0.9374823
-2.428769,1.633387,-0.002748554,2.988386,3.036641,0.9122583
-2.440774,1.626333,-0.004362447,2.988385,3.036641,0.9377396
-2.886387,0.2086985,0.0003792095,3.009932,2.986407,1.062495
-2.691467,0.5200289,-0.0009942206,3.008656,2.961253,1.087471
-2.388326,0.2532304,0.01392016,3.036628,2.988401,1.087736
-2.394591,0.2538137,0.007828192,3.036611,2.988399,1.062234
-2.682142,0.5371712,-0.008756001,3.008636,2.96125,1.062497
-2.452455,0.3641787,0.002867421,3.034621,2.96381,1.062489
-2.448529,0.3516875,0.005515678,3.034636,2.963813,1.087482
-2.886108,0.2076355,-0.004366646,3.009947,2.986404,1.137489
-2.691039,0.5201801,-0.003910603,3.008661,2.961248,1.112508
-2.387662,0.2524069,-0.01756224,3.036638,2.9884,1.112253
-2.682566,0.5357872,0.004027576,3.008661,2.961242,1.137479
-2.393653,0.2530617,-0.01171896,3.036639,2.988399,1.137746
-2.452474,0.3626238,-0.007563442,3.034646,2.963809,1.137491
-2.448239,0.3511144,-0.0100205,3.034644,2.963811,1.1125
-2.728836,1.544821,0.002243102,2.986395,3.009934,1.062521
-2.425814,1.632705,-0.001304188,2.988387,3.036594,1.08776
-2.439502,1.624924,0.0003266238,2.988388,3.036615,1.062272
-2.728496,1.544959,-0.006237044,2.986394,3.009909,1.137488
-2.426036,1.632737,-0.002430743,2.988389,3.036578,1.112256
-2.438757,1.6253,-0.004100841,2.98839,3.036576,1.137743
-2.886333,0.2082702,0.001302211,3.009946,2.986404,1.262509
-2.691292,0.5202742,-0.0001934872,3.008654,2.961248,1.287485
-2.388284,0.2530168,0.01442748,3.036628,2.9884,1.287754
-2.394173,0.2536484,0.008640804,3.036638,2.988399,1.262253
-2.681841,0.5372703,-0.008236303,3.008658,2.961241,1.262511
-2.452372,0.3640929,0.003598474,3.034643,2.963808,1.262504
-2.44847,0.351601,0.006279449,3.034635,2.96381,1.287498
-2.886385,0.2083944,-0.003731003,3.009912,2.986402,1.337497
-2.691458,0.520586,-0.002960269,3.008633,2.961248,1.312523
-2.387949,0.2527825,-0.01702219,3.03661,2.988399,1.312273
-2.682628,0.5370931,0.005306871,3.008614,2.961242,1.337489
-2.394035,0.2534423,-0.01136713,3.03659,2.988396,1.337761
-2.452537,0.3636697,-0.006643266,3.034603,2.963803,1.337502
-2.448361,0.3516208,-0.009209415,3.034619,2.963808,1.312516
-2.728447,1.544774,0.002780646,2.986397,3.009908,1.262508
-2.424844,1.632729,-0.0007322664,2.988391,3.036594,1.287731
-2.438475,1.624919,0.0008875387,2.988392,3.03658,1.262252
-2.728094,1.545433,-0.005405085,2.986401,3.009946,1.337485
-2.425029,1.633073,-0.001683543,2.988394,3.036614,1.312234
-2.437841,1.625611,-0.003262948,2.988395,3.03663,1.337736
-2.886057,0.2081616,0.002193359,3.009942,2.986406,1.462505
-2.691317,0.5200499,0.0007975897,3.008662,2.961242,1.487482
-2.388141,0.252791,0.01546627,3.036638,2.988399,1.487745
-2.394507,0.2533809,0.00967829,3.036628,2.9884,1.462245
-2.681946,0.5369909,-0.007294302,3.008651,2.961242,1.462508
-2.452481,0.3637748,0.004590397,3.034635,2.963808,1.462498
-2.448546,0.351307,0.007281944,3.034645,2.963808,1.487491
-2.886118,0.2077608,-0.003168721,3.009946,2.986402,1.53749
-2.691129,0.5200862,-0.002075427,3.008664,2.961241,1.512516
-2.387881,0.2525266,-0.01639959,3.03664,2.988399,1.512254
-2.682108,0.5365336,0.005984671,3.008663,2.961236,1.537486
-2.393996,0.2531579,-0.01068746,3.036641,2.988398,1.537746
-2.452422,0.3633179,-0.00593029,3.03465,2.963805,1.537494
-2.448358,0.351176,-0.008510874,3.034649,2.963807,1.512506
-2.728325,1.544613,0.003631065,2.986397,3.009913,1.462517
-2.424847,1.632476,6.408298e-05,2.988394,3.036573,1.48775
-2.437733,1.624968,0.001615739,2.988392,3.03659,1.462269
-2.728256,1.544514,-0.004713955,2.986399,3.009904,1.53749
-2.424904,1.63234,-0.001088273,2.988395,3.036569,1.512255
-2.437908,1.62476,-0.00263406,2.988395,3.036567,1.537746
-2.88669,0.2082492,0.003081784,3.009929,2.986405,1.662523
-2.692234,0.5205872,0.001532363,3.008622,2.961245,1.687491
-2.388858,0.2527854,0.01599558,3.036596,2.988396,1.687757
-2.394947,0.2534083,0.01045537,3.036613,2.988398,1.662273
-2.682722,0.5371706,-0.00681615,3.008634,2.961243,1.662526
-2.452974,0.3639409,0.005309492,3.034622,2.963805,1.662518
-2.449136,0.3515435,0.007949579,3.034611,2.963804,1.687502
-2.886783,0.2082426,-0.002677701,3.009928,2.986406,1.737479
-2.692365,0.5203682,-0.001004729,3.008621,2.961246,1.712517
-2.389108,0.2527657,-0.01553753,3.036595,2.988396,1.712243
-2.682903,0.537089,0.007304476,3.00863,2.961245,1.737482
-2.395192,0.2533729,-0.0100085,3.036608,2.988399,1.737729
-2.453236,0.363861,-0.004854467,3.034616,2.963807,1.737489
-2.449322,0.351419,-0.007499984,3.034609,2.963805,1.712504
-2.728586,1.545029,0.00432488,2.986401,3.009934,1.662498
-2.425507,1.632694,0.0008584516,2.988397,3.036628,1.687739
-2.438283,1.625215,0.00242028,2.988395,3.036611,1.662236
-2.728725,1.544962,-0.003544492,2.9864,3.009937,1.737502
-2.425509,1.632648,-8.461945e-05,2.988396,3.03663,1.712263
-2.438441,1.625134,-0.001700918,2.988394,3.036619,1.737763
-2.887402,0.2082521,0.003826967,3.009905,2.986403,1.86251
-2.69312,0.5202097,0.003006191,3.008618,2.961246,1.887485
-2.389681,0.2525502,0.01706842,3.036591,2.988396,1.887732
-2.396096,0.2531742,0.0113663,3.036575,2.988398,1.862252
-2.684033,0.5367165,-0.005383637,3.008608,2.961244,1.86252
-2.454176,0.3633466,0.006574884,3.034592,2.963804,1.862508
-2.450056,0.3511903,0.009167938,3.034605,2.963804,1.88749
-2.887624,0.2080848,-0.001531724,3.009944,2.986406,1.937488
-2.693106,0.5196126,0.0001088881,3.008642,2.961248,1.912515
-2.390341,0.2528168,-0.01485045,3.036612,2.988399,1.912236
-2.683607,0.5364234,0.00807866,3.008656,2.961242,1.937489
-2.396298,0.2533836,-0.008938035,3.036629,2.9884,1.937738
-2.454167,0.3636016,-0.003917583,3.034638,2.963807,1.937493
-2.450343,0.3511708,-0.006610297,3.034623,2.963807,1.912501
-2.729244,1.544774,0.005677732,2.9864,3.009948,1.862512
-2.426109,1.632582,0.001933064,2.988396,3.036628,1.887756
-2.439021,1.625059,0.003561273,2.988395,3.036638,1.862255
-2.729553,1.543593,-0.002741487,2.986398,3.009913,1.937499
-2.426287,1.631717,0.0007676833,2.988395,3.03661,1.912274
-2.439338,1.623964,-0.0008837677,2.988393,3.036589,1.937762
-2.887352,0.2076051,0.004452303,3.009948,2.986402,2.062513
-2.692496,0.5203724,0.003466667,3.008667,2.961239,2.087498
-2.38939,0.2524928,0.0172823,3.036643,2.988398,2.087748
-2.395414,0.2531188,0.01184626,3.036642,2.988398,2.062256
-2.683747,0.5359554,-0.004589181,3.008665,2.961236,2.062527
-2.453895,0.3626885,0.007187277,3.034652,2.963805,2.062514
-2.449854,0.351104,0.009531254,3.034653,2.963806,2.087503
-2.888029,0.2088376,0.0002788185,3.009945,2.986405,2.137496
-2.692924,0.5206644,0.001358164,3.008668,2.961242,2.112531
-2.390487,0.2534554,-0.01306746,3.036642,2.988399,2.112257
-2.683443,0.5379227,0.009625359,3.008658,2.961239,2.137503
-2.396689,0.2540675,-0.006990372,3.036636,2.988399,2.137755
-2.454272,0.3645089,-0.001999626,3.034646,2.963805,2.137507
-2.45055,0.3519047,-0.004828607,3.034651,2.963807,2.112517
-2.730001,1.543837,0.00632895,2.986399,3.009903,2.062512
-2.42836,1.631718,0.002667161,2.988395,3.036567,2.087747
-2.440711,1.624523,0.004255667,2.988395,3.036565,2.062255
-2.730524,1.543916,-0.001290445,2.986399,3.009912,2.137487
-2.428042,1.631905,0.0022231,2.988395,3.03657,2.112253
-2.44178,1.623791,0.0007149399,2.988393,3.036586,2.137735
-2.887941,0.207459,0.005380489,3.009928,2.986405,2.262527
-2.693713,0.520076,0.00534094,3.008616,2.961245,2.287514
-2.389923,0.2519933,0.01734653,3.036589,2.988396,2.287764
-2.395483,0.2526918,0.01197235,3.036609,2.988398,2.262276
-2.685787,0.5336544,-0.002392594,3.008632,2.961244,2.262545
-2.45449,0.3606772,0.008533402,3.034618,2.963806,2.262531
-2.450661,0.3505173,0.01045646,3.034602,2.963804,2.287519
-2.88985,0.2102123,0.0009137136,3.009903,2.986403,2.337495
-2.695072,0.5216528,0.002136673,3.00861,2.96125,2.312545
-2.391835,0.254448,-0.01261337,3.036573,2.988398,2.312261
-2.685731,0.5389665,0.01022219,3.008603,2.961243,2.337511
-2.397635,0.2549367,-0.005852703,3.03657,2.988398,2.337749
-2.455571,0.3656105,-0.001005447,3.034587,2.963804,2.337512
-2.452122,0.3530935,-0.003772809,3.034591,2.963806,2.312527
-2.730351,1.543993,0.007499479,2.986401,3.009935,2.262501
-2.429512,1.631959,0.003922495,2.988396,3.036631,2.28774
-2.441093,1.625281,0.005450581,2.988395,3.036615,2.262238
-2.731839,1.544035,-0.0004774706,2.986399,3.009948,2.337495
-2.429402,1.632161,0.00291253,2.988395,3.03664,2.312256
-2.443186,1.624084,0.001340231,2.988395,3.03664,2.337749
-2.887576,0.2069062,0.0006758583,3.009937,2.986404,2.462524
-2.693038,0.5219467,0.001089341,3.008646,2.961239,2.487528
-2.386875,0.2519852,0.01180801,3.036631,2.988396,2.487747
-2.39201,0.2524799,0.007176315,3.036629,2.988396,2.462264
-2.686296,0.5315629,-0.005754672,3.008645,2.961241,2.462557
-2.452387,0.359038,0.004795952,3.034635,2.963803,2.462533
-2.448925,0.3514353,0.005597635,3.03464,2.963801,2.487523
-2.887628,0.2125746,-0.0009463683,3.009947,2.986402,2.537501
-2.692027,0.5275456,-0.001289181,3.008665,2.961244,2.512565
-2.3871,0.2569814,-0.01548818,3.036635,2.988399,2.512254
-2.682259,0.5454552,0.007723097,3.008663,2.961231,2.537541
-2.39267,0.2574794,-0.007247077,3.036641,2.988397,2.537753
-2.451484,0.3696822,-0.002857668,3.034651,2.963801,2.537532
-2.448813,0.356786,-0.006123858,3.034646,2.963806,2.512538
-2.730976,1.543559,0.002842324,2.986403,3.009933,2.462511
-2.437045,1.629779,7.782307e-05,2.988396,3.036601,2.48776
-2.441739,1.627059,0.00152409,2.988396,3.036606,2.462252
-2.732692,1.550029,-0.003160815,2.986398,3.009904,2.537502
-2.435251,1.636161,0.0006258433,2.988393,3.036586,2.512272
-2.449253,1.627612,-0.0007502307,2.988395,3.03657,2.537755
-2.883893,0.2023535,-0.009783422,3.009949,2.986401,2.662534
-2.690359,0.5175965,-0.005212304,3.008671,2.961227,2.687628
-2.381378,0.2496154,-0.007179817,3.03665,2.988399,2.687779
-2.385576,0.249586,-0.01108116,3.036642,2.988397,2.662273
-2.6915,0.51796,-0.008577583,3.008675,2.961235,2.662627
-2.450992,0.3486314,-0.006628884,3.034655,2.9638,2.662591
-2.44527,0.3483537,-0.008176376,3.03466,2.963794,2.687603
-2.880357,0.2226927,-0.005203451,3.009962,2.986406,2.737547
-2.679374,0.5340967,-0.01404164,3.008686,2.961244,2.712684
-2.370121,0.2702854,-0.03342199,3.036662,2.988403,2.712308
-2.673828,0.550636,-0.01046251,3.008674,2.961225,2.737685
-2.375682,0.269789,-0.01373097,3.036778,2.98844,2.737914
-2.442072,0.3757596,-0.02062563,3.034662,2.963791,2.73766
-2.436649,0.3663467,-0.02128083,3.034657,2.963802,2.712638
-2.725598,1.540627,-0.005818066,2.9864,3.009902,2.662531
-2.429183,1.626236,-0.009068497,2.988395,3.036563,2.687769
-2.428609,1.626894,-0.008691621,2.988395,3.036562,2.66227
-2.722187,1.562713,-0.01440752,2.986399,3.009904,2.737534
-2.414907,1.648261,-0.01070667,2.988396,3.036564,2.712285
-2.442659,1.630214,-0.01174401,2.988395,3.036566,2.737792
-2.895821,0.2183821,-0.03346602,3.009982,2.986414,2.862737
-2.745446,0.5193188,-0.08897734,3.008905,2.961348,2.888508
-2.374075,0.2607499,-0.01540484,3.03684,2.988403,2.88813
-2.373175,0.2576812,-0.03506919,3.036774,2.988409,2.862533
-2.737368,0.537709,-0.04934524,3.008805,2.961314,2.863231
-2.463345,0.3779454,-0.04124504,3.034727,2.9638,2.863229
-2.467649,0.3619251,-0.06350181,3.034877,2.9638,2.888595
-2.929133,0.1712417,-0.07823667,3.010351,2.98664,2.938291
-2.786023,0.5017329,-0.1031924,3.009227,2.961596,2.91398
-2.476705,0.2124698,-0.03444307,3.036893,2.988421,2.912808
-2.772611,0.4868656,-0.06219924,3.00981,2.962047,2.93967
-2.488842,0.2085186,-0.02898244,3.036494,2.98834,2.938465
-2.527053,0.323193,-0.05710699,3.035669,2.96425,2.939979
-2.529254,0.3304412,-0.07497123,3.035099,2.96395,2.914117
-2.386572,0.07903761,0.006520056,3.062339,2.989159,2.989375
-2.230518,0.06894194,-0.01422396,3.08779,2.989953,2.964663
-2.409292,0.08928184,-0.0003791809,3.062406,2.989447,2.964888
-2.356368,0.2668283,0.002751498,3.061861,2.966314,2.9667
-2.167519,0.1569332,0.004291427,3.087741,2.964195,2.99014
-2.251945,0.2433539,0.01170351,3.062049,2.963716,2.990042
-2.225602,0.2030307,-0.01669391,3.087118,2.966943,2.967129
-1.998722,0.068759,0.003706074,3.138786,2.990133,2.990164
-2.11905,0.06565688,-0.007979942,3.1123,2.990223,2.965141
-2.001608,0.05531004,-0.01222216,3.138306,2.990658,2.965789
-2.044012,0.1147351,-0.01316785,3.137294,2.968378,2.968463
-2.063599,0.1271575,0.00234931,3.112151,2.964761,2.990353
-2.008559,0.0587784,-2.190592e-05,3.138141,2.965458,2.990744
-2.125171,0.1550844,-0.00148834,3.112171,2.967524,2.967629
-2.744091,1.544096,-0.06268018,2.986419,3.009979,2.86275
-2.488717,1.617424,-0.02529705,2.988418,3.036745,2.888432
-2.437839,1.639645,-0.05028228,2.988404,3.036656,2.862653
-2.835112,1.532418,-0.04189329,2.986665,3.010332,2.938397
-2.627605,1.634196,-0.01472265,2.988435,3.036768,2.913279
-2.795067,1.600471,0.05614208,2.988366,3.03637,2.938931
-2.20244,1.990756,0.001884227,2.989465,3.062486,2.989657
-2.807797,2.184292,0.09265386,2.990468,3.088045,2.965902
-2.828071,2.01593,0.079749,2.989663,3.062288,2.965676
-0.6947003,-0.01832185,-0.01475533,4.975011,0.1659006,0.06595907
-0.6703933,0.02266787,0.04023509,4.924987,0.1659141,0.0659624
-0.7267306,0.01954317,0.003453748,4.92445,0.1710809,0.02000636
-0.6986318,-0.005717596,-0.003952551,4.92498,0.1212887,0.02111241
-0.7224606,0.006110733,0.04874981,4.924457,0.1200907,0.0705168
-0.762091,-0.004430515,-0.008638431,4.975538,0.1200815,0.07051863
-0.7158557,-0.004428124,-0.003372549,4.97502,0.1212868,0.02111486
-0.7189318,-0.005684453,0.007303274,4.962639,0.1103235,2.989792
-0.7190996,-0.002087092,0.001452613,4.988267,0.1092799,2.965821
-0.7239848,-0.004972395,0.007575933,4.988819,0.1098644,2.990251
-0.7279374,-0.003407253,0.005093073,4.962372,0.1322483,2.967906
-0.7198706,0.001251131,0.0005547672,4.988305,0.1344977,2.990786
-0.73008,-0.0154765,0.01720196,4.98739,0.1314729,2.968656
-0.7077958,0.03504166,-0.005099024,4.962319,0.1351798,2.99044
-0.6697196,-0.01476665,-0.03169213,4.912135,0.1098942,2.964439
-0.6727292,-0.01545564,0.007943999,4.912457,0.1328141,2.967309
-0.6648782,0.02892136,0.0110176,4.912134,0.1358368,2.990165
-0.6848973,-0.007830041,-0.0448451,4.93772,0.1097894,2.964649
-0.6842238,-0.008227732,0.009475875,4.937456,0.1105343,2.989574
-0.7117391,0.001253136,-0.002852041,4.937433,0.1326457,2.967492
-0.6787233,0.04400681,0.002891744,4.937727,0.1356317,2.990258
-0.6629098,-0.03110291,-0.005329001,5.049997,0.246129,0.04525665
-0.6423344,-0.0480005,-0.001506658,5.100006,0.4960764,0.09342343
-0.6536056,-0.06662444,9.586649e-06,5.100006,0.6961789,0.0899758
-0.6654609,-0.09632337,0.0003231697,5.100006,0.89722,0.08847209
-0.6795355,-0.1233614,-2.811229e-05,5.100008,1.09829,0.08794855
-0.6973838,-0.1574635,6.649233e-05,5.100009,1.298956,0.08774257
-0.7182205,-0.194583,-0.0002108291,5.100012,1.499349,0.08765304
-0.7420283,-0.2402394,-0.0002140177,5.100015,1.699595,0.08762232
-0.7687323,-0.2933539,-0.00095842,5.100018,1.899758,0.08763506
-0.7945913,-0.3619583,-0.001251038,5.10002,2.099875,0.08770299
-0.813763,-0.4428072,-0.002343944,5.100077,2.299907,0.08790526
-0.8286538,-0.5541545,-0.006488778,5.100661,2.499384,0.08856796
-0.8229616,-0.6846474,-0.007278568,5.102579,2.697385,0.09069589
-0.7750779,-0.8422621,0.001415429,5.101521,2.897362,0.09124579
-0.5557419,-0.9159948,-0.03490197,5.101972,3.099464,0.09307997
-0.3852433,-0.8452028,-0.01358623,5.101766,3.299869,0.09331351
-0.3030159,-0.7733333,-0.01017455,5.101851,3.499998,0.09330518
-0.2662507,-0.680379,-0.006132428,5.102107,3.700064,0.09334109
-0.2658884,-0.5876912,-0.006376987,5.102252,3.900148,0.09354056
-0.2969342,-0.4772946,-0.004574658,5.102037,4.100082,0.09438884
-0.6595955,-0.003762081,-0.09326425,5.05007,0.1380461,0.243136
-0.6398148,-0.01066036,0.003429385,5.100011,0.2492817,0.3097166
-0.6484758,-0.04551913,0.0007229732,5.100011,0.4641442,0.2905709
-0.6536,-0.06531235,-0.00162655,5.100015,0.6781349,0.2832148
-0.6654247,-0.09525493,0.000619818,5.100016,0.8869469,0.2795425
-0.6796287,-0.1229462,-0.0003724148,5.100019,1.092001,0.277899
-0.6974393,-0.1573246,0.000180475,5.100027,1.294987,0.2771352
-0.7180991,-0.1947257,-0.0001525785,5.100039,1.496815,0.276785
-0.7418449,-0.2411879,-2.627956e-05,5.100058,1.69798,0.2766677
-0.7672441,-0.2944773,-0.0004631699,5.100087,1.898748,0.2767292
-0.7920544,-0.3639729,-0.000305005,5.100135,2.099254,0.2770015
-0.8084652,-0.4442921,-0.00134182,5.100222,2.299542,0.2776306
-0.8139209,-0.5545589,-0.0007765604,5.100392,2.49956,0.2789683
-0.8098821,-0.6794939,-0.001321302,5.100686,2.699177,0.2815152
-0.7875674,-0.8654443,0.01008176,5.100607,2.898733,0.2849481
-0.5031917,-0.9091871,0.004684691,5.099372,3.098871,0.286959
-0.351641,-0.8457425,0.009578181,5.098674,3.299539,0.2871609
-0.2885439,-0.7826803,0.01131854,5.099762,3.499868,0.2870481
-0.2501802,-0.6829465,0.004118652,5.101862,3.700083,0.2869757
-0.2557526,-0.5935675,0.00607223,5.102862,3.900378,0.2873968
-0.2953745,-0.4757936,0.001917378,5.10203,4.101206,0.289004
-0.632821,-0.01244401,-0.005086534,5.100015,0.2106598,0.5123917
-0.6451135,-0.03467686,0.002338832,5.100029,0.4279916,0.4943914
-0.6527444,-0.06356641,-0.001311283,5.100029,0.6518664,0.4889105
-0.6642831,-0.09134636,0.0003216064,5.100027,0.8696767,0.4847246
-0.6788428,-0.1215178,-0.0003909448,5.100032,1.080921,0.4822081
-0.6967446,-0.1556258,-1.969263e-07,5.100048,1.287797,0.4808898
-0.7177359,-0.1937204,-0.0003956954,5.100079,1.492131,0.4802494
-0.7414852,-0.2399718,-0.0002767212,5.100128,1.694951,0.480041
-0.7681966,-0.2931701,-0.000960769,5.100206,1.896829,0.4801853
-0.7933307,-0.3637695,-0.001024909,5.100335,2.098062,0.4807253
-0.8108635,-0.4428534,-0.001821543,5.100554,2.298768,0.4818325
-0.8262564,-0.5584612,-0.001541826,5.100919,2.498909,0.483819
-0.8229451,-0.6914213,-0.002232265,5.101492,2.698272,0.48682
-0.7855425,-0.8574684,0.004983396,5.101654,2.897568,0.4902848
-0.5409309,-0.9195082,-0.005735739,5.099863,3.098123,0.4920401
-0.353406,-0.8523891,0.00189314,5.099288,3.299239,0.4922536
-0.277698,-0.7853897,0.003338271,5.102341,3.499752,0.4922323
-0.246018,-0.6847919,-0.002987906,5.10777,3.700017,0.4921833
-0.258903,-0.591227,-0.002358524,5.110352,3.900576,0.492623
-0.3015199,-0.4727077,-0.003903801,5.107503,4.101826,0.4942194
-0.6401737,-0.0127884,0.001564608,5.100022,0.1972813,0.7006324
-0.6444947,-0.03508082,0.0001796759,5.100044,0.4046831,0.6961645
-0.6515699,-0.06063102,-5.6529e-05,5.100046,0.6288,0.692536
-0.6630328,-0.08979177,1.796274e-06,5.100039,0.851115,0.689336
-0.6777138,-0.1198024,-0.0002626851,5.100044,1.067807,0.6868158
-0.6958001,-0.1545748,-8.473649e-05,5.100072,1.278919,0.685209
-0.716804,-0.1929159,-0.0005052473,5.100125,1.48619,0.6843848
-0.7410601,-0.2401837,-0.0006222213,5.100213,1.69105,0.6841224
-0.7661704,-0.2940054,-0.001687552,5.10035,1.894343,0.6843437
-0.7895994,-0.3643362,-0.002480946,5.100569,2.096535,0.6850928
-0.8055758,-0.4427946,-0.003329426,5.10092,2.297834,0.6865242
-0.8238144,-0.5568437,-0.006826213,5.10146,2.498215,0.6887357
-0.8078116,-0.6807577,0.003103801,5.102033,2.697769,0.6914818
-0.8013841,-0.8635163,0.02643571,5.101842,2.897242,0.6939723
-0.5004372,-0.9013997,-0.00747145,5.100269,3.097778,0.695346
-0.3510472,-0.8388474,0.001151593,5.100709,3.299088,0.6956431
-0.2800027,-0.785897,0.003403223,5.105772,3.499761,0.6957142
-0.2526368,-0.6833963,0.005551518,5.113946,3.699976,0.6957938
-0.2645513,-0.5931369,0.0004470865,5.117653,3.900697,0.6961928
-0.3096373,-0.4742167,-0.001241473,5.112541,4.10221,0.6972286
-0.640534,-0.009991957,-0.001601312,5.100028,0.1919317,0.8983281
-0.6443004,-0.03236704,0.0002900112,5.100057,0.3933507,0.8971571
-0.6512008,-0.05878373,-0.0006433036,5.100063,0.6142991,0.8952187
-0.6621623,-0.08704106,5.252848e-05,5.100054,0.8363658,0.892881
-0.6767906,-0.1180087,-0.0003699497,5.100058,1.055556,0.8909439
-0.694939,-0.1528568,-0.000104568,5.100096,1.270023,0.8894547
-0.7161188,-0.1918242,-0.000200425,5.100174,1.480079,0.888587
-0.740596,-0.2393278,-0.0001494681,5.100302,1.686996,0.8883195
-0.7658821,-0.29466,-0.0001552082,5.100499,1.891774,0.8885938
-0.7879752,-0.364578,-0.0002439324,5.100807,2.094997,0.8894412
-0.8037819,-0.4481052,6.05617e-05,5.101268,2.296911,0.890862
-0.806952,-0.557171,6.629918e-05,5.101839,2.4977,0.8926936
-0.7998931,-0.691336,-0.0001664916,5.102325,2.697544,0.8946125
-0.8088494,-0.8603709,-0.003895366,5.102072,2.89712,0.8962192
-0.4913363,-0.8941333,0.005057654,5.100994,3.097624,0.89726
-0.3484443,-0.8311473,0.006539485,5.103126,3.298901,0.8974531
-0.2751968,-0.7793982,-0.005760354,5.11002,3.499777,0.8974949
-0.2446964,-0.6902856,0.005099856,5.119047,3.700012,0.8976721
-0.2651806,-0.5991063,-0.001992349,5.12234,3.900769,0.8980187
-0.3097996,-0.4791556,-0.001988965,5.115472,4.102414,0.8986275
-0.6403165,-0.01055221,0.00031397,5.100033,0.1902401,1.098851
-0.6440939,-0.03257307,7.053103e-05,5.100068,0.3884452,1.098228
-0.6508266,-0.05815011,-1.286671e-05,5.100076,0.6066061,1.097133
-0.6615664,-0.08614633,1.967045e-05,5.100069,0.8270575,1.095762
-0.676014,-0.1167018,-0.0001564332,5.100074,1.046351,1.094368
-0.6941203,-0.1516956,-0.0001505823,5.100119,1.262493,1.093315
-0.715374,-0.1906729,-0.000104875,5.100219,1.474732,1.092596
-0.7399343,-0.2382997,0.0001147966,5.100385,1.683479,1.092367
-0.7651966,-0.2928011,0.0003887705,5.100643,1.889613,1.092656
-0.7890328,-0.3632847,0.001739997,5.101027,2.093723,1.093388
-0.8053202,-0.4418711,0.0024804,5.101532,2.2962,1.094438
-0.8250943,-0.556324,0.007484298,5.102117,2.497288,1.095632
-0.8069852,-0.6807087,0.002620735,5.102629,2.697285,1.096819
-0.8137704,-0.8574462,-0.007245347,5.102486,2.89694,1.097816
-0.5135222,-0.9220593,0.01639439,5.101844,3.097479,1.098479
-0.3352692,-0.8412519,0.009410663,5.105928,3.298625,1.098605
-0.2883934,-0.7724494,-0.002498956,5.114973,3.499634,1.098525
-0.2685824,-0.6808028,0.00329243,5.123915,3.700114,1.098637
-0.2634909,-0.6018874,-0.0009815654,5.125544,3.900813,1.098947
-0.3168155,-0.4786839,-0.001503,5.117094,4.102489,1.099286
-0.6404615,-0.009968319,-0.0003708756,5.100036,0.1896973,1.299519
-0.6441152,-0.03197586,-9.026096e-05,5.100074,0.3864242,1.299183
-0.6507547,-0.05756698,-0.000243528,5.100085,0.6029338,1.298661
-0.6613037,-0.0852595,-5.485801e-05,5.100079,0.8222488,1.298018
-0.6756038,-0.1158164,-0.0001049481,5.100087,1.041025,1.297352
-0.6935735,-0.1506811,-0.0001042249,5.100137,1.257533,1.296741
-0.7148205,-0.1898549,0.0001221293,5.100251,1.470958,1.296365
-0.7392457,-0.2375124,0.0003107433,5.100454,1.681093,1.296239
-0.7648252,-0.29131,0.001539294,5.100761,1.888215,1.296421
-0.7915464,-0.3624376,0.002531643,5.101177,2.092925,1.296838
-0.8079472,-0.4404937,0.005446396,5.101709,2.295718,1.297359
-0.8200113,-0.5530964,0.005750187,5.102342,2.496952,1.29793
-0.8126253,-0.6706858,0.004474437,5.102948,2.696969,1.298476
-0.8113976,-0.8534749,-0.01677862,5.102964,2.896682,1.298972
-0.5217409,-0.9285555,0.0239742,5.102579,3.097348,1.299322
-0.3303173,-0.852873,0.009714562,5.107913,3.298459,1.299394
-0.2848707,-0.7855844,0.009803607,5.118646,3.499443,1.299386
-0.266318,-0.6856323,0.003015869,5.127523,3.700172,1.29943
-0.2637081,-0.5996759,0.001294384,5.127608,3.900817,1.299544
-0.3092263,-0.4817308,-0.00102493,5.117933,4.102484,1.299685
-0.6403274,-0.01017823,-8.861584e-05,5.100037,0.1895599,1.5
-0.6440056,-0.03215503,-7.93947e-05,5.100077,0.3858662,1.499999
-0.6506302,-0.05761364,-9.858117e-05,5.100088,0.6018498,1.499997
-0.6611534,-0.0852426,-9.947955e-05,5.100083,0.8207691,1.499996
-0.675432,-0.1156211,-8.28515e-05,5.100092,1.039344,1.499995
-0.6933408,-0.1501855,-0.0001264983,5.100145,1.255822,1.499994
-0.714683,-0.1893941,4.189734e-05,5.100264,1.469581,1.499992
-0.7389948,-0.2362374,-6.239228e-05,5.10049,1.680226,1.499989
-0.765524,-0.2899282,0.0007031233,5.100816,1.887745,1.499983
-0.7927437,-0.3586226,0.0006090318,5.101247,2.09263,1.499974
-0.8155511,-0.4373209,0.002609345,5.101809,2.295506,1.499963
-0.8324505,-0.5485153,0.002586657,5.102496,2.49675,1.499948
-0.8303012,-0.6750347,0.0026752,5.10324,2.696663,1.499925
-0.7639201,-0.8404048,-0.008900936,5.103474,2.896402,1.499976
-0.5517256,-0.925875,0.02839038,5.103134,3.097297,1.500004
-0.3401038,-0.8708827,0.005986341,5.108903,3.298425,1.500014
-0.2880817,-0.7802645,0.00370263,5.120286,3.499386,1.500012
-0.2720102,-0.6890611,0.001181185,5.129154,3.700162,1.50001
-0.2653269,-0.6047123,0.0009616648,5.128574,3.900806,1.500004
-0.3200231,-0.4847202,-0.001749621,5.118265,4.102501,1.499997
-0.6404393,-0.009958276,0.0002055838,5.100036,0.1896973,1.70048
-0.6440923,-0.03198452,-9.077354e-05,5.100074,0.3864239,1.700814
-0.6507215,-0.05758568,7.739695e-05,5.100085,0.6029326,1.701334
-0.6612502,-0.08524285,-0.0001555512,5.10008,0.8222469,1.701975
-0.675529,-0.1158429,-5.416743e-05,5.100089,1.041024,1.702639
-0.6934329,-0.1505494,-0.000130205,5.100141,1.257531,1.703248
-0.7146667,-0.1898283,-2.465601e-05,5.100258,1.470952,1.70362
-0.7387761,-0.2367985,-0.0003126724,5.100469,1.681078,1.703739
-0.7647182,-0.2907823,-8.912365e-05,5.10079,1.888185,1.703546
-0.7910568,-0.3600534,-0.000726985,5.101233,2.092865,1.703111
-0.8110782,-0.4394844,-0.0004176732,5.101815,2.295604,1.702565
-0.8268337,-0.5496589,-0.00239825,5.102541,2.496744,1.701959
-0.8132807,-0.6739944,-0.001622048,5.10335,2.69657,1.701361
-0.7428905,-0.8350669,-0.002340213,5.103619,2.896331,1.700896
-0.5389896,-0.9240316,0.008727245,5.103325,3.097288,1.700688
-0.3443698,-0.8759881,0.003217192,5.109199,3.29843,1.700646
-0.2906335,-0.7842573,0.005424216,5.120719,3.499377,1.700629
-0.2710988,-0.6893356,0.002943786,5.129538,3.700151,1.700578
-0.2637591,-0.6046229,0.002636472,5.12874,3.900794,1.700466
-0.3156392,-0.4852995,-0.000138789,5.118255,4.102489,1.700298
-0.6402347,-0.01056651,-0.0004647978,5.100033,0.1902407,1.901148
-0.6440112,-0.03257251,-0.0002293458,5.100068,0.3884479,1.901769
-0.6507295,-0.05817664,-0.000159876,5.100077,0.6066103,1.902863
-0.6614421,-0.08613808,-0.0002195914,5.10007,0.8270625,1.904232
-0.6758462,-0.1167286,-5.239798e-05,5.100078,1.046354,1.905624
-0.6938413,-0.1514255,-0.000104554,5.100126,1.262493,1.906675
-0.715052,-0.1905042,-5.296008e-06,5.100232,1.474722,1.907391
-0.7389857,-0.236871,-0.0002097905,5.100409,1.683455,1.907614
-0.7650477,-0.2909599,0.0002096129,5.100691,1.889563,1.907314
-0.7911909,-0.3590943,-0.000311564,5.101119,2.093624,1.906563
-0.8123768,-0.4393678,0.00079076,5.101709,2.296011,1.905484
-0.8269009,-0.5487413,-0.0003126083,5.102453,2.496942,1.904244
-0.8127819,-0.6746412,0.000568328,5.10329,2.696648,1.902983
-0.7369137,-0.8316655,-0.001612451,5.10357,2.896363,1.901972
-0.5376497,-0.9218138,0.005478436,5.103232,3.097308,1.901518
-0.345901,-0.8782916,0.001130496,5.108972,3.298442,1.901435
-0.2910751,-0.7861991,0.002262145,5.120293,3.499374,1.901406
-0.2728532,-0.692755,0.001041186,5.12893,3.700143,1.901301
-0.2641751,-0.6062418,0.0008748218,5.128118,3.900785,1.901069
-0.3152212,-0.4858159,0.0004880481,5.117834,4.102453,1.900712
-0.6404615,-0.009990368,0.001451865,5.100029,0.1919339,2.101668
-0.6442125,-0.03239751,-0.0004485515,5.100057,0.3933597,2.102837
-0.6510706,-0.05884285,0.0004738218,5.100064,0.6143144,2.104774
-0.6619932,-0.08705942,-0.0002345564,5.100056,0.8363817,2.107112
-0.6765428,-0.1180811,0.0001736236,5.100062,1.055567,2.10905
-0.6945348,-0.1526064,-0.0001397617,5.100104,1.270025,2.110537
-0.7155659,-0.1916423,-2.463456e-05,5.100189,1.480071,2.111402
-0.7392936,-0.2378529,-0.0001963573,5.100328,1.686972,2.111664
-0.76503,-0.2919133,-1.920626e-05,5.100551,1.891721,2.11138
-0.7909198,-0.3600309,-0.0004018096,5.100907,2.094891,2.110515
-0.8119368,-0.440572,5.894813e-06,5.101464,2.296707,2.109061
-0.8260628,-0.5489747,-0.0006181854,5.102216,2.497322,2.107167
-0.8117114,-0.6748042,7.407643e-05,5.103073,2.696852,2.105131
-0.735852,-0.8317981,-0.001101154,5.103348,2.896472,2.103454
-0.5375157,-0.9228509,0.0010249,5.102863,3.097356,2.102702
-0.3470588,-0.8798603,-0.0007214631,5.108139,3.298455,2.10259
-0.2907957,-0.7848242,0.002835661,5.118761,3.499369,2.10257
-0.2709303,-0.6913759,0.001313925,5.126866,3.700131,2.102421
-0.2627898,-0.605142,0.002935323,5.126161,3.90078,2.102037
-0.3155404,-0.4857831,0.0003386874,5.116626,4.102445,2.101402
-0.6399986,-0.01281048,-0.001677213,5.100022,0.1972891,2.299356
-0.6443471,-0.03510526,-0.0002854999,5.100044,0.4047065,2.30382
-0.6513918,-0.06067911,-8.438481e-05,5.100047,0.628831,2.30745
-0.6628154,-0.08980549,-0.0001664567,5.100041,0.8511408,2.310654
-0.6774059,-0.1198846,3.866974e-05,5.100047,1.067823,2.313177
-0.6953401,-0.1543119,-0.0001992279,5.100078,1.278925,2.314784
-0.7162019,-0.1928341,1.937356e-07,5.100137,1.486185,2.315607
-0.7397701,-0.2386383,-0.0001235854,5.100235,1.691032,2.315866
-0.7653883,-0.2924545,0.0001612029,5.100392,1.894302,2.315637
-0.7912183,-0.3599337,-0.0001471989,5.10065,2.096451,2.314872
-0.8125104,-0.4405778,0.0003113821,5.101078,2.297671,2.313409
-0.8266458,-0.5486131,-0.0005067852,5.101769,2.497912,2.311133
-0.8124697,-0.6750719,-0.0002052473,5.102655,2.697217,2.308278
-0.7357966,-0.8312524,-0.003284047,5.102923,2.89671,2.305756
-0.5371988,-0.9219909,-0.003897417,5.102151,3.097476,2.304618
-0.3474626,-0.8782453,-0.004972115,5.10638,3.298498,2.304505
-0.2915345,-0.7886098,-0.001966412,5.115288,3.499387,2.304567
-0.2693241,-0.694436,-0.001082283,5.122048,3.700109,2.304428
-0.2597658,-0.6049178,0.001406143,5.121554,3.900746,2.303875
-0.3065861,-0.4888501,0.00186093,5.113765,4.102354,2.302788
-0.6326846,-0.01243282,0.005036309,5.100014,0.2106886,2.487577
-0.6450278,-0.03472792,-0.002537042,5.100029,0.4280571,2.505572
-0.6525359,-0.06368299,0.001188027,5.100031,0.6519256,2.511065
-0.6640394,-0.09144931,-0.0004522955,5.100028,0.8697136,2.515262
-0.6784534,-0.1216974,0.0002217652,5.100034,1.08094,2.517785
-0.696214,-0.1556494,-0.0001696523,5.100052,1.287804,2.519105
-0.7168454,-0.1939588,0.000102669,5.100086,1.492129,2.519746
-0.7402232,-0.239531,1.378256e-05,5.100142,1.694941,2.519952
-0.7656569,-0.2933437,0.0003776141,5.100232,1.896804,2.519802
-0.7912411,-0.3607833,0.0003586143,5.100385,2.098011,2.519249
-0.8124948,-0.4419071,0.001390698,5.100653,2.298668,2.518113
-0.8260311,-0.5501361,0.001415016,5.101117,2.498713,2.516051
-0.8108487,-0.6784056,0.003559011,5.101897,2.697909,2.512836
-0.7312171,-0.835599,5.278116e-05,5.102206,2.897281,2.509524
-0.5348923,-0.9243477,-0.002116443,5.101092,3.097853,2.507972
-0.3527971,-0.8791506,-0.003772425,5.103467,3.2987,2.507914
-0.2889822,-0.7865044,-1.633352e-05,5.109053,3.49953,2.508135
-0.2600115,-0.6905383,0.0006355881,5.113166,3.700096,2.508093
-0.2525194,-0.6019977,0.002614125,5.112923,3.900625,2.507445
-0.3050851,-0.4813547,0.004207011,5.108285,4.101981,2.505809
-0.6394137,-0.009765948,-0.003616397,5.100037,0.2494615,2.690073
-0.6482021,-0.04564826,-0.0006910617,5.100024,0.4643375,2.709327
-0.653338,-0.06530458,0.001532797,5.100018,0.6782317,2.716752
-0.6651449,-0.09531866,-0.0006786608,5.100017,0.8869897,2.720446
-0.6792365,-0.1230593,0.0002966435,5.100021,1.092019,2.722097
-0.6969022,-0.1571791,-0.0002454201,5.100029,1.294993,2.722863
-0.7173517,-0.1947074,5.758228e-05,5.100042,1.496816,2.723213
-0.7406817,-0.2399296,1.094531e-06,5.100064,1.697977,2.723329
-0.7661715,-0.2933009,0.0003838102,5.100098,1.898738,2.723265
-0.7921867,-0.3596671,0.0004194221,5.100157,2.099233,2.722986
-0.8150153,-0.4404784,0.001399883,5.100266,2.299498,2.722337
-0.8303451,-0.5470351,0.0006134166,5.100484,2.499466,2.720936
-0.819085,-0.6779924,0.003072767,5.100919,2.698932,2.718159
-0.7311363,-0.8368194,-0.008885791,5.101058,2.898419,2.714778
-0.5356375,-0.9248636,-0.01277204,5.099896,3.098715,2.713049
-0.3639517,-0.8757685,-0.01313978,5.100399,3.29923,2.713013
-0.2929894,-0.7877867,-0.004753453,5.102433,3.499803,2.713204
-0.254653,-0.6955368,-0.006262552,5.103863,3.700091,2.713136
-0.2534964,-0.6023775,-0.003694168,5.103777,3.900416,2.712636
-0.2919842,-0.4844638,-0.001733305,5.102167,4.101345,2.711105
-0.6772107,0.01032306,0.002292095,5.05003,0.2395534,2.857674
-0.6426151,-0.04799806,0.001699848,5.100019,0.4963583,2.906517
-0.6532363,-0.06682108,-3.250393e-05,5.100008,0.6962783,2.91001
-0.6652156,-0.09642786,-0.0003272649,5.100007,0.8972538,2.911525
-0.6790873,-0.1235415,-3.654256e-05,5.100008,1.0983,2.912051
-0.6968105,-0.1575021,-0.0001401002,5.10001,1.298959,2.912257
-0.7173092,-0.1947404,-3.202481e-05,5.100012,1.49935,2.912347
-0.7407918,-0.2397777,-8.603682e-05,5.100016,1.699595,2.912377
-0.7665094,-0.2931531,-3.42899e-05,5.10002,1.899757,2.912364
-0.7927457,-0.3596472,-0.0002830118,5.100025,2.099871,2.912294
-0.8152224,-0.4417768,-0.0001059598,5.100087,2.299897,2.912087
-0.8273503,-0.5479357,0.0003179521,5.100685,2.499359,2.911406
-0.8119095,-0.6816095,0.006463947,5.102633,2.697319,2.909206
-0.7374685,-0.8254754,0.009094857,5.101601,2.897218,2.908598
-0.5468235,-0.907448,0.01437593,5.102069,3.099371,2.906884
-0.3877447,-0.8629198,0.008305048,5.101973,3.299812,2.906679
-0.3054853,-0.7786298,0.005380688,5.102183,3.499981,2.906694
-0.2695578,-0.6894219,0.004396192,5.102352,3.700063,2.906641
-0.2632049,-0.5974435,0.005655859,5.102311,3.900183,2.906452
-0.3022532,-0.4801396,0.003015229,5.101802,4.100217,2.905674
-0.7079204,-0.01860976,-0.05226271,5.02446,0.1200783,0.07051971
-0.6231937,-0.005101716,-0.03221654,5.050017,0.1441408,0.1442755
-0.6241743,-0.005118042,0.03341569,5.050076,0.1445926,2.854461
-0.7027383,-0.01858329,0.05472718,5.024784,0.1210924,2.927081
-0.6779323,0.007497485,-0.002059332,5.050018,0.2387911,0.14159
-0.6860595,-0.03096683,-0.01022965,5.048999,0.3525438,0.04269386
-0.6333543,-0.04751869,-0.01487492,5.050192,0.340483,0.1380431
-0.7239666,-0.04000588,-0.0203644,5.04919,0.1216953,0.3452019
-0.6586443,-0.003372688,0.09188132,5.050089,0.1381643,2.756161
-0.7238987,-0.0400943,0.02076911,5.049192,0.1217121,2.654471
-0.6629764,-0.03617169,0.006390964,5.050068,0.2473581,2.954297
-0.6330029,-0.04813112,0.01520375,5.050186,0.341121,2.86165
-0.6816416,-0.03173565,0.0114431,5.048995,0.3532893,2.957188
-0.6718322,-0.006037265,-0.006463549,5.02498,0.121286,0.02111623
-0.7107012,-0.01536709,-0.003433124,5.024448,0.1710799,0.02001338
-0.663532,-0.04253563,-0.07541246,5.02499,0.1659049,0.06595635
-0.6547662,-0.005489652,0.01269123,5.075545,0.1200878,0.07051824
-0.6645248,0.01230865,-0.002595589,5.075548,0.1710818,0.02000924
-0.6214082,0.01744747,0.0127644,5.075012,0.1659217,0.0659607
-0.648936,-0.005628057,-0.005540955,5.07502,0.121288,0.02111407
-0.6987596,0.005747679,0.04797431,5.124458,0.1200934,0.07051772
-0.7028785,0.01823424,0.003789411,5.12445,0.171083,0.02000701
-0.6477907,0.02165538,0.04023262,5.124987,0.1659232,0.06596528
-0.676377,-0.006327787,-0.004195616,5.12498,0.1212894,0.02111274
-0.672813,-0.03390125,0.06291121,5.024964,0.1677343,2.932204
-0.7075547,-0.0242261,0.006464681,5.024785,0.1733599,2.978937
-0.6716931,-0.01343654,0.01507154,5.025211,0.12254,2.977601
-0.6565546,0.000161334,-0.01178283,5.075486,0.1204667,2.928307
-0.6649263,0.0103046,0.001306607,5.075508,0.1721863,2.979588
-0.6261747,0.02265133,-0.02414796,5.074921,0.166795,2.933132
-0.6527967,-0.003267532,0.003374514,5.074886,0.1218073,2.978334
-0.7050692,0.006039741,-0.04643957,5.124394,0.1202206,2.928993
-0.708255,0.01554243,-0.003736793,5.124383,0.1715261,2.979842
-0.6534363,0.0241161,-0.04620468,5.124924,0.166286,2.933651
-0.6806859,-0.006028124,0.004573388,5.124885,0.121464,2.97869
-0.5878341,0.02112993,0.004002468,2.849998,0.2461516,0.04526948
-0.6084931,0.0712548,0.002473642,2.899994,0.4961291,0.09343886
-0.6218922,0.09503536,0.001481335,2.899989,0.6962322,0.08999326
-0.6384772,0.1346816,-0.0003725675,2.899983,0.8972767,0.08849351
-0.6590906,0.1697339,6.185933e-05,2.899978,1.098345,0.08797428
-0.6857582,0.2137982,-0.0003068531,2.899973,1.299006,0.08777292
-0.720149,0.2585472,-0.000326849,2.899969,1.499396,0.08768852
-0.7610319,0.3156485,-0.0005569551,2.899968,1.699644,0.0876663
-0.8190925,0.376655,-0.0008932394,2.89997,1.899823,0.08769703
-0.8813898,0.4581978,-0.001530485,2.899978,2.09998,0.08781409
-0.9963661,0.5637217,-0.0009414127,2.899944,2.300096,0.0881707
-1.088904,0.6780809,-0.003049858,2.8994,2.499634,0.08933159
-1.26494,0.9407941,-0.02086357,2.897414,2.698771,0.09246556
-0.604215,0.01970052,0.0005425392,2.899991,0.2493477,0.3097299
-0.6136638,0.06081668,-0.000820512,2.899976,0.4643013,0.2906252
-0.6218918,0.09345236,0.002512273,2.899951,0.6783594,0.2832831
-0.6382058,0.1320353,-0.0006415635,2.899925,0.8872072,0.2796314
-0.6591592,0.1691238,0.0002552112,2.899898,1.092261,0.2780084
-0.6859837,0.2130335,-0.0005106645,2.899873,1.295228,0.2772648
-0.7205686,0.2585349,-0.0005664783,2.899853,1.49704,0.2769376
-0.7617282,0.3150984,-0.000874577,2.89984,1.698212,0.2768549
-0.819742,0.3765114,-0.001703523,2.899834,1.899029,0.2769872
-0.8833596,0.456415,-0.002206647,2.899836,2.099656,0.2774326
-0.9966095,0.5561501,-0.003401909,2.899831,2.300174,0.2785321
-1.108547,0.6835896,-0.008770066,2.899758,2.500548,0.28122
-1.301932,0.9121746,0.0057078,2.899322,2.700225,0.2874376
1.886799,1.374392,-0.1324297,2.902953,3.50148,0.2986897
2.00247,1.152536,-0.103216,2.904347,3.70049,0.29955
1.39415,0.4150329,-0.09911518,2.90475,3.899985,0.2997519
1.206975,0.3342796,-0.05025813,2.904279,4.099441,0.2995684
-0.5960951,0.01833909,0.004050096,2.899984,0.2107329,0.5124085
-0.6098305,0.05068384,-0.00123624,2.899945,0.428258,0.4944545
-0.6205712,0.08958354,0.001549343,2.899887,0.6523524,0.4890293
-0.6366275,0.1278209,-9.209887e-05,2.89982,0.8702854,0.4848947
-0.6579426,0.1670194,0.0002742367,2.899752,1.081546,0.4824264
-0.684917,0.2111076,-0.0002530059,2.899688,1.288384,0.4811531
-0.7197069,0.2573662,-0.000231837,2.899635,1.492683,0.4805613
-0.7609939,0.3138391,-0.0004713004,2.899597,1.695516,0.4804229
-0.8192206,0.3758899,-0.0008779165,2.899575,1.897493,0.4806994
-0.8826555,0.4548249,-0.000959493,2.899562,2.098958,0.4815342
-0.9965919,0.5559495,-0.002593283,2.899529,2.300077,0.4833403
-1.106699,0.6774738,-0.002288261,2.899366,2.500738,0.4868395
-1.293436,0.9103948,-0.005845046,2.898911,2.700253,0.4925624
1.968568,1.317091,-0.05143364,2.905893,3.502514,0.4992636
2.017002,1.209999,-0.004167717,2.908549,3.700857,0.4994863
1.52718,0.4435637,-0.02748241,2.909182,3.899972,0.4996442
1.221507,0.3368384,0.0054274,2.908449,4.099027,0.4995143
-0.6035638,0.01710675,-0.0003430442,2.899977,0.1973753,0.7006496
-0.6092148,0.04891098,-0.0001201404,2.899914,0.4050707,0.6962298
-0.6189898,0.08554199,0.0003903749,2.899814,0.6295657,0.692674
-0.6349413,0.1249675,-5.770347e-05,2.899693,0.8521312,0.6895518
-0.6564036,0.1647073,0.0001202267,2.899567,1.068885,0.6871035
-0.6835767,0.2093478,-0.0003313517,2.899449,1.279949,0.6855653
-0.7185583,0.2560793,-0.0003233041,2.899352,1.487165,0.6848135
-0.7600853,0.3128953,-0.0006024785,2.89928,1.692044,0.6846499
-0.818235,0.3751654,-0.0008672652,2.899236,1.895487,0.6850462
-0.8822251,0.4543341,-0.001181919,2.899212,2.098018,0.686153
-0.9939352,0.5558726,-0.001942853,2.899164,2.299838,0.6882611
-1.106944,0.676594,-0.002191525,2.899027,2.500815,0.6915191
-1.288717,0.9108453,-0.0007203612,2.898709,2.700496,0.695619
1.658108,1.256048,-0.01546438,2.906793,3.5027,0.6994629
2.000499,1.245322,-0.02205631,2.90981,3.701013,0.6994283
1.36099,0.41754,-0.0149061,2.910584,3.899962,0.6994535
1.236646,0.3844104,-0.008866249,2.909706,4.09885,0.6994564
-0.603899,0.01465728,0.001446437,2.89997,0.1920472,0.8983427
-0.6088586,0.04622732,-9.345153e-05,2.899886,0.3938447,0.8972141
-0.6184296,0.08296263,0.0006145733,2.899745,0.6153097,0.8953432
-0.6337369,0.1216306,-8.310804e-05,2.89957,0.8377599,0.8930862
-0.6550785,0.1622809,0.0002238255,2.899381,1.057085,0.8912308
-0.6822979,0.2071915,-0.0001495492,2.899202,1.271513,0.8898209
-0.7174396,0.2544964,-0.0002325542,2.899052,1.481505,0.8890393
-0.759136,0.3114646,-0.0004394763,2.898944,1.688451,0.8888864
-0.8175208,0.3742787,-0.000741816,2.898881,1.893431,0.8893523
-0.8815167,0.453199,-0.0009343734,2.89885,2.097047,0.8905092
-0.993371,0.5553686,-0.00173717,2.898827,2.299525,0.8923666
-1.106151,0.6752251,-0.001431325,2.898762,2.500861,0.8947437
-1.287074,0.9105161,-0.002010477,2.898543,2.700568,0.897356
-1.456214,1.187261,-0.003474987,2.848586,2.849099,0.8489467
1.684954,1.25666,-0.005074409,2.90702,3.502691,0.8997081
2.007922,1.250104,-0.003376235,2.910148,3.701017,0.8996959
1.393882,0.4241325,-0.002598979,2.910955,3.899956,0.8997139
1.242124,0.3859751,-0.0007601991,2.910047,4.098834,0.8997199
-0.6037676,0.01480868,-8.454178e-05,2.899964,0.1903728,1.098861
-0.6086831,0.04595372,-6.620244e-05,2.899863,0.3890199,1.098269
-0.6179835,0.08192062,1.633246e-05,2.89969,0.6078003,1.097224
-0.6329953,0.1201944,-0.0001877627,2.899469,0.8287431,1.095915
-0.6540622,0.1605673,-4.444382e-05,2.899226,1.048249,1.09459
-0.6812091,0.2057569,-0.0001290157,2.898991,1.264388,1.09361
-0.7164734,0.2533648,-0.0002134767,2.898792,1.476575,1.092974
-0.7583666,0.3106528,-0.0004480914,2.898651,1.685381,1.092859
-0.8169132,0.3737392,-0.0006160008,2.898571,1.891738,1.093295
-0.8811713,0.4527832,-0.0008002509,2.898551,2.096254,1.094209
-0.9925917,0.5551935,-0.0009871576,2.89857,2.299259,1.095474
-1.106241,0.6746572,-0.001074405,2.898566,2.500798,1.096937
-1.286017,0.9100339,-0.0008447076,2.898421,2.700529,1.098475
-1.454444,1.185437,-0.002280712,2.848493,2.848994,1.049375
-1.522289,2.234713,-0.001592467,2.8522,3.048393,1.049789
1.648053,1.253402,-0.002764358,2.907091,3.502677,1.099844
2.009772,1.253354,-0.004999708,2.910247,3.70101,1.099849
1.364243,0.4193291,-0.002498104,2.911063,3.899952,1.099864
1.244574,0.3935504,-0.00218836,2.910147,4.098834,1.099867
-0.6038959,0.01430751,0.0002450695,2.899961,0.1898409,1.299524
-0.6086796,0.04535731,-4.939759e-06,2.899848,0.387048,1.299204
-0.6178842,0.08119161,0.0001126324,2.899654,0.6042404,1.298708
-0.6326645,0.1191306,-0.0001238392,2.899404,0.8241139,1.298098
-0.6535487,0.1593948,-8.547905e-05,2.899125,1.04316,1.29747
-0.6805335,0.2044982,-0.0001354328,2.898852,1.259707,1.296905
-0.7158217,0.2524124,-0.000164525,2.898619,1.473129,1.296589
-0.7578425,0.3098942,-0.000369917,2.898448,1.683345,1.296527
-0.8165499,0.3731944,-0.000507059,2.898362,1.89068,1.29679
-0.8808434,0.4522237,-0.0005512099,2.898361,2.095763,1.297279
-0.9924079,0.554928,-0.0007827128,2.898411,2.29905,1.297892
-1.105745,0.6741983,-0.0007321005,2.898448,2.50072,1.298585
-1.284982,0.9098032,-0.0009375127,2.898359,2.700482,1.299299
-1.453113,1.18517,-0.001529967,2.84848,2.848906,1.24968
-1.52153,2.234737,-0.0007167796,2.852277,3.048325,1.249889
0.4595212,3.227003,-0.001638697,2.859143,3.249743,1.249908
1.649803,1.253039,-0.0008470681,2.907133,3.502673,1.299927
2.011314,1.254828,-0.000867632,2.910284,3.701007,1.299934
1.372618,0.4213323,-0.0003802358,2.911099,3.899951,1.299943
1.24665,0.3933732,-0.0004214634,2.91018,4.098834,1.299944
-0.6038303,0.01442776,-0.0001160848,2.89996,0.1897071,1.5
-0.6086235,0.04544097,-0.0001205713,2.899843,0.3865069,1.499998
-0.6178031,0.08114013,-0.0001212575,2.899642,0.6031946,1.499997
-0.6325401,0.119043,-0.0001336212,2.899381,0.8226958,1.499996
-0.6533802,0.15918,-0.0001490686,2.89909,1.041562,1.499996
-0.6803156,0.2041764,-0.0001721864,2.898804,1.258098,1.499997
-0.7155952,0.2521692,-0.0002039534,2.898558,1.471887,1.499998
-0.7577014,0.3097754,-0.0002382821,2.898375,1.682624,1.499999
-0.816508,0.3730894,-0.0002841,2.89829,1.890336,1.5
-0.8808865,0.4521726,-0.0003161831,2.898295,2.095587,1.500001
-0.9924104,0.5549278,-0.0003741993,2.898356,2.298969,1.500001
-1.105999,0.6740023,-0.0003459428,2.898409,2.500684,1.500001
-1.285193,0.9097612,-0.000342386,2.898345,2.700461,1.5
-1.453412,1.184435,-0.0005979925,2.848497,2.848882,1.449932
-1.522574,2.234526,0.0008724406,2.852343,3.04831,1.449978
0.4598447,3.227665,-6.448138e-06,2.859235,3.249734,1.449973
1.645996,1.253063,0.0002249439,2.907163,3.502675,1.499996
2.011824,1.254799,0.0001363468,2.910301,3.701007,1.499999
1.368265,0.4204742,0.0001159427,2.911111,3.89995,1.5
1.24666,0.3942029,7.515935e-05,2.910189,4.098834,1.500001
-0.6039251,0.01430333,-0.0004215117,2.899961,0.1898411,1.700475
-0.6087078,0.04535224,-0.0001852413,2.899848,0.387049,1.700792
-0.6179195,0.08117905,-0.0003119234,2.899654,0.6042418,1.701285
-0.6327023,0.1191052,-0.0001165618,2.899404,0.8241158,1.701893
-0.6535995,0.1593588,-0.0001909074,2.899125,1.043164,1.702522
-0.6805986,0.204447,-0.0001965932,2.898852,1.259711,1.703089
-0.7159127,0.2523484,-0.000227272,2.898618,1.473132,1.703407
-0.7579571,0.3098161,-9.318027e-05,2.898447,1.683346,1.703472
-0.8167119,0.3731159,-3.614494e-05,2.89836,1.890679,1.703212
-0.8810345,0.4521288,-5.631086e-05,2.898357,2.095759,1.702724
-0.9926779,0.5548975,9.224332e-05,2.898407,2.299041,1.702112
-1.106077,0.6740245,8.23653e-05,2.898446,2.500703,1.701419
-1.285471,0.9099692,0.0001746436,2.898366,2.700461,1.700702
-1.453657,1.18469,8.391227e-05,2.848518,2.848885,1.650177
-1.523436,2.234631,0.001408718,2.852374,3.048309,1.650059
0.459633,3.22847,0.0006580588,2.859286,3.249735,1.650036
1.651701,1.253484,0.001220594,2.907177,3.502678,1.700068
2.011515,1.25447,0.001045092,2.910302,3.701009,1.700068
1.373272,0.4212862,0.0006393519,2.911107,3.899951,1.700061
1.246535,0.3930993,0.0005717553,2.910183,4.098834,1.700059
-0.6038154,0.01479512,-9.853349e-05,2.899964,0.1903743,1.901136
-0.6087345,0.04593214,-0.000163327,2.899862,0.3890262,1.901725
-0.6180404,0.08187491,-0.0002210148,2.89969,0.6078114,1.902767
-0.6330702,0.1201277,-5.632286e-05,2.899469,0.8287567,1.904076
-0.6541595,0.1604859,-0.0002209825,2.899226,1.048262,1.905402
-0.6813368,0.2056505,-0.0001823107,2.89899,1.264399,1.906385
-0.7166487,0.2532432,-0.0001512216,2.898791,1.476582,1.907024
-0.7585881,0.3105097,2.812078e-05,2.898649,1.685385,1.907141
-0.8172153,0.373592,0.0001239439,2.898566,1.891738,1.906709
-0.8815267,0.4526228,0.0002644245,2.898543,2.096247,1.905798
-0.9930585,0.5551278,0.0003772508,2.898559,2.29924,1.904534
-1.106808,0.674401,0.0005487343,2.898555,2.500759,1.903072
-1.286703,0.9101679,0.0003714829,2.898424,2.700462,1.901529
-1.455489,1.18436,0.00089506,2.848543,2.848903,1.850451
-1.526065,2.234091,0.003247169,2.852389,3.048325,1.850155
0.457742,3.229997,0.002343554,2.859304,3.24974,1.850107
1.647591,1.254062,0.003341235,2.907167,3.502684,1.900162
2.009706,1.253166,0.005335632,2.910278,3.701013,1.900168
1.364295,0.4191706,0.002789805,2.911077,3.899953,1.900155
1.244349,0.3931781,0.00235146,2.910154,4.098834,1.900147
-0.6039795,0.014608,-0.001676909,2.89997,0.1920521,2.101648
-0.6089553,0.04620206,-0.0001024577,2.899885,0.3938633,2.102772
-0.6185305,0.08294075,-0.0007952895,2.899745,0.6153405,2.104641
-0.6338554,0.1215526,-0.0001269109,2.899569,0.8377924,2.106901
-0.6552295,0.1621816,-0.0004516838,2.899381,1.057111,2.10876
-0.682486,0.2070462,-0.0001202874,2.899201,1.271531,2.110173
-0.7176983,0.2543278,-7.701216e-05,2.899051,1.481517,2.110958
-0.7594509,0.3112622,8.020763e-05,2.898941,1.688458,2.111115
-0.8179634,0.3740844,0.0003375816,2.898876,1.893432,2.110653
-0.8820139,0.4529787,0.0004783923,2.898838,2.097041,2.109501
-0.9940001,0.5553389,0.001262061,2.898805,2.299501,2.107648
-1.106999,0.6748223,0.0009859917,2.898731,2.500801,2.105275
-1.287757,0.9109042,0.00159174,2.898517,2.700436,2.102661
-1.456525,1.185525,0.001973597,2.848595,2.848907,2.050809
-1.529363,2.234832,0.003936701,2.852404,3.048309,2.050278
0.4568451,3.235236,0.00485329,2.859306,3.249742,2.050202
1.688615,1.257047,0.005608216,2.907109,3.502698,2.100326
2.007984,1.249171,0.003736963,2.91019,3.70102,2.100368
1.39477,0.4239156,0.003039064,2.910978,3.899957,2.100352
1.241797,0.3852712,0.0009801115,2.91006,4.098834,2.100326
-0.6037041,0.01711733,0.0003580611,2.899977,0.1973914,2.299325
-0.6093499,0.04894264,-0.0002378554,2.899914,0.4051199,2.303736
-0.6191189,0.08548722,-0.0005118613,2.899813,0.6296296,2.307296
-0.6350966,0.1248634,-0.0001584079,2.899693,0.8521855,2.310428
-0.6565923,0.1645729,-0.0003081065,2.899567,1.068922,2.312884
-0.6838148,0.2091639,0.0001049781,2.899449,1.279971,2.314428
-0.7188808,0.2558683,7.73967e-05,2.89935,1.487179,2.315184
-0.7604816,0.3126632,0.0003207204,2.899277,1.692053,2.315352
-0.818789,0.37493,0.0005557741,2.89923,1.895493,2.31496
-0.882843,0.4541156,0.0008549234,2.899198,2.098018,2.31386
-0.9947055,0.5558445,0.001621452,2.899136,2.299821,2.311761
-1.108087,0.6763016,0.002022895,2.898978,2.500756,2.308513
-1.29004,0.9115869,0.0005802725,2.898638,2.700344,2.304419
-1.458983,1.18569,0.001367854,2.848635,2.848931,2.251361
-1.532948,2.236204,0.005497298,2.852403,3.048336,2.250469
0.4566674,3.243585,0.00781814,2.859278,3.249752,2.250364
1.655292,1.257335,0.01634015,2.906895,3.502709,2.300656
2.000222,1.244885,0.02255042,2.909874,3.701016,2.300775
1.359942,0.4169521,0.01539755,2.910628,3.899963,2.300748
1.236234,0.3837581,0.009154015,2.909737,4.098849,2.300681
-0.5961753,0.01812891,-0.004887754,2.899984,0.2107938,2.48752
-0.6100563,0.05054526,0.001044675,2.899944,0.4283958,2.505467
-0.6207477,0.0896905,-0.001726818,2.899886,0.6524779,2.510917
-0.6368274,0.1276909,-7.27859e-05,2.89982,0.8703649,2.515078
-0.6581747,0.1669078,-0.0004154947,2.899751,1.08159,2.517561
-0.6851964,0.2109061,8.759607e-05,2.899688,1.288408,2.518841
-0.7200881,0.2571416,5.404926e-05,2.899635,1.492696,2.519437
-0.7614405,0.3135853,0.0002645886,2.899595,1.695525,2.519579
-0.8198813,0.3756517,0.000663286,2.89957,1.897501,2.519306
-0.8833182,0.454633,0.0006672392,2.899551,2.098968,2.518478
-0.9975083,0.5561416,0.002372612,2.899506,2.300082,2.516686
-1.107932,0.6773108,0.001781573,2.899324,2.500715,2.513208
-1.296007,0.9116166,0.00590001,2.898843,2.700132,2.507509
-1.463801,1.187648,0.001514601,2.848704,2.848938,2.452407
-1.539697,2.242888,0.003031152,2.852381,3.048352,2.450869
0.488752,3.292706,0.01444682,2.859137,3.249762,2.450754
1.971127,1.317847,0.05206764,2.906051,3.502523,2.501102
2.01766,1.208699,0.005054603,2.908698,3.700858,2.501081
1.527133,0.4425747,0.02799425,2.909308,3.899972,2.5009
1.220763,0.3358025,-0.004932217,2.908537,4.099023,2.500842
-0.6049022,0.01933435,0.0007611203,2.899973,0.2497581,2.689683
-0.6141211,0.06155621,-0.0004180829,2.899969,0.4647193,2.709143
-0.6221429,0.09347622,-0.002373283,2.89995,0.6785663,2.716645
-0.6384453,0.1319499,0.0004322662,2.899924,0.8873001,2.720345
-0.6594164,0.1689862,-0.0003058513,2.899898,1.092301,2.721983
-0.686293,0.2128039,0.0004072872,2.899873,1.295245,2.722732
-0.7209855,0.2582779,0.0004715261,2.899853,1.497048,2.723062
-0.7622114,0.3148259,0.0007548209,2.899839,1.698218,2.723146
-0.8204771,0.3761876,0.001600818,2.899832,1.899037,2.723016
-0.8840819,0.4562023,0.002047935,2.899831,2.09967,2.722576
-0.9978036,0.5557712,0.003272676,2.899821,2.3002,2.721489
-1.110475,0.6832388,0.008481159,2.899741,2.500581,2.71883
-1.30011,0.911611,-0.003634093,2.899298,2.700193,2.71267
-1.480949,1.18143,-0.01068734,2.84888,2.848995,2.655015
-1.542713,2.248926,-0.0115977,2.852264,3.048429,2.652076
0.5265105,3.339467,-0.01212819,2.858489,3.24979,2.652111
1.873256,1.367949,0.1302607,2.903443,3.501492,2.702467
2.002123,1.153321,0.104592,2.904929,3.700486,2.70202
1.390328,0.4133989,0.09906357,2.905274,3.899984,2.701718
1.206461,0.335268,0.05097703,2.904589,4.099421,2.701281
-0.6199553,0.04403196,0.001439983,2.85001,0.2403245,2.856901
-0.6090282,0.0696408,-0.003395398,2.899985,0.4968004,2.906412
-0.6221964,0.0960129,-0.001255238,2.899987,0.69645,2.909975
-0.6387653,0.1343208,0.0002309439,2.899983,0.8973509,2.911499
-0.6593605,0.1697075,-7.034698e-05,2.899978,1.098368,2.912024
-0.6860758,0.2135471,0.0002606186,2.899973,1.299013,2.912227
-0.7205813,0.2583004,0.0002953608,2.899969,1.499399,2.912311
-0.7615116,0.3153914,0.000524117,2.899968,1.699647,2.912334
-0.8198586,0.3763588,0.0008722314,2.899969,1.899828,2.912304
-0.8820096,0.4580768,0.001551253,2.899978,2.099993,2.912188
-0.99753,0.5635112,0.0009821497,2.899944,2.300128,2.911836
-1.090631,0.678187,0.003420262,2.8994,2.499701,2.910689
-1.274506,0.9403082,0.02137283,2.897424,2.698838,2.907596
-1.56449,1.217152,-0.02647062,2.849675,2.849667,2.86136
-1.554316,2.270267,-0.08133073,2.852086,3.049162,2.856818
0.677722,3.491243,-0.2072189,2.855986,3.249852,2.857352
1.362688,2.35814,0.0007697415,2.857617,3.449954,2.858195
1.542019,1.16134,-0.06621027,2.858855,3.649979,2.859004
1.310632,0.5841112,-0.05481163,2.859032,3.850004,2.85899
1.070781,0.3676118,-0.1056264,2.858192,4.049994,2.85824
-0.5479797,0.002031513,-0.03327396,2.850013,0.144153,0.1442882
-0.567964,0.008214626,0.0178017,2.949986,0.1441487,0.144285
0.5823264,3.386547,0.09239863,2.952125,3.251002,0.1487493
1.827824,3.467725,0.08406822,2.953755,3.353065,0.1516049
2.914139,2.380595,-0.4115313,2.953164,3.451901,0.1506665
2.89648,1.63115,-0.6868074,2.954234,3.551707,0.1533587
2.305793,0.9327181,-0.2581214,2.954485,3.649253,0.1537892
2.111322,0.6865945,-0.1819601,2.954624,3.751038,0.1539948
1.737941,0.3618911,-0.2211452,2.954646,3.849023,0.1540189
1.586413,0.3267189,-0.254958,2.954645,3.950965,0.1539992
1.27168,0.2009438,-0.09535691,2.954617,4.048947,0.1539772
1.19644,0.1614147,-0.1109609,2.954462,4.150718,0.1537915
-1.724343,1.061724,-0.004177863,2.948085,2.849541,0.4481092
-1.726742,1.061283,-0.001574173,2.948017,2.849674,0.54872
-1.722735,1.060503,-0.004199999,2.948021,2.849651,0.6490421
-1.722454,1.060779,-0.001784145,2.947964,2.849716,0.7492989
-1.720424,1.062062,-0.003178724,2.947931,2.849676,0.8494502
-1.456129,1.186144,-0.002426891,2.848575,2.849103,0.9492038
-1.720554,1.061709,-0.002606967,2.947869,2.849672,0.9495858
-1.604938,1.61907,-0.003487035,2.84918,2.948227,0.9495768
-1.719162,1.061029,-0.002068303,2.947854,2.849601,1.049676
-1.60361,1.617921,-0.002245259,2.84914,2.948169,1.049664
-1.454727,1.184519,-0.001601921,2.848505,2.848964,1.149552
-1.71888,1.060665,-0.001866107,2.947842,2.849571,1.149766
-1.604676,1.617292,-0.00277255,2.849166,2.9481,1.149763
-1.71824,1.061253,-0.001616343,2.947844,2.849538,1.249836
-1.602975,1.617691,-0.001542037,2.849172,2.948075,1.249824
-1.453334,1.184654,-0.0008616685,2.848495,2.848901,1.349823
-1.718342,1.061053,-0.001180757,2.947835,2.849539,1.349906
-1.60334,1.61741,-0.001511384,2.849193,2.948061,1.349907
-1.718378,1.060806,-0.0007000958,2.947845,2.849527,1.449967
-1.603644,1.617258,-1.818039e-05,2.849207,2.948048,1.449961
-1.453621,1.184271,-0.0001570905,2.848507,2.848874,1.550067
-1.718417,1.060674,-0.0004133499,2.947857,2.84952,1.550033
-1.604005,1.617112,-0.0007122898,2.849221,2.948036,1.550038
-1.718751,1.061128,0.0001322012,2.947851,2.849527,1.650094
-1.604029,1.617506,0.0006474358,2.849228,2.948042,1.650091
-1.453717,1.18511,0.0007946864,2.848509,2.848879,1.750322
-1.71888,1.061226,0.0007073738,2.947849,2.849526,1.750166
-1.604022,1.617817,0.0007776561,2.849223,2.948057,1.750175
-1.719684,1.060605,0.001063895,2.947847,2.849536,1.850237
-1.606276,1.617298,0.002177401,2.849241,2.948054,1.85024
-1.455189,1.185039,0.001666901,2.848534,2.848869,1.950631
-1.719954,1.06062,0.001394267,2.947875,2.849512,1.95033
-1.606112,1.617511,0.001937937,2.849238,2.94805,1.950343
-1.721168,1.061404,0.00218727,2.947883,2.849525,2.050428
-1.607346,1.61836,0.003119246,2.84927,2.948031,2.050432
-1.456517,1.186537,0.003112104,2.84856,2.848859,2.151072
-1.721132,1.061489,0.003051761,2.947901,2.849495,2.150572
-1.606588,1.619558,0.004000752,2.849244,2.948052,2.15058
-1.723257,1.060526,0.001857096,2.947882,2.849528,2.250733
-1.60958,1.619568,0.003593447,2.849276,2.948048,2.250732
-1.459499,1.186083,0.004590209,2.848571,2.848848,2.351822
-1.723791,1.06016,0.004865602,2.947909,2.849466,2.350999
-1.609769,1.619722,0.006243582,2.849226,2.948081,2.350998
-1.728185,1.060978,0.002273243,2.947913,2.849491,2.451342
-1.612859,1.624002,0.002664039,2.849286,2.948045,2.451329
-1.468609,1.186099,0.004572315,2.848631,2.848806,2.553437
-1.727365,1.061342,0.00475841,2.948004,2.849365,2.551986
-1.6148,1.626525,0.007529507,2.849209,2.948088,2.551964
-1.736024,1.048794,-0.0171952,2.948053,2.849408,2.653
-1.626344,1.625413,-0.01041935,2.849305,2.948097,2.652967
-1.489158,1.178471,-0.005882844,2.848976,2.849025,2.757778
-1.73674,1.050872,-0.006212541,2.948369,2.849275,2.755062
-1.633402,1.621838,-0.007959154,2.849239,2.948383,2.755033
-0.549449,0.002422264,0.03213652,2.849938,0.1450253,2.853096
-0.5679867,0.008761983,-0.01969387,2.949989,0.1452221,2.852585
-1.788014,1.091551,-0.05368799,2.948946,2.849771,2.858241
-1.773666,1.652001,-0.03915808,2.849822,2.948943,2.858237
-1.382976,1.109734,0.03966941,2.844969,2.844934,2.957018
-1.62053,1.004359,0.03421515,2.948808,2.84472,2.956091
-1.523864,1.563594,0.03233621,2.844831,2.948795,2.956095
0.6026637,3.443034,-0.04183609,2.952821,3.250867,2.852795
1.008078,3.282012,-0.1793574,2.856848,3.349943,2.85747
1.932625,3.446679,-0.05081969,2.954412,3.353033,2.849769
0.4507652,2.827355,-0.05091782,2.847866,3.248858,2.95515
1.383508,2.408841,0.005244791,2.847727,3.350962,2.955175
2.944967,2.309469,0.4305277,2.954028,3.451934,2.851627
1.579992,1.771246,0.1939203,2.858441,3.550002,2.858779
2.89523,1.599336,0.7004032,2.95536,3.551675,2.849759
1.642163,1.610805,0.05850782,2.848538,3.44905,2.955412
1.891967,1.477306,0.05712651,2.849394,3.55097,2.955716
2.276263,0.9084951,0.2600045,2.955694,3.649232,2.849618
1.527622,0.928037,-0.1016199,2.859048,3.750026,2.859049
2.10667,0.6810634,0.1922884,2.955846,3.751049,2.849483
1.808819,1.094891,0.03857602,2.849728,3.648988,2.955819
1.722418,0.8929133,0.01749115,2.849839,3.751008,2.955838
1.739459,0.3544394,0.2341454,2.955847,3.849036,2.8494
1.284684,0.5282389,-0.01688782,2.858803,3.95004,2.85878
1.587017,0.3246431,0.2669235,2.955743,3.951009,2.8491
1.47258,0.5629115,0.02594734,2.849786,3.849018,2.955816
1.415705,0.5538483,0.03042588,2.849454,3.951038,2.955718
1.273655,0.2016482,0.1044325,2.955381,4.048904,2.848187
1.050309,0.3111778,-0.09437974,2.857388,4.149988,2.857605
1.192088,0.1637412,0.1128688,2.954875,4.150686,2.847167
1.178642,0.3503667,0.02213642,2.848448,4.048965,2.955389
1.140467,0.3545881,0.03123537,2.847184,4.15096,2.955032
-1.611143,0.9976081,-0.02610332,2.948788,2.844633,0.04397714
-1.797716,1.090754,0.0541908,2.948937,2.849752,0.1419323
-1.728512,1.051841,0.002672191,2.948395,2.84935,0.2451339
-1.733922,1.049772,0.01690519,2.948108,2.849554,0.3471517
-1.52382,2.234447,-0.003695713,2.852247,3.048357,1.149846
-0.2459058,2.909643,-0.003237385,2.855746,3.149109,1.149888
-0.2421865,2.909952,-0.001334065,2.855793,3.149099,1.249902
-1.522464,2.234567,-0.002260238,2.85232,3.048325,1.349936
-0.2437301,2.909533,-0.001650043,2.855852,3.149087,1.349959
-0.2434003,2.90981,0.000373518,2.855888,3.149082,1.449972
-1.522814,2.234477,-0.001449915,2.852362,3.048299,1.550021
-0.2432304,2.90986,-0.0007131497,2.855913,3.149076,1.550026
-0.2445764,2.910095,0.001011077,2.85593,3.149077,1.650037
-1.523028,2.234719,0.0001528013,2.852372,3.048314,1.750108
-0.2442368,2.910154,0.0008262857,2.855932,3.149087,1.750095
-0.2481507,2.910039,0.003052472,2.855946,3.14908,1.850112
-1.525376,2.234216,0.00148005,2.85238,3.0483,1.950217
-0.2474486,2.910764,0.00298546,2.855935,3.149086,1.950181
-0.2547679,2.912214,0.00433581,2.855952,3.149069,2.05021
-1.528,2.235346,0.003941172,2.852375,3.048295,2.150366
-0.2542903,2.912427,0.006569683,2.855922,3.149092,2.150305
-0.2645778,2.913951,0.00738867,2.85594,3.149078,2.250367
-1.531793,2.235552,0.006726589,2.852347,3.048313,2.35064
-0.2660639,2.915036,0.01572944,2.855872,3.149117,2.35054
-0.3008478,2.928253,0.004142852,2.855871,3.149083,2.450719
-1.539965,2.239404,0.00612388,2.852261,3.048304,2.551314
-0.2946729,2.924334,0.01907137,2.855692,3.149149,2.551171
-0.3356962,2.947838,-0.02789802,2.855563,3.149134,2.651904
-1.542958,2.223046,0.01242969,2.851983,3.048539,2.753793
-0.3252693,2.925224,0.02874728,2.855001,3.149354,2.753745
-0.3325171,3.063845,-0.194119,2.854565,3.149536,2.856979
-1.469631,2.170962,-0.01031297,2.845677,3.048483,2.954941
-0.7573752,2.79928,-0.05735074,2.847406,3.150872,2.954973
-1.846593,2.261546,0.1574523,2.927798,3.074242,0.07086792
-2.001151,1.903211,-0.07994023,2.922732,3.023401,0.02171384
-2.237517,2.0082,0.1461985,2.925965,3.023758,0.0708167
-1.735192,2.264833,-0.07085735,2.923362,3.075174,0.02189926
-1.491504,2.545561,0.1417458,2.928732,3.124635,0.07071929
-1.289583,2.937644,-0.07965746,2.923828,3.175589,0.02186882
-1.100917,2.89492,0.2144175,2.929091,3.174822,0.07059482
-1.463257,2.575488,-0.09251562,2.923666,3.124454,0.02185
1.821415,0.8341316,0.03909972,2.929795,3.725011,0.0701698
1.909284,0.7273458,-0.04914652,2.923995,3.775625,0.0217791
1.84576,0.7889546,0.04215247,2.929808,3.774991,0.07015644
1.923461,0.720725,-0.03992577,2.923912,3.72454,0.02173216
1.51004,0.494605,0.0397674,2.929811,3.874994,0.07018001
1.658,0.4857964,-0.05419022,2.924013,3.824372,0.02177823
1.585552,0.5654328,0.04775157,2.929814,3.825014,0.07016067
1.595659,0.4840483,-0.04874476,2.923939,3.875463,0.02173188
-1.916061,1.35226,-0.002237443,2.922912,2.92312,0.474425
-2.371063,1.641214,-0.003127521,2.923222,2.972166,0.4245664
-1.914431,1.342526,0.0008317426,2.922882,2.923087,0.4242729
-2.371587,1.642329,0.0005192101,2.923244,2.972148,0.474676
-1.917697,1.34457,-0.001351317,2.922886,2.923097,0.5245484
-2.377825,1.631365,-0.004228671,2.923249,2.97215,0.5747598
-2.373243,1.636077,-0.002537504,2.923234,2.972154,0.5247364
-1.916525,1.335136,-0.003143269,2.92291,2.923127,0.5745793
-1.91371,1.342375,-0.004458057,2.922892,2.923128,0.674703
-2.376439,1.632518,-0.003394712,2.923232,2.97216,0.6247944
-1.913045,1.337137,-0.003253612,2.922882,2.923107,0.6246608
-2.371117,1.634435,-0.001292388,2.923238,2.972157,0.6748352
-1.913622,1.342703,-0.002586688,2.922866,2.92312,0.7247696
-2.376202,1.630668,-0.005285001,2.923225,2.97217,0.7748654
-2.370975,1.634104,-0.005809448,2.923227,2.972169,0.7248628
-1.9127,1.335461,-0.003825697,2.922865,2.923137,0.7747611
-1.910919,1.34353,-0.00382633,2.922812,2.923119,0.8748222
-2.374184,1.633083,-0.003453036,2.9232,2.972176,0.8248845
-1.910148,1.338406,-0.002677212,2.92283,2.92312,0.8248144
-2.368435,1.63529,-0.0009385949,2.923189,2.972174,0.8749037
-1.911296,1.343122,-0.002294402,2.92278,2.923091,0.9248701
-2.374417,1.631074,-0.004172384,2.92316,2.972141,0.9749185
-2.368732,1.634623,-0.004904568,2.923167,2.97216,0.9249208
-1.910259,1.335889,-0.003185219,2.92277,2.923074,0.9748504
-1.909534,1.34097,-0.002568184,2.922763,2.922995,1.074887
-2.373815,1.631399,-0.001342333,2.923152,2.972115,1.024932
-1.90884,1.336514,-0.001678784,2.922753,2.92303,1.024893
-2.368129,1.633179,0.0001632342,2.923163,2.972068,1.074941
-1.909556,1.341288,-0.001582703,2.922768,2.922959,1.124929
-2.374567,1.629886,-0.004028589,2.923186,2.972027,1.174951
-2.368457,1.633304,-0.004391243,2.923172,2.972037,1.124954
-1.908721,1.334842,-0.002759278,2.922778,2.922948,1.174908
-1.90883,1.341302,-0.002124024,2.922783,2.92293,1.274936
-2.374278,1.630782,-0.000964963,2.923191,2.972021,1.224962
-1.907917,1.336022,-0.001226795,2.922778,2.922934,1.224948
-2.368263,1.633316,0.0006317267,2.923195,2.972013,1.274967
-1.908967,1.341418,-0.0007710769,2.922776,2.922933,1.324976
-2.374198,1.630574,-0.002325525,2.923198,2.972037,1.37498
-2.368096,1.633414,-0.00362719,2.923196,2.972028,1.32498
-1.908223,1.335315,-0.001537505,2.922777,2.922939,1.374958
-1.908958,1.340773,-0.001063022,2.922798,2.922915,1.474981
-2.374336,1.630516,0.0006511574,2.923205,2.972025,1.424993
-1.908058,1.335348,-2.077686e-05,2.922785,2.922929,1.424996
-2.368481,1.633075,0.001760756,2.923214,2.972001,1.474995
-1.908991,1.340692,1.286331e-05,2.922806,2.922907,1.52502
-2.375031,1.630105,-0.00167207,2.923222,2.971994,1.575007
-2.368727,1.632923,-0.002736865,2.92322,2.971992,1.525007
-1.908252,1.334935,-0.000875102,2.922807,2.922909,1.575004
-1.909477,1.341283,-0.0003145813,2.922794,2.922923,1.675024
-2.37507,1.630364,0.001209854,2.923219,2.972001,1.625018
-1.908354,1.335209,0.0006126004,2.922804,2.922916,1.625042
-2.368729,1.633372,0.002444472,2.923214,2.97202,1.675018
-1.909494,1.341409,0.00119044,2.922791,2.922931,1.725064
-2.375291,1.630517,0.0001117607,2.923207,2.972027,1.775036
-2.368752,1.633308,-0.001486188,2.923212,2.972025,1.725032
-1.90877,1.335713,0.0006001391,2.922787,2.922933,1.775052
-1.910711,1.34083,0.0009183963,2.922787,2.922931,1.875074
-2.375492,1.630048,0.003249963,2.923209,2.972036,1.825049
-1.909501,1.334836,0.002131765,2.922788,2.922942,1.825093
-2.369616,1.632977,0.003833669,2.92321,2.972032,1.875048
-1.910747,1.340287,0.002234409,2.922804,2.922924,1.925118
-2.376488,1.629963,0.0008803366,2.923225,2.971997,1.975074
-2.370211,1.632269,-0.0004799006,2.92322,2.97201,1.925065
-1.909957,1.335231,0.001483862,2.922811,2.922908,1.975114
-1.912018,1.341791,0.001981337,2.922819,2.9229,2.075142
-2.376956,1.629856,0.003801624,2.923234,2.971989,2.025089
-1.910903,1.334725,0.003051524,2.922826,2.922911,2.025159
-2.370926,1.633455,0.004697881,2.92323,2.971989,2.075086
-1.911635,1.342478,0.003646249,2.922825,2.922911,2.125193
-2.37611,1.632062,0.003339364,2.923225,2.972009,2.175126
-2.370733,1.634019,0.0007297873,2.923232,2.971993,2.125106
-1.910944,1.337379,0.002697487,2.922812,2.922909,2.175204
-1.91463,1.341849,0.002614174,2.922796,2.922922,2.275255
-2.378164,1.62956,0.005650445,2.923227,2.972008,2.225147
-1.913492,1.334315,0.003853649,2.922821,2.922929,2.22526
-2.372578,1.633069,0.005790395,2.923214,2.972027,2.275151
-1.914943,1.341523,0.004859949,2.922803,2.922942,2.325325
-2.377847,1.631817,0.00401195,2.923207,2.97204,2.375226
-2.372768,1.633438,0.001639934,2.923214,2.972036,2.325182
-1.914353,1.336467,0.003847945,2.922791,2.922923,2.375373
-1.920167,1.343262,0.002244541,2.922815,2.922897,2.475504
-2.379762,1.629671,0.004578325,2.923229,2.972015,2.425267
-1.918152,1.33367,0.003887377,2.922828,2.922937,2.425462
-2.376904,1.634333,0.002571276,2.923224,2.972009,2.475297
-1.918358,1.35248,0.003773912,2.922854,2.922913,2.525642
-2.371479,1.642336,0.003231863,2.923228,2.971998,2.575493
-2.373178,1.642546,0.0004949782,2.923241,2.97199,2.525369
-1.916026,1.344099,-3.820899e-05,2.922836,2.922877,2.575816
-1.931185,1.339083,-0.01284786,2.922882,2.922895,2.676327
-2.385997,1.630079,-0.0004116698,2.923265,2.971987,2.625624
-1.929455,1.329803,-0.0100083,2.922901,2.922928,2.626049
-2.3841,1.627793,-0.007036811,2.923249,2.972016,2.675805
-1.916512,1.354867,-0.01326877,2.922998,2.922999,2.726804
-2.358511,1.657469,-0.01590577,2.923323,2.972154,2.776654
-2.358757,1.651519,-0.01053757,2.923306,2.972038,2.726108
-1.93171,1.347658,-0.04284991,2.923048,2.923034,2.777566
-2.05237,1.322757,-0.03202329,2.923799,2.923759,2.880152
-2.473056,1.587146,-0.02799227,2.923532,2.972313,2.827389
-2.066924,1.307509,-0.0519688,2.923396,2.923367,2.82862
-2.459578,1.588774,-0.07403421,2.923809,2.972818,2.878635
-2.01221,1.497188,-0.02009137,2.92473,2.924674,2.931923
-2.238728,1.535204,0.1080209,2.921523,2.974339,2.978658
-2.511279,1.710753,-0.09417037,2.924737,2.973734,2.930389
-1.76295,1.204732,0.03216941,2.922242,2.922178,2.979611
1.90218,3.774659,-0.274366,2.931136,3.324948,2.931131
2.052849,2.581758,0.05921007,2.92609,3.376092,2.979036
2.109981,3.342341,-0.1620826,2.931266,3.375005,2.931228
1.56595,2.966096,0.0982355,2.925992,3.324058,2.979056
2.020849,2.017887,0.08148198,2.933113,3.474948,2.933071
2.089063,2.116853,0.0798979,2.926098,3.424654,2.979117
2.089422,2.525568,-0.001010636,2.932224,3.424966,2.932182
1.982458,1.791618,0.09201266,2.927119,3.475438,2.979765
1.97801,1.03924,-0.006506458,2.934073,3.675035,2.933899
1.991784,1.094608,0.04806735,2.928223,3.62432,2.980061
2.036783,1.181631,0.004049147,2.934004,3.624979,2.933856
1.924573,0.934218,0.05911916,2.928301,3.675496,2.980119
1.871651,0.8355322,-0.02848993,2.934108,3.72498,2.93391
1.814085,0.6924637,0.06513267,2.928389,3.775689,2.980075
1.899105,0.7951555,-0.03590499,2.934127,3.77503,2.933907
1.824699,0.7195519,0.06291787,2.928343,3.724509,2.980123
1.582285,0.5053421,-0.03450027,2.934064,3.875043,2.933847
1.581803,0.492815,0.06839773,2.928377,3.82432,2.98007
1.640206,0.5700617,-0.04256854,2.934116,3.824987,2.93389
1.505589,0.4547735,0.0591047,2.928291,3.875506,2.980105
1.481034,0.4430425,-0.02818153,2.933957,3.925008,2.933751
1.440421,0.3905064,0.0696118,2.927873,3.975751,2.979937
1.490892,0.4519597,-0.03864083,2.933727,3.975082,2.933535
1.439442,0.3496631,0.06356374,2.928164,3.92454,2.980071
1.21806,0.2895306,-0.05231251,2.932199,4.07505,2.932075
1.204009,0.2711105,0.05207917,2.92714,4.024366,2.979695
1.263601,0.3347201,-0.05873271,2.933177,4.02506,2.933022
1.152871,0.2499511,0.04761112,2.925853,4.075174,2.97913
1.150564,0.2661834,-0.04179958,2.931023,4.125035,2.930926
1.186636,0.2388395,0.05370103,2.924602,4.17561,2.97843
1.146811,0.2567947,-0.04579763,2.930411,4.175023,2.930333
1.179528,0.1731826,0.04775189,2.925529,4.124059,2.978935
-0.6193127,0.04922897,0.01076778,2.950001,0.2461467,0.04526586
-0.6020051,0.01842912,0.003790945,2.848995,0.3525825,0.04269373
-0.6432669,0.0425044,0.01581813,2.951003,0.3525774,0.04269067
-0.617629,0.04109874,-0.004740597,2.850021,0.2388566,0.1415958
-0.6402895,-0.0005982962,0.009482444,2.949978,0.2388458,0.1415875
-0.5782355,0.03505204,-0.01361205,2.850185,0.3405872,0.1380662
-0.5896578,0.0609118,0.01441763,2.94981,0.3405705,0.138056
-0.6413796,0.00365209,-0.01175839,2.94998,0.2405772,2.856644
-0.5880783,0.03908589,0.003791239,2.850197,0.3417127,2.861336
-0.5859933,0.06231851,-0.01465847,2.949799,0.341845,2.861264
-0.5877694,0.02700317,-0.007367488,2.849927,0.2486733,2.953865
-0.6263063,0.05143058,-0.01651277,2.950005,0.2491622,2.953668
-0.5978838,0.01970636,-0.006663308,2.84899,0.3539237,2.957065
-0.6367353,0.04906326,-0.01938138,2.951001,0.3541317,2.95703
-0.5980107,0.00283257,0.012527,2.875541,0.1200819,0.07052464
-0.5972731,0.02951254,0.002092991,2.875551,0.1710847,0.02001903
-0.5675398,0.03147239,0.01429077,2.875012,0.1659283,0.06597214
-0.5730485,0.004992191,-0.007387843,2.87502,0.1212874,0.02111869
-0.657926,0.01750767,0.04510889,2.924459,0.1200809,0.07052377
-0.6611898,0.03460491,0.002322241,2.924449,0.1710837,0.02001815
-0.6103078,0.03794232,0.04605748,2.924987,0.1659252,0.06596949
-0.6146453,0.001373182,-0.004417571,2.92498,0.1212869,0.02111828
-2.579508,1.762341,0.02149879,2.965151,3.03657,0.0338504
-2.394773,1.477058,-0.04327929,2.962514,3.011264,0.0102027
-2.677371,1.587453,0.02043059,2.963382,3.011117,0.03411617
-2.05474,1.775747,-0.09426419,2.963126,3.037358,0.01009606
-2.462641,2.962843,-0.01322615,2.966917,3.162431,0.03305484
-0.1905273,2.851962,-0.3396961,2.963939,3.187843,0.009910675
-2.440713,3.199232,-0.03393394,2.966935,3.187486,0.03302557
-0.4474493,2.724279,-0.2661432,2.963921,3.162258,0.009891422
-1.662278,2.273385,0.0813409,2.927952,3.07377,0.1226
-2.18813,1.986992,0.04284548,2.92551,3.022595,0.1735496
-2.179271,1.997374,0.08550627,2.925494,3.022894,0.1225359
-1.67222,2.265935,0.05871684,2.928221,3.073468,0.1736908
0.89004,3.871296,0.6570945,2.929418,3.274979,0.07025634
-0.852831,3.092556,0.03057657,2.923855,3.224351,0.02182574
-0.2155115,3.360897,0.4987318,2.929222,3.224909,0.07037988
0.08754221,3.293657,0.2028651,2.923832,3.275454,0.02174963
1.653755,3.804295,0.4909465,2.929528,3.32499,0.07021458
2.024771,2.577336,0.04021051,2.923931,3.375628,0.02178641
1.936675,3.43795,0.2485932,2.929609,3.374997,0.07017466
1.350364,3.043375,0.1843892,2.923859,3.324539,0.02174236
2.031818,2.060917,-0.03539043,2.92969,3.475008,0.07017085
2.364973,2.002619,-0.08791072,2.923953,3.424369,0.02178298
2.076145,2.575234,0.05704668,2.929648,3.425012,0.07016723
2.364241,1.798001,-0.09427017,2.923901,3.475462,0.02172516
2.124852,1.601403,-0.08276029,2.929723,3.525014,0.07016664
2.331952,1.396455,-0.06306812,2.923955,3.575632,0.02178099
2.148949,1.493907,-0.06335985,2.929753,3.575,0.07014179
2.377482,1.478475,-0.07476914,2.923904,3.524549,0.02172938
1.918077,1.030832,0.02610026,2.929781,3.675004,0.07016347
2.160522,1.066001,-0.03554907,2.923947,3.624375,0.02177916
1.992558,1.181761,0.01735552,2.929764,3.625021,0.07014131
2.059721,0.9650303,-0.04139523,2.923898,3.675461,0.02173126
1.450038,0.4434233,0.03123162,2.929801,3.925004,0.07016931
1.499563,0.406903,-0.06279973,2.923947,3.975628,0.02177623
1.447352,0.4479769,0.03297958,2.929791,3.974983,0.07013571
1.493322,0.3398224,-0.05002935,2.923914,3.924544,0.02173312
1.162448,0.2783905,0.05673293,2.929776,4.074984,0.07015917
1.26845,0.2712691,-0.04740509,2.923943,4.024371,0.0217758
1.215958,0.3318904,0.05739763,2.929785,4.025004,0.07013266
1.232242,0.2791966,-0.03589027,2.923888,4.075455,0.02173013
1.136763,0.256467,0.04467333,2.929765,4.124991,0.07016551
1.183515,0.2366109,-0.05110645,2.923936,4.175629,0.02178204
1.221939,0.1377542,-0.08455351,2.978203,4.175574,0.07606184
1.139426,0.2528722,0.04567883,2.92975,4.174973,0.07015267
1.172363,0.1730646,-0.04158299,2.923881,4.124532,0.02173031
-1.62473,2.273364,0.02717295,2.92837,3.073304,0.2745336
-2.1219,2.028559,0.0098036,2.925441,3.022397,0.2240747
-1.599883,2.289312,0.01453814,2.928274,3.073378,0.2242014
-2.137089,2.014579,0.02158264,2.925497,3.022376,0.2744105
-1.639698,2.261933,0.0168366,2.928378,3.073302,0.3246749
-2.16081,1.997433,-0.002383699,2.925514,3.022363,0.3746664
-2.159596,1.998023,0.01437937,2.925477,3.022339,0.3245898
-1.643601,2.264632,-0.0007344773,2.928417,3.073285,0.3747717
-1.634329,2.269092,0.003734712,2.928431,3.073272,0.4748726
-2.148181,2.012606,-0.005201632,2.925489,3.022329,0.424748
-1.636009,2.269453,-0.004328935,2.92841,3.073287,0.4248185
-2.146872,2.013015,0.00292657,2.925513,3.022336,0.4748034
-1.635779,2.268537,-0.0001788185,2.928428,3.073275,0.5248922
-2.155067,2.004154,-0.005962715,2.925521,3.022338,0.5748478
-2.149184,2.010153,-0.001640896,2.925505,3.022325,0.5248532
-1.64291,2.263781,-0.00472413,2.928439,3.073271,0.5749087
-0.5859833,0.005047353,-0.02035302,2.875478,0.121806,2.925652
-0.5853393,0.04370943,-0.003872131,2.875488,0.1747294,2.978216
-0.5580199,0.03533463,-0.02074603,2.875027,0.1695764,2.930297
-0.5895886,-0.0006770128,0.002995301,2.887544,0.1106181,2.989489
-0.6514698,0.01588679,-0.03311343,2.924526,0.1219283,2.925338
-0.6417538,0.04857175,-0.001447463,2.924517,0.175025,2.978091
-0.6079668,0.04651,-0.05697976,2.925058,0.1698143,2.930049
-0.5981727,0.001588366,-0.001235894,2.912495,0.1106468,2.989456
1.205858,0.181687,0.007920462,2.967423,4.16256,2.967361
1.19291,0.1679346,0.05333907,2.964235,4.187869,2.990139
1.210771,0.1951196,0.006325337,2.967277,4.187525,2.967211
1.186873,0.08759287,0.04436928,2.964387,4.162281,2.990231
-2.240697,1.513388,-0.09961969,2.921322,2.974361,0.02139306
-2.505394,1.710745,0.09872467,2.924548,2.973777,0.06976204
-2.013826,1.505589,0.03283004,2.924636,2.924687,0.06819527
-1.742957,1.185235,-0.03020459,2.922158,2.922173,0.02041969
-2.15228,2.005423,-0.003626861,2.925506,3.022327,0.6248836
-1.63742,2.261123,-0.003029582,2.928432,3.073276,0.624917
-2.144335,2.009837,0.0001679519,2.925514,3.022338,0.6748951
-1.627096,2.266681,6.344017e-05,2.928439,3.073277,0.6749371
-2.151753,2.004771,-0.006406702,2.925511,3.022357,0.7749109
-2.144447,2.010848,-0.006467821,2.925507,3.022344,0.7249258
-1.626899,2.267763,-0.005166211,2.928433,3.073286,0.7249429
-1.635736,2.26228,-0.005496754,2.928435,3.07329,0.7749493
-2.149924,2.006506,-0.003350227,2.925494,3.022354,0.8249354
-2.141862,2.011289,0.0004417364,2.925493,3.022367,0.8749353
-1.623499,2.26809,0.0003262776,2.928428,3.073301,0.8749637
-1.633045,2.26336,-0.002976537,2.928427,3.073299,0.8249509
-2.15022,2.005257,-0.004789132,2.92548,3.02235,0.9749426
-2.141899,2.011737,-0.005389821,2.92548,3.022355,0.9249611
-1.622598,2.269099,-0.004056827,2.928422,3.0733,0.9249667
-1.632617,2.262955,-0.003842668,2.928424,3.073291,0.9749709
-2.149693,2.005424,-0.000629596,2.925476,3.022322,1.024969
-2.141022,2.010577,0.001459388,2.925486,3.022285,1.074962
-1.620492,2.268227,0.001156868,2.928437,3.073248,1.074983
-1.631116,2.262799,-0.0004410562,2.928426,3.073275,1.024974
-2.150039,2.004432,-0.004541421,2.925513,3.022251,1.174962
-2.141423,2.010926,-0.005059826,2.925496,3.022255,1.124981
-1.620296,2.268597,-0.003937001,2.92845,3.073229,1.124981
-1.630646,2.262167,-0.003762355,2.928468,3.073219,1.174983
-2.150055,2.004789,-0.0001188893,2.925522,3.022244,1.224985
-2.141269,2.010516,0.001776765,2.92553,3.022241,1.274972
-1.619675,2.268076,0.001289521,2.928497,3.073215,1.274987
-1.630405,2.262256,-0.000110837,2.928482,3.073216,1.224983
-2.150076,2.004736,-0.0029962,2.925542,3.022269,1.374981
-2.141334,2.010772,-0.004480663,2.925536,3.022257,1.324991
-1.619637,2.268352,-0.003489811,2.928509,3.073224,1.324987
-1.630021,2.262383,-0.002464348,2.928518,3.073229,1.374994
-2.150289,2.004636,0.001391632,2.925547,3.022254,1.425007
-2.141469,2.010511,0.002757394,2.925551,3.02223,1.474992
-1.619496,2.268079,0.002027047,2.92853,3.073205,1.475003
-1.630127,2.26217,0.001100587,2.928524,3.073221,1.424998
-2.150566,2.00435,-0.002288967,2.925557,3.02222,1.574996
-2.141709,2.010321,-0.003633529,2.925555,3.022219,1.525012
-1.619601,2.26785,-0.002845076,2.928534,3.073196,1.525002
-1.630119,2.261869,-0.00184827,2.928536,3.073196,1.575003
-2.150833,2.004384,0.001950792,2.925557,3.022231,1.625016
-2.142152,2.010421,0.003247673,2.925556,3.02225,1.675
-1.620414,2.267737,0.002405714,2.928538,3.073217,1.675006
-1.630579,2.261953,0.001598336,2.928537,3.073204,1.625002
-2.151067,2.004339,-0.0006957849,2.925552,3.022256,1.775013
-2.142121,2.010228,-0.002432267,2.925555,3.022257,1.725027
-1.62041,2.267558,-0.001787324,2.928538,3.073223,1.72501
-1.630936,2.26169,-0.0005507425,2.928535,3.073227,1.775014
-2.15155,2.003874,0.00377515,2.925557,3.02227,1.825035
-2.143049,2.010006,0.004740934,2.925556,3.022262,1.875023
-1.621733,2.267206,0.00369874,2.928539,3.073226,1.875021
-1.631977,2.261247,0.003117542,2.928539,3.07323,1.825015
-2.152349,2.003461,0.0002208391,2.925559,3.022222,1.975038
-2.143421,2.009003,-0.001486446,2.92556,3.022241,1.925048
-1.622282,2.266163,-0.00102681,2.928541,3.073211,1.925026
-1.633049,2.260347,0.0002409358,2.928539,3.073199,1.975031
-2.153213,2.003209,0.004521271,2.925567,3.022221,2.025061
-2.144776,2.0097,0.005369816,2.925562,3.022215,2.075042
-1.62504,2.266363,0.004211114,2.928541,3.073193,2.075033
-1.635022,2.260258,0.003791629,2.928543,3.073192,2.025031
-2.153016,2.004427,0.003156292,2.925558,3.022234,2.175066
-2.14475,2.009246,-0.0005398137,2.925564,3.022225,2.125067
-1.625526,2.26557,-0.0002810023,2.928542,3.073198,2.125035
-1.635743,2.260503,0.002748291,2.928538,3.073208,2.175047
-2.154849,2.002637,0.006923055,2.925563,3.022246,2.225093
-2.147275,2.008794,0.006296696,2.925554,3.022255,2.275075
-1.62941,2.265096,0.004814173,2.928536,3.073226,2.275054
-1.638508,2.259566,0.005955204,2.92854,3.073213,2.22505
-2.154882,2.003683,0.00421642,2.92555,3.022263,2.375128
-2.147348,2.007594,4.902252e-05,2.925558,3.022274,2.32511
-1.629965,2.263771,-7.831287e-05,2.92854,3.073231,2.325064
-1.639984,2.258411,0.003133862,2.928532,3.073233,2.375087
-2.158132,2.001864,0.006239352,2.925565,3.022259,2.425167
-2.15404,2.006837,0.001061962,2.925553,3.022234,2.475164
-1.640617,2.264328,-0.001024902,2.928529,3.073213,2.475118
-1.646358,2.260998,0.004683945,2.928539,3.073219,2.425099
-2.149643,2.011762,0.004280624,2.925546,3.022209,2.575287
-2.150327,2.011746,-0.002414796,2.925564,3.022229,2.525222
-1.638572,2.267201,-0.003756589,2.928535,3.073198,2.525145
-1.637716,2.266083,0.002069854,2.928516,3.073201,2.575208
-2.162449,2.001384,0.004455377,2.925574,3.022235,2.625385
-2.157336,1.997365,-0.01243611,2.925545,3.022221,2.675489
-1.640735,2.258111,-0.01976833,2.928496,3.073216,2.675408
-1.64853,2.2681,0.0008113933,2.928527,3.073193,2.625275
-2.12282,2.031005,-0.007501357,2.925546,3.022304,2.776118
-2.130694,2.017436,-0.01929844,2.925576,3.022272,2.725717
-1.63328,2.271533,-0.02781864,2.928505,3.073226,2.725625
-1.605505,2.287851,-0.008119655,2.928454,3.073306,2.77608
-2.222993,1.959789,-0.02138148,2.925665,3.022508,2.826729
-2.201469,1.968114,-0.08367665,2.925755,3.02282,2.8778
-1.676918,2.242107,-0.07810462,2.92851,3.073712,2.878103
-1.690726,2.242603,-0.03776971,2.928508,3.073402,2.826787
-2.007433,1.934107,0.09653471,2.92324,3.023409,2.978437
-2.260822,1.98703,-0.1327904,2.926365,3.023687,2.929485
-1.765486,2.311874,0.1015952,2.924884,3.075655,2.978693
-1.871736,2.243394,-0.1237996,2.928825,3.074207,2.929964
-2.537565,1.972684,0.0876468,2.966162,3.061906,0.03346032
-1.580307,2.180728,-0.1276464,2.963821,3.087776,0.009982021
-2.561398,2.193599,0.06894579,2.966616,3.08721,0.03321843
-1.806498,1.937465,-0.1042445,2.963555,3.062076,0.01000911
-2.479201,2.702524,0.0186535,2.966887,3.137425,0.03307777
-1.218,2.334214,-0.1653841,2.963918,3.112113,0.009952905
-2.520467,2.426555,0.04594748,2.96679,3.112304,0.03312417
-0.9086681,2.592137,-0.2053601,2.963924,3.137741,0.009905322
1.190815,0.1422331,0.0004744371,2.967824,4.137627,2.967756
1.171582,0.03461995,0.0420326,2.965542,4.11172,2.990762
1.201409,0.1516767,0.003577316,2.968605,4.112619,2.968493
1.175101,0.1142888,0.0402862,2.96483,4.137701,2.990416
-0.6030449,0.0009471017,-0.07588472,2.850072,0.1380664,0.243134
-0.6133832,-0.007531711,0.08802085,2.949927,0.1380642,0.2431326
-0.6385184,-0.02989158,-0.009259531,2.84919,0.1217004,0.345203
-0.6615705,0.0349527,0.03873547,2.950809,0.1216997,0.3452024
0.5710146,3.43747,0.01226635,2.953453,3.251623,0.2497105
2.491882,3.032976,0.07879245,2.954837,3.352799,0.251393
0.4804007,3.433553,-0.01150465,2.954048,3.251973,0.3498667
2.470924,3.025496,0.06195935,2.956535,3.355718,0.3513295
0.5282724,3.428693,-0.006785673,2.954306,3.252204,0.4498449
2.550174,2.958882,-0.04121677,2.956953,3.3563,0.4490258
0.5262726,3.432994,-0.0129971,2.954403,3.25224,0.5499134
2.531071,2.959629,0.02913021,2.957178,3.35651,0.5509499
0.5613327,3.424736,-0.003205913,2.954427,3.252242,0.6499364
2.578406,2.88382,-0.06028487,2.957229,3.356531,0.6489586
0.5676118,3.425637,-0.008926614,2.954445,3.252246,0.7499644
2.574656,2.883755,0.03767714,2.957263,3.356542,0.7509797
0.5775352,3.42301,0.002297592,2.954445,3.252245,0.8499649
2.585327,2.878068,-0.04805695,2.957268,3.356543,0.8489745
0.5801906,3.423999,-0.006781329,2.954451,3.252245,0.9499795
2.585299,2.878254,0.03803938,2.957277,3.356541,0.9509903
0.5880295,3.422428,0.003413565,2.954456,3.25224,1.049975
2.593095,2.868626,-0.04526173,2.95728,3.35654,1.04898
0.5913654,3.422636,-0.006319482,2.954472,3.252236,1.149986
2.594327,2.86795,0.04093665,2.95729,3.356538,1.150994
0.5940548,3.422402,0.004203174,2.95449,3.252235,1.249982
2.596973,2.867343,-0.04330476,2.9573,3.356537,1.248984
0.4591061,3.227164,-0.0007277505,2.859198,3.24974,1.349961
0.5934256,3.422362,-0.005418725,2.954509,3.252236,1.349995
0.979417,2.744617,-0.002168201,2.862316,3.349969,1.349949
2.596183,2.867707,0.04209881,2.957312,3.356537,1.350999
0.5950484,3.422621,0.004735329,2.954523,3.252235,1.449992
0.9803378,2.743952,0.001330471,2.862348,3.349969,1.449985
2.597786,2.866719,-0.0422734,2.957322,3.356537,1.448991
0.460233,3.227676,0.0002186641,2.859265,3.249732,1.550024
0.5954351,3.422661,-0.005039415,2.954532,3.252233,1.550005
0.980469,2.743842,-0.0006754557,2.862374,3.349968,1.550012
2.597509,2.866773,0.04289483,2.95733,3.356537,1.551006
0.5935784,3.422957,0.005287269,2.954538,3.252235,1.650001
0.9798786,2.746007,0.002642219,2.862395,3.349967,1.650048
2.596177,2.86831,-0.04149426,2.957335,3.356537,1.648998
0.4597662,3.228376,0.001506068,2.85929,3.249732,1.75009
0.5925653,3.422924,-0.004274901,2.95454,3.252236,1.750014
0.9798436,2.745731,0.000643384,2.862398,3.349972,1.750078
2.595599,2.86848,0.04377463,2.957337,3.356537,1.751013
0.5891387,3.423279,0.006007613,2.954542,3.252237,1.85001
0.9780897,2.747721,0.004536086,2.862411,3.349966,1.850119
2.593025,2.869178,-0.04031862,2.957339,3.356538,1.849004
0.4590016,3.2312,0.00453066,2.859292,3.249729,1.950172
0.5884389,3.423297,-0.00316891,2.95454,3.252234,1.950023
0.9784558,2.747932,0.004190297,2.862394,3.349977,1.950162
2.592945,2.869028,0.0464198,2.957337,3.356538,1.95102
0.5804402,3.424727,0.007321463,2.954542,3.252234,2.05002
0.9733777,2.760989,0.009169558,2.862405,3.349965,2.050218
2.584294,2.878999,-0.03748541,2.957338,3.356537,2.049012
0.4564691,3.234367,0.007822447,2.85927,3.249727,2.150296
0.5768145,3.423608,-0.001852911,2.954536,3.252233,2.150037
0.9724498,2.760086,0.006672751,2.862356,3.349986,2.150299
2.583113,2.878963,0.04872521,2.95733,3.356538,2.151034
0.564572,3.426766,0.009275185,2.954534,3.252237,2.25004
0.9712375,2.769478,0.01282816,2.862349,3.349966,2.250399
2.571875,2.884601,-0.03744157,2.957324,3.356537,2.249037
0.4527782,3.245172,0.02295931,2.859185,3.249727,2.350547
0.5564426,3.42567,0.00376881,2.954516,3.252236,2.350077
0.9700566,2.771137,0.02235982,2.862211,3.350003,2.350594
2.574801,2.884946,0.06213798,2.95729,3.356528,2.351082
0.5180278,3.435813,0.01394498,2.954493,3.252232,2.450119
0.9575788,2.869947,0.02077454,2.862101,3.349963,2.450856
2.526353,2.960566,-0.02722056,2.957241,3.356504,2.449133
0.4635621,3.267146,0.0345324,2.858846,3.249721,2.551267
0.5184309,3.432346,0.009318027,2.9544,3.252196,2.550239
0.9535935,2.855317,0.02201794,2.861621,3.350021,2.551444
2.544675,2.959807,0.04914654,2.957025,3.356294,2.551162
-0.6384129,-0.02980529,0.009080175,2.849184,0.1217275,2.654207
-0.661287,0.03495741,-0.03923129,2.950812,0.1217324,2.654123
-0.6043965,-0.0004238902,0.0781274,2.850056,0.1382666,2.755562
-0.6122479,-0.008124114,-0.08725202,2.949923,0.1383047,2.755348
0.4593183,3.444519,0.02063909,2.954159,3.251962,2.650348
0.9657667,2.944764,-0.0419962,2.860983,3.349947,2.652387
2.465078,3.021795,-0.05352061,2.95663,3.355706,2.649053
0.4731122,3.278895,0.08770447,2.8574,3.249742,2.754094
0.564821,3.452812,0.02608246,2.953653,3.2516,2.750866
0.9835489,2.918073,0.03464658,2.859227,3.350045,2.754453
2.510702,3.026976,-0.02578661,2.955041,3.352797,2.749431
-2.147628,1.830461,0.04628676,2.963746,3.034744,0.1621314
-2.627448,1.584389,0.02300983,2.961246,3.008729,0.1871681
-2.143644,1.826389,0.02219382,2.963762,3.034684,0.1872417
-2.625463,1.587987,0.03741675,2.961229,3.008756,0.1621031
-1.38111,2.491123,0.05565005,2.929416,3.124296,0.1224402
-0.8787785,3.101347,0.08932495,2.930932,3.174557,0.1734225
-0.7774651,3.091873,0.1014011,2.930084,3.174714,0.1222535
-1.421605,2.483476,0.04922892,2.929961,3.124163,0.1735905
0.2007517,2.949204,-0.5127344,2.963935,3.212141,0.00991461
-2.322563,3.420848,-0.06220658,2.966936,3.212465,0.03301346
-2.188307,3.590807,-0.08512698,2.966954,3.237505,0.03299679
0.2457918,3.128042,-0.5517308,2.963925,3.237735,0.009886832
2.258426,3.433203,0.1333618,2.967017,3.362488,0.03297725
2.365711,2.572645,-0.06308631,2.963955,3.387852,0.009909466
2.40316,2.953895,0.07269095,2.967028,3.387513,0.03298377
2.208565,2.831302,-0.1348888,2.963928,3.362259,0.009879559
2.578992,2.140657,-0.07691024,2.967037,3.437516,0.03298375
2.550784,2.175763,-0.08366187,2.963976,3.412148,0.009906305
2.573168,2.36084,-0.03881618,2.96704,3.412493,0.03299143
2.63148,2.037341,-0.08190692,2.963981,3.43774,0.009888174
2.514779,1.386037,-0.07905246,2.967046,3.562498,0.03297055
2.488357,1.286567,-0.07093266,2.963951,3.587847,0.009902312
2.528879,1.363439,-0.05554983,2.967047,3.587512,0.03297417
2.501271,1.297474,-0.07477653,2.963936,3.562268,0.00987129
2.289746,1.077904,-0.007645143,2.967034,3.637518,0.03297753
2.345545,1.071266,-0.04889602,2.963944,3.612146,0.009909807
2.366776,1.185095,-0.01121983,2.967038,3.612495,0.03297731
2.275331,0.9886815,-0.05065423,2.963924,3.637743,0.009881303
1.984266,0.6554713,-0.005057227,2.967064,3.762493,0.03299487
1.971112,0.5583613,-0.05508124,2.964055,3.78786,0.009932289
1.987799,0.6584218,-0.001240245,2.967072,3.787516,0.0329967
1.966167,0.533133,-0.0489624,2.963991,3.762264,0.009887968
1.751132,0.4722891,-0.001539369,2.967082,3.837509,0.03300299
1.772634,0.4444865,-0.05480973,2.964086,3.812149,0.0099334
1.800782,0.523379,0.001994201,2.967086,3.812495,0.03300215
1.713556,0.432048,-0.0517692,2.964066,3.837736,0.009904321
1.541225,0.341898,-0.01455868,2.967043,3.962491,0.03295483
1.528424,0.3032802,-0.06232039,2.963939,3.987852,0.00989653
1.543042,0.3557425,-0.0142884,2.967041,3.987508,0.03294592
1.519138,0.2438671,-0.05490777,2.963923,3.962267,0.009867573
1.32685,0.2511433,0.009763755,2.96704,4.037505,0.03295049
1.326681,0.2442678,-0.04548088,2.963936,4.012147,0.009895095
1.363601,0.2828307,0.01156647,2.967041,4.012487,0.03294622
1.283152,0.2345206,-0.03997561,2.963914,4.037735,0.009865995
1.205645,0.1902062,-0.002543822,2.96702,4.162486,0.03297079
1.190612,0.1728436,-0.04941854,2.963944,4.187854,0.009903568
1.207762,0.198595,-0.001583577,2.967037,4.187504,0.03297515
1.183908,0.1123262,-0.04154876,2.963921,4.162267,0.009886175
-2.163659,1.83377,0.001922123,2.963762,3.034639,0.2373619
-2.596019,1.615256,0.006090745,2.961211,3.008679,0.2122664
-2.106507,1.852345,0.01195355,2.963749,3.034662,0.2123108
-2.594819,1.61282,-0.0005450625,2.961226,3.008676,0.2373071
-1.368023,2.490749,0.03103719,2.930289,3.124038,0.2745247
-0.7212619,3.146478,0.02192119,2.931232,3.174553,0.2240339
-1.3245,2.506489,0.017198,2.930131,3.124055,0.2241623
-0.7835187,3.142885,0.04998787,2.931503,3.174488,0.274454
-2.61781,1.588089,-0.005555159,2.961227,3.00869,0.3874201
-2.145062,1.814438,0.00755353,2.963765,3.034649,0.3624548
-2.157873,1.812361,-0.007315447,2.96377,3.034648,0.3874567
-2.619898,1.587459,0.003281861,2.961215,3.00868,0.3624402
-1.407391,2.48601,0.01956114,2.930323,3.12401,0.3246859
-0.8217152,3.129942,0.0004594959,2.931662,3.17447,0.3747455
-0.796135,3.127942,0.02334308,2.931575,3.174496,0.3246491
-1.417752,2.488619,-0.003529814,2.930377,3.124017,0.3747851
-2.612912,1.599308,-0.003864484,2.961214,3.008665,0.4124593
-2.613093,1.597878,-0.01046987,2.961218,3.008659,0.4374392
-2.167095,1.816248,-0.01063274,2.963766,3.034628,0.4374686
-2.146421,1.823037,0.0009570205,2.963763,3.034639,0.4124734
-1.397102,2.494243,0.003292678,2.930404,3.124009,0.4748864
-0.7641186,3.136335,-0.009917175,2.931667,3.174486,0.4248171
-1.396897,2.495777,-0.005072871,2.930376,3.124005,0.4248361
-0.7701325,3.135962,0.008281488,2.931712,3.17447,0.4748701
-2.616574,1.590236,-0.006990612,2.961224,3.008658,0.5874522
-2.617732,1.589545,0.001645579,2.961216,3.008651,0.5624871
-2.155059,1.812846,0.004413823,2.963766,3.034621,0.5624868
-2.154121,1.814207,-0.01020423,2.963769,3.034622,0.5874768
-1.397861,2.494532,0.001222129,2.930402,3.124002,0.5249089
-0.7851522,3.13378,-0.005114066,2.931733,3.17447,0.5749042
-0.7804452,3.135751,-1.081264e-05,2.931715,3.174477,0.5249131
-1.40441,2.492256,-0.007733986,2.930416,3.124008,0.5749204
1.07699,3.887291,-0.4144169,2.931816,3.274964,2.931865
0.002680676,3.37156,0.1480521,2.926617,3.22427,2.9795
-0.3212819,3.40013,-0.4349843,2.932195,3.224874,2.932319
0.9692351,3.413007,0.1125506,2.925842,3.275114,2.979081
2.42266,3.069922,0.00444001,2.968202,3.362445,2.968059
2.259085,2.597182,0.07442204,2.965878,3.388296,2.99077
2.321563,2.685517,0.0227448,2.968794,3.387427,2.968652
2.153239,2.842557,0.0733718,2.965414,3.362332,2.990508
2.126955,1.583675,0.1148149,2.93363,3.524912,2.933541
2.10412,1.38945,0.06715981,2.928064,3.575664,2.980041
2.180988,1.481568,0.09002477,2.933883,3.575006,2.933749
2.047786,1.490009,0.08519952,2.927736,3.524436,2.980008
-2.430964,1.60764,0.04574436,2.923442,2.972417,0.1728464
-2.428769,1.613043,0.07173139,2.923665,2.972893,0.1215894
-2.015983,1.347974,0.03882616,2.923718,2.923814,0.1200583
-2.020675,1.334006,0.05089095,2.923347,2.923471,0.1716325
-2.358784,1.650661,0.01480198,2.923266,2.972277,0.2235464
-2.36747,1.645561,0.01528973,2.923271,2.972181,0.2740491
-1.915427,1.354652,0.01074016,2.923006,2.923169,0.2733972
-1.926251,1.341712,0.02077438,2.923031,2.923173,0.2226707
-2.388044,1.623368,0.002337114,2.923252,2.97216,0.3744587
-2.387431,1.624162,0.008680346,2.923226,2.972175,0.3243082
-1.928299,1.326011,0.01035411,2.922935,2.923134,0.37407
-1.93175,1.333713,0.009340339,2.922904,2.923088,0.3238295
-2.616358,1.59273,-0.001916146,2.961219,3.008655,0.6124878
-2.617785,1.591382,-0.008697386,2.961218,3.008655,0.6374612
-2.15778,1.813145,-0.009690272,2.963767,3.034622,0.6374808
-2.154044,1.816101,0.002157812,2.963767,3.034623,0.6124876
-0.7431007,3.132483,-0.008354568,2.931726,3.17448,0.6249324
-1.391261,2.492667,-0.003819881,2.930409,3.124005,0.6249311
-1.380885,2.495854,-0.0004136017,2.930418,3.124012,0.6749458
-0.7405204,3.139813,0.002354731,2.93174,3.174475,0.6749362
-2.616803,1.590209,-0.007947388,2.961216,3.008675,0.7874678
-2.617961,1.589394,0.0002566015,2.961217,3.008676,0.7625032
-2.155853,1.813101,0.002686517,2.963767,3.03465,0.7624977
-2.153218,1.814893,-0.01119505,2.963764,3.034649,0.7874874
-1.379343,2.496666,-0.003519954,2.930414,3.124013,0.7249541
-0.7421608,3.139835,-0.002065647,2.931741,3.174479,0.7749431
-0.7348682,3.142264,-0.004989813,2.931737,3.17448,0.7249635
-1.38793,2.492926,-0.005200617,2.930417,3.12402,0.7749558
-2.615593,1.593008,-0.001554311,2.961211,3.008675,0.8124958
-2.616826,1.591829,-0.008857938,2.96121,3.008687,0.8374633
-2.156783,1.814531,-0.0100533,2.963763,3.034665,0.8374775
-2.152417,1.817207,0.002459304,2.963761,3.034654,0.8124885
-1.373327,2.497495,-0.0003955218,2.930414,3.124025,0.8749681
-0.7318949,3.142092,-0.005736929,2.931734,3.174486,0.8249663
-1.382536,2.494118,-0.002347785,2.930411,3.124021,0.8249606
-0.7285931,3.143227,0.001503212,2.93174,3.174483,0.8749583
-2.616361,1.590827,-0.005990506,2.961199,3.008703,0.9874731
-2.617468,1.59013,0.001742017,2.961198,3.008699,0.9625021
-2.154925,1.814426,0.004075513,2.963759,3.034679,0.9624951
-2.152993,1.816119,-0.009254995,2.96376,3.034679,0.9874878
-1.370817,2.498319,-0.002408105,2.93041,3.124022,0.9249735
-0.7326885,3.141703,-0.0008824622,2.931742,3.174477,0.9749616
-0.7238684,3.145587,-0.003418405,2.931738,3.174483,0.9249826
-1.380434,2.493862,-0.003857898,2.930414,3.124018,0.9749738
-2.615911,1.591845,0.0005875258,2.961198,3.008696,1.012507
-2.617162,1.590837,-0.006591237,2.9612,3.008682,1.037483
-2.154537,1.814968,-0.007991329,2.963762,3.03466,1.037497
-2.152942,1.816835,0.004515218,2.96376,3.034674,1.012501
-1.367336,2.497812,0.0002445887,2.93043,3.123992,1.074983
-0.7264425,3.14157,-0.00313131,2.931744,3.174473,1.024984
-1.377549,2.493905,-0.0002967582,2.930417,3.124006,1.024978
-0.7174489,3.145455,0.001673968,2.931758,3.174463,1.074971
-2.616406,1.590159,-0.005855999,2.961222,3.008637,1.187473
-2.617619,1.589282,0.001884784,2.961211,3.008625,1.162504
-2.152794,1.81393,0.004140514,2.96377,3.034609,1.162495
-2.152322,1.815552,-0.009219803,2.963778,3.034615,1.187487
-1.366156,2.497916,-0.00268782,2.930443,3.123978,1.124985
-0.7234251,3.142439,-0.0008634155,2.931789,3.174449,1.174973
-0.7157513,3.146615,-0.003862345,2.931771,3.174456,1.124994
-1.37655,2.4931,-0.00364333,2.930462,3.123971,1.174984
-2.615993,1.591302,0.00128184,2.961223,3.008636,1.212513
-2.617291,1.590295,-0.00612528,2.961217,3.008624,1.237484
-2.152599,1.81448,-0.007729149,2.963777,3.034608,1.237497
-2.15197,1.816427,0.005121429,2.963779,3.034615,1.212505
-1.364994,2.497346,0.000374045,2.930497,3.123967,1.274988
-0.7216429,3.142852,-0.00263259,2.931805,3.174447,1.224994
-1.375633,2.493079,9.076703e-05,2.930478,3.123967,1.224987
-0.7136351,3.146112,0.001857087,2.931827,3.174445,1.274979
-2.616044,1.59095,-0.004409792,2.961222,3.008674,1.387483
-2.617226,1.590065,0.00303003,2.961217,3.00867,1.362511
-2.152866,1.814737,0.005085422,2.963787,3.034651,1.362502
-2.151364,1.816507,-0.007891731,2.963788,3.034652,1.387495
-1.365006,2.497269,-0.002083224,2.930512,3.12397,1.324991
-0.7219045,3.142114,0.0003999746,2.931854,3.174445,1.374984
-0.7137734,3.145522,-0.003030799,2.931842,3.174446,1.325002
-1.374984,2.492901,-0.002396299,2.930524,3.123972,1.374994
-2.616142,1.591093,0.002284654,2.961225,3.008668,1.412519
-2.617343,1.590216,-0.004831492,2.961223,3.008648,1.437495
-2.152861,1.814658,-0.006632835,2.963787,3.034628,1.437505
-2.151638,1.816389,0.006053871,2.963789,3.034644,1.412511
-1.364747,2.497055,0.0007937702,2.930539,3.123959,1.475
-0.7222244,3.141762,-0.00156407,2.931863,3.174443,1.425006
-1.3748,2.492697,0.001064211,2.930532,3.123967,1.424998
-0.7130173,3.145727,0.001942097,2.931873,3.174439,1.474988
-2.616571,1.590515,-0.00369573,2.96123,3.008614,1.587484
-2.617745,1.589606,0.003762795,2.961227,3.00861,1.562515
-2.152735,1.814004,0.005767534,2.963789,3.034588,1.562506
-2.151428,1.815758,-0.00727538,2.96379,3.034591,1.587493
-1.364948,2.496868,-0.001720379,2.930543,3.123954,1.525002
-0.7206063,3.142358,0.001115695,2.93188,3.174437,1.574993
-0.7133775,3.145613,-0.002950261,2.931878,3.174436,1.525012
-1.375214,2.492529,-0.001705326,2.930545,3.123953,1.575002
-2.616586,1.590674,0.003231334,2.961229,3.008618,1.612515
-2.617857,1.589776,-0.00417895,2.961223,3.008624,1.637481
-2.152743,1.814053,-0.006104094,2.963787,3.034608,1.637487
-2.151589,1.815839,0.00689764,2.963789,3.034596,1.612502
-1.365956,2.496512,0.001150532,2.93055,3.123964,1.675004
-0.720873,3.142844,-0.0008940981,2.931883,3.174438,1.625015
-1.375819,2.492434,0.001643374,2.930548,3.123958,1.625004
-0.7163846,3.144462,0.002276148,2.931886,3.174441,1.674996
-2.61667,1.59098,-0.00223483,2.961226,3.008651,1.787483
-2.617958,1.590068,0.005179239,2.96122,3.00864,1.762519
-2.15276,1.814252,0.006935842,2.963784,3.034632,1.762508
-2.152323,1.816023,-0.00591075,2.963788,3.034638,1.78749
-1.366188,2.496409,-0.000632536,2.930551,3.123969,1.72501
-0.7218989,3.142008,0.001973017,2.931885,3.174446,1.775003
-0.7165392,3.144343,-0.001706471,2.931888,3.174443,1.72502
-1.376383,2.492214,-0.0006503414,2.930549,3.123971,1.775011
-2.617215,1.590207,0.004801306,2.961227,3.008669,1.812517
-2.618396,1.5893,-0.002686857,2.96122,3.00867,1.837491
-2.154136,1.813566,-0.004795615,2.96379,3.034652,1.837497
-2.152913,1.815335,0.008389777,2.963791,3.034648,1.812504
-1.368287,2.495892,0.002110227,2.930552,3.123969,1.875015
-0.72633,3.140561,0.0001494569,2.931888,3.174444,1.825026
-1.378292,2.491634,0.002902666,2.930551,3.123973,1.825015
-0.7184585,3.14376,0.003077252,2.931889,3.174444,1.875005
-2.617521,1.590323,-0.001402691,2.961231,3.008613,1.987496
-2.618803,1.589382,0.005820214,2.961227,3.008614,1.962527
-2.153915,1.81304,0.007587626,2.963789,3.034595,1.962515
-2.153415,1.8147,-0.005141076,2.96379,3.03459,1.987503
-1.369356,2.495268,-0.0002891385,2.930553,3.123963,1.925021
-0.7266472,3.140095,0.002906763,2.931885,3.174439,1.975015
-0.7199964,3.143191,-0.00175368,2.93189,3.17444,1.92503
-1.380095,2.491091,8.703674e-05,2.93055,3.123955,1.975024
-2.618154,1.589259,0.005504443,2.961233,3.008613,2.012528
-2.61931,1.588406,-0.002181475,2.961228,3.008608,2.037496
-2.155414,1.811938,-0.004380697,2.96379,3.034586,2.037501
-2.153436,1.813794,0.00908476,2.963791,3.034588,2.012513
-1.373931,2.495037,0.002765627,2.930551,3.12395,2.075025
-0.7329375,3.140006,0.001077931,2.931889,3.174434,2.025038
-1.38352,2.490724,0.00382494,2.930553,3.123952,2.025027
-0.7260559,3.143116,0.003968565,2.931888,3.174436,2.075016
-2.617136,1.591834,0.001889548,2.961232,3.008644,2.187507
-2.61836,1.590717,0.008429797,2.961231,3.00864,2.162525
-2.15689,1.81283,0.009771206,2.963792,3.034614,2.162511
-2.153743,1.815329,-0.002179457,2.963792,3.034618,2.187508
-1.37597,2.494461,0.0006064434,2.930553,3.123955,2.125031
-0.7356479,3.138213,0.005760207,2.931882,3.174441,2.175032
-0.7271135,3.141873,-0.0009405543,2.93189,3.174435,2.125041
-1.386088,2.490615,0.002276576,2.930548,3.123958,2.175037
-2.618389,1.588958,0.008189034,2.96123,3.008632,2.212538
-2.619639,1.588153,0.0003790364,2.961222,3.008629,2.237499
-2.155004,1.811591,-0.002220386,2.963785,3.034618,2.237499
-2.154137,1.813071,0.01140693,2.963788,3.034614,2.21252
-1.382567,2.493177,0.003178206,2.930548,3.123968,2.275043
-0.7442401,3.137271,0.003020475,2.931888,3.174439,2.225057
-1.391548,2.48961,0.005881413,2.930552,3.123965,2.225043
-0.7385937,3.138701,0.004452786,2.931882,3.174445,2.275035
-2.617317,1.592491,0.002528815,2.961225,3.008665,2.387523
-2.618927,1.590974,0.008955668,2.961221,3.008672,2.362543
-2.158071,1.812256,0.00982565,2.96379,3.034653,2.362524
-2.154423,1.815518,-0.001747649,2.963791,3.034647,2.38752
-1.385011,2.492151,0.0001943669,2.930551,3.123975,2.325054
-0.7463299,3.128087,0.007772259,2.93187,3.17445,2.375069
-0.7446584,3.135823,-0.002644404,2.931885,3.174444,2.325065
-1.395261,2.489222,0.003544359,2.930542,3.12397,2.37507
-2.617504,1.589063,0.007284451,2.961231,3.008652,2.412559
-2.618894,1.588321,-0.001471983,2.961221,3.008634,2.437522
-2.153566,1.811677,-0.004511999,2.963785,3.034625,2.437519
-2.154287,1.812777,0.01042363,2.96379,3.034634,2.412536
-1.403528,2.489608,-0.00276893,2.930535,3.123956,2.475098
-0.7925182,3.130889,0.004916382,2.931878,3.174437,2.425102
-1.409026,2.488539,0.007591911,2.930547,3.123969,2.425084
-0.7875053,3.13159,-0.001838462,2.93186,3.174442,2.475097
-2.612847,1.599825,0.004122914,2.961228,3.008607,2.58756
-2.613772,1.598286,0.00981622,2.961231,3.008611,2.562575
-2.16187,1.816261,0.009786549,2.963791,3.034586,2.562545
-2.15076,1.821125,-0.001136762,2.963789,3.034586,2.587543
-1.403362,2.491048,-0.004198703,2.930538,3.123956,2.525129
-0.7645122,3.128813,0.005479383,2.931815,3.174445,2.575224
-0.7787723,3.135009,-0.009902063,2.931858,3.174431,2.525152
-1.40111,2.491875,0.001769247,2.930512,3.123945,2.575193
-2.61782,1.591636,0.008877487,2.961239,3.008615,2.612601
-2.620717,1.590664,-0.001138668,2.961227,3.008605,2.637575
-2.143742,1.819528,-0.006734232,2.963788,3.034585,2.637557
-2.160469,1.815918,0.009874035,2.963793,3.034584,2.612561
-1.412795,2.479468,-0.02292818,2.930472,3.123951,2.675426
-0.837643,3.13454,-0.001819473,2.931815,3.174425,2.625334
-1.422145,2.490628,0.002833169,2.930517,3.123955,2.625272
-0.8126941,3.118069,-0.02910252,2.93174,3.174454,2.675503
-2.600273,1.61131,0.002770559,2.961238,3.008637,2.78782
-2.599489,1.609077,0.007721997,2.96125,3.008636,2.762759
-2.163309,1.830721,0.002174624,2.963797,3.034598,2.762714
-2.134663,1.839106,-0.007698261,2.963787,3.034622,2.787796
-0.7113349,3.134162,-0.0141004,2.93152,3.174514,2.776523
-1.390237,2.481984,-0.0294148,2.930463,3.123983,2.725699
-0.8426357,3.124976,-0.04833721,2.931701,3.174445,2.725843
-1.332262,2.502017,-0.007251993,2.930375,3.124005,2.776262
-2.652458,1.570133,-0.001645857,2.961282,3.008685,2.812943
-2.650375,1.574236,-0.01651928,2.961269,3.008705,2.838034
-2.148672,1.826957,-0.02724278,2.963802,3.034692,2.83806
-2.191634,1.80321,-0.003761549,2.963811,3.034633,2.812905
-0.8958232,3.124169,-0.07446488,2.931471,3.17452,2.827604
-0.8884042,3.101941,-0.08199147,2.931344,3.174675,2.87945
-1.45844,2.442603,-0.05285352,2.930369,3.124256,2.878816
-1.405961,2.458842,-0.03421629,2.930391,3.124114,2.827182
-2.381014,1.493588,0.05132189,2.962708,3.011244,2.989846
-2.684661,1.605846,-0.002220932,2.963553,3.0111,2.965996
-2.629671,1.784385,0.007380565,2.965494,3.036499,2.966412
-2.074083,1.808493,0.1119384,2.96355,3.037329,2.990011
-1.024522,3.053327,0.1916469,2.926507,3.175643,2.979429
-1.320184,2.870899,-0.1512736,2.931918,3.174801,2.931958
-1.429956,2.6359,0.1887889,2.925381,3.124763,2.978895
-1.643457,2.511705,-0.08760626,2.930785,3.124616,2.931078
-2.378356,1.794169,0.0336072,2.964191,3.035708,0.06013379
-2.644571,1.637725,0.08313111,2.961563,3.009289,0.08611922
-2.629065,1.597516,0.07855714,2.96201,3.009833,0.06039592
-2.240695,1.872302,0.07166355,2.963899,3.035179,0.08604618
2.011387,0.7018526,0.01229001,2.967059,3.737508,0.03298312
2.030384,0.6688959,-0.04331787,2.963951,3.712153,0.00989323
2.044953,0.7659652,0.01883025,2.967059,3.712493,0.03296863
1.983339,0.609533,-0.04126516,2.963955,3.737747,0.009873375
1.656524,0.4328828,0.002816575,2.967073,3.862484,0.03299919
1.624029,0.3778496,-0.04171968,2.964003,3.887842,0.009907773
1.663491,0.4368004,0.01134775,2.967078,3.887506,0.03299873
1.634317,0.3733908,-0.04166696,2.964031,3.862232,0.009900192
2.283313,3.45025,-0.0004935006,2.9682,3.337547,2.96804
1.745493,3.286757,0.07237186,2.965843,3.311704,2.990774
1.978938,3.577171,0.03846611,2.968768,3.312557,2.968592
1.909559,3.14071,0.0754765,2.965403,3.33769,2.990511
-2.61211,1.618225,0.07288099,2.961316,3.008976,0.1116108
-2.142664,1.860172,0.06224111,2.963761,3.034956,0.1115842
-2.124969,1.860343,0.06036383,2.963771,3.034806,0.1369369
-2.613162,1.617431,0.06002212,2.961287,3.008864,0.1368967
-1.989339,3.762363,-0.07380812,2.966973,3.262482,0.03299096
0.8429128,3.454027,-0.4845709,2.963938,3.287846,0.00990227
-1.407734,3.991005,-0.0172813,2.967001,3.287512,0.03298291
0.6362917,3.291305,-0.587079,2.963926,3.262241,0.009883959
1.465625,3.968119,0.1834855,2.96702,3.337511,0.03297483
1.458366,3.392012,-0.3974122,2.963943,3.312163,0.009893128
-0.1033545,4.053225,0.1071603,2.967018,3.312491,0.03297944
1.862319,3.255145,-0.2081361,2.963928,3.337755,0.009869733
2.559438,1.890777,-0.1077374,2.967043,3.462495,0.03298009
2.579646,1.732019,-0.06833285,2.964018,3.487839,0.009917876
2.563615,1.802863,-0.10812,2.967053,3.487512,0.03297957
2.601352,1.824087,-0.07112181,2.964003,3.462247,0.009895032
2.529135,1.493706,-0.09192265,2.967051,3.53752,0.03297834
2.555075,1.507511,-0.06606274,2.963992,3.512161,0.009907711
2.545227,1.571777,-0.08810361,2.967053,3.512497,0.03297907
2.538114,1.427925,-0.07242391,2.963947,3.537769,0.009872133
2.142649,0.8216827,-0.04689876,2.963943,3.687845,0.009892138
2.179661,0.9239205,0.003702481,2.967056,3.687513,0.03296686
2.181964,0.9473839,-0.003526404,2.967045,3.662498,0.03297417
2.178107,0.8512119,-0.04966752,2.963926,3.66225,0.009870793
1.535583,0.2795778,-0.04441911,2.963968,3.91217,0.009895433
1.566612,0.3522665,0.01240363,2.967071,3.912496,0.03298632
1.551775,0.3253158,0.002612786,2.967053,3.937514,0.03296777
1.517893,0.274429,-0.04304576,2.963931,3.937766,0.009866699
1.267471,0.2361219,0.01381665,2.967043,4.062484,0.03295415
1.241517,0.2011071,-0.03241738,2.963932,4.087836,0.009888961
1.275154,0.2374862,0.02445672,2.967051,4.087501,0.03296197
1.241473,0.1968102,-0.03149804,2.963913,4.062238,0.009865011
1.213458,0.1659211,0.01240972,2.967023,4.137501,0.03297036
1.184067,0.1295911,-0.0373552,2.963936,4.112149,0.009893873
1.218182,0.1792593,0.01975987,2.967048,4.112482,0.032973
1.178154,0.1408373,-0.03361813,2.963918,4.137752,0.009882688
-2.16563,1.824377,0.02185807,2.963757,3.034635,0.2623998
-2.609014,1.611577,0.017153,2.961227,3.008669,0.2873628
-2.138216,1.834662,0.015201,2.963766,3.034629,0.2874117
-2.608664,1.610431,0.01985307,2.961211,3.008658,0.2623735
-2.14376,1.818942,0.005369873,2.963764,3.034638,0.337436
-2.611549,1.593801,0.01739754,2.961212,3.008658,0.312412
-2.144689,1.819028,0.02149387,2.96376,3.034634,0.3124326
-2.612196,1.593567,0.006688898,2.961218,3.008669,0.3374007
-2.60938,1.60369,-0.001108284,2.961223,3.008658,0.4874442
-2.609483,1.60232,0.00529202,2.961214,3.008652,0.4624751
-2.161497,1.819656,0.00764595,2.963765,3.034624,0.46248
-2.140252,1.82667,-0.00374887,2.963768,3.034622,0.4874716
-2.607173,1.599791,0.002008758,2.961218,3.008654,0.5124807
-2.608262,1.598686,-0.006119812,2.961219,3.008654,0.5374542
-2.15029,1.819955,-0.007957225,2.963767,3.03462,0.5374766
-2.141033,1.823689,0.005592638,2.963766,3.034622,0.512483
-0.6292775,-0.0008487257,0.005713347,2.887865,0.1099003,2.964428
-0.5882253,-0.001151495,0.003283464,2.862544,0.1105393,2.989576
-0.6097327,0.001599669,0.003918815,2.862273,0.109806,2.964639
-0.5673146,0.02610115,0.004574067,2.862565,0.1326591,2.967458
-0.633184,0.02137182,-0.003824681,2.887866,0.1358457,2.99016
-0.5911373,0.0223289,0.006492386,2.887543,0.1328298,2.967286
-0.6124171,0.02591522,-0.004333794,2.862274,0.1356475,2.990256
-0.6434358,-0.001146837,-0.001830397,2.9625,0.1106608,2.989439
-0.687042,0.006241964,-0.008611788,2.962258,0.109915,2.964255
-0.6750045,-0.01235101,0.01241005,2.962496,0.1329544,2.967146
-0.6890392,0.001317267,-0.006707096,2.962259,0.1359945,2.99014
-0.6434661,-0.001377958,-0.009643027,2.912171,0.109925,2.964337
-0.6249255,0.001232311,-0.0009902835,2.937506,0.1106565,2.989444
-0.6699985,0.0006716884,-0.01826675,2.93775,0.109911,2.96427
-0.6520954,0.01863921,-0.006244072,2.937516,0.1329411,2.967161
-0.6471587,0.02508045,-0.001605963,2.912173,0.1359268,2.990133
-0.6155695,0.0227513,-0.0002268777,2.912513,0.1329045,2.967206
-0.6732935,0.02590133,-0.004603872,2.93775,0.1359812,2.990144
-2.60773,1.598678,-0.004359307,2.961221,3.008662,0.6874611
-2.608761,1.597026,0.0030862,2.961216,3.008654,0.6624945
-2.152437,1.81866,0.005461744,2.963766,3.034625,0.6624909
-2.136625,1.82455,-0.007335072,2.963767,3.03463,0.68748
-2.606776,1.599046,-0.002505341,2.961217,3.008667,0.7124937
-2.607884,1.597609,-0.01019221,2.961219,3.008676,0.7374642
-2.151235,1.819875,-0.01181006,2.963768,3.034647,0.7374811
-2.136736,1.825189,0.001102598,2.963766,3.03464,0.7124872
-2.606249,1.599333,-0.003795182,2.961209,3.008709,0.8874743
-2.607358,1.597728,0.003589866,2.961208,3.008703,0.8624993
-2.151515,1.820011,0.005944548,2.963764,3.034678,0.8624924
-2.135569,1.826002,-0.00684557,2.963764,3.034682,0.8874896
-2.605828,1.599552,-0.001441941,2.961203,3.008695,0.9125084
-2.607124,1.597911,-0.009085876,2.961199,3.00869,0.9374722
-2.149578,1.821028,-0.01074376,2.963756,3.034677,0.937487
-2.135972,1.826413,0.002196862,2.963758,3.034679,0.9124999
-2.605614,1.598347,-0.002913665,2.961206,3.00864,1.087483
-2.606876,1.596733,0.00462778,2.961201,3.008657,1.062517
-2.148744,1.820232,0.006966733,2.963761,3.034641,1.062512
-2.133503,1.826038,-0.005964573,2.963761,3.034623,1.0875
-2.605728,1.598738,-0.001406248,2.961209,3.008629,1.112511
-2.606981,1.597082,-0.00877636,2.961209,3.008623,1.137478
-2.148221,1.820724,-0.01050533,2.963768,3.034604,1.13749
-2.133954,1.826379,0.002312083,2.963765,3.034609,1.112503
-2.60556,1.598513,-0.002172629,2.961221,3.008631,1.287474
-2.606805,1.596872,0.005197866,2.961218,3.008621,1.26251
-2.147594,1.82051,0.007400269,2.963779,3.034605,1.262501
-2.1326,1.826304,-0.005489971,2.96378,3.034615,1.287483
-2.605197,1.598968,-0.0006840665,2.961223,3.008652,1.312502
-2.606515,1.597283,-0.007770176,2.96122,3.008666,1.337478
-2.147586,1.820922,-0.009680457,2.963787,3.034644,1.337486
-2.133286,1.826704,0.002911173,2.963784,3.034632,1.312492
-2.605507,1.598393,-0.001328703,2.961228,3.008618,1.487487
-2.60687,1.596757,0.00602539,2.961222,3.008624,1.462521
-2.147079,1.820467,0.008164306,2.963785,3.034609,1.462515
-2.132965,1.826145,-0.004716499,2.963788,3.034597,1.487499
-2.605655,1.598329,0.000204149,2.961229,3.008614,1.512518
-2.60693,1.596695,-0.007168758,2.961227,3.00861,1.537486
-2.147416,1.820298,-0.009161944,2.963789,3.034588,1.537495
-2.132968,1.825997,0.003738398,2.963789,3.034591,1.512508
-2.605756,1.598604,-0.0003953233,2.961229,3.008667,1.687484
-2.607095,1.596982,0.006709173,2.961225,3.008647,1.662507
-2.147872,1.820513,0.008774391,2.963789,3.034627,1.662496
-2.133956,1.826079,-0.003901908,2.963793,3.034641,1.687491
-2.605779,1.59851,0.001285417,2.961228,3.008669,1.712522
-2.607139,1.596927,-0.00585802,2.961223,3.008653,1.737497
-2.147857,1.820447,-0.008054108,2.963787,3.034637,1.737504
-2.133881,1.825979,0.004675112,2.963792,3.034644,1.712512
-2.60639,1.598346,0.0007892204,2.961227,3.008664,1.887497
-2.607723,1.59664,0.008133175,2.96122,3.008669,1.862522
-2.148968,1.819991,0.01005116,2.96379,3.03465,1.862511
-2.134728,1.825759,-0.002796733,2.963792,3.034643,1.887506
-2.60684,1.597476,0.002385724,2.961229,3.008644,1.912534
-2.60812,1.59582,-0.005198853,2.961223,3.008623,1.9375
-2.148625,1.819055,-0.007393561,2.963787,3.034608,1.93751
-2.1344,1.824786,0.005742211,2.96379,3.034626,1.912522
-2.607408,1.597971,0.001459755,2.961231,3.008612,2.087496
-2.608652,1.596383,0.008805453,2.961229,3.008609,2.062526
-2.150071,1.818835,0.01069375,2.963791,3.034586,2.062512
-2.136092,1.824331,-0.00216137,2.963791,3.034588,2.087501
-2.607674,1.597892,0.003665657,2.961232,3.008616,2.112528
-2.60891,1.596244,-0.003588762,2.961226,3.00862,2.137495
-2.151093,1.818062,-0.005954136,2.963789,3.034602,2.137497
-2.135589,1.824015,0.006859529,2.963791,3.034593,2.112511
-2.607916,1.598128,0.002820939,2.961226,3.008669,2.287502
-2.609097,1.596696,0.009950333,2.961225,3.008651,2.262524
-2.150704,1.818763,0.0116328,2.963789,3.034632,2.262507
-2.137773,1.823882,-0.0009358306,2.963791,3.034647,2.287501
-2.609167,1.597731,0.004473836,2.961225,3.008676,2.312538
-2.610258,1.596087,-0.002718432,2.961218,3.008671,2.33751
-2.153172,1.81737,-0.005285414,2.963789,3.034655,2.33751
-2.137535,1.823213,0.007407583,2.963791,3.034654,2.312518
-2.609457,1.598317,-0.002276522,2.96123,3.008642,2.487534
-2.610837,1.59724,0.005116377,2.96123,3.008646,2.462549
-2.149869,1.818129,0.007019969,2.96379,3.034622,2.462528
-2.144591,1.820884,-0.006034428,2.963791,3.034617,2.487526
-2.61031,1.603552,0.001267811,2.961233,3.008626,2.512569
-2.611001,1.601948,-0.005104571,2.961225,3.00861,2.537539
-2.159632,1.819523,-0.007613421,2.963788,3.034592,2.537531
-2.143676,1.825384,0.003989534,2.96379,3.034603,2.512542
-2.605974,1.59645,-0.01194172,2.961229,3.008609,2.687619
-2.607987,1.595486,-0.002832947,2.961236,3.008612,2.662619
-2.136327,1.819207,-0.003819372,2.963792,3.034583,2.66258
-2.136174,1.820378,-0.01850253,2.963787,3.034589,2.687593
-2.599783,1.61153,-0.0115112,2.961246,3.008624,2.712676
-2.598472,1.610519,-0.0146466,2.96123,3.008614,2.737679
-2.158444,1.824599,-0.02005199,2.963787,3.034597,2.737654
-2.125167,1.835534,-0.01196291,2.963795,3.034588,2.712627
-2.621991,1.598969,-0.0706053,2.961396,3.008939,2.888566
-2.628696,1.594263,-0.06021564,2.961344,3.008816,2.86326
-2.118061,1.842874,-0.0560191,2.963852,3.034747,2.863301
-2.169504,1.831866,-0.05729027,2.963883,3.034908,2.888704
-2.641758,1.620861,-0.07998543,2.961666,3.009253,2.914068
-2.628764,1.586287,-0.07035494,2.962145,3.009805,2.939765
-2.453008,1.75438,-0.01492908,2.964437,3.03566,2.940172
-2.290831,1.83775,-0.0606314,2.964071,3.035118,2.914277
-2.575763,2.032481,-0.05041948,2.966906,3.061792,2.967182
-1.488638,2.302216,0.1392592,2.965367,3.088212,2.990645
-1.872894,2.019726,0.1067371,2.96444,3.062132,2.990271
-2.580968,2.270431,-0.03589921,2.968105,3.087105,2.968152
-0.6384574,-0.03369266,-0.006037188,5.249999,0.2461365,0.04526344
-0.6172751,-0.05394366,-0.001696964,5.300002,0.4961158,0.09344398
-0.6270989,-0.07481472,-9.204733e-05,5.300003,0.6962261,0.08999252
-0.6363852,-0.1074698,0.0003380609,5.300003,0.8972693,0.08849037
-0.6472247,-0.1368281,-4.395901e-05,5.300004,1.098334,0.08796874
-0.6605653,-0.1732088,8.587847e-05,5.300005,1.298989,0.0877636
-0.6753411,-0.2118716,-0.0001458292,5.300007,1.499371,0.08767253
-0.691257,-0.2580505,-5.158697e-05,5.300009,1.699604,0.08763627
-0.7066362,-0.3099505,-0.0006143711,5.300011,1.899754,0.08763536
-0.7198309,-0.3737711,-0.0004549051,5.300011,2.099854,0.08766994
-0.725307,-0.4437143,-0.002070768,5.300041,2.29989,0.087775
-0.7193201,-0.5298227,-0.002500573,5.300292,2.499664,0.08808329
-0.689208,-0.6174347,-0.006769952,5.300574,2.69933,0.08855049
-0.6198236,-0.7333015,0.0001643583,5.300594,2.899325,0.0889785
-0.4858653,-0.8042575,-0.01108537,5.30064,3.099662,0.0893538
-0.4022659,-0.7817046,-0.006608365,5.300738,3.29993,0.08955577
-0.3465436,-0.7404676,-0.005425544,5.300834,3.499995,0.08960494
-0.3264927,-0.6815838,-0.005235208,5.300987,3.700053,0.08968127
-0.3445472,-0.6203052,-0.004059778,5.301095,3.900124,0.08997159
-0.4108979,-0.5526306,0.003358889,5.301185,4.099719,0.09108395
-0.6159,-0.01235765,0.003388312,5.300005,0.2493289,0.3097399
-0.6232757,-0.05074717,0.0007727443,5.300005,0.4642833,0.2906257
-0.6271132,-0.07333409,-0.001790067,5.300008,0.6783366,0.2832769
-0.6363588,-0.1062263,0.0006489811,5.30001,0.8871723,0.279618
-0.647266,-0.1363216,-0.000424362,5.300014,1.092208,0.2779848
-0.660552,-0.1729047,0.0001764686,5.30002,1.295148,0.2772245
-0.6751449,-0.2117339,-0.0001350216,5.300029,1.49692,0.2768673
-0.6909205,-0.258519,4.187371e-05,5.300043,1.698029,0.276725
-0.7056259,-0.3099686,-0.0002401525,5.300063,1.898744,0.2767287
-0.7183123,-0.375157,-7.951633e-05,5.300093,2.099205,0.2768746
-0.7225521,-0.4432465,-0.0009588384,5.300138,2.299479,0.2772154
-0.7123733,-0.5330821,-0.0003832989,5.300202,2.499582,0.2778642
-0.6927765,-0.6117738,-0.002345017,5.300266,2.69953,0.2789112
-0.6476189,-0.7406027,-0.0004802177,5.300199,2.899452,0.2801172
-0.4820933,-0.8152554,-0.00423415,5.299943,3.099534,0.2809554
-0.4099499,-0.7773552,-0.00542506,5.299889,3.299746,0.2812911
-0.3509875,-0.7388227,-0.004852459,5.300423,3.499901,0.2814255
-0.3348933,-0.6799899,-0.005257178,5.301255,3.700035,0.2816593
-0.3571859,-0.6193785,-0.002814369,5.301686,3.900204,0.2824398
-0.4232211,-0.5520596,-0.002316904,5.301524,4.100469,0.2847839
-0.6090584,-0.0140484,-0.005242006,5.300007,0.2107264,0.5124086
-0.6202997,-0.03919966,0.002492634,5.300014,0.4282352,0.4944506
-0.6263832,-0.07135253,-0.001403352,5.300017,0.6523032,0.4890165
-0.6354757,-0.1020632,0.0003379018,5.300019,0.8702005,0.484868
-0.6466685,-0.1348372,-0.0004154167,5.300027,1.081413,0.4823779
-0.6600539,-0.1711666,2.59502e-05,5.300043,1.288185,0.4810686
-0.6748764,-0.2107813,-0.0003141875,5.300068,1.492387,0.4804119
-0.6907831,-0.2573574,-0.0001040406,5.300106,1.695073,0.4801495
-0.7058766,-0.3091725,-0.0005679157,5.300163,1.896828,0.4801755
-0.7190012,-0.3739272,-0.0003157878,5.300249,2.097966,0.480479
-0.7238955,-0.4417514,-0.001281502,5.300378,2.298643,0.4811186
-0.7184319,-0.5308522,0.001085037,5.300551,2.498929,0.4821889
-0.6880536,-0.6138279,-0.002669503,5.300714,2.69889,0.4837005
-0.6296411,-0.7398846,0.002259237,5.300666,2.898779,0.485284
-0.488243,-0.8153916,-0.003303518,5.300387,3.099008,0.4863504
-0.4079677,-0.7859443,-0.00230684,5.300629,3.299446,0.4868266
-0.3523067,-0.7401392,-0.004231335,5.302149,3.499741,0.4870538
-0.3305768,-0.6776433,-0.001368722,5.30428,3.699957,0.487393
-0.3573773,-0.6162974,3.039947e-06,5.305235,3.900229,0.4884289
-0.4209168,-0.5460071,0.002851236,5.304299,4.100527,0.4909802
-0.6163497,-0.01428707,0.001610469,5.30001,0.1973681,0.7006486
-0.619815,-0.03943725,0.0002179713,5.300021,0.4050376,0.6962239
-0.6254965,-0.0681254,-6.158298e-05,5.300026,0.6294857,0.692657
-0.6345111,-0.1003492,1.357735e-05,5.300031,0.8519844,0.6895149
-0.6458002,-0.1330064,-0.0002650044,5.300044,1.068649,0.6870335
-0.6593108,-0.1699769,-3.677479e-05,5.300072,1.279591,0.6854402
-0.674128,-0.2097832,-0.0003673709,5.300117,1.486635,0.6845914
-0.6901288,-0.2572155,-0.000255764,5.300186,1.691262,0.6842487
-0.7045648,-0.3088477,-0.0009992539,5.300291,1.89434,0.6843031
-0.7169142,-0.3748908,-0.001244873,5.300446,2.096363,0.6847387
-0.7200323,-0.4405515,-0.002912246,5.300668,2.297596,0.6856059
-0.705,-0.5327612,-0.002215816,5.300959,2.498172,0.6869336
-0.6888854,-0.6092691,-0.0077117,5.301255,2.69824,0.6885901
-0.6524253,-0.7398579,0.001796533,5.301323,2.898226,0.6901331
-0.4764031,-0.8193193,-0.01100064,5.301275,3.098576,0.6911482
-0.4075422,-0.7727479,-0.00256642,5.302168,3.299188,0.6916621
-0.3543315,-0.7374315,-0.004811565,5.304856,3.499619,0.6919677
-0.3326658,-0.6751727,-0.002986346,5.308208,3.699907,0.6923815
-0.356988,-0.6163381,-0.003081267,5.309366,3.900283,0.6933408
-0.4212945,-0.54661,-0.003533718,5.307143,4.100795,0.6952267
-0.6165389,-0.01131369,-0.001671874,5.300012,0.1920382,0.8983414
-0.6196423,-0.03652945,0.000325239,5.300027,0.3938009,0.8972079
-0.6251783,-0.06610034,-0.0006738937,5.300036,0.6152002,0.8953256
-0.6338319,-0.09740155,5.88366e-05,5.300043,0.8375525,0.8930469
-0.6450954,-0.1311161,-0.0004013488,5.300062,1.056742,0.8911527
-0.658662,-0.1681829,-0.0001232506,5.300102,1.270983,0.8896762
-0.673606,-0.2085686,-0.0002215947,5.30017,1.480712,0.8887784
-0.6896373,-0.2561859,-0.0001628582,5.300273,1.687285,0.8884167
-0.7040488,-0.3085422,-0.0001452317,5.300428,1.891744,0.8885002
-0.7149198,-0.3744841,-0.0001390937,5.300652,2.094717,0.8890132
-0.7188144,-0.4420114,7.611416e-06,5.300978,2.296548,0.8899538
-0.7046142,-0.5332582,0.0001256446,5.301374,2.497465,0.8912227
-0.6858003,-0.6053836,0.0001934713,5.301728,2.697757,0.892588
-0.6533417,-0.7398239,-0.0002497366,5.301901,2.897863,0.8937631
-0.4717848,-0.8224188,0.001183753,5.302259,3.098283,0.8945532
-0.4068398,-0.7737668,-0.001499705,5.304039,3.298981,0.8949698
-0.3577409,-0.7382251,0.001627369,5.307778,3.499539,0.8952427
-0.3377978,-0.6742399,0.002100126,5.311725,3.699905,0.8956377
-0.3595512,-0.6179337,-0.0008246865,5.312522,3.900392,0.896356
-0.4245449,-0.5533933,0.0002495126,5.309083,4.101189,0.8975015
-0.6164096,-0.01188005,0.0003322508,5.300014,0.1903621,1.09886
-0.6194998,-0.03672927,9.780999e-05,5.300032,0.3889671,1.098263
-0.6249127,-0.06542043,-3.135079e-06,5.300044,0.607666,1.097209
-0.6333937,-0.09644326,3.654253e-05,5.300054,0.8284852,1.095882
-0.6445259,-0.1297599,-0.0001705245,5.300078,1.047815,1.094523
-0.658081,-0.1670215,-0.0001918624,5.300129,1.263699,1.093479
-0.6731076,-0.2075296,-0.0002135811,5.300218,1.475519,1.092727
-0.6893282,-0.2553276,-0.0001995803,5.300354,1.683806,1.092405
-0.7038726,-0.3075225,-0.000221659,5.300557,1.88952,1.092518
-0.7161973,-0.3736947,0.0003431615,5.30086,2.093337,1.093006
-0.7194195,-0.4396755,0.0002829495,5.301252,2.295689,1.093776
-0.704897,-0.5320894,0.0004497618,5.30169,2.496924,1.094682
-0.6877774,-0.6094638,0.001222543,5.302111,2.697389,1.095577
-0.6498083,-0.7378658,-0.002143644,5.302459,2.897592,1.096337
-0.48368,-0.8215095,0.0040418,5.303271,3.098067,1.096859
-0.4129312,-0.7757675,-0.002647046,5.305959,3.298798,1.097138
-0.3489824,-0.7306257,0.002009319,5.310621,3.499437,1.097311
-0.3385569,-0.676593,0.003575649,5.314683,3.699915,1.097592
-0.3560248,-0.620019,0.0007894301,5.314723,3.900485,1.098058
-0.4224559,-0.5467086,0.002133894,5.310202,4.101433,1.098686
-0.6164878,-0.01125472,-0.0003737117,5.300016,0.1898289,1.299523
-0.6194966,-0.03607826,-7.059611e-05,5.300035,0.3869892,1.299202
-0.6248359,-0.06478903,-0.0002381269,5.300049,0.6040893,1.2987
-0.6331792,-0.0955065,-3.906562e-05,5.300062,0.8238213,1.29808
-0.6442119,-0.1288512,-0.0001218023,5.30009,1.042662,1.297431
-0.657689,-0.1660354,-0.0001626539,5.300148,1.258899,1.296825
-0.6727446,-0.2068495,-8.123544e-05,5.300252,1.471834,1.296423
-0.6890714,-0.2548552,-0.0001669199,5.300414,1.681404,1.296226
-0.7038124,-0.3071502,0.0005539153,5.300671,1.888056,1.296313
-0.7173218,-0.3738234,0.0002234198,5.301014,2.092452,1.296623
-0.7211774,-0.4413675,0.002419276,5.301435,2.295141,1.297032
-0.7149993,-0.5334058,-0.0005230027,5.301923,2.496549,1.297475
-0.6900372,-0.6114825,0.005221788,5.302432,2.697099,1.297908
-0.648219,-0.7378672,-0.01057813,5.302942,2.897367,1.298288
-0.4902182,-0.8200029,0.008038194,5.304095,3.097908,1.298556
-0.4154801,-0.7769922,-0.001173778,5.307427,3.298668,1.298702
-0.3532176,-0.7284791,0.002140555,5.31276,3.499343,1.298795
-0.3381402,-0.6767288,0.0006827477,5.316797,3.699915,1.298933
-0.3544352,-0.6199422,0.0006814937,5.316102,3.900527,1.299149
-0.414052,-0.5496543,-0.001324166,5.310668,4.101522,1.299424
-0.6164027,-0.01147611,-7.693864e-05,5.300016,0.1896947,1.5
-0.6194234,-0.03627809,-7.292572e-05,5.300036,0.3864451,1.499999
-0.6247659,-0.06484901,-8.397894e-05,5.30005,0.6030366,1.499998
-0.6330798,-0.09551042,-9.607693e-05,5.300065,0.8223892,1.499997
-0.6441099,-0.1286882,-8.840257e-05,5.300094,1.041038,1.499996
-0.6575502,-0.1656271,-0.0001622505,5.300156,1.257242,1.499995
-0.672719,-0.2065973,-6.211845e-05,5.300268,1.470483,1.499993
-0.6890866,-0.2540599,-0.0003523888,5.300453,1.680525,1.49999
-0.7045161,-0.3069293,0.0001412428,5.300735,1.887545,1.499985
-0.7186239,-0.3715591,-0.0007311733,5.301083,2.092141,1.499977
-0.7250758,-0.4418703,0.0009110017,5.30153,2.294922,1.499968
-0.7229797,-0.5306874,-0.002250444,5.302065,2.496368,1.499959
-0.6945283,-0.6218947,2.419599e-05,5.302651,2.696922,1.499952
-0.635876,-0.7363205,-0.01535686,5.303273,2.897217,1.499968
-0.5100691,-0.8088328,0.004255659,5.30461,3.097822,1.49999
-0.4191052,-0.7801825,9.211769e-05,5.308249,3.298612,1.5
-0.3546902,-0.7258315,0.003169536,5.31389,3.4993,1.5
-0.3391499,-0.6773078,0.001882249,5.317878,3.699908,1.499999
-0.354904,-0.6216321,0.001508408,5.316745,3.900545,1.499997
-0.4137514,-0.547397,0.0002528336,5.310747,4.101583,1.499995
-0.6164646,-0.01125013,0.000248122,5.300016,0.1898288,1.700476
-0.6194781,-0.03608459,-6.709084e-05,5.300035,0.386988,1.700796
-0.6247918,-0.0648104,9.936469e-05,5.300049,0.6040869,1.701296
-0.633132,-0.09550974,-0.0001391715,5.300062,0.8238181,1.701914
-0.6441526,-0.1289162,-3.809161e-05,5.300091,1.04266,1.702561
-0.6575923,-0.166001,-0.0001208892,5.300152,1.258897,1.703166
-0.672685,-0.2070632,-1.96862e-05,5.300259,1.471828,1.703565
-0.6889117,-0.2545887,-0.0003867542,5.300428,1.681392,1.703755
-0.7040326,-0.3077535,-0.0002802129,5.300698,1.888032,1.703657
-0.7177356,-0.3728714,-0.001110003,5.301064,2.092406,1.703333
-0.7232144,-0.4437566,-0.0007974893,5.301527,2.29506,1.702904
-0.7199985,-0.53286,-0.003269068,5.30209,2.496416,1.702439
-0.6916457,-0.6248705,-0.003492208,5.302718,2.69691,1.70199
-0.6349418,-0.7348582,-0.008395147,5.303385,2.897192,1.701638
-0.5134351,-0.8037821,-0.00133457,5.304771,3.097814,1.70142
-0.4190072,-0.7773504,-0.0001166005,5.308479,3.29861,1.701299
-0.3544688,-0.7254991,0.001531281,5.31417,3.499295,1.701201
-0.3376351,-0.6778145,0.0007135383,5.318093,3.699906,1.701059
-0.3563483,-0.6217892,0.0005980243,5.316794,3.900543,1.700841
-0.4122548,-0.5472278,-0.0001988116,5.310632,4.101575,1.700548
-0.6163316,-0.01189225,-0.0004470138,5.300014,0.1903622,1.901139
-0.6194156,-0.03674159,-0.0002158908,5.300032,0.3889682,1.901734
-0.6248364,-0.06545771,-0.00013214,5.300044,0.6076676,1.902787
-0.6332837,-0.09646246,-0.0002014758,5.300055,0.8284869,1.904113
-0.6444108,-0.1298686,-8.419539e-06,5.300081,1.047816,1.90547
-0.6579,-0.1669543,-8.089127e-05,5.300135,1.263697,1.906513
-0.6730151,-0.2078364,-1.790505e-05,5.30023,1.47551,1.907261
-0.6891206,-0.2548386,-0.000285024,5.300377,1.683787,1.907579
-0.7044412,-0.3082434,3.681589e-05,5.300601,1.889482,1.907456
-0.7180048,-0.372393,-0.000706199,5.300943,2.093263,1.906953
-0.7241543,-0.4446674,0.0002787769,5.301408,2.295555,1.906161
-0.7208853,-0.5326855,-0.001768222,5.301976,2.496702,1.905227
-0.6929209,-0.6275852,-0.0005751003,5.302608,2.697071,1.904307
-0.635519,-0.7339789,-0.004665539,5.303256,2.897289,1.903567
-0.5176426,-0.8003567,0.0008273555,5.304574,3.097878,1.90311
-0.4207202,-0.7771415,0.0006795087,5.308151,3.298651,1.902867
-0.3575554,-0.7247606,0.002044985,5.31367,3.499317,1.902681
-0.3396209,-0.6779501,0.001257334,5.317465,3.699915,1.9024
-0.3564209,-0.6224564,0.001520558,5.316194,3.900535,1.901942
-0.4125507,-0.5487059,0.0009901835,5.310223,4.101531,1.901299
-0.616457,-0.01131304,0.001559406,5.300012,0.1920395,2.101656
-0.6195534,-0.03655829,-0.0004395773,5.300027,0.3938061,2.102789
-0.625054,-0.06616908,0.0005478277,5.300037,0.61521,2.10467
-0.6336813,-0.09744877,-0.0002093158,5.300045,0.8375631,2.106948
-0.6448929,-0.1312866,0.0002404481,5.300065,1.056749,2.108843
-0.6583843,-0.168191,-9.728743e-05,5.300109,1.270984,2.110317
-0.6733575,-0.2090131,7.843665e-06,5.300183,1.480705,2.111212
-0.6892827,-0.2558517,-0.0002157274,5.300298,1.687265,2.11157
-0.7044156,-0.3092318,-9.66985e-05,5.300474,1.891703,2.111478
-0.7177296,-0.3731982,-0.0005293741,5.300742,2.094638,2.110951
-0.7236519,-0.445739,-0.0001778174,5.301149,2.296404,2.109987
-0.7201729,-0.53358,-0.001093931,5.301695,2.497223,2.108683
-0.6922359,-0.6285905,-0.0005896764,5.302305,2.697407,2.10728
-0.6348697,-0.7337242,-0.002009671,5.302876,2.897515,2.106119
-0.5174819,-0.798856,0.000347236,5.30399,3.098027,2.105411
-0.4191312,-0.7768492,0.001092249,5.307174,3.29874,2.105068
-0.355226,-0.7256751,0.001912971,5.312186,3.499367,2.104835
-0.3371846,-0.6780188,0.0007264285,5.315671,3.699939,2.104435
-0.3563841,-0.6216245,0.0009447558,5.314601,3.900538,2.103681
-0.4114046,-0.5466269,-0.002419739,5.30925,4.101521,2.102524
-0.6162082,-0.01430321,-0.001657448,5.30001,0.1973721,2.299346
-0.6196636,-0.03947091,-0.0002831447,5.300021,0.4050507,2.303768
-0.6253353,-0.06819725,-4.219098e-05,5.300027,0.6295045,2.307335
-0.6343113,-0.1004094,-0.0001321106,5.300033,0.8520009,2.310479
-0.6455655,-0.1331889,9.366603e-05,5.300047,1.068659,2.312961
-0.6589748,-0.1699585,-0.0001654978,5.300077,1.279594,2.314555
-0.6738306,-0.210253,1.830183e-05,5.300128,1.48663,2.315402
-0.6896373,-0.2567224,-0.0001350248,5.300207,1.691246,2.315741
-0.7047624,-0.3099092,7.860623e-05,5.300329,1.894307,2.31568
-0.7180146,-0.3733398,-0.0001951345,5.300519,2.096299,2.315232
-0.7241683,-0.4460638,0.0003469634,5.300809,2.297481,2.314344
-0.7206482,-0.5334942,-0.0003478887,5.301227,2.497977,2.312983
-0.6929348,-0.629146,0.0004744135,5.301751,2.697953,2.311286
-0.63504,-0.7336242,-0.0008177374,5.302204,2.897928,2.309759
-0.5180753,-0.7983098,0.001247186,5.302965,3.098317,2.308835
-0.4196217,-0.7772999,0.002656786,5.305382,3.298912,2.30844
-0.358669,-0.7274784,0.002435471,5.30932,3.499466,2.308232
-0.3380654,-0.6804374,0.0007968549,5.312102,3.699978,2.307784
-0.3579516,-0.6233992,0.001553476,5.31141,3.900529,2.306724
-0.4132827,-0.5488303,-0.0003884095,5.307333,4.101431,2.304791
-0.6089198,-0.01405301,0.005160874,5.300006,0.2107381,2.487581
-0.6201635,-0.03928955,-0.00255021,5.300013,0.4282657,2.505534
-0.626193,-0.07147686,0.001319744,5.300017,0.6523347,2.510971
-0.6352383,-0.1021834,-0.0004267542,5.300021,0.8702221,2.515125
-0.6463346,-0.1350898,0.0002947406,5.30003,1.081425,2.517618
-0.6596082,-0.1713602,-0.0001487786,5.300047,1.288189,2.518928
-0.6742875,-0.2113974,0.0001039449,5.300074,1.492385,2.519584
-0.6899358,-0.2576237,-4.725957e-05,5.300118,1.695064,2.519844
-0.704966,-0.310715,0.000169442,5.300187,1.896808,2.519814
-0.7180117,-0.3739049,9.414785e-05,5.300296,2.097927,2.519501
-0.7240741,-0.4467742,0.0007364702,5.300466,2.298572,2.518843
-0.7200361,-0.5339329,0.0005714795,5.30072,2.498806,2.517738
-0.692012,-0.6297395,0.001714681,5.301037,2.698702,2.516176
-0.6326281,-0.7337653,0.0003199115,5.301247,2.898585,2.514626
-0.5142474,-0.7966477,0.001975474,5.301535,3.098816,2.513666
-0.4146768,-0.7781148,0.004977957,5.302864,3.29923,2.513312
-0.3514704,-0.7303087,0.003479408,5.305195,3.499647,2.513184
-0.3333962,-0.6803846,0.0007698409,5.306858,3.700031,2.512792
-0.3542999,-0.6208997,0.001919763,5.306558,3.900473,2.511639
-0.4114737,-0.5447342,-0.001456338,5.304318,4.101188,2.509015
-0.6157715,-0.01247754,-0.003275995,5.300004,0.2493723,2.690224
-0.6229835,-0.05080756,-0.0007530291,5.300008,0.4643481,2.709344
-0.6268792,-0.07344735,0.001724233,5.300009,0.67838,2.716709
-0.6360844,-0.1063313,-0.000685455,5.300011,0.8871947,2.720377
-0.6469296,-0.1365439,0.0003611875,5.300015,1.092218,2.722013
-0.6601164,-0.1729837,-0.0002235055,5.300022,1.295152,2.722774
-0.6746753,-0.2122191,5.991363e-05,5.300032,1.49692,2.723131
-0.6902875,-0.2582269,-3.320502e-05,5.300048,1.698025,2.723273
-0.7054358,-0.3109733,0.0001848149,5.300073,1.898736,2.723267
-0.718653,-0.3736293,0.0002224007,5.300113,2.099189,2.723116
-0.7255886,-0.4464067,0.0008855483,5.300176,2.299448,2.722764
-0.7225025,-0.5330901,0.0007964312,5.300276,2.499526,2.72209
-0.6965719,-0.6302526,0.002600825,5.300408,2.699436,2.720997
-0.6353245,-0.734359,0.002739021,5.300455,2.899336,2.719809
-0.5166643,-0.7946016,0.003643752,5.300432,3.099434,2.719052
-0.4169735,-0.7779555,0.006160425,5.300824,3.299641,2.718785
-0.3582406,-0.7340404,0.00450889,5.301666,3.499869,2.718687
-0.3374366,-0.6830529,0.003553486,5.302272,3.700077,2.718417
-0.358095,-0.6232603,0.004866505,5.30217,3.900358,2.71759
-0.4147745,-0.5510496,0.001977641,5.301376,4.100906,2.715229
-0.653269,0.005415504,0.001154327,5.250006,0.2389159,2.858296
-0.6171891,-0.0540185,0.001769434,5.300002,0.4961852,2.906541
-0.6268604,-0.0750074,6.280034e-05,5.300003,0.6962634,2.910003
-0.6361211,-0.1075931,-0.0003395234,5.300004,0.8972845,2.911508
-0.6468578,-0.1370868,-7.891785e-06,5.300004,1.098339,2.912031
-0.6600949,-0.173419,-0.0001309778,5.300006,1.298991,2.912236
-0.6747326,-0.212399,-2.69656e-05,5.300008,1.499371,2.912327
-0.6904664,-0.2583183,-8.410732e-05,5.30001,1.699603,2.912363
-0.7058263,-0.3111089,-5.612601e-05,5.300013,1.899752,2.912364
-0.7190456,-0.3738539,-0.0001606509,5.300015,2.099851,2.912328
-0.7257682,-0.4472401,5.444218e-06,5.300049,2.299883,2.91222
-0.720506,-0.5334347,-0.0002765825,5.300309,2.49965,2.911905
-0.6922909,-0.6293052,0.0003567905,5.300606,2.699304,2.911424
-0.6233935,-0.729603,0.001924165,5.300652,2.899282,2.910996
-0.503399,-0.7878963,0.0033169,5.300739,3.099628,2.910641
-0.4064691,-0.7756881,0.00536238,5.300917,3.299905,2.910457
-0.3507891,-0.7345242,0.004042191,5.301069,3.499991,2.910416
-0.3286167,-0.6810545,0.005056488,5.301172,3.700075,2.910332
-0.3457806,-0.6220273,0.005578071,5.30115,3.9002,2.910035
-0.4066713,-0.5420422,-0.001555427,5.301034,4.099944,2.908937
-0.7345623,0.001154549,0.002283722,5.175551,0.1710846,0.02000736
-0.6142877,0.0006373766,0.0231047,5.149988,0.1441517,0.1442775
-0.6876365,-0.01746996,-0.003592656,5.224449,0.1710857,0.02000837
-0.6015362,-0.005558219,-0.03198696,5.250014,0.1441572,0.1442823
-0.5908811,8.372016e-05,0.02394553,5.349987,0.1441622,0.1442855
-0.612505,0.0007788322,-0.02312963,5.149967,0.1442699,2.855347
-0.7376761,0.0008495816,-0.002628478,5.175514,0.1712588,2.979933
-0.6012015,-0.005401331,0.03222506,5.250001,0.1441914,2.855627
-0.5905046,0.0001401253,-0.02400694,5.34998,0.1441739,2.855699
-0.6881361,-0.01541027,0.002770129,5.224436,0.1711568,2.979969
-0.6365478,-0.03797014,-0.01300347,5.349972,0.2388624,2.858347
-0.6101416,-0.05160904,0.01439425,5.250179,0.3406688,2.861856
-0.6001206,-0.02425662,-0.01432175,5.349807,0.3406014,2.861882
-0.6388821,-0.03388996,0.005569063,5.249979,0.2462407,2.954708
-0.6239442,-0.00975537,0.0009883231,5.349998,0.2461792,2.954728
-0.6600433,-0.03435606,0.01095172,5.248988,0.3526741,2.957271
-0.6426082,-0.01041387,-0.001371552,5.351,0.3525958,2.957279
-0.6308072,-0.006295453,-0.007988333,5.275534,0.1200988,2.929448
-0.6427434,-0.04676302,0.07865137,5.224973,0.1659934,2.933962
-0.6511493,-0.00595373,0.006740324,5.224967,0.1213143,2.978859
-0.6392586,0.01074329,0.0004600738,5.275548,0.1711123,2.979977
-0.6866945,-0.01861372,0.0533869,5.224446,0.1201152,2.929402
-0.5991456,0.01529099,-0.008870523,5.275008,0.1659722,2.934003
-0.6260659,-0.004829795,0.005332893,5.275016,0.1212976,2.978873
-0.672567,0.00533471,-0.04503503,5.324457,0.1200913,2.929464
-0.6761963,0.01600543,-0.003921238,5.324447,0.1710978,2.979979
-0.6215757,0.0213588,-0.04142253,5.324983,0.1659627,2.934021
-0.6508115,-0.005945218,0.003768234,5.324978,0.1212916,2.978878
-0.6490103,-0.007749039,-0.0007566502,5.150003,0.2461305,0.04525757
-0.6689444,-0.007125932,0.001510416,5.151006,0.3525441,0.04270565
-0.6621394,-0.03588421,0.01236865,5.14998,0.2387985,0.1416062
-0.6255246,-0.02024532,0.01360726,5.149814,0.340505,0.1380674
-0.6239738,-0.00940687,-0.0009831104,5.350002,0.2461423,0.0452665
-0.6612001,-0.03459832,-0.010996,5.248997,0.3525507,0.04271162
-0.6426542,-0.01032624,0.001279181,5.351004,0.3525577,0.04271336
-0.653487,0.006421322,-0.001617896,5.250022,0.2388145,0.1416193
-0.6359119,-0.03772127,0.01301392,5.34998,0.2388301,0.1416255
-0.6103957,-0.05137489,-0.01426251,5.250189,0.3405305,0.1380852
-0.6005429,-0.0242039,0.01428719,5.349812,0.3405509,0.1380923
-0.6411114,-0.01128405,0.07254574,5.149928,0.1380433,0.2431406
-0.7162587,0.02411952,0.0251804,5.15081,0.1216954,0.3452029
-0.6367057,-0.003672615,-0.09541762,5.250073,0.138046,0.2431429
-0.6167069,-0.01138952,0.07349908,5.349928,0.1380496,0.2431435
-0.6994262,-0.04091679,-0.02161779,5.249191,0.1216963,0.3452038
-0.689799,0.02440257,0.02455647,5.35081,0.1216973,0.3452042
-0.7164751,0.02393091,-0.0246786,5.150812,0.1217032,2.654642
-0.6414067,-0.01109938,-0.07111801,5.149927,0.1380963,2.75656
-0.6994281,-0.04093911,0.02171346,5.249191,0.1216989,2.654738
-0.6898899,0.0243383,-0.02436769,5.35081,0.1216978,2.654777
-0.6366858,-0.003801203,0.09621375,5.250069,0.1380623,2.756756
-0.6168884,-0.01130504,-0.07310288,5.349926,0.1380537,2.756826
-0.6640973,-0.03659615,-0.01245816,5.149953,0.2390967,2.858126
-0.6243284,-0.02042763,-0.0135462,5.149798,0.3408419,2.861788
-0.647482,-0.009277045,0.0006756173,5.149969,0.2464975,2.954614
-0.6691455,-0.007510343,-0.001923485,5.150997,0.3528876,2.957248
-0.6933138,-0.004922783,-0.003220783,5.17502,0.1212902,0.02111278
-0.6729527,-0.01836383,-0.011913,5.175011,0.1659188,0.06596555
-0.7389275,-0.004575254,-0.006024956,5.175542,0.1200942,0.07051829
-0.6286438,-0.005826618,0.01059013,5.275543,0.1200976,0.07052111
-0.6503059,-0.006410665,-0.006170118,5.22498,0.1212906,0.02111321
-0.6385011,0.01015628,-0.002806038,5.275551,0.1710862,0.02000972
-0.6413552,-0.04496299,-0.07547351,5.22499,0.1659223,0.06596885
-0.6850223,-0.01881011,-0.0523345,5.224458,0.1200955,0.07051936
-0.5977159,0.01523181,0.01129117,5.275013,0.1659336,0.06597539
-0.6257331,-0.005916428,-0.005110989,5.27502,0.1212909,0.02111385
-0.6717043,0.005548609,0.04728051,5.324458,0.1200986,0.07052198
-0.6753165,0.01697379,0.003943704,5.32445,0.1710872,0.02001062
-0.6219385,0.02080935,0.04036395,5.324987,0.1659367,0.06597801
-0.6503026,-0.007043453,-0.004608089,5.32498,0.1212913,0.02111425
-0.6789882,-0.022635,0.01781334,5.174975,0.1660811,2.933868
-0.6931081,-0.005307853,0.003722936,5.174984,0.1213538,2.978813
-0.7427046,-0.005196889,0.007556483,5.175512,0.1201422,2.929288
-0.6121163,-0.03595811,-0.006491071,5.45,0.2461428,0.04526865
-0.5836487,-0.03735825,-0.006707204,5.649997,0.2461378,0.04526031
-0.5535572,-0.03815445,-0.006772646,5.849996,0.2461207,0.04525302
-0.5224879,-0.0386923,-0.006748545,6.049998,0.2461144,0.04524838
-0.4910156,-0.03899261,-0.006635062,6.249998,0.2461127,0.04524754
-0.4594754,-0.03921623,-0.006474285,6.45,0.2461145,0.04524937
-0.4278109,-0.03916814,-0.006350032,6.649999,0.2461222,0.04525026
-0.3964339,-0.03895376,-0.006224755,6.849997,0.2461167,0.04524884
-0.3654911,-0.03880857,-0.006252975,7.049998,0.2461248,0.04525288
-0.3183265,-0.0371651,0.01355487,7.349981,0.238822,0.1415778
-0.2923069,-0.006121771,0.002542791,7.55,0.2461558,0.04526305
-0.5897811,-0.05858723,-0.001876648,5.499997,0.496121,0.09344089
-0.5605363,-0.06199273,-0.00200599,5.699996,0.4960829,0.09342281
-0.5300436,-0.06452576,-0.00208244,5.899996,0.4960267,0.09340506
-0.4987059,-0.06607867,-0.002151664,6.099997,0.4959836,0.09339087
-0.4669988,-0.06682367,-0.0022089,6.299998,0.4959616,0.0933806
-0.4352578,-0.06691611,-0.002278987,6.5,0.4959604,0.0933741
-0.4037835,-0.06649953,-0.002347449,6.700004,0.4959708,0.09337545
-0.3727214,-0.06561305,-0.002405238,6.900006,0.4959922,0.09338602
-0.3422393,-0.06431916,-0.002463772,7.100009,0.4960352,0.09340181
-0.3124782,-0.06272775,-0.002507275,7.300012,0.4960875,0.09342407
-0.2835515,-0.06092504,-0.002552968,7.500014,0.4961268,0.0934433
-0.598192,-0.08133906,-0.0001815796,5.499999,0.6962262,0.08999176
-0.5674849,-0.0859608,-0.0002709453,5.699996,0.6961789,0.08997456
-0.5357295,-0.08911487,-0.0003770639,5.899996,0.6961099,0.08995102
-0.5033575,-0.09092403,-0.0004782557,6.099997,0.6960483,0.08993041
-0.4708074,-0.09172855,-0.0005652722,6.3,0.6960101,0.0899171
-0.438335,-0.09167457,-0.000644134,6.500002,0.6959982,0.08991222
-0.4062367,-0.09094293,-0.0007021369,6.700005,0.6960117,0.08991628
-0.3746881,-0.08965797,-0.0007361932,6.900009,0.6960508,0.08992954
-0.343826,-0.08798674,-0.000743177,7.100013,0.6961131,0.08995107
-0.3137327,-0.08601336,-0.0007291512,7.300018,0.6961838,0.08997625
-0.2844951,-0.08383136,-0.000706358,7.500025,0.6962349,0.08999533
-0.6051453,-0.1162078,0.0003341903,5.499999,0.8972685,0.08848938
-0.5723486,-0.1221928,0.0003344243,5.699996,0.8972177,0.08846934
-0.5388331,-0.1262469,0.0003312604,5.899996,0.8971429,0.08844049
-0.5049123,-0.12838,0.000319538,6.099998,0.8970751,0.08841455
-0.4711061,-0.1291256,0.0002973994,6.300001,0.8970316,0.08839786
-0.4376039,-0.1286512,0.0002672993,6.500004,0.8970173,0.08839221
-0.4046908,-0.1272775,0.0002390508,6.700008,0.8970323,0.08839769
-0.3724738,-0.1251572,0.0002133393,6.900013,0.8970765,0.08841435
-0.3410934,-0.1224718,0.0001826043,7.100019,0.8971456,0.08844086
-0.3106181,-0.1193513,0.0001471476,7.300027,0.8972227,0.08847076
-0.281134,-0.1159142,0.0001048975,7.500038,0.8972779,0.08849265
-0.6131187,-0.1473357,-6.134563e-05,5.5,1.098332,0.08796684
-0.5776806,-0.1541341,-7.143273e-05,5.699997,1.098285,0.08794312
-0.54203,-0.1585879,-8.971161e-05,5.899996,1.098215,0.08790879
-0.5063042,-0.1606007,-0.0001066983,6.099998,1.098151,0.08787788
-0.4711085,-0.1610107,-0.0001220475,6.300002,1.09811,0.08785793
-0.4364821,-0.1599582,-0.0001341725,6.500006,1.098096,0.08785118
-0.4027111,-0.1578861,-0.0001409618,6.70001,1.098111,0.0878577
-0.3698312,-0.1549656,-0.0001419371,6.900016,1.098152,0.08787752
-0.3379564,-0.151437,-0.0001404373,7.100024,1.098217,0.08790865
-0.3071089,-0.1474278,-0.0001387886,7.300035,1.098289,0.08794351
-0.2773491,-0.1430761,-0.0001360336,7.500051,1.098341,0.08796884
-0.6226219,-0.1853648,7.883344e-05,5.5,1.298986,0.08775993
-0.5837223,-0.1925664,8.822009e-05,5.699997,1.298946,0.08773216
-0.5453876,-0.1970862,8.911703e-05,5.899997,1.298888,0.08769287
-0.5073836,-0.1985719,8.656713e-05,6.099999,1.298834,0.08765745
-0.4704849,-0.1982889,7.962379e-05,6.300003,1.2988,0.08763457
-0.4344779,-0.1962978,7.191823e-05,6.500007,1.298788,0.08762671
-0.3996789,-0.1932115,7.034974e-05,6.700013,1.2988,0.08763396
-0.3659881,-0.1891776,7.113681e-05,6.90002,1.298835,0.08765646
-0.333509,-0.1844787,6.752175e-05,7.10003,1.29889,0.08769169
-0.3022105,-0.1792457,5.848294e-05,7.300043,1.29895,0.08773106
-0.2721368,-0.1736368,4.824517e-05,7.500064,1.298994,0.08775961
-0.632643,-0.225106,-0.0001093684,5.500001,1.499366,0.08766592
-0.5894971,-0.2318795,-7.360096e-05,5.699997,1.499333,0.08763366
-0.5481024,-0.2358764,-5.310747e-05,5.899997,1.499288,0.08758953
-0.5075346,-0.2362178,-4.516651e-05,6.1,1.499246,0.08754985
-0.4688419,-0.2348226,-4.144008e-05,6.300004,1.499219,0.08752442
-0.4313867,-0.231541,-4.149179e-05,6.500009,1.49921,0.08751553
-0.3955575,-0.2272075,-4.097209e-05,6.700015,1.499219,0.0875233
-0.3610553,-0.2218978,-3.874351e-05,6.900023,1.499247,0.08754776
-0.3279786,-0.2159474,-3.768068e-05,7.100035,1.499289,0.08758623
-0.2962229,-0.2094523,-4.067375e-05,7.30005,1.499335,0.08762926
-0.2658164,-0.2025831,-4.390002e-05,7.500074,1.49937,0.08766054
-0.6427659,-0.2714854,-4.204734e-05,5.500002,1.699596,0.08762418
-0.5945408,-0.2766251,-3.626511e-07,5.699998,1.69957,0.0875865
-0.5497674,-0.2791552,8.733951e-06,5.899998,1.699535,0.0875375
-0.5063346,-0.2775123,1.31689e-05,6.1,1.699503,0.0874941
-0.4658095,-0.274392,1.62339e-05,6.300005,1.699483,0.0874663
-0.4268486,-0.26933,1.504743e-05,6.50001,1.699476,0.08745635
-0.3900139,-0.2633971,1.606624e-05,6.700017,1.699483,0.08746437
-0.3547009,-0.2565314,1.471886e-05,6.900026,1.699504,0.08749021
-0.3210361,-0.2491074,1.356755e-05,7.100039,1.699535,0.08753105
-0.2888224,-0.2411557,9.200046e-06,7.300056,1.69957,0.08757672
-0.2580773,-0.2328477,5.382526e-06,7.500083,1.699596,0.08761005
-0.6512997,-0.3222877,-0.0003031352,5.500003,1.899741,0.08761247
-0.5971411,-0.3242861,-0.0001626118,5.699999,1.899719,0.08756678
-0.5489956,-0.3245885,-6.6753e-05,5.899999,1.899693,0.08751216
-0.5027478,-0.3200734,-3.897831e-05,6.100001,1.899669,0.08746493
-0.4606496,-0.3147497,-1.402834e-05,6.300006,1.899654,0.08743468
-0.4203726,-0.3074882,-1.104978e-05,6.500012,1.899649,0.08742365
-0.382741,-0.2997152,-4.968407e-06,6.700019,1.899654,0.08743151
-0.3467459,-0.2911167,-5.158699e-06,6.900029,1.899669,0.08745822
-0.3125856,-0.2821134,-5.195962e-06,7.100042,1.899692,0.08750055
-0.2799507,-0.2726178,-8.360856e-06,7.30006,1.899717,0.08754803
-0.2488632,-0.2628082,-1.0901e-05,7.500089,1.899736,0.08758279
-0.6569127,-0.3818244,-0.0002038657,5.500004,2.099837,0.08762443
-0.5967497,-0.3782905,-6.923688e-05,5.7,2.099817,0.0875652
-0.5455687,-0.3741514,-2.445467e-05,5.9,2.099796,0.08750268
-0.4964561,-0.3655738,-4.246663e-06,6.100003,2.099779,0.08745083
-0.4532223,-0.3570945,1.419277e-05,6.300007,2.099768,0.08741818
-0.411801,-0.3471116,9.014141e-06,6.500013,2.099764,0.08740582
-0.3736386,-0.3371525,1.359271e-05,6.700021,2.099768,0.08741339
-0.3370939,-0.3266234,1.085243e-05,6.900031,2.099778,0.08744043
-0.302536,-0.3159189,1.034918e-05,7.100044,2.099794,0.0874836
-0.269521,-0.3047909,6.288118e-06,7.300063,2.099812,0.08753224
-0.2380742,-0.293393,5.093624e-06,7.500093,2.099826,0.08756791
-0.6539639,-0.4453791,-0.0005443286,5.50001,2.299891,0.08766776
-0.5887402,-0.4335534,-0.0003477979,5.699999,2.29988,0.08757911
-0.5361597,-0.4253167,-0.0001249173,5.9,2.299864,0.08750431
-0.485646,-0.4115528,-7.631291e-05,6.100004,2.299851,0.0874464
-0.4421878,-0.3997867,-4.743462e-06,6.300009,2.299843,0.08741068
-0.400425,-0.3868135,-4.86406e-06,6.500014,2.299841,0.08739676
-0.362261,-0.3746669,1.106797e-05,6.700022,2.299843,0.08740366
-0.32552,-0.3622093,9.599447e-06,6.900032,2.299851,0.08743061
-0.2907663,-0.3498518,1.123036e-05,7.100046,2.299862,0.08747434
-0.2574422,-0.33709,8.18913e-06,7.300065,2.299875,0.08752362
-0.225552,-0.3241711,6.406927e-06,7.500095,2.299885,0.08755981
-0.6451923,-0.519953,-0.0004623244,5.500025,2.499904,0.08775589
-0.5729747,-0.495464,-0.0003414966,5.699995,2.499922,0.08760867
-0.522013,-0.4782722,-0.0001361597,5.9,2.499909,0.08751468
-0.4708562,-0.4592383,-0.0001069801,6.100005,2.4999,0.08744883
-0.4285311,-0.4429533,2.937157e-05,6.30001,2.499895,0.08740931
-0.3866859,-0.4269121,3.232274e-06,6.500016,2.499893,0.08739363
-0.3490618,-0.412389,2.285696e-05,6.700023,2.499895,0.08739967
-0.3122999,-0.3980929,1.383629e-05,6.900032,2.4999,0.08742639
-0.2774473,-0.3841691,1.893054e-05,7.100046,2.499908,0.08747023
-0.2438657,-0.3699676,1.49161e-05,7.300065,2.499917,0.08751987
-0.2111069,-0.3554761,1.036827e-05,7.500095,2.499924,0.08755645
-0.6123252,-0.5899868,0.0009202192,5.500026,2.699899,0.08788655
-0.5459603,-0.5521712,-0.001166292,5.699988,2.699946,0.08765254
-0.496473,-0.5275342,3.331732e-05,5.899998,2.699938,0.08753204
-0.4495316,-0.5030674,-0.0002450858,6.100006,2.699932,0.08745626
-0.4098671,-0.4844587,2.31923e-05,6.300011,2.699929,0.08741259
-0.3698883,-0.4655895,-1.660059e-05,6.500017,2.699928,0.08739507
-0.3334813,-0.4493495,2.162961e-05,6.700023,2.69993,0.08740026
-0.2973354,-0.4336189,1.198687e-05,6.900032,2.699933,0.08742648
-0.2626788,-0.4184984,2.042188e-05,7.100045,2.699939,0.0874702
-0.2288244,-0.4032005,1.708709e-05,7.300064,2.699945,0.0875199
-0.1957135,-0.3873545,1.573136e-05,7.500093,2.699951,0.08755667
-0.5813681,-0.66919,0.006173213,5.499999,2.899904,0.08802884
-0.507078,-0.6101729,-0.000386905,5.699977,2.899959,0.08770261
-0.4733244,-0.576858,0.001072016,5.899997,2.899957,0.08755393
-0.4242536,-0.5455279,-3.959688e-05,6.100007,2.899954,0.08746838
-0.3905645,-0.5235437,0.0003972534,6.300013,2.899952,0.08742067
-0.3515787,-0.5031959,6.871114e-05,6.500017,2.899952,0.08740123
-0.31712,-0.4854567,7.538009e-05,6.700023,2.899953,0.08740541
-0.2814898,-0.4688601,2.962239e-05,6.900032,2.899956,0.08743101
-0.2470662,-0.4530025,2.973847e-05,7.100044,2.89996,0.08747443
-0.2128125,-0.4369264,3.298029e-05,7.300062,2.899965,0.087524
-0.1788984,-0.4201578,1.645325e-05,7.500088,2.899969,0.08756114
-0.4883109,-0.706794,-5.779372e-05,5.499975,3.09993,0.08814292
-0.4520523,-0.6549166,-0.002060394,5.69997,3.099969,0.08774789
-0.4290906,-0.6115971,-1.556991e-05,5.899997,3.099969,0.0875786
-0.3955905,-0.583028,-0.0001517275,6.100009,3.099969,0.0874858
-0.3660733,-0.558657,-3.194664e-06,6.300014,3.099968,0.08743496
-0.3317328,-0.5380698,-1.198946e-05,6.500018,3.099969,0.08741397
-0.2989845,-0.5199228,2.182324e-05,6.700023,3.09997,0.08741703
-0.2649214,-0.5033897,8.141084e-06,6.90003,3.099972,0.08744188
-0.2305095,-0.4873911,8.679671e-06,7.100042,3.099975,0.08748465
-0.1960447,-0.4710713,-1.085288e-05,7.300057,3.099978,0.08753396
-0.1611501,-0.4543474,-1.286755e-05,7.500082,3.099981,0.08757156
-0.4310699,-0.7104138,0.001424095,5.499984,3.299967,0.08821379
-0.4086345,-0.6656548,-0.000471193,5.699975,3.29998,0.08778733
-0.4008178,-0.6363564,0.0002169231,5.900002,3.29998,0.08760876
-0.3678755,-0.6079654,-3.833831e-05,6.100011,3.29998,0.08751196
-0.3455115,-0.5885522,9.429021e-05,6.300015,3.29998,0.08745917
-0.3129397,-0.569926,7.842847e-06,6.500017,3.299981,0.0874367
-0.2825004,-0.5529408,2.567511e-05,6.700021,3.299982,0.08743866
-0.2489229,-0.5372294,4.456113e-06,6.900028,3.299984,0.08746246
-0.2148283,-0.5222345,-1.002152e-05,7.100038,3.299986,0.08750417
-0.1794269,-0.5064212,-5.097889e-05,7.300052,3.299988,0.08755321
-0.1421988,-0.4902285,-7.488514e-05,7.500073,3.299991,0.08759135
-0.3882013,-0.7043132,0.0009929594,5.500032,3.499997,0.08826667
-0.3776271,-0.6788439,-0.0009341822,5.699993,3.499993,0.08783501
-0.3728339,-0.6544767,0.0001839025,5.900009,3.49999,0.08765282
-0.3479029,-0.6351013,-0.0001547896,6.100013,3.499989,0.08755277
-0.3251689,-0.6156668,4.789153e-05,6.300014,3.499989,0.08749773
-0.2960842,-0.5999194,-2.37984e-05,6.500016,3.499989,0.08747348
-0.2665315,-0.5845881,1.646104e-05,6.700019,3.499991,0.08747378
-0.2342556,-0.5706325,-1.710591e-05,6.900025,3.499992,0.08749605
-0.2000999,-0.5572768,-5.574718e-05,7.100033,3.499993,0.08753639
-0.1638162,-0.5430067,-0.0001763329,7.300045,3.499995,0.08758484
-0.12484,-0.5288812,-0.0002545659,7.500063,3.499998,0.08762469
-0.3696067,-0.6863198,0.0007310787,5.500092,3.700029,0.08836021
-0.3606412,-0.6778281,-0.0007311116,5.700013,3.700007,0.08792101
-0.3569639,-0.6689911,0.0001688601,5.900012,3.699997,0.08772475
-0.3314214,-0.655171,-7.171963e-05,6.10001,3.699994,0.08761425
-0.310351,-0.6415483,4.974275e-05,6.30001,3.699994,0.08755292
-0.2818651,-0.6283454,-4.94642e-06,6.500012,3.699995,0.0875247
-0.2532025,-0.6154065,7.78462e-06,6.700015,3.699996,0.08752222
-0.2217782,-0.6035633,-3.962814e-05,6.900021,3.699997,0.08754229
-0.1875942,-0.5930193,-0.0001375296,7.100028,3.699998,0.08758096
-0.1504428,-0.5810207,-0.0004038767,7.300038,3.7,0.08762965
-0.1081119,-0.5709024,-0.0004627268,7.500052,3.700003,0.08767373
-0.3815817,-0.6728439,0.0001576396,5.500179,3.90002,0.08864484
-0.3593363,-0.6854129,-0.0008572892,5.700072,3.89996,0.08813804
-0.3482797,-0.6852685,-2.206277e-05,5.900035,3.899961,0.08786523
-0.3202851,-0.6791374,3.242406e-05,6.100006,3.899982,0.08770436
-0.2969527,-0.6662816,6.51526e-05,6.299999,3.899992,0.08761994
-0.2698397,-0.6560842,-1.737967e-05,6.500003,3.899995,0.08758286
-0.2417304,-0.6451674,1.379031e-05,6.700009,3.899997,0.08757564
-0.2118843,-0.6357963,-2.091765e-05,6.900015,3.899998,0.08759266
-0.178471,-0.6288262,-0.0001722953,7.100023,3.899999,0.08763024
-0.141232,-0.6211425,-0.0004604576,7.300033,3.900001,0.08768104
-0.09564975,-0.6163744,-0.0005391218,7.500045,3.900004,0.08773502
-0.4301216,-0.6765213,5.99548e-05,5.500776,4.099362,0.08963975
-0.3718927,-0.7046643,0.001541395,5.700649,4.099336,0.08884357
-0.3476236,-0.7114937,0.0004715311,5.900266,4.099659,0.08821358
-0.3118317,-0.7058363,-1.285052e-06,6.099998,4.099938,0.08782998
-0.2869382,-0.6936167,5.724486e-05,6.299977,4.099981,0.08768799
-0.2599958,-0.6835137,-6.193195e-05,6.499989,4.099988,0.08763239
-0.2328645,-0.6740526,1.123701e-06,6.699999,4.099992,0.08761726
-0.2059245,-0.6668355,-4.69299e-05,6.900009,4.099994,0.08763101
-0.1728952,-0.6642954,-0.0002590296,7.10002,4.099995,0.08766889
-0.1379958,-0.6611672,-0.000450702,7.300031,4.099996,0.08772582
-0.09351736,-0.6660787,-0.0005789009,7.500045,4.099998,0.08780013
-0.5893362,-0.01378718,0.003337178,5.499997,0.2493372,0.3097333
-0.5608957,-0.01484491,0.003243828,5.69999,0.2492939,0.3097063
-0.5311233,-0.01563769,0.002986404,5.899989,0.2492256,0.3096849
-0.5004303,-0.01603974,0.002690602,6.099993,0.2491727,0.3096683
-0.4692626,-0.01619049,0.002361711,6.299998,0.2491458,0.3096557
-0.4378855,-0.01614193,0.001990982,6.500002,0.2491461,0.3096458
-0.4065717,-0.01595156,0.001668441,6.700005,0.2491594,0.3096469
-0.3756654,-0.01564689,0.001448652,6.90001,0.2491847,0.3096608
-0.3453298,-0.01528492,0.001285936,7.100015,0.2492376,0.3096789
-0.3156769,-0.01496256,0.001144129,7.300016,0.2492993,0.3097077
-0.2867742,-0.01461535,0.001000239,7.500013,0.2493402,0.3097433
-0.5956386,-0.05484443,0.0007782723,5.499998,0.4642855,0.2906233
-0.5661551,-0.05772981,0.0008082707,5.69999,0.4641502,0.2905716
-0.5354549,-0.05964533,0.0008683552,5.899988,0.4639566,0.2905077
-0.5039724,-0.06068179,0.0008985376,6.099992,0.463789,0.2904553
-0.4721187,-0.0610528,0.0009019502,6.299998,0.4636871,0.2904224
-0.4401923,-0.06083631,0.0008665184,6.500005,0.4636571,0.2904097
-0.4084977,-0.06021206,0.0008075497,6.700013,0.4636937,0.2904191
-0.37722,-0.05926787,0.0007278114,6.900023,0.4637976,0.2904521
-0.3465225,-0.0580598,0.0006047651,7.100032,0.4639672,0.2905068
-0.3165271,-0.05664996,0.0004517034,7.300041,0.4641643,0.2905759
-0.2873688,-0.05504878,0.0002740116,7.500056,0.4643081,0.2906306
-0.5982476,-0.07966913,-0.001899722,5.499999,0.6783355,0.2832747
-0.5676176,-0.08413712,-0.001967292,5.699992,0.6781321,0.2832096
-0.5359355,-0.08720042,-0.00203199,5.899991,0.6778329,0.2831171
-0.5036013,-0.08892905,-0.002076125,6.099996,0.6775616,0.2830346
-0.4710782,-0.08966277,-0.002098223,6.300003,0.6773887,0.282982
-0.4386346,-0.08953599,-0.002098141,6.500011,0.6773323,0.282964
-0.4065381,-0.08875734,-0.002076512,6.700022,0.6773921,0.282981
-0.3749746,-0.08745319,-0.002032926,6.900036,0.6775681,0.283034
-0.3440926,-0.08575628,-0.001966926,7.100053,0.6778441,0.2831184
-0.3139847,-0.08375793,-0.001891013,7.300077,0.6781523,0.283215
-0.2847445,-0.08151908,-0.001797404,7.500115,0.6783726,0.2832862
-0.605152,-0.1147977,0.000662159,5.500002,0.8871681,0.2796134
-0.5723751,-0.1206132,0.0006925955,5.699997,0.8869354,0.2795298
-0.5388973,-0.1244908,0.0007143681,5.899997,0.8865912,0.2794088
-0.5050246,-0.1264785,0.0007209251,6.100002,0.8862757,0.2792987
-0.4712782,-0.127126,0.0007098193,6.300009,0.8860719,0.2792279
-0.4378316,-0.1265956,0.0006924436,6.500019,0.8860043,0.2792038
-0.4049618,-0.1252095,0.0006693165,6.700032,0.8860745,0.2792272
-0.3727802,-0.1231244,0.0006396104,6.90005,0.8862818,0.2792981
-0.3414229,-0.1205167,0.000594243,7.100076,0.8866034,0.2794094
-0.3109577,-0.1174992,0.0005356834,7.300115,0.8869588,0.2795338
-0.2814736,-0.1141649,0.0004726611,7.500181,0.8872125,0.2796237
-0.6131583,-0.1467364,-0.0004672255,5.500006,1.092199,0.277976
-0.5777277,-0.1534345,-0.0004630514,5.700002,1.091976,0.2778733
-0.5421124,-0.1577985,-0.0004621499,5.900003,1.091647,0.277726
-0.5064264,-0.1597417,-0.0004588871,6.100008,1.091345,0.2775914
-0.4712697,-0.1601106,-0.0004622903,6.300016,1.091148,0.2775044
-0.4366769,-0.1590475,-0.0004620907,6.500027,1.091082,0.2774747
-0.4029275,-0.1569897,-0.0004564515,6.700043,1.09115,0.277503
-0.3700571,-0.154105,-0.0004500148,6.900065,1.09135,0.277589
-0.3381813,-0.1506201,-0.0004475145,7.1001,1.091659,0.2777236
-0.3073255,-0.1466564,-0.0004509688,7.300154,1.091999,0.2778729
-0.2775545,-0.142336,-0.0004488297,7.500247,1.092244,0.2779802
-0.6226111,-0.1849161,0.0001522376,5.500012,1.295133,0.2772079
-0.5837357,-0.1919758,0.0001844223,5.700006,1.294941,0.2770864
-0.5454377,-0.196378,0.000201687,5.900007,1.294663,0.2769152
-0.5074768,-0.1977805,0.0002163588,6.100013,1.294406,0.2767591
-0.4706181,-0.197453,0.0002170945,6.300023,1.294238,0.2766581
-0.4346466,-0.1954494,0.0002154808,6.500036,1.294181,0.2766233
-0.3998728,-0.1923758,0.0002106818,6.700055,1.29424,0.2766553
-0.3661964,-0.1883785,0.0002004385,6.900082,1.294411,0.2767534
-0.3337185,-0.1837333,0.0001799595,7.100124,1.294673,0.2769071
-0.3024122,-0.1785605,0.0001491786,7.300193,1.29496,0.2770773
-0.2723243,-0.1730038,0.0001176114,7.500308,1.29517,0.2771996
-0.6324956,-0.2248519,-0.0001788487,5.500018,1.496895,0.2768366
-0.5894317,-0.2314889,-0.000127172,5.700011,1.49674,0.276695
-0.5481078,-0.2354187,-0.0001039813,5.900011,1.496521,0.2765019
-0.5076076,-0.2357039,-7.862629e-05,6.100018,1.496319,0.2763276
-0.4689624,-0.2342921,-6.926394e-05,6.300029,1.496186,0.2762145
-0.4315434,-0.231016,-6.4819e-05,6.500044,1.496141,0.2761747
-0.3957334,-0.2267053,-6.064864e-05,6.700066,1.496187,0.276209
-0.3612392,-0.2214314,-6.276473e-05,6.900098,1.496321,0.2763161
-0.3281595,-0.2155238,-7.309714e-05,7.100148,1.496527,0.2764842
-0.2963949,-0.2090719,-9.295916e-05,7.300228,1.496752,0.2766706
-0.2659713,-0.2022358,-0.0001086071,7.500361,1.496919,0.2768048
-0.6425756,-0.2715449,-3.533607e-05,5.500027,1.697993,0.276669
-0.5944532,-0.2764368,3.082041e-05,5.700017,1.697869,0.2765028
-0.5497703,-0.2788222,3.743637e-05,5.900017,1.697702,0.2762877
-0.5064064,-0.2771073,6.577185e-05,6.100023,1.697549,0.2760965
-0.465928,-0.2739599,7.12139e-05,6.300035,1.697449,0.2759726
-0.4269983,-0.2689019,7.411852e-05,6.500052,1.697414,0.275928
-0.390178,-0.2629909,7.527876e-05,6.700076,1.697449,0.275963
-0.3548692,-0.256159,7.173311e-05,6.900113,1.69755,0.2760763
-0.3211974,-0.2487744,5.94575e-05,7.100168,1.697703,0.2762545
-0.2889707,-0.2408598,3.784214e-05,7.300256,1.697872,0.2764524
-0.2582067,-0.2325802,1.711109e-05,7.500404,1.697998,0.2765953
-0.6506725,-0.3221154,-0.0003040512,5.50004,1.898696,0.2766257
-0.596881,-0.3239006,-0.0001452648,5.700026,1.898596,0.276424
-0.5489076,-0.3242356,-8.693147e-05,5.900023,1.898471,0.2761832
-0.5028002,-0.3196813,-3.276893e-05,6.10003,1.898358,0.2759745
-0.4607607,-0.314387,-3.991928e-06,6.300042,1.898283,0.27584
-0.4205234,-0.3071509,7.729762e-06,6.50006,1.898258,0.2757902
-0.3829009,-0.2994147,1.725334e-05,6.700086,1.898283,0.2758247
-0.3469061,-0.2908525,1.596628e-05,6.900124,1.898357,0.2759414
-0.3127359,-0.2818839,8.120521e-06,7.100183,1.898468,0.2761261
-0.2800853,-0.272419,-8.959534e-06,7.300278,1.898591,0.2763317
-0.2489778,-0.262631,-2.552747e-05,7.500435,1.898685,0.2764804
-0.656256,-0.382101,-0.0002219871,5.500059,2.099151,0.2766817
-0.5966244,-0.3782379,-7.755752e-05,5.700038,2.09907,0.2764223
-0.5455775,-0.3738911,-6.168952e-05,5.900032,2.098978,0.2761466
-0.4965463,-0.3652949,2.314689e-06,6.100037,2.098896,0.2759172
-0.4533651,-0.3568087,2.60758e-05,6.300049,2.098842,0.2757708
-0.4119667,-0.3468546,3.738172e-05,6.500067,2.098824,0.275715
-0.3737999,-0.3369248,4.669079e-05,6.700093,2.098842,0.2757475
-0.3372453,-0.3264266,4.440568e-05,6.900133,2.098894,0.2758655
-0.302671,-0.3157499,3.829899e-05,7.100194,2.098974,0.2760541
-0.2696352,-0.3046456,2.261249e-05,7.300293,2.099062,0.2762644
-0.2381678,-0.2932625,8.301294e-06,7.500455,2.099131,0.2764171
-0.652363,-0.4445739,-0.0006507503,5.500082,2.299434,0.2768425
-0.5882958,-0.4328864,-0.0003872967,5.700052,2.299377,0.2764847
-0.5361696,-0.4250791,-0.0001827229,5.900043,2.299313,0.2761576
-0.4857643,-0.4112173,-8.140386e-05,6.100045,2.299256,0.2759015
-0.442345,-0.3995049,-6.863692e-06,6.300056,2.299218,0.2757411
-0.4006053,-0.3865914,1.202262e-05,6.500073,2.299205,0.2756781
-0.3624206,-0.3744902,3.540858e-05,6.700099,2.299218,0.2757077
-0.3256626,-0.3620651,3.648846e-05,6.900139,2.299256,0.2758256
-0.2908851,-0.3497281,3.485585e-05,7.100201,2.299312,0.2760157
-0.2575348,-0.3369826,2.19985e-05,7.3003,2.299374,0.2762286
-0.2256205,-0.3240646,8.810823e-06,7.500464,2.299424,0.276384
-0.6438553,-0.5194054,-0.0006523736,5.500107,2.499591,0.2771297
-0.5715666,-0.4950024,-0.0003092065,5.700067,2.499569,0.2766068
-0.5218691,-0.4779186,-0.0002061807,5.900054,2.499532,0.2762056
-0.4709397,-0.4591782,-0.0001072729,6.100055,2.499496,0.275915
-0.4286578,-0.4427906,1.060526e-05,6.300064,2.499471,0.2757382
-0.3868847,-0.4268036,1.734724e-05,6.500079,2.499463,0.275667
-0.3492089,-0.4122921,4.848001e-05,6.700104,2.499473,0.2756926
-0.3124245,-0.3980064,4.72436e-05,6.900142,2.4995,0.2758091
-0.2775385,-0.3840888,5.052933e-05,7.100203,2.499539,0.2759996
-0.2439149,-0.3698908,3.909589e-05,7.300301,2.499584,0.2762138
-0.2111474,-0.3553932,2.158341e-05,7.500464,2.49962,0.2763707
-0.611815,-0.584894,-0.0009624964,5.500122,2.699655,0.2775433
-0.5472127,-0.5517356,-0.0009903928,5.700078,2.699683,0.276778
-0.4967697,-0.5263699,-0.000224459,5.900066,2.699674,0.2762814
-0.4499624,-0.5030068,-0.0002399538,6.100065,2.699655,0.2759512
-0.4100038,-0.4841332,1.740181e-06,6.300072,2.699641,0.2757563
-0.3700685,-0.4654899,8.648787e-06,6.500084,2.699637,0.2756763
-0.333601,-0.4492959,5.156987e-05,6.700106,2.699645,0.2756973
-0.2974214,-0.4335808,4.897087e-05,6.900142,2.699665,0.2758116
-0.2627312,-0.4184506,5.697645e-05,7.1002,2.699693,0.2760013
-0.22882,-0.403136,4.65327e-05,7.300295,2.699724,0.2762158
-0.1956783,-0.3872572,4.248448e-05,7.500453,2.699751,0.2763741
-0.5814041,-0.6704303,0.001102389,5.500104,2.899686,0.2779966
-0.5143794,-0.6125484,-0.0004463106,5.700085,2.899755,0.276968
-0.4735247,-0.5777152,0.0003205604,5.900079,2.899767,0.276375
-0.4266684,-0.5464899,-0.0001445202,6.100077,2.899762,0.2760066
-0.3910076,-0.5238849,0.0002613124,6.30008,2.899756,0.275795
-0.352019,-0.5032911,8.469082e-05,6.500088,2.899755,0.2757067
-0.3172704,-0.4855348,9.925592e-05,6.700106,2.899762,0.2757231
-0.2815608,-0.4688995,7.289003e-05,6.900139,2.899776,0.2758345
-0.2470556,-0.4530017,7.382371e-05,7.100193,2.899796,0.2760224
-0.2127227,-0.4369127,7.43113e-05,7.300282,2.899819,0.2762367
-0.1786965,-0.4200806,5.60891e-05,7.500431,2.899839,0.2763961
-0.4780222,-0.7028474,0.0007087547,5.500071,3.099745,0.2783521
-0.4507064,-0.6572193,-0.0007818219,5.700102,3.099814,0.2771433
-0.4274787,-0.6119252,1.831036e-05,5.9001,3.099832,0.2764822
-0.3952755,-0.5835419,-9.610156e-05,6.100092,3.099834,0.2760861
-0.3659869,-0.5592008,9.66872e-05,6.300088,3.099833,0.2758617
-0.3317292,-0.5382993,4.553382e-05,6.500091,3.099835,0.2757662
-0.2989895,-0.5201023,8.683036e-05,6.700104,3.099841,0.2757777
-0.2648712,-0.5034955,6.775887e-05,6.900132,3.099852,0.2758855
-0.2304567,-0.4874517,6.41879e-05,7.100181,3.099867,0.2760708
-0.1958736,-0.4710864,4.007318e-05,7.300262,3.099883,0.276284
-0.1609882,-0.4542975,4.491693e-05,7.500398,3.099899,0.2764455
-0.4266973,-0.7098834,0.0014144,5.50014,3.299835,0.2785764
-0.4084987,-0.66562,-0.0009753882,5.700163,3.299869,0.2773056
-0.4000665,-0.6366695,0.0001888579,5.900137,3.29988,0.2766155
-0.3678151,-0.6080968,-0.0001071494,6.100111,3.299883,0.276205
-0.3455351,-0.5889527,0.0001821916,6.300094,3.299885,0.275972
-0.3128442,-0.5700651,7.063542e-05,6.500089,3.299889,0.2758702
-0.2824731,-0.5531478,0.0001005722,6.700098,3.299895,0.2758761
-0.2488022,-0.537384,7.383184e-05,6.900121,3.299904,0.2759787
-0.2146664,-0.5223458,5.239159e-05,7.100163,3.299915,0.2761599
-0.1791764,-0.5065312,1.164394e-05,7.300234,3.299927,0.2763715
-0.1418782,-0.4903005,1.129756e-05,7.500353,3.29994,0.2765368
-0.3845103,-0.7052571,0.001641573,5.500399,3.49991,0.2787719
-0.3776994,-0.6788057,-0.001008303,5.700282,3.499908,0.2775076
-0.3717097,-0.6546086,0.0001897299,5.900187,3.499908,0.2768088
-0.3476737,-0.6352396,-6.108581e-05,6.100127,3.499912,0.2763877
-0.3249856,-0.6160282,0.0001455854,6.300095,3.499917,0.276145
-0.296029,-0.6002295,7.331745e-05,6.500082,3.499924,0.2760349
-0.2664145,-0.5848732,0.0001039328,6.700086,3.499931,0.2760333
-0.2341022,-0.5709021,7.042895e-05,6.900105,3.499939,0.2761287
-0.199851,-0.5574996,2.62995e-05,7.100141,3.499947,0.276304
-0.1635871,-0.5432687,-8.577749e-05,7.300201,3.499956,0.276514
-0.1248187,-0.5290522,-8.600655e-05,7.500299,3.499966,0.2766876
-0.3681872,-0.6877268,-0.0002859702,5.500732,3.699954,0.279114
-0.3610122,-0.6776977,-0.001041676,5.700411,3.699907,0.277849
-0.3566537,-0.6696707,-0.0001573837,5.900226,3.699901,0.2771127
-0.3311378,-0.6548619,-8.612917e-05,6.100128,3.699913,0.2766559
-0.3104204,-0.6418661,8.776145e-05,6.300082,3.699928,0.2763883
-0.281821,-0.6286236,7.894922e-05,6.500065,3.699941,0.2762614
-0.2531062,-0.6157658,8.233255e-05,6.700067,3.699952,0.2762476
-0.2216197,-0.60396,4.595096e-05,6.900085,3.69996,0.2763331
-0.1873647,-0.5933478,-6.138596e-05,7.100116,3.699966,0.2765015
-0.1503333,-0.5813501,-0.0003336175,7.300164,3.699971,0.2767126
-0.1091212,-0.5712061,-0.0001986669,7.500238,3.699977,0.2769051
-0.3817421,-0.6820051,-0.001451652,5.500943,3.899907,0.2799464
-0.3583373,-0.6862226,-0.001026316,5.700494,3.899795,0.2785244
-0.3498778,-0.6864532,-6.427798e-05,5.900232,3.899818,0.2775996
-0.3203686,-0.6791032,0.0002414652,6.1001,3.899868,0.2770162
-0.2972273,-0.6665646,0.0001661236,6.300045,3.89991,0.2766797
-0.2699834,-0.6566305,0.0001117096,6.500031,3.899939,0.276516
-0.2416197,-0.6456954,0.0001090122,6.700038,3.899956,0.2764812
-0.211712,-0.6363754,0.0001139189,6.90006,3.899966,0.2765541
-0.1779876,-0.6294555,-0.0001140867,7.10009,3.899971,0.2767175
-0.1409176,-0.6214033,-0.0003193912,7.30013,3.899971,0.2769386
-0.09593196,-0.6160768,-0.0003737073,7.500181,3.899968,0.2771723
-0.43357,-0.6940731,-0.00716248,5.501112,4.099481,0.2821177
-0.3674529,-0.7063456,-0.002993565,5.700588,4.099353,0.2799746
-0.3493605,-0.712178,-0.0009151659,5.900202,4.099575,0.2783946
-0.3117422,-0.7059846,-0.0003450971,6.100027,4.099753,0.2774609
-0.2874453,-0.6941209,0.0001052353,6.299974,4.099857,0.2769667
-0.2603491,-0.684309,1.744783e-05,6.499975,4.099914,0.2767321
-0.2327901,-0.6748034,7.048382e-05,6.699998,4.099944,0.2766638
-0.205854,-0.667716,5.179292e-05,6.900031,4.099958,0.2767222
-0.1723861,-0.6651887,-0.0003640183,7.10007,4.099962,0.2768868
-0.1379687,-0.66217,-0.000267112,7.30011,4.099956,0.2771343
-0.09390414,-0.6671021,-0.000279059,7.500146,4.099936,0.2774461
-0.5828449,-0.01531769,-0.005311114,5.499995,0.2107267,0.5124081
-0.554711,-0.01625049,-0.005293556,5.699986,0.2106604,0.5123911
-0.525248,-0.01692427,-0.005207436,5.899985,0.2105631,0.5123676
-0.4949206,-0.01734348,-0.005065615,6.09999,0.2104756,0.512347
-0.4641206,-0.0175623,-0.004888623,6.299996,0.2104206,0.5123337
-0.4331783,-0.01760591,-0.004675461,6.500003,0.2104031,0.512329
-0.4023918,-0.0175068,-0.004486357,6.700009,0.2104222,0.512333
-0.371945,-0.01728543,-0.004324799,6.900017,0.2104783,0.5123462
-0.3419959,-0.01696287,-0.004155944,7.100024,0.210567,0.5123675
-0.3126646,-0.01656423,-0.003995405,7.300028,0.2106672,0.5123921
-0.5930053,-0.04279353,0.00259036,5.499993,0.4282346,0.494449
-0.5638528,-0.04538856,0.002660994,5.699978,0.4279907,0.494388
-0.5334362,-0.0472125,0.002685274,5.899976,0.4276306,0.4943008
-0.5021963,-0.04832123,0.002687033,6.099984,0.4273031,0.4942231
-0.4705624,-0.04888552,0.002662012,6.299997,0.427094,0.4941731
-0.4388486,-0.0489833,0.002611759,6.500012,0.4270256,0.494156
-0.4073411,-0.04870393,0.002547761,6.700028,0.4270975,0.4941722
-0.3762334,-0.04811728,0.002470613,6.900047,0.4273103,0.4942222
-0.3456976,-0.04730221,0.002378393,7.100068,0.4276436,0.4943019
-0.3158508,-0.04630606,0.002269502,7.300091,0.4280146,0.4943925
-0.2868105,-0.04515893,0.002158683,7.50012,0.428279,0.494458
-0.5976563,-0.07747395,-0.00146383,5.5,0.6522994,0.4890122
-0.5671431,-0.08175208,-0.001484687,5.699988,0.6518568,0.4888987
-0.5355639,-0.08464023,-0.001495525,5.899987,0.6512002,0.4887338
-0.5033292,-0.08625612,-0.001495323,6.099996,0.6505976,0.4885843
-0.4708951,-0.08693377,-0.001486396,6.30001,0.6502088,0.4884879
-0.4385345,-0.08680428,-0.001462409,6.500027,0.6500797,0.4884554
-0.4065162,-0.08607045,-0.001428858,6.700049,0.6502136,0.4884871
-0.3750125,-0.0848504,-0.001390629,6.900078,0.650609,0.4885835
-0.3441734,-0.08327088,-0.001349919,7.100117,0.6512226,0.4887353
-0.3140943,-0.08140027,-0.001310498,7.300174,0.6518999,0.4889049
-0.2848789,-0.07927983,-0.001262061,7.500266,0.6523811,0.4890266
-0.6044971,-0.110437,0.0003486026,5.500011,0.8701899,0.4848581
-0.5719173,-0.1160965,0.0003795867,5.700006,0.8696477,0.4846963
-0.5386078,-0.1198579,0.0003971252,5.900008,0.8688433,0.4844612
-0.5048783,-0.1217976,0.0003993104,6.100015,0.868101,0.4842462
-0.4712545,-0.1224618,0.0003891648,6.300029,0.8676187,0.4841068
-0.4379081,-0.1220154,0.0003766719,6.500047,0.8674578,0.4840594
-0.4051134,-0.1207575,0.000367899,6.700073,0.8676246,0.484105
-0.3729845,-0.1188385,0.0003571217,6.900111,0.8681148,0.4842436
-0.3416609,-0.1164289,0.0003357262,7.10017,0.8688715,0.4844597
-0.3112161,-0.11362,0.000301349,7.300268,0.8697031,0.484699
-0.2817426,-0.1104799,0.0002660835,7.500436,0.8702959,0.4848695
-0.6127235,-0.1451865,-0.0004316989,5.500024,1.081391,0.482358
-0.5774223,-0.1518001,-0.0004068595,5.700023,1.080858,0.4821502
-0.5419203,-0.1560754,-0.0003837809,5.900026,1.080071,0.4818516
-0.5063299,-0.1579578,-0.0003701719,6.100034,1.079342,0.4815781
-0.471256,-0.1583047,-0.0003642487,6.300048,1.078865,0.4814002
-0.4367315,-0.1572621,-0.0003582124,6.500068,1.078706,0.4813389
-0.4030317,-0.1552619,-0.0003457578,6.7001,1.078871,0.4813963
-0.3701914,-0.1524683,-0.0003322239,6.900149,1.079356,0.481571
-0.3383259,-0.1490989,-0.0003281886,7.100229,1.0801,0.4818426
-0.307469,-0.1452556,-0.0003374514,7.300367,1.080915,0.4821423
-0.2776916,-0.141034,-0.0003448408,7.500606,1.081502,0.4823555
-0.6222591,-0.1831701,2.02964e-05,5.500039,1.288146,0.4810307
-0.583502,-0.1901675,6.976366e-05,5.700038,1.287681,0.4807794
-0.5453109,-0.1945115,0.000104434,5.900042,1.287005,0.4804258
-0.5074374,-0.1958747,0.0001241545,6.10005,1.286378,0.4801033
-0.4706535,-0.1955442,0.000129909,6.300066,1.285966,0.4798929
-0.4347393,-0.1935801,0.000129486,6.50009,1.285827,0.4798194
-0.4000024,-0.1905784,0.0001348191,6.700129,1.28597,0.4798851
-0.3663452,-0.1866813,0.0001361943,6.900189,1.286389,0.4800878
-0.333869,-0.1821549,0.0001250679,7.10029,1.287029,0.4804032
-0.302553,-0.177102,9.583703e-05,7.300464,1.28773,0.4807506
-0.2724481,-0.1716415,6.639642e-05,7.500764,1.288241,0.4809985
-0.6323204,-0.223922,-0.0003019776,5.500058,1.492325,0.4803424
-0.5892985,-0.2305219,-0.000220996,5.700053,1.491945,0.480046
-0.54805,-0.2344227,-0.0001666011,5.900056,1.491406,0.4796434
-0.5076011,-0.2346795,-0.0001328558,6.100065,1.490908,0.4792792
-0.4690073,-0.2332657,-0.0001131158,6.300083,1.490579,0.4790414
-0.4316253,-0.2300144,-0.0001041727,6.500112,1.490467,0.478957
-0.3958379,-0.2257527,-9.111915e-05,6.700157,1.490582,0.4790274
-0.3613509,-0.2205494,-8.337493e-05,6.900229,1.490915,0.4792504
-0.3282617,-0.2147216,-8.782742e-05,7.100347,1.491421,0.479598
-0.2964752,-0.2083459,-0.000106199,7.300551,1.491976,0.4799811
-0.2660239,-0.2015667,-0.0001258206,7.5009,1.492386,0.4802551
-0.6424673,-0.2706748,-0.0001520036,5.500085,1.694986,0.4800244
-0.5943671,-0.2755525,-4.833422e-05,5.700073,1.69468,0.4796732
-0.5497502,-0.2779517,-1.046017e-05,5.900072,1.694267,0.479222
-0.5064201,-0.2762231,2.215404e-05,6.100081,1.693889,0.4788202
-0.4659846,-0.2730838,4.17851e-05,6.3001,1.693638,0.4785581
-0.4270796,-0.2680527,4.639431e-05,6.500133,1.693552,0.4784627
-0.3902721,-0.2621852,5.680055e-05,6.700183,1.693639,0.4785347
-0.3549622,-0.2554105,5.805741e-05,6.900264,1.69389,0.4787705
-0.3212785,-0.2480897,5.05805e-05,7.100397,1.694271,0.4791401
-0.2890288,-0.2402363,2.772375e-05,7.300624,1.694688,0.4795481
-0.2582312,-0.2320033,5.298416e-06,7.501009,1.695003,0.4798408
-0.6509192,-0.3215426,-0.0004588678,5.500124,1.896715,0.4799513
-0.5968736,-0.323338,-0.0002382628,5.7001,1.89647,0.4795232
-0.5489471,-0.3236829,-0.0001315738,5.900092,1.89616,0.4790155
-0.5028268,-0.3191165,-6.83055e-05,6.100099,1.895879,0.4785749
-0.4608171,-0.3138311,-2.028829e-05,6.300118,1.895693,0.4782888
-0.4205903,-0.3066133,-1.010523e-05,6.500152,1.895629,0.4781815
-0.3829732,-0.2989073,8.271588e-06,6.700206,1.895692,0.4782518
-0.3469727,-0.2903881,9.244844e-06,6.900293,1.895876,0.4784947
-0.3127862,-0.2814631,4.293879e-06,7.100436,1.896154,0.478878
-0.2801102,-0.2720373,-1.511654e-05,7.300679,1.896459,0.4793023
-0.2489652,-0.2622732,-3.441899e-05,7.501089,1.896694,0.4796078
-0.6564791,-0.3816895,-0.0003643088,5.500179,2.097842,0.4800777
-0.5966333,-0.3777995,-7.307347e-05,5.700136,2.097649,0.4795308
-0.5456058,-0.3734458,-5.893348e-05,5.900118,2.097421,0.4789481
-0.496565,-0.3648487,8.192461e-06,6.100121,2.097217,0.4784619
-0.4534134,-0.3563768,5.073848e-05,6.300137,2.097083,0.4781493
-0.4120174,-0.3464415,4.995659e-05,6.500171,2.097037,0.4780282
-0.3738544,-0.3365365,6.608231e-05,6.700226,2.097082,0.4780939
-0.3372925,-0.3260706,5.975313e-05,6.900316,2.097214,0.4783393
-0.3027009,-0.315425,5.297285e-05,7.100464,2.097414,0.4787302
-0.2696384,-0.3043472,3.182829e-05,7.300716,2.097633,0.4791644
-0.2381311,-0.2929771,1.25254e-05,7.501141,2.097805,0.479478
-0.6529026,-0.4442346,-0.0007267538,5.500254,2.298548,0.4804018
-0.5884281,-0.4325507,-0.0003451074,5.700183,2.298416,0.4796674
-0.5362201,-0.4247429,-0.0001388289,5.900151,2.298259,0.4789799
-0.4857889,-0.410895,-5.70808e-05,6.100145,2.298118,0.4784364
-0.4423893,-0.3992241,4.256573e-05,6.300158,2.298024,0.4780927
-0.4006431,-0.3863138,4.037964e-05,6.500187,2.297992,0.4779553
-0.3624592,-0.3742288,6.903812e-05,6.700241,2.298025,0.4780137
-0.3256918,-0.3618246,5.862189e-05,6.900331,2.298119,0.4782582
-0.2908963,-0.3495067,5.360366e-05,7.100481,2.298261,0.4786525
-0.2575199,-0.3367748,3.21713e-05,7.300736,2.298417,0.4790922
-0.2255614,-0.3238607,1.04997e-05,7.501165,2.298542,0.479411
-0.6452181,-0.5200929,-0.0005271131,5.500343,2.498945,0.4809331
-0.5724661,-0.4950153,7.920088e-05,5.700238,2.498897,0.4799155
-0.5222585,-0.4778333,-0.0001782537,5.900189,2.498809,0.4790864
-0.4709998,-0.4589278,-3.227752e-05,6.100174,2.498721,0.4784726
-0.4287074,-0.4425907,0.000106876,6.300179,2.498661,0.4780932
-0.3868955,-0.4265956,8.457815e-05,6.500203,2.498641,0.4779373
-0.3492303,-0.412099,0.0001108513,6.700253,2.498665,0.4779866
-0.3124376,-0.3978285,8.583602e-05,6.900339,2.498733,0.4782276
-0.2775347,-0.3839222,7.77707e-05,7.100486,2.498832,0.4786221
-0.2438871,-0.3697316,5.28189e-05,7.300738,2.498943,0.4790643
-0.2110708,-0.3552282,1.948421e-05,7.501164,2.499035,0.4793866
-0.6129927,-0.5893563,-0.0003530156,5.500424,2.699127,0.4816348
-0.5463116,-0.5518539,-0.0006752276,5.700294,2.699188,0.4802449
-0.4966981,-0.5268783,-3.110779e-05,5.900233,2.699167,0.4792467
-0.4497955,-0.5029097,-7.83573e-05,6.100207,2.699123,0.4785551
-0.4100511,-0.4841227,0.0001582042,6.300202,2.699089,0.4781382
-0.3700606,-0.4653627,8.768143e-05,6.500217,2.699079,0.477963
-0.3336157,-0.4491703,0.0001294526,6.700259,2.699099,0.478002
-0.2974256,-0.4334551,9.354075e-05,6.900339,2.699147,0.4782379
-0.2627205,-0.4183303,8.536363e-05,7.10048,2.699218,0.4786305
-0.2287825,-0.4030154,5.541394e-05,7.300722,2.699297,0.4790731
-0.1955938,-0.3871304,2.304414e-05,7.501135,2.699365,0.4793983
-0.5822882,-0.6698314,0.002689967,5.500461,2.899228,0.4823592
-0.5102915,-0.6125312,0.0004168084,5.700353,2.899376,0.4805992
-0.4735629,-0.5772407,0.0008251735,5.900285,2.899403,0.4794413
-0.4255552,-0.5460747,0.0001253824,6.100244,2.899391,0.4786785
-0.3909741,-0.5236881,0.0004258492,6.300225,2.899377,0.4782277
-0.3518743,-0.5031774,0.0001714705,6.500229,2.899375,0.4780343
-0.3172561,-0.4854224,0.0001919661,6.700261,2.899391,0.4780627
-0.2815454,-0.4688023,0.0001232617,6.900331,2.899427,0.4782918
-0.2470343,-0.4529123,0.0001005634,7.100461,2.899478,0.4786806
-0.2126757,-0.4368212,7.434416e-05,7.300689,2.899535,0.4791224
-0.1786077,-0.4199637,2.242731e-05,7.50108,2.899587,0.479451
-0.4863771,-0.7073664,-0.0006958674,5.500508,3.099388,0.4829255
-0.452224,-0.6572082,-0.0004735943,5.700446,3.099528,0.4809293
-0.4288179,-0.6120592,3.853925e-06,5.900358,3.099568,0.4796649
-0.3955988,-0.583481,-2.452181e-05,6.100289,3.099571,0.4788528
-0.3660567,-0.5589176,0.0002383804,6.300248,3.099569,0.4783768
-0.3317833,-0.5382098,0.000137476,6.500236,3.099573,0.4781678
-0.2990084,-0.5200163,0.0001717289,6.700255,3.099588,0.4781853
-0.2648803,-0.5034226,0.0001145892,6.900314,3.099615,0.4784061
-0.2304462,-0.4873864,8.860493e-05,7.10043,3.099652,0.4787889
-0.195848,-0.4710192,2.351364e-05,7.300637,3.099695,0.4792288
-0.1609178,-0.4541934,1.079976e-05,7.500995,3.099735,0.4795626
-0.4257545,-0.710807,0.0008052589,5.500807,3.299593,0.4833165
-0.4091258,-0.6679311,-0.0004732666,5.700644,3.29966,0.4812513
-0.399899,-0.6368739,0.0004832886,5.900466,3.299682,0.4799469
-0.3680066,-0.6084375,5.7792e-05,6.100341,3.299689,0.4791109
-0.3454764,-0.5889171,0.0003378922,6.300267,3.299694,0.4786175
-0.3128784,-0.5700151,0.0001779511,6.500234,3.299703,0.4783946
-0.282457,-0.5530912,0.0001954312,6.70024,3.299718,0.4783998
-0.2488137,-0.5373254,0.0001269351,6.900287,3.29974,0.4786093
-0.2146572,-0.5222949,7.600103e-05,7.100386,3.299768,0.4789834
-0.1791245,-0.5064443,-2.042147e-05,7.300567,3.2998,0.4794206
-0.1418479,-0.4902203,-3.564188e-05,7.500881,3.299831,0.4797639
-0.3825307,-0.705992,0.0007374733,5.50151,3.499747,0.4836863
-0.3778766,-0.6788089,-0.0008923368,5.700959,3.499741,0.4816602
-0.3719531,-0.6553825,0.000473176,5.900597,3.499742,0.4803534
-0.347645,-0.6352411,-6.937657e-07,6.100384,3.499752,0.4795013
-0.3250118,-0.616052,0.0003073494,6.300269,3.499767,0.4789889
-0.2960291,-0.6001753,0.0001716743,6.500217,3.499784,0.4787477
-0.2664169,-0.5848427,0.0001985681,6.700212,3.499802,0.4787358
-0.2341113,-0.5708597,0.0001455918,6.900248,3.499821,0.4789296
-0.1998117,-0.5575113,7.418463e-05,7.100331,3.499843,0.4792914
-0.1635237,-0.5432435,5.081453e-06,7.300481,3.499865,0.4797267
-0.1246906,-0.5289465,-7.331182e-06,7.50074,3.499888,0.4800894
-0.3662005,-0.6878579,0.0003657311,5.502328,3.699812,0.4842911
-0.3596604,-0.6774827,-0.0001041957,5.701273,3.699724,0.4823173
-0.3565253,-0.6699837,0.0005417364,5.900696,3.699717,0.4809716
-0.3309484,-0.6551927,0.0001345341,6.100391,3.699749,0.4800633
-0.3103265,-0.6418581,0.0002972771,6.300239,3.699789,0.4795038
-0.2817944,-0.6285872,0.0002130098,6.500174,3.699822,0.4792273
-0.2530976,-0.6157204,0.0001903499,6.700165,3.699849,0.4791884
-0.2216565,-0.6039147,0.0001594359,6.900197,3.699869,0.4793608
-0.1874486,-0.5933594,4.757532e-05,7.100267,3.699885,0.4797085
-0.1503227,-0.5812857,-2.292233e-05,7.300386,3.699897,0.4801479
-0.1093888,-0.5711984,2.774952e-05,7.500582,3.699906,0.4805513
-0.3810747,-0.6818992,0.0009442443,5.502735,3.899686,0.4855786
-0.3581319,-0.685216,3.161234e-05,5.701432,3.899479,0.4834826
-0.350985,-0.6872606,0.0003231258,5.900705,3.899533,0.481898
-0.3200676,-0.6793797,6.781874e-05,6.100328,3.89965,0.4807947
-0.2973136,-0.6665898,0.0002770846,6.300155,3.89975,0.4801121
-0.2699869,-0.6566027,0.0002207614,6.500094,3.899819,0.4797627
-0.241617,-0.645652,0.0002015539,6.700095,3.899862,0.4796794
-0.2117454,-0.6363698,0.0002293089,6.900134,3.899888,0.4798245
-0.1776816,-0.6295996,3.897931e-05,7.100201,3.899899,0.4801623
-0.1412772,-0.6214373,2.500313e-05,7.300297,3.899897,0.4806229
-0.09595166,-0.616161,5.187841e-05,7.500428,3.89988,0.4811085
-0.431525,-0.6945187,0.0009884371,5.502769,4.098901,0.4882819
-0.367477,-0.70389,0.0004003961,5.701511,4.098656,0.4855814
-0.3489014,-0.7122999,0.0002250929,5.900614,4.09905,0.4832451
-0.3118511,-0.7070601,4.985167e-05,6.100167,4.099412,0.4816429
-0.2871483,-0.6938474,0.0002858127,6.299995,4.099643,0.4806982
-0.2604262,-0.6843053,0.0002183169,6.499963,4.099775,0.4802154
-0.232799,-0.6747518,0.0001818778,6.699997,4.099847,0.4800643
-0.2058366,-0.6677621,0.0002279617,6.900064,4.099882,0.480179
-0.17279,-0.6649721,-2.805647e-05,7.100147,4.09989,0.480519
-0.138615,-0.6616122,0.0003471797,7.300237,4.099869,0.4810314
-0.09507415,-0.6673192,0.0001942509,7.500321,4.099809,0.4816642
-0.58998,-0.01545462,0.001634679,5.499992,0.1973679,0.7006482
-0.5616611,-0.01627831,0.001631914,5.69998,0.197281,0.7006315
-0.5319741,-0.01682706,0.001575579,5.899978,0.1971525,0.7006072
-0.5013709,-0.01713243,0.001492662,6.099985,0.1970354,0.7005853
-0.4702697,-0.01725196,0.001393239,6.299994,0.1969605,0.7005712
-0.4389882,-0.01721132,0.001280348,6.500004,0.1969358,0.7005664
-0.4078095,-0.01705253,0.001173896,6.700014,0.1969615,0.700571
-0.3769694,-0.0168017,0.001083294,6.900025,0.1970375,0.7005852
-0.3466417,-0.01647832,0.001003601,7.100036,0.1971566,0.7006075
-0.3169423,-0.01609893,0.0009298637,7.300042,0.1972891,0.7006323
-0.5926521,-0.04284788,0.0002546367,5.499989,0.405036,0.6962221
-0.5635917,-0.04525014,0.0002965759,5.699967,0.4046797,0.6961595
-0.5332626,-0.04686373,0.0003272471,5.899964,0.4041501,0.6960678
-0.502109,-0.04777987,0.0003412445,6.099976,0.403664,0.6959844
-0.4705529,-0.048176,0.0003422459,6.299996,0.4033504,0.6959306
-0.4389078,-0.04812971,0.0003312973,6.500018,0.4032464,0.6959123
-0.4074556,-0.04774972,0.0003123775,6.700043,0.403354,0.6959302
-0.3763977,-0.04711023,0.0002835841,6.900073,0.4036726,0.6959842
-0.3459068,-0.04627408,0.000242201,7.100106,0.4041675,0.6960687
-0.316091,-0.0452772,0.000192288,7.300141,0.4047134,0.6961626
-0.5970161,-0.07398252,-5.55959e-05,5.5,0.629479,0.6926511
-0.5667194,-0.07803702,-4.098246e-05,5.699982,0.6287833,0.6925191
-0.5353219,-0.08073534,-3.948064e-05,5.899981,0.6277476,0.6923262
-0.5032424,-0.08222476,-5.206624e-05,6.099995,0.6267915,0.6921493
-0.4709335,-0.08283905,-6.989768e-05,6.300017,0.6261714,0.6920347
-0.4386745,-0.08270718,-8.696661e-05,6.500045,0.6259646,0.6919956
-0.4067268,-0.08201867,-9.848674e-05,6.70008,0.6261784,0.6920336
-0.3752734,-0.08089072,-0.0001060605,6.900127,0.6268087,0.692148
-0.3444702,-0.07943513,-0.0001125784,7.100191,0.6277822,0.6923261
-0.3144158,-0.0777048,-0.0001189633,7.300285,0.6288513,0.6925231
-0.2852159,-0.07571244,-0.0001143999,7.500438,0.6296096,0.6926628
-0.6037919,-0.1085541,2.637354e-05,5.500022,0.8519659,0.6895002
-0.571429,-0.1140443,6.110604e-05,5.700018,0.8510645,0.6892941
-0.5383029,-0.1176267,9.0584e-05,5.900022,0.8497243,0.6889949
-0.504734,-0.1194353,0.0001010882,6.100033,0.8484835,0.6887201
-0.471246,-0.1200199,0.0001003106,6.300052,0.8476747,0.6885414
-0.4380152,-0.1195538,9.662895e-05,6.500081,0.8474042,0.6884802
-0.4053085,-0.1183289,9.500647e-05,6.700122,0.8476843,0.6885385
-0.3732448,-0.1164942,8.993333e-05,6.900185,0.8485066,0.6887152
-0.3419629,-0.1142094,7.207912e-05,7.100284,0.8497718,0.6889897
-0.3115417,-0.1115443,4.113655e-05,7.300453,0.8511584,0.6892921
-0.2820801,-0.1085307,1.225972e-05,7.500743,0.8521469,0.6895069
-0.6120955,-0.1432437,-0.0002586061,5.500048,1.06861,0.687003
-0.5770003,-0.1497416,-0.0002207682,5.700054,1.067694,0.6867273
-0.5416686,-0.1538889,-0.0001827804,5.900061,1.066342,0.6863325
-0.5062325,-0.1556896,-0.0001675622,6.100072,1.065087,0.6859702
-0.4712828,-0.1559984,-0.0001623099,6.30009,1.064265,0.6857334
-0.4368634,-0.1549787,-0.0001618453,6.500121,1.063989,0.6856514
-0.4032373,-0.1530441,-0.0001544104,6.700171,1.064275,0.6857268
-0.3704441,-0.15036,-0.00015003,6.900251,1.065111,0.6859575
-0.3385992,-0.147128,-0.0001575483,7.100389,1.066393,0.6863154
-0.3077447,-0.1434304,-0.0001803492,7.300633,1.067795,0.6867085
-0.2779587,-0.1393281,-0.0001990092,7.501058,1.068804,0.6869881
-0.621748,-0.1818313,-2.306163e-05,5.500077,1.27952,0.6853815
-0.5831658,-0.1887197,3.662589e-05,5.700085,1.278711,0.6850382
-0.5451245,-0.1929389,9.257229e-05,5.900093,1.277531,0.6845583
-0.5073837,-0.1942352,0.0001170508,6.100104,1.276435,0.6841199
-0.4707042,-0.1938717,0.0001321626,6.300125,1.275713,0.6838327
-0.434878,-0.1919324,0.0001346464,6.500162,1.27547,0.6837316
-0.4001999,-0.1889924,0.0001405783,6.700223,1.275722,0.6838198
-0.3665783,-0.1851949,0.0001389276,6.900324,1.276455,0.6840939
-0.3341097,-0.1807909,0.0001233944,7.100499,1.277573,0.6845194
-0.3027837,-0.1758624,8.71933e-05,7.30081,1.278796,0.6849868
-0.2726563,-0.170506,5.059066e-05,7.501351,1.279689,0.6853199
-0.6318148,-0.2228947,-0.0002853286,5.500115,1.486522,0.6844841
-0.5889885,-0.2294238,-0.000187841,5.700117,1.485851,0.6840712
-0.5478889,-0.233258,-9.962384e-05,5.900123,1.484901,0.6835158
-0.5075705,-0.2334869,-6.128814e-05,6.100135,1.484021,0.6830132
-0.4690658,-0.2320613,-3.046837e-05,6.300159,1.48344,0.6826837
-0.4317581,-0.2288464,-2.449383e-05,6.500202,1.483242,0.682565
-0.3960112,-0.2246425,-1.112199e-05,6.700275,1.483445,0.6826607
-0.3615463,-0.2195263,-8.808942e-06,6.900395,1.484033,0.6829656
-0.3284526,-0.2137966,-2.206776e-05,7.100603,1.484927,0.6834402
-0.2966492,-0.2075163,-5.128859e-05,7.30097,1.485905,0.683962
-0.2661659,-0.2008079,-8.281791e-05,7.501602,1.48663,0.6843353
-0.6421232,-0.2701039,-0.0002337497,5.500166,1.691101,0.6840574
-0.5941392,-0.2748297,-8.880443e-05,5.700155,1.690556,0.6835613
-0.5496649,-0.2770986,-3.967952e-06,5.900155,1.689822,0.6829314
-0.5064318,-0.2753371,3.626188e-05,6.100166,1.689148,0.6823707
-0.4660624,-0.2721719,7.162197e-05,6.300192,1.688701,0.6820037
-0.4272131,-0.2671736,7.423339e-05,6.50024,1.688549,0.681868
-0.3904299,-0.2613505,8.731143e-05,6.700323,1.688702,0.6819656
-0.3551324,-0.2546487,8.518947e-05,6.900459,1.68915,0.68229
-0.3214355,-0.2474033,7.368402e-05,7.100693,1.689827,0.6827978
-0.2891588,-0.2396228,4.174756e-05,7.301102,1.690568,0.6833571
-0.2583194,-0.231435,1.010669e-05,7.501804,1.691128,0.6837588
-0.6500936,-0.3211252,-0.0005960539,5.50024,1.894134,0.6839679
-0.596475,-0.3227045,-0.0003083966,5.700208,1.893692,0.6833572
-0.5487641,-0.3230643,-0.0001133725,5.900195,1.893136,0.6826415
-0.5027972,-0.318485,-4.531796e-05,6.100201,1.892633,0.6820214
-0.4608608,-0.3131907,2.696747e-05,6.300226,1.8923,0.681617
-0.4206978,-0.3060128,3.193186e-05,6.500277,1.892185,0.6814626
-0.3830974,-0.2983437,5.344655e-05,6.700365,1.892297,0.6815572
-0.3471068,-0.28988,5.003959e-05,6.900512,1.892627,0.6818921
-0.3129022,-0.2810084,4.036697e-05,7.100764,1.893123,0.6824205
-0.2801965,-0.2716308,1.170794e-05,7.301203,1.893668,0.6830041
-0.2490052,-0.2618946,-1.81109e-05,7.501951,1.894087,0.6834248
-0.6558074,-0.3816254,-0.0007571731,5.500344,2.096134,0.6841587
-0.5962973,-0.3774837,-0.0002258327,5.700278,2.095784,0.6833779
-0.5455757,-0.3730222,-8.04805e-05,5.900247,2.095372,0.6825513
-0.4965601,-0.364422,9.294639e-06,6.100242,2.095005,0.6818618
-0.4534735,-0.3559029,9.005087e-05,6.300262,2.094762,0.6814165
-0.4121249,-0.3460036,8.370711e-05,6.500311,2.094678,0.6812404
-0.373962,-0.3361168,0.0001067353,6.7004,2.094759,0.6813274
-0.3374032,-0.3256945,9.426579e-05,6.900553,2.094996,0.6816658
-0.3027881,-0.3150839,8.447045e-05,7.100815,2.095353,0.6822054
-0.2696928,-0.3040376,5.401801e-05,7.301271,2.095746,0.6828037
-0.2381354,-0.2926794,2.544126e-05,7.502047,2.096055,0.6832367
-0.6508801,-0.4437696,-0.0009839891,5.500483,2.297406,0.6846166
-0.5874369,-0.4318047,-0.0005423659,5.70037,2.297157,0.6835807
-0.5359373,-0.4245915,-0.0001332018,5.900311,2.296869,0.6826048
-0.4856875,-0.4106424,-4.905878e-05,6.100291,2.296613,0.6818305
-0.4423736,-0.3988655,0.0001008476,6.3003,2.296443,0.6813379
-0.4007152,-0.3860069,8.284771e-05,6.500343,2.296384,0.6811363
-0.3625278,-0.3739312,0.0001197943,6.700429,2.296442,0.6812119
-0.3257735,-0.3615647,0.0001004186,6.900581,2.296611,0.6815483
-0.2909539,-0.3492701,9.094343e-05,7.100845,2.296866,0.6820927
-0.2575469,-0.3365567,5.852809e-05,7.301307,2.297146,0.6826991
-0.2255427,-0.3236429,2.68017e-05,7.502093,2.297372,0.6831399
-0.6451552,-0.5189214,-0.001010524,5.500652,2.498141,0.685328
-0.5689228,-0.4940057,-0.0003475914,5.70048,2.498028,0.6839324
-0.5213046,-0.4771233,-0.0001678215,5.900389,2.497859,0.6827649
-0.4706579,-0.4587295,-5.202905e-05,6.100347,2.497695,0.6818898
-0.4286437,-0.442278,0.0001699353,6.300342,2.497584,0.6813438
-0.3869803,-0.426379,0.0001240232,6.500373,2.497547,0.6811138
-0.3492915,-0.4118758,0.0001675,6.70045,2.49759,0.6811751
-0.3125123,-0.3976393,0.0001313372,6.900596,2.497711,0.6815059
-0.277576,-0.3837457,0.0001197958,7.100855,2.497891,0.6820503
-0.2438984,-0.3695648,8.086585e-05,7.301311,2.498091,0.6826603
-0.2110318,-0.3550522,3.37401e-05,7.50209,2.498255,0.6831064
-0.6104535,-0.5813866,0.0004377756,5.500823,2.698509,0.6862107
-0.5465331,-0.5510723,-0.001324967,5.700604,2.698562,0.6843791
-0.4964492,-0.5248837,8.428718e-05,5.900481,2.698505,0.6829972
-0.4499215,-0.5024837,-8.831238e-05,6.100413,2.698419,0.6820159
-0.409924,-0.4835351,0.0002687339,6.300386,2.698354,0.6814155
-0.3701603,-0.4651429,0.0001383786,6.5004,2.698335,0.6811564
-0.3336413,-0.4489689,0.0002002409,6.700463,2.69837,0.6812017
-0.2974863,-0.4333102,0.0001479211,6.900597,2.698457,0.6815242
-0.262748,-0.4182024,0.0001348229,7.100844,2.698584,0.6820654
-0.2287826,-0.4028806,9.078777e-05,7.301284,2.698727,0.6826763
-0.1955298,-0.3870079,4.203352e-05,7.502039,2.698849,0.6831269
-0.5836436,-0.6692836,0.006856033,5.500969,2.898728,0.6870662
-0.5167056,-0.6121797,-0.0002092672,5.700752,2.898909,0.6848429
-0.473858,-0.5771351,0.001269618,5.900594,2.898932,0.6832724
-0.427535,-0.5464817,0.0001683861,6.10049,2.898901,0.6821996
-0.3910879,-0.5235936,0.0006393845,6.300432,2.898871,0.6815518
-0.3522905,-0.5030612,0.0002292136,6.500422,2.898866,0.681266
-0.3173417,-0.4853195,0.0002778772,6.700466,2.898895,0.6812949
-0.2816485,-0.468712,0.0001822612,6.900583,2.898959,0.681607
-0.2470628,-0.4528284,0.0001546964,7.100811,2.899051,0.6821425
-0.2126753,-0.4367598,0.0001134529,7.301223,2.899155,0.6827525
-0.1785302,-0.4198927,3.83762e-05,7.501938,2.899247,0.6832085
-0.474671,-0.6998098,-0.000860172,5.501216,3.099,0.6877244
-0.4495069,-0.6574351,-0.002614542,5.700983,3.099179,0.6852738
-0.4260645,-0.610827,-1.265253e-05,5.900749,3.099226,0.6835878
-0.3951334,-0.5834996,-0.0001289763,6.10058,3.099223,0.6824555
-0.3658395,-0.559141,0.0003410902,6.300478,3.099214,0.6817733
-0.3317986,-0.5381591,0.0002023886,6.500437,3.09922,0.6814647
-0.2990757,-0.5200107,0.0002570687,6.700457,3.099247,0.6814769
-0.2649344,-0.5033716,0.0001882139,6.900552,3.099295,0.6817764
-0.2305737,-0.4873801,0.0001484163,7.100755,3.099363,0.6823032
-0.1958635,-0.4709746,6.94911e-05,7.30113,3.099439,0.6829113
-0.1610661,-0.4541725,3.499319e-05,7.501784,3.099511,0.6833764
-0.4251369,-0.707587,0.0008851521,5.501913,3.299324,0.6881995
-0.4079414,-0.6634257,-0.0003762617,5.701391,3.299404,0.6857044
-0.3995311,-0.6362015,0.0006332482,5.900962,3.299428,0.6839867
-0.3676444,-0.6077106,0.0001251069,6.100679,3.299432,0.6828292
-0.3454669,-0.5887859,0.0005352965,6.300513,3.299437,0.6821244
-0.3128709,-0.5698467,0.0002714064,6.500435,3.299451,0.6817949
-0.2825094,-0.5530356,0.0002932186,6.700431,3.299477,0.6817881
-0.2488917,-0.5372752,0.0002063827,6.900503,3.299517,0.6820708
-0.2147289,-0.5222615,0.0001451219,7.100676,3.299567,0.6825851
-0.1792416,-0.5063943,2.851927e-05,7.301003,3.299624,0.6831906
-0.1420511,-0.4902412,-1.672657e-05,7.501576,3.29968,0.6836721
-0.3813332,-0.7051636,0.0009308205,5.503196,3.499571,0.6886588
-0.3781078,-0.6782039,-0.001171073,5.701959,3.499546,0.6862545
-0.3703762,-0.653962,0.0005422641,5.901195,3.499537,0.6845582
-0.3478179,-0.6350592,0.0001466087,6.100756,3.499546,0.6833881
-0.3247691,-0.615957,0.0004247978,6.300517,3.499566,0.6826577
-0.2961297,-0.6001138,0.0002918952,6.500404,3.499592,0.6823003
-0.2664225,-0.5848057,0.0002908827,6.70038,3.499623,0.6822675
-0.2341896,-0.5708069,0.000241644,6.900433,3.499658,0.6825271
-0.199872,-0.5575114,0.0001528239,7.100576,3.499696,0.6830244
-0.163629,-0.5431823,8.45969e-05,7.300847,3.499736,0.6836291
-0.124571,-0.5288582,3.701288e-06,7.50132,3.499775,0.6841416
-0.3674041,-0.6875676,0.002306377,5.504508,3.699691,0.6893785
-0.3613546,-0.6759847,3.999936e-05,5.702452,3.699546,0.6871189
-0.3562716,-0.6696064,0.0008097698,5.901345,3.699518,0.6854142
-0.3310688,-0.6544507,0.0003370254,6.100758,3.699555,0.6841839
-0.3103586,-0.6417885,0.0004886717,6.300459,3.69961,0.6833902
-0.2818649,-0.6284209,0.0003634796,6.500326,3.699662,0.6829807
-0.2531542,-0.6156939,0.0002887295,6.700296,3.699705,0.6829068
-0.2217457,-0.6038409,0.0002687511,6.900341,3.699741,0.6831346
-0.1874603,-0.5933194,0.0001150459,7.10046,3.699769,0.6836128
-0.1503943,-0.5812801,4.010644e-06,7.300675,3.69979,0.6842255
-0.1093261,-0.5710809,8.328772e-07,7.501034,3.699804,0.6847986
-0.3820246,-0.6818687,0.000635148,5.504925,3.899581,0.6907762
-0.3585174,-0.6857805,-2.791982e-05,5.702596,3.899253,0.6885652
-0.3492509,-0.6860796,0.0002597582,5.901306,3.899281,0.6866591
-0.3204113,-0.6790895,0.0005133682,6.100629,3.899423,0.6852022
-0.2970649,-0.6664547,0.0002644009,6.300306,3.899563,0.6842493
-0.2701175,-0.6565327,0.0004018083,6.500183,3.899667,0.6837372
-0.2416211,-0.6456243,0.0002594026,6.700171,3.899736,0.683598
-0.211837,-0.6362369,0.0003258524,6.90023,3.899778,0.683786
-0.1778252,-0.6294952,0.0001349804,7.100342,3.899798,0.6842505
-0.1408007,-0.6206471,9.924275e-05,7.300512,3.899794,0.6848942
-0.09579751,-0.6155206,-5.2383e-06,7.500755,3.899763,0.685581
-0.4344705,-0.6918599,-0.0009711182,5.504359,4.098785,0.693153
-0.3674472,-0.7061709,0.001371089,5.702436,4.098285,0.6907557
-0.3495197,-0.7121783,0.000573724,5.901073,4.098662,0.6883036
-0.3123401,-0.7064952,0.0006238104,6.100326,4.09911,0.6863465
-0.2873796,-0.6937975,0.0003254524,6.300023,4.099423,0.6850686
-0.2605538,-0.6841163,0.0004466902,6.499952,4.099616,0.6843789
-0.232834,-0.6747181,0.0002369142,6.699998,4.099726,0.6841443
-0.206072,-0.6675077,0.0003045788,6.900103,4.099781,0.684288
-0.1724916,-0.6650754,7.694683e-05,7.100241,4.099793,0.6847549
-0.1382242,-0.6620186,0.0002826221,7.300399,4.099758,0.6854693
-0.09234312,-0.6668231,0.0001122962,7.500556,4.099656,0.6863475
-0.5900461,-0.01235584,-0.001699293,5.49999,0.1920379,0.898341
-0.5616267,-0.01310671,-0.001695787,5.699974,0.1919312,0.8983272
-0.5318649,-0.01363395,-0.001672262,5.899972,0.1917729,0.8983069
-0.5012105,-0.01396153,-0.001633665,6.09998,0.191628,0.8982883
-0.4700752,-0.01413389,-0.001586581,6.299992,0.1915351,0.8982764
-0.4387788,-0.01417245,-0.001531758,6.500005,0.1915043,0.8982724
-0.4076089,-0.01410085,-0.00148125,6.700019,0.1915361,0.8982763
-0.3767756,-0.01394311,-0.001436723,6.900033,0.1916304,0.8982883
-0.3464528,-0.01372239,-0.001390385,7.100046,0.1917777,0.898307
-0.3167454,-0.01344633,-0.001345214,7.300054,0.1919409,0.8983277
-0.5924985,-0.03979699,0.0003660167,5.499986,0.3937987,0.8972058
-0.5634657,-0.04210189,0.0003969058,5.699957,0.3933457,0.8971515
-0.5331636,-0.04366351,0.0004182525,5.899953,0.3926713,0.8970719
-0.5020345,-0.04457663,0.0004287174,6.099969,0.3920502,0.8969987
-0.4705021,-0.0450101,0.000432538,6.299995,0.3916484,0.8969512
-0.4388738,-0.04503781,0.0004305631,6.500024,0.3915147,0.8969352
-0.4074364,-0.0447493,0.0004205964,6.700057,0.3916528,0.8969509
-0.3763931,-0.04421554,0.0004046872,6.900096,0.3920609,0.8969983
-0.3459148,-0.04350091,0.0003845717,7.10014,0.392693,0.8970721
-0.3161071,-0.04262811,0.0003612779,7.300187,0.3933886,0.8971534
-0.5967551,-0.0718097,-0.0006781923,5.5,0.6151908,0.8953192
-0.5665074,-0.07572814,-0.0006689421,5.699976,0.6142758,0.8952005
-0.5351539,-0.07830313,-0.0006549038,5.899975,0.6129112,0.8950269
-0.5031151,-0.07971051,-0.0006446707,6.099994,0.6116486,0.8948671
-0.4708437,-0.08028726,-0.0006328348,6.300024,0.6108274,0.8947629
-0.4386182,-0.0801635,-0.0006177524,6.500062,0.610553,0.8947273
-0.4067003,-0.07952327,-0.0005986375,6.70011,0.6108366,0.8947617
-0.3752685,-0.0784765,-0.000580064,6.900173,0.6116711,0.8948651
-0.3444785,-0.07713194,-0.0005632497,7.100261,0.6129572,0.8950255
-0.3144313,-0.07552442,-0.0005491513,7.300389,0.6143667,0.8952018
-0.6032833,-0.1054324,8.885488e-05,5.500031,0.8375262,0.8930309
-0.5710636,-0.1107615,0.0001238881,5.700026,0.8362943,0.8928348
-0.5380612,-0.1141946,0.0001586494,5.900031,0.8344606,0.8925507
-0.5046036,-0.1159116,0.0001724997,6.100047,0.8327592,0.8922891
-0.4712106,-0.1164639,0.0001797214,6.300074,0.8316479,0.8921179
-0.4380594,-0.1160309,0.000181001,6.500114,0.8312757,0.8920589
-0.4054121,-0.1148895,0.0001842297,6.700171,0.8316611,0.8921145
-0.37339,-0.1131848,0.0001826243,6.900258,0.8327915,0.8922826
-0.342132,-0.111066,0.0001706473,7.100398,0.8345271,0.8925431
-0.3117205,-0.1085828,0.0001474977,7.300634,0.836426,0.8928289
-0.2822623,-0.1057338,0.0001259366,7.501037,0.8377816,0.8930316
-0.6115847,-0.1412559,-0.0003935069,5.500072,1.056684,0.8911175
-0.5766491,-0.1476405,-0.00037607,5.700084,1.05539,0.8908419
-0.5414504,-0.1516633,-0.0003382699,5.900094,1.053477,0.8904494
-0.5061319,-0.1533813,-0.0003273945,6.100108,1.051699,0.8900891
-0.4712779,-0.1536531,-0.0003149655,6.300132,1.050532,0.889853
-0.4369381,-0.1526568,-0.0003086551,6.500174,1.05014,0.8897704
-0.4033673,-0.150791,-0.0002938375,6.700243,1.050547,0.8898448
-0.3706076,-0.148219,-0.0002817313,6.900356,1.051734,0.8900733
-0.3387722,-0.1451315,-0.0002782766,7.100552,1.053549,0.8904273
-0.3079125,-0.1415879,-0.0002895996,7.300901,1.055535,0.8908157
-0.2781147,-0.137615,-0.0002982669,7.50151,1.056967,0.8910924
-0.6212912,-0.1799703,-9.102253e-05,5.500118,1.270876,0.8896068
-0.5828588,-0.1867723,-6.592611e-05,5.700135,1.269707,0.8892524
-0.5449507,-0.1908909,-6.34559e-06,5.900148,1.268006,0.8887617
-0.5073265,-0.1921278,8.675514e-06,6.100162,1.266425,0.8883134
-0.4707399,-0.1917427,2.705299e-05,6.300188,1.265383,0.8880187
-0.4349912,-0.1898391,2.886551e-05,6.500237,1.265031,0.8879139
-0.4003614,-0.186975,3.934434e-05,6.700321,1.265394,0.8880027
-0.3667662,-0.183294,4.234198e-05,6.900464,1.266454,0.8882811
-0.3342976,-0.1790306,3.292088e-05,7.100716,1.268067,0.8887125
-0.3029539,-0.1742465,4.160474e-06,7.301169,1.269831,0.8891858
-0.2728003,-0.1690062,-2.313841e-05,7.501957,1.27112,0.8895244
-0.6314679,-0.2216438,-0.000164487,5.500176,1.480539,0.88865
-0.588759,-0.2280896,-0.0001568065,5.700186,1.479558,0.8882117
-0.5477768,-0.23185,-8.295871e-05,5.900196,1.478174,0.88763
-0.5075559,-0.2320382,-7.834152e-05,6.10021,1.476892,0.8871043
-0.4691251,-0.2305974,-5.262792e-05,6.30024,1.476043,0.8867583
-0.4318782,-0.2274188,-5.483041e-05,6.500298,1.475755,0.8866325
-0.3961643,-0.2232778,-4.075896e-05,6.7004,1.47605,0.88673
-0.3617138,-0.2182569,-3.997e-05,6.900572,1.476907,0.8870453
-0.3286066,-0.2126366,-4.678466e-05,7.100873,1.478208,0.8875357
-0.2967713,-0.2064652,-7.631095e-05,7.301412,1.479631,0.8880744
-0.2662485,-0.1998396,-9.921842e-05,7.502342,1.480688,0.8884613
-0.6418352,-0.2691131,-8.235899e-05,5.500255,1.687034,0.8881881
-0.5939357,-0.2737747,-8.866639e-05,5.700247,1.686227,0.8876496
-0.5495873,-0.2759847,1.026569e-05,5.900248,1.685147,0.886978
-0.5064368,-0.274204,7.088646e-07,6.100259,1.684157,0.8863822
-0.4661321,-0.2710335,4.010438e-05,6.300292,1.6835,0.8859908
-0.4273326,-0.2660722,3.170802e-05,6.500357,1.683275,0.885844
-0.3905686,-0.2603039,4.717313e-05,6.700472,1.6835,0.8859437
-0.3552768,-0.2536801,4.396313e-05,6.900668,1.684156,0.8862824
-0.3215605,-0.2465194,3.441666e-05,7.101009,1.685147,0.8868124
-0.2892499,-0.2388206,6.474085e-06,7.301613,1.686232,0.8873958
-0.2583612,-0.2306966,-2.015094e-05,7.50265,1.687054,0.8878165
-0.6499336,-0.3206732,4.375183e-06,5.500367,1.891419,0.8881038
-0.596295,-0.3220457,-6.135886e-05,5.700329,1.890754,0.8874291
-0.5487101,-0.322319,6.588477e-05,5.900311,1.889927,0.8866543
-0.5028182,-0.3177078,1.557502e-05,6.100314,1.889182,0.8859861
-0.4609307,-0.3124036,6.465791e-05,6.300344,1.888689,0.8855495
-0.4208068,-0.3052577,3.74195e-05,6.500412,1.888518,0.8853798
-0.3832134,-0.2976269,5.30244e-05,6.700536,1.888682,0.8854757
-0.3472222,-0.2892239,4.111622e-05,6.900748,1.889167,0.8858265
-0.3129931,-0.2804131,3.120518e-05,7.101116,1.889897,0.8863807
-0.2802505,-0.2710919,2.588494e-06,7.301766,1.890697,0.886993
-0.2490024,-0.2613908,-2.214488e-05,7.502875,1.891315,0.8874362
-0.6552836,-0.3812587,-3.650907e-05,5.500524,2.094349,0.8883392
-0.5959241,-0.3770398,-5.744017e-05,5.700438,2.093811,0.8874673
-0.5454564,-0.3724372,0.0001486832,5.900392,2.093189,0.88656
-0.4965431,-0.3638362,6.252402e-05,6.100379,2.092639,0.885808
-0.4535223,-0.3553079,0.0001435694,6.3004,2.092277,0.8853211
-0.4122116,-0.3454449,9.498738e-05,6.500465,2.09215,0.8851248
-0.3740522,-0.3355862,0.0001153972,6.700589,2.092269,0.8852115
-0.3374923,-0.3252129,9.372738e-05,6.900809,2.092618,0.8855659
-0.3028493,-0.3146443,8.235243e-05,7.101193,2.093145,0.8861333
-0.2697157,-0.3036351,5.126775e-05,7.301869,2.093725,0.8867627
-0.2380983,-0.2922946,2.516629e-05,7.503021,2.094181,0.8872205
-0.6499939,-0.4432855,0.0003181887,5.500733,2.296233,0.8888723
-0.5870538,-0.431622,0.0001285641,5.70058,2.295834,0.8877134
-0.5357547,-0.4241998,0.0003531699,5.900493,2.29539,0.8866326
-0.4856675,-0.4102323,0.0001709187,6.100455,2.295,0.8857789
-0.4424129,-0.3984537,0.0002472057,6.30046,2.294743,0.8852344
-0.4007918,-0.3856213,0.000152935,6.500514,2.294653,0.8850071
-0.3625967,-0.3735602,0.0001656488,6.700633,2.294738,0.8850794
-0.3258416,-0.3612287,0.0001251242,6.900851,2.294987,0.8854314
-0.290991,-0.348959,0.0001087039,7.101238,2.295363,0.8860042
-0.257546,-0.336268,7.127574e-05,7.301923,2.295778,0.8866429
-0.2254785,-0.3233553,3.80105e-05,7.503091,2.296112,0.8871098
-0.6427351,-0.5190234,-2.954816e-06,5.500997,2.497337,0.8896439
-0.5686806,-0.4936005,-0.0001532142,5.700755,2.497127,0.8881246
-0.5212166,-0.4768624,0.0003721212,5.900617,2.496852,0.8868266
-0.4705321,-0.458392,0.0001926688,6.100545,2.496596,0.8858546
-0.4286526,-0.4419603,0.0003310927,6.300525,2.496424,0.8852459
-0.3870233,-0.426093,0.0001889608,6.50056,2.496366,0.884984
-0.3493317,-0.4115993,0.000216112,6.700666,2.496429,0.8850389
-0.3125584,-0.3973902,0.0001600321,6.900874,2.496607,0.8853837
-0.2775917,-0.3835118,0.0001432071,7.101253,2.496873,0.8859564
-0.2438759,-0.3693424,9.712565e-05,7.30193,2.497169,0.8865993
-0.2109645,-0.3548247,4.441969e-05,7.503089,2.497413,0.8870725
-0.6094865,-0.5819112,0.0003922402,5.501291,2.697919,0.8905208
-0.5457188,-0.5505526,0.0007854681,5.700964,2.697926,0.888625
-0.4962534,-0.524892,0.0005769745,5.900768,2.697808,0.8870966
-0.4498019,-0.5023067,0.0005170476,6.10065,2.697665,0.8860051
-0.409926,-0.4833218,0.0004848238,6.300595,2.697562,0.8853328
-0.3702066,-0.4649497,0.0003020305,6.500603,2.69753,0.8850359
-0.3336713,-0.4487687,0.0002874639,6.700686,2.69758,0.8850715
-0.2975243,-0.4331276,0.0002081024,6.900876,2.697708,0.8854064
-0.2627526,-0.4180273,0.0001776961,7.101237,2.697897,0.8859753
-0.2287506,-0.4027043,0.0001253679,7.301889,2.698109,0.8866194
-0.1954366,-0.386812,7.072985e-05,7.503013,2.698289,0.887098
-0.5843941,-0.6687621,-0.001374359,5.501611,2.898279,0.8913184
-0.5156479,-0.6121023,-0.0001586329,5.701232,2.898441,0.8891186
-0.4738267,-0.5768952,0.0002237136,5.90096,2.898439,0.8874054
-0.4271263,-0.5462584,0.0001569658,6.100775,2.898378,0.8862169
-0.3910048,-0.5233609,0.0004942592,6.300669,2.898326,0.8854915
-0.3522895,-0.5029032,0.0002830037,6.500639,2.898315,0.8851634
-0.3173373,-0.4851603,0.0003174079,6.700693,2.898357,0.8851794
-0.2816707,-0.4685651,0.0002333773,6.900856,2.898451,0.8855021
-0.2470549,-0.4526947,0.0002017373,7.101188,2.898587,0.8860643
-0.2126331,-0.436622,0.0001505665,7.301799,2.89874,0.8867078
-0.1783894,-0.4197465,6.499497e-05,7.502862,2.898877,0.8871938
-0.4739354,-0.6994995,0.001881098,5.502161,3.098658,0.8919254
-0.4490067,-0.6581248,0.001615333,5.701648,3.098832,0.8895644
-0.4261777,-0.6111276,0.001009118,5.901219,3.098872,0.8877512
-0.3951923,-0.5834226,0.0007225654,6.100921,3.098853,0.8865056
-0.3657351,-0.5588451,0.0007704187,6.300741,3.098833,0.8857434
-0.3318718,-0.5380091,0.0004289379,6.500662,3.098838,0.8853889
-0.2991061,-0.5198987,0.0003904527,6.70068,3.098876,0.8853852
-0.2649687,-0.5032539,0.0002910349,6.900812,3.098948,0.885693
-0.2305713,-0.4872835,0.0002139204,7.101105,3.099047,0.8862456
-0.195858,-0.470928,0.000148625,7.30166,3.09916,0.886888
-0.1610083,-0.4540293,6.953676e-05,7.502631,3.099265,0.8873863
-0.4234109,-0.706452,0.004840737,5.503358,3.299083,0.8923737
-0.408303,-0.6649509,0.0002480641,5.702316,3.299151,0.8900043
-0.3989414,-0.6361246,0.001940137,5.901553,3.299169,0.8881841
-0.3679613,-0.6080482,0.0004059549,6.101073,3.299163,0.8869218
-0.3453447,-0.5887096,0.0008547563,6.300795,3.299162,0.8861359
-0.3129295,-0.5696787,0.0004152491,6.50066,3.299179,0.8857565
-0.2825075,-0.5529627,0.0004152218,6.700641,3.299216,0.8857299
-0.2489276,-0.5371798,0.0002978816,6.900739,3.299273,0.8860184
-0.2146985,-0.5221679,0.0002273913,7.100988,3.299347,0.8865577
-0.1792532,-0.5062792,0.0001378237,7.301471,3.299431,0.8871997
-0.1421586,-0.4901555,7.034255e-05,7.502322,3.299513,0.8877203
-0.3789898,-0.7044073,0.001035201,5.505195,3.49943,0.892815
-0.3783069,-0.6780386,0.001422004,5.70314,3.499369,0.8905635
-0.3703653,-0.654821,0.0009894717,5.901888,3.499341,0.8888049
-0.3477325,-0.6348775,0.0008888173,6.101181,3.499339,0.8875423
-0.3247007,-0.6159018,0.0006419548,6.300798,3.499356,0.8867269
-0.2961449,-0.5999855,0.0005229041,6.500612,3.499388,0.8863124
-0.2664494,-0.5847691,0.0004125698,6.700565,3.49943,0.8862534
-0.2342085,-0.5707272,0.0003562093,6.900635,3.49948,0.8865148
-0.1998749,-0.5575039,0.0002561071,7.10084,3.499536,0.8870367
-0.163611,-0.5431787,0.0001929156,7.301241,3.499594,0.8876817
-0.1243737,-0.5287664,8.57183e-05,7.501943,3.499652,0.8882434
-0.3637585,-0.6894921,0.002462918,5.506766,3.699627,0.8934766
-0.3605198,-0.6764254,0.001390036,5.70373,3.699424,0.8914462
-0.3557014,-0.670142,0.001056373,5.902057,3.699356,0.8897464
-0.3313057,-0.6549,0.0008030941,6.101161,3.699377,0.8884302
-0.310284,-0.6418693,0.0006486443,6.300703,3.699434,0.8875374
-0.2818696,-0.6282776,0.0005450095,6.500494,3.699496,0.887056
-0.253199,-0.6156748,0.000396546,6.700439,3.699553,0.8869458
-0.2217964,-0.6037496,0.0003841639,6.900498,3.699602,0.8871701
-0.187586,-0.5932975,0.0001985549,7.100669,3.699643,0.8876728
-0.1505543,-0.5811695,7.705239e-05,7.300986,3.699675,0.8883322
-0.1099578,-0.571167,9.817462e-05,7.501521,3.699696,0.8889695
-0.378694,-0.6859562,0.0004667397,5.506844,3.899628,0.8945897
-0.3575747,-0.6841343,0.001235389,5.703689,3.899152,0.8927887
-0.3500643,-0.6874397,0.0006055589,5.901917,3.899109,0.8910455
-0.3198761,-0.6787821,0.0009363454,6.100939,3.899245,0.8895556
-0.2972008,-0.6664594,0.0003504031,6.300465,3.899397,0.8884906
-0.2699982,-0.6563668,0.0006042637,6.500277,3.899519,0.8878841
-0.2417015,-0.6456113,0.0003587125,6.700253,3.899606,0.8876945
-0.2118787,-0.6361593,0.0004049462,6.900332,3.899662,0.887872
-0.1776552,-0.6295562,0.0002401035,7.100493,3.89969,0.8883614
-0.1411263,-0.6207894,0.0002517646,7.300745,3.899687,0.8890606
-0.0959671,-0.6156863,5.938744e-05,7.501113,3.899646,0.8898308
-0.4287887,-0.7002582,0.0008583049,5.505488,4.099144,0.8961532
-0.3653057,-0.7032769,0.002401791,5.703064,4.098409,0.8944443
-0.3494097,-0.7131113,0.001001731,5.901423,4.098539,0.8925206
-0.3115847,-0.7063799,0.00108875,6.100475,4.09891,0.8907453
-0.2876113,-0.6939878,0.0004120949,6.300038,4.099249,0.8893976
-0.260443,-0.6839457,0.0006174632,6.499936,4.099473,0.8885936
-0.2329627,-0.6747046,0.0003259892,6.699998,4.099609,0.8882935
-0.205981,-0.6675125,0.0004198146,6.900145,4.099679,0.8884197
-0.1729207,-0.6648327,0.0001269346,7.100342,4.099694,0.8889125
-0.1387027,-0.6613872,0.0001429516,7.300575,4.099646,0.8896907
-0.0944075,-0.6670427,0.0001309221,7.50082,4.09951,0.8906658
-0.5899806,-0.01291586,0.0003495771,5.499988,0.1903617,1.098859
-0.5616146,-0.01365128,0.0003587458,5.69997,0.1902394,1.09885
-0.5318957,-0.01414733,0.0003563517,5.899967,0.1900577,1.098836
-0.5012734,-0.0144373,0.0003426745,6.099977,0.1898912,1.098823
-0.4701621,-0.01456918,0.0003223244,6.299991,0.1897842,1.098815
-0.4388827,-0.0145687,0.0002957635,6.500006,0.1897487,1.098812
-0.4077189,-0.01446848,0.0002675456,6.700022,0.1897854,1.098815
-0.3768891,-0.01428918,0.0002404491,6.900039,0.189894,1.098823
-0.3465695,-0.01405205,0.0002151499,7.100055,0.1900633,1.098836
-0.3168651,-0.01376488,0.0001928665,7.300063,0.1902506,1.09885
-0.5924099,-0.03996617,0.0001254104,5.499984,0.3889642,1.098262
-0.5634111,-0.04222562,0.0001448774,5.69995,0.388439,1.098223
-0.5331308,-0.04372579,0.0001590895,5.899945,0.3876564,1.098166
-0.5020238,-0.04458111,0.0001620873,6.099964,0.3869346,1.098114
-0.4705121,-0.04496422,0.0001600418,6.299994,0.3864671,1.09808
-0.4389106,-0.04495109,0.0001517104,6.500029,0.3863115,1.098068
-0.4074951,-0.04463461,0.0001373831,6.700069,0.3864723,1.09808
-0.3764655,-0.04408762,0.0001207317,6.900115,0.3869471,1.098114
-0.3460001,-0.04337183,0.000102569,7.100167,0.3876817,1.098166
-0.3162011,-0.0425066,8.482042e-05,7.300223,0.3884895,1.098224
-0.5965651,-0.0710562,2.349398e-05,5.500001,0.6076545,1.097204
-0.5663799,-0.07489495,4.247552e-05,5.699971,0.6065767,1.097118
-0.5350747,-0.07738497,5.931132e-05,5.89997,0.6049686,1.096991
-0.5030822,-0.07873219,5.978338e-05,6.099992,0.6034793,1.096875
-0.4708489,-0.079272,5.691126e-05,6.300029,0.6025093,1.096798
-0.4386573,-0.07913891,5.025439e-05,6.500075,0.602185,1.096772
-0.4067635,-0.07850442,4.437911e-05,6.700134,0.6025203,1.096797
-0.3753505,-0.07748695,3.778244e-05,6.900211,0.6035061,1.096873
-0.3445781,-0.07618963,2.926278e-05,7.100317,0.6050239,1.096989
-0.3145433,-0.07463833,2.001552e-05,7.300472,0.606686,1.097117
-0.6029603,-0.1043728,8.393611e-05,5.500038,0.8284522,1.095868
-0.5708432,-0.1096067,0.0001159302,5.70003,0.8269676,1.095723
-0.5379173,-0.1129252,0.0001546882,5.900036,0.824757,1.095512
-0.5045325,-0.1145639,0.000166066,6.100056,0.8227034,1.095318
-0.4711978,-0.1150686,0.0001736467,6.30009,0.8213603,1.095191
-0.438099,-0.1146296,0.0001722896,6.50014,0.8209102,1.095147
-0.4054907,-0.1135143,0.0001715669,6.700212,0.8213765,1.095188
-0.3734977,-0.1118693,0.0001654218,6.90032,0.8227431,1.095312
-0.3422592,-0.1098347,0.0001515016,7.100492,0.8248386,1.095505
-0.3118596,-0.1074462,0.0001300325,7.300781,0.82713,1.095716
-0.6111635,-0.1397936,-0.0001165361,5.500089,1.04774,1.094493
-0.5763692,-0.1460982,-9.882018e-05,5.700103,1.046138,1.09428
-0.5412724,-0.150004,-4.915378e-05,5.900116,1.04377,1.093978
-0.5060572,-0.1516564,-4.272319e-05,6.100134,1.041566,1.093701
-0.4712816,-0.1518902,-3.06301e-05,6.300165,1.040119,1.093518
-0.4370127,-0.1509094,-3.058506e-05,6.500218,1.039632,1.093454
-0.403491,-0.149093,-2.346666e-05,6.700304,1.040137,1.093511
-0.3707639,-0.146608,-2.228926e-05,6.900446,1.04161,1.093687
-0.3389453,-0.1436316,-3.033659e-05,7.10069,1.043861,1.093958
-0.3080898,-0.1402086,-4.764646e-05,7.301125,1.046321,1.094255
-0.278285,-0.1363352,-6.306916e-05,7.50188,1.048098,1.094467
-0.6208705,-0.1787029,-9.759482e-05,5.500152,1.263557,1.093415
-0.5825987,-0.1854734,-0.0001010929,5.700176,1.262075,1.093131
-0.5447956,-0.1894924,-2.618363e-05,5.900192,1.25992,1.092741
-0.5072853,-0.190694,-2.707874e-05,6.100209,1.257917,1.092385
-0.4707754,-0.1902836,-4.844655e-06,6.30024,1.256595,1.09215
-0.4350991,-0.1884102,-7.047571e-06,6.500301,1.256149,1.092066
-0.4005131,-0.185602,3.8261e-06,6.700406,1.25661,1.092135
-0.3669455,-0.182012,5.106706e-06,6.900585,1.257953,1.092355
-0.3344828,-0.1778559,-2.137754e-06,7.100903,1.259997,1.092694
-0.3031323,-0.173186,-2.40627e-05,7.301475,1.26223,1.093067
-0.2729612,-0.1680368,-4.585979e-05,7.50247,1.263866,1.093335
-0.6311122,-0.2205212,-3.923382e-05,5.500231,1.475281,1.092606
-0.5885725,-0.2270052,-9.188563e-05,5.700247,1.474017,1.092242
-0.5476709,-0.230683,1.480733e-05,5.90026,1.472242,1.091766
-0.507562,-0.2308741,-9.874855e-06,6.100276,1.470599,1.091337
-0.4691871,-0.2294186,2.358116e-05,6.300312,1.469512,1.091054
-0.4320035,-0.2262821,1.081153e-05,6.500384,1.469142,1.09095
-0.3963169,-0.2221969,2.147205e-05,6.70051,1.469519,1.091028
-0.3618812,-0.2172605,1.744018e-05,6.900727,1.470617,1.091281
-0.328771,-0.2117357,8.171997e-06,7.101111,1.472281,1.091676
-0.296921,-0.205658,-1.885158e-05,7.301799,1.4741,1.092109
-0.2663667,-0.1991034,-4.459458e-05,7.502987,1.475455,1.092422
-0.6415949,-0.268077,8.82657e-05,5.500337,1.683451,1.092184
-0.5938494,-0.2728497,-6.391842e-05,5.700331,1.682394,1.091721
-0.5495324,-0.274991,0.0001179685,5.900331,1.680996,1.091156
-0.5064901,-0.2732592,5.178379e-05,6.100344,1.679719,1.090659
-0.4662112,-0.2700813,0.0001096906,6.300382,1.678872,1.090332
-0.4274663,-0.2651745,8.133133e-05,6.500462,1.678581,1.090207
-0.3907133,-0.2594551,9.506228e-05,6.700607,1.678869,1.090287
-0.355431,-0.25291,8.321991e-05,6.900855,1.679712,1.090564
-0.3217002,-0.2458287,7.322232e-05,7.101291,1.680985,1.090997
-0.2893642,-0.2382015,4.38988e-05,7.302067,1.682378,1.091473
-0.2584365,-0.2301261,1.760224e-05,7.5034,1.683434,1.091819
-0.6496955,-0.319734,0.000326203,5.500487,1.88905,1.092131
-0.5963178,-0.3213178,-3.112631e-05,5.700441,1.888159,1.091531
-0.5487078,-0.321526,0.0002305691,5.900418,1.887073,1.090863
-0.5029239,-0.3170153,7.80749e-05,6.100419,1.886102,1.090294
-0.4610247,-0.311697,0.0001535752,6.300453,1.885461,1.089923
-0.420948,-0.3046161,9.184976e-05,6.500536,1.885238,1.089776
-0.3833461,-0.2970243,0.0001064668,6.700691,1.88545,1.089853
-0.3473582,-0.2886845,8.301762e-05,6.90096,1.886073,1.090141
-0.3131046,-0.2799299,7.030603e-05,7.101433,1.887012,1.090597
-0.2803306,-0.2706614,3.915281e-05,7.30227,1.888043,1.0911
-0.2490372,-0.2609915,1.154364e-05,7.503701,1.88884,1.091467
-0.6556454,-0.380236,0.0006824257,5.500699,2.092822,1.092388
-0.5960934,-0.37626,-5.914646e-05,5.700589,2.092085,1.091595
-0.5455134,-0.3717073,0.0004290725,5.900528,2.091251,1.09079
-0.4967032,-0.3632575,0.0001179213,6.100507,2.090526,1.090136
-0.453617,-0.354739,0.0002473374,6.300528,2.09005,1.089715
-0.41236,-0.3449538,0.0001380464,6.500606,2.089883,1.089543
-0.3741689,-0.3351323,0.0001627387,6.700762,2.090034,1.08961
-0.3376103,-0.3248131,0.0001239875,6.901041,2.090484,1.089901
-0.3029368,-0.3142865,0.0001109749,7.101534,2.091163,1.09037
-0.2697704,-0.3033143,7.550951e-05,7.302407,2.091911,1.09089
-0.2381025,-0.2919916,4.758997e-05,7.503896,2.092501,1.09127
-0.6513499,-0.4433112,0.001252903,5.500988,2.29524,1.092889
-0.5875369,-0.4312114,0.0001154391,5.700784,2.294692,1.091857
-0.5359333,-0.4235441,0.0006908746,5.900667,2.294084,1.090878
-0.4859369,-0.4098271,0.0002536365,6.10061,2.29356,1.090119
-0.4425394,-0.3980032,0.0003855147,6.30061,2.293217,1.08964
-0.4009634,-0.3852726,0.0002094139,6.500672,2.293096,1.089437
-0.3627104,-0.3732309,0.0002272713,6.70082,2.293204,1.08949
-0.3259511,-0.3609463,0.0001632336,6.901097,2.293526,1.089779
-0.2910619,-0.3487034,0.0001426565,7.101595,2.29401,1.090252
-0.2575819,-0.3360375,9.769359e-05,7.302479,2.294546,1.090781
-0.2254679,-0.3231254,6.086e-05,7.503989,2.294978,1.091169
-0.6448667,-0.517767,0.001629537,5.501332,2.496672,1.093529
-0.5697295,-0.4935196,-0.0002379559,5.701034,2.496353,1.092254
-0.521492,-0.4762469,0.00123301,5.900839,2.495969,1.091082
-0.4709766,-0.4579152,0.0004180628,6.100734,2.495617,1.0902
-0.4287582,-0.4415761,0.0005775675,6.300698,2.495383,1.089656
-0.3872185,-0.4257901,0.0002549657,6.500735,2.495302,1.089418
-0.3494269,-0.4113399,0.0002910516,6.700864,2.495382,1.089454
-0.3126579,-0.3971701,0.0001987284,6.901127,2.495611,1.089736
-0.2776479,-0.3833153,0.0001797818,7.101615,2.495955,1.090209
-0.2438949,-0.3691586,0.0001225801,7.302489,2.496337,1.090742
-0.2109508,-0.3546407,6.273293e-05,7.503987,2.496653,1.091136
-0.6120386,-0.5826092,0.00233953,5.501706,2.697455,1.094182
-0.5465074,-0.5506981,0.001094957,5.701344,2.697383,1.0927
-0.4973097,-0.5250037,0.001271492,5.901053,2.6972,1.091349
-0.450257,-0.5020822,0.0006269338,6.100881,2.696995,1.090347
-0.4102286,-0.4830629,0.0007264147,6.300795,2.696851,1.089739
-0.370438,-0.4647498,0.0003748301,6.500793,2.696805,1.089467
-0.3337998,-0.4485828,0.000374523,6.700892,2.696867,1.089485
-0.2976301,-0.432967,0.0002579185,6.901131,2.697032,1.089757
-0.2628059,-0.4178812,0.0002247273,7.101594,2.697276,1.090227
-0.2287667,-0.4025516,0.0001644836,7.302436,2.69755,1.09076
-0.1953918,-0.386659,9.876037e-05,7.503889,2.697783,1.09116
-0.584738,-0.6677203,-0.0001396548,5.502172,2.897936,1.094752
-0.5147909,-0.6112303,-0.0006620037,5.701748,2.898048,1.093118
-0.4737369,-0.5762732,0.0008759662,5.901329,2.898009,1.091633
-0.4273325,-0.5460116,0.0001134745,6.101056,2.897913,1.090543
-0.3910913,-0.5230761,0.0008270887,6.300897,2.897837,1.089884
-0.352506,-0.5027239,0.0003213901,6.500843,2.897819,1.089582
-0.3174231,-0.4850116,0.0004177309,6.700902,2.89787,1.089581
-0.2817667,-0.4684367,0.0002833316,6.901106,2.897991,1.089843
-0.2470871,-0.4525822,0.0002571942,7.10153,2.898167,1.090306
-0.2126434,-0.4365119,0.0002017395,7.302319,2.898365,1.09084
-0.1783081,-0.4196329,9.095115e-05,7.503692,2.898541,1.091247
-0.4814653,-0.7066244,0.005459432,5.50302,3.098401,1.09519
-0.4521654,-0.6572775,0.001791326,5.702361,3.098544,1.093484
-0.4275001,-0.6110493,0.001790797,5.901698,3.098563,1.091935
-0.3962058,-0.5831135,0.001020484,6.101258,3.098526,1.0908
-0.366014,-0.5585253,0.001010065,6.300995,3.098493,1.090108
-0.3321865,-0.5378589,0.0005279135,6.500875,3.098494,1.089782
-0.2992949,-0.5198163,0.0004984004,6.700887,3.098541,1.089763
-0.2650872,-0.5031591,0.0003718047,6.901049,3.098633,1.09001
-0.2306434,-0.487214,0.000279854,7.101423,3.098761,1.090466
-0.1958897,-0.470874,0.0002430777,7.302138,3.098907,1.091
-0.1609947,-0.4539332,7.301384e-05,7.503392,3.099043,1.091421
-0.421543,-0.7096187,0.005505322,5.504685,3.298901,1.095517
-0.4115758,-0.6663476,0.0002020369,5.703275,3.298947,1.093839
-0.3988495,-0.6365112,0.002342337,5.902152,3.298946,1.092303
-0.3689846,-0.6084226,0.0005482924,6.101461,3.298928,1.091166
-0.3455072,-0.5887446,0.001153322,6.301066,3.298919,1.090455
-0.3131382,-0.5695664,0.0005040415,6.500872,3.298935,1.090104
-0.2826201,-0.5529247,0.0005496709,6.700836,3.29898,1.090062
-0.2490572,-0.537129,0.0003754892,6.900955,3.299053,1.090292
-0.2147801,-0.5221168,0.0003161674,7.101272,3.299149,1.090737
-0.1793337,-0.506228,0.000286585,7.301894,3.299256,1.091273
-0.1422901,-0.4901166,0.000112952,7.502991,3.299362,1.09172
-0.3812561,-0.70423,0.002489131,5.506959,3.499322,1.095842
-0.3776784,-0.6764831,0.001824202,5.704293,3.499233,1.094282
-0.3703535,-0.6540609,0.001530515,5.902567,3.499183,1.092839
-0.3480634,-0.6345965,0.001279538,6.101591,3.499166,1.091724
-0.3249597,-0.6159679,0.000862991,6.301065,3.499176,1.09098
-0.2963416,-0.5998872,0.0006808525,6.500808,3.499208,1.090588
-0.2665769,-0.5847485,0.0005171211,6.700736,3.499257,1.090512
-0.2343085,-0.5706545,0.0004441856,6.90082,3.49932,1.090716
-0.1999472,-0.5574743,0.0003495577,7.10108,3.499392,1.091148
-0.1637051,-0.5431538,0.0002725657,7.301596,3.499467,1.091693
-0.1243974,-0.528736,0.0001315709,7.502501,3.499542,1.092189
-0.3692035,-0.6881898,0.004620517,5.508572,3.699598,1.096317
-0.361579,-0.6764786,0.001946431,5.70484,3.699346,1.094954
-0.3566631,-0.6699335,0.00204333,5.902709,3.699226,1.093643
-0.3314865,-0.6545873,0.001020877,6.101541,3.699235,1.09253
-0.310606,-0.6419185,0.0008291019,6.300929,3.69929,1.091711
-0.2820099,-0.6282105,0.0006813413,6.500649,3.699355,1.091239
-0.2533321,-0.6156759,0.0004988841,6.700571,3.699419,1.091105
-0.2218967,-0.6037098,0.000491239,6.900642,3.699479,1.091274
-0.1875357,-0.5932354,0.0003280193,7.100859,3.699531,1.091692
-0.1507346,-0.5811165,0.0002921143,7.301269,3.699572,1.092261
-0.1102168,-0.5711541,8.677849e-05,7.50196,3.699602,1.092843
-0.3799532,-0.6842365,0.005390598,5.508178,3.899736,1.09702
-0.3579416,-0.6849844,0.001747293,5.704472,3.899188,1.095858
-0.34929,-0.6861678,0.0014189,5.902377,3.899042,1.094642
-0.3203772,-0.6788228,0.001270139,6.101212,3.899117,1.093497
-0.2974124,-0.6666525,0.0005023963,6.300607,3.899266,1.092568
-0.270168,-0.6563272,0.000768093,6.50036,3.8994,1.091973
-0.2418141,-0.6456181,0.0004309082,6.700327,3.899497,1.091751
-0.2119165,-0.6361184,0.0004866518,6.900426,3.899562,1.091872
-0.1778307,-0.6294979,0.000320065,7.100632,3.899596,1.092283
-0.1411271,-0.6206034,0.0003072771,7.300959,3.899594,1.092904
-0.09603563,-0.6154882,0.0001387049,7.501433,3.899541,1.09361
-0.4336625,-0.6970017,0.01010114,5.506106,4.099443,1.097912
-0.366958,-0.7041144,0.003090359,5.703387,4.098605,1.096864
-0.3506892,-0.712779,0.002253073,5.901582,4.098579,1.095634
-0.3121087,-0.7060737,0.001389065,6.100545,4.098831,1.094413
-0.2880154,-0.6940364,0.0004255256,6.300055,4.099126,1.093354
-0.2605788,-0.6838792,0.0007594707,6.499911,4.099363,1.092611
-0.2330934,-0.674711,0.0003759445,6.699993,4.099513,1.092277
-0.2060896,-0.6674208,0.0004953266,6.900183,4.099592,1.092346
-0.1728203,-0.6648617,0.0003120874,7.100436,4.099609,1.092765
-0.1388229,-0.6613906,0.000255887,7.300739,4.099549,1.093467
-0.09431138,-0.6669245,9.064536e-05,7.501043,4.099385,1.094323
-0.5900096,-0.01226125,-0.0003655501,5.499987,0.1898284,1.299523
-0.5616081,-0.01297795,-0.0003537704,5.699967,0.1896965,1.299518
-0.531865,-0.0134668,-0.0003400942,5.899964,0.1895005,1.299511
-0.5012269,-0.01376088,-0.0003273095,6.099975,0.1893208,1.299505
-0.4701047,-0.01390625,-0.0003143924,6.29999,0.1892051,1.299501
-0.4388177,-0.01392647,-0.0003018556,6.500006,0.1891667,1.299499
-0.4076508,-0.01384796,-0.0002902736,6.700024,0.1892064,1.299501
-0.3768177,-0.01369246,-0.0002816168,6.900043,0.1893238,1.299505
-0.3464947,-0.01348164,-0.0002738975,7.10006,0.1895066,1.299511
-0.3167812,-0.01321982,-0.0002662851,7.300069,0.1897088,1.299519
-0.5923915,-0.03927144,-4.585666e-05,5.499982,0.3869857,1.299201
-0.5633852,-0.04150094,-2.561857e-05,5.699945,0.3864168,1.299181
-0.5331052,-0.04297999,-1.050066e-05,5.89994,0.3855688,1.299152
-0.5020005,-0.0438311,-2.478423e-06,6.099961,0.3847864,1.299125
-0.47049,-0.04422041,3.586964e-06,6.299994,0.3842794,1.299107
-0.4388856,-0.04422576,6.973376e-06,6.500032,0.3841105,1.299101
-0.4074668,-0.04393436,1.177706e-05,6.700076,0.384285,1.299107
-0.3764353,-0.04341924,1.274424e-05,6.900127,0.3848,1.299125
-0.3459667,-0.0427412,1.090185e-05,7.100184,0.3855967,1.299152
-0.3161611,-0.04191242,7.993474e-06,7.300247,0.3864723,1.299181
-0.5964961,-0.07037393,-0.0002208216,5.500001,0.604076,1.298697
-0.5663222,-0.07417181,-0.0002088581,5.699968,0.6029001,1.298652
-0.5350263,-0.07661506,-0.000192088,5.899967,0.6011451,1.298587
-0.5030446,-0.07793314,-0.0001854037,6.099992,0.5995188,1.298527
-0.4708191,-0.07845715,-0.0001768851,6.300033,0.5984589,1.298487
-0.4386343,-0.07832665,-0.0001706553,6.500084,0.5981045,1.298473
-0.406745,-0.07771219,-0.0001628483,6.700149,0.5984711,1.298486
-0.3753338,-0.07672862,-0.0001573479,6.900235,0.5995485,1.298525
-0.3445574,-0.07547715,-0.0001529821,7.100353,0.6012062,1.298586
-0.314516,-0.07397609,-0.0001505326,7.300525,0.6030213,1.298652
-0.6027976,-0.1033672,1.772263e-06,5.500042,0.8237835,1.298072
-0.5707258,-0.1085491,2.185998e-05,5.700032,0.8221453,1.297996
-0.5378339,-0.1117995,5.508915e-05,5.900038,0.8197059,1.297885
-0.5044851,-0.1133998,6.538323e-05,6.100062,0.8174388,1.297784
-0.4711777,-0.1138823,7.812845e-05,6.300101,0.8159552,1.297717
-0.4381039,-0.113452,8.206011e-05,6.500157,0.8154578,1.297693
-0.4055119,-0.1123647,8.666062e-05,6.700239,0.8159732,1.297715
-0.3735292,-0.110769,8.673241e-05,6.90036,0.8174832,1.29778
-0.342293,-0.1088014,8.255134e-05,7.100553,0.8197973,1.297881
-0.31189,-0.1064866,7.110394e-05,7.300876,0.8223274,1.297991
-0.6109346,-0.1387936,-7.361197e-05,5.5001,1.042576,1.297414
-0.5762186,-0.1450503,-7.121075e-05,5.700113,1.040778,1.297301
-0.5411709,-0.148869,-2.94942e-05,5.900128,1.038121,1.297141
-0.5060106,-0.1504792,-2.646935e-05,6.100149,1.035648,1.296994
-0.471272,-0.1506848,-1.069871e-05,6.300184,1.034023,1.296898
-0.4370392,-0.1497143,-8.931482e-06,6.500246,1.033477,1.296863
-0.4035386,-0.1479311,-2.392443e-06,6.700344,1.034044,1.296893
-0.370825,-0.1455047,-2.040378e-06,6.900506,1.035698,1.296986
-0.3390054,-0.1426045,-6.357986e-06,7.100782,1.038225,1.297129
-0.3081448,-0.1392636,-1.71411e-05,7.301271,1.040986,1.297285
-0.6205786,-0.1775961,-6.027474e-05,5.500173,1.258731,1.296787
-0.5824173,-0.18435,-7.901391e-05,5.700199,1.257036,1.29663
-0.544675,-0.1882726,-7.51663e-06,5.900218,1.254575,1.296417
-0.5072459,-0.18945,-1.187205e-05,6.100237,1.252287,1.296222
-0.4707836,-0.1890133,1.349242e-05,6.300273,1.250777,1.296094
-0.4351579,-0.1871627,1.189584e-05,6.500342,1.250267,1.296047
-0.4005988,-0.1843948,2.142512e-05,6.700463,1.250794,1.296085
-0.3670481,-0.1808737,2.187851e-05,6.900667,1.252328,1.296204
-0.334585,-0.1768024,1.783625e-05,7.101028,1.254663,1.296389
-0.3032258,-0.1722222,3.767317e-06,7.301678,1.257213,1.296591
-0.2730411,-0.1671479,-1.029758e-05,7.502806,1.259083,1.296736
-0.6308279,-0.2196718,2.594447e-05,5.500269,1.471539,1.296344
-0.5884266,-0.2262001,-8.744067e-05,5.700289,1.470067,1.296134
-0.5475697,-0.2297582,-1.35254e-05,5.900303,1.468012,1.295865
-0.5075566,-0.2299587,-6.073836e-05,6.100321,1.466112,1.295624
-0.4692172,-0.2284742,-3.487248e-05,6.300361,1.464854,1.295465
-0.4320854,-0.2253702,-5.283017e-05,6.500441,1.464426,1.295406
-0.3964176,-0.2213205,-4.318137e-05,6.700585,1.464862,1.295448
-0.3619968,-0.2164483,-4.652196e-05,6.900833,1.46613,1.295589
-0.3288777,-0.2109916,-5.025544e-05,7.101272,1.468052,1.295808
-0.2970104,-0.2049866,-6.266331e-05,7.30206,1.470154,1.296049
-0.2664342,-0.1984885,-7.567793e-05,7.503422,1.47172,1.296223
-0.6413194,-0.2673195,0.0001431833,5.500397,1.680934,1.296067
-0.5937373,-0.2722379,-9.772005e-05,5.700392,1.679675,1.295785
-0.549423,-0.2742351,8.467193e-05,5.900392,1.67804,1.295455
-0.5065095,-0.2725569,-1.607146e-06,6.100405,1.676554,1.295166
-0.4662412,-0.2693504,5.917293e-05,6.300446,1.675571,1.294978
-0.4275529,-0.2644888,2.907454e-05,6.500536,1.675233,1.294905
-0.3908062,-0.2588005,4.437075e-05,6.7007,1.675565,1.29495
-0.355534,-0.2523098,3.375058e-05,6.900985,1.676541,1.295106
-0.3217896,-0.2452826,2.832816e-05,7.101487,1.678014,1.295351
-0.2894348,-0.2377121,1.092758e-05,7.302382,1.679627,1.295621
-0.2584769,-0.2296798,-6.485812e-06,7.503919,1.680852,1.295817
-0.6494177,-0.3190673,0.0007601328,5.500589,1.887454,1.296058
-0.5963067,-0.320995,0.000195064,5.700526,1.886364,1.295677
-0.5485954,-0.3208962,0.0003513354,5.900498,1.885068,1.295263
-0.5029843,-0.3165224,0.0001368523,6.100496,1.883929,1.294924
-0.4610595,-0.3111566,0.0001907601,6.300532,1.88318,1.294705
-0.4210441,-0.3041373,0.0001138598,6.500625,1.88292,1.294618
-0.3834275,-0.2965614,0.0001215051,6.700801,1.883163,1.29466
-0.3474477,-0.288269,9.285515e-05,6.90111,1.883884,1.294825
-0.3131758,-0.2795535,8.055207e-05,7.101656,1.884972,1.295085
-0.2803815,-0.2703235,5.540069e-05,7.302624,1.886166,1.295373
-0.2490524,-0.2606787,3.387898e-05,7.504279,1.88709,1.295583
-0.655693,-0.3795008,0.0009648998,5.50085,2.091819,1.296252
-0.5960943,-0.3760916,-6.104737e-05,5.700718,2.090922,1.295752
-0.5452878,-0.371181,0.0004911815,5.900632,2.089911,1.295237
-0.4968192,-0.3628637,0.0001150605,6.100603,2.089042,1.294828
-0.4536361,-0.3543023,0.0002615065,6.300623,2.088481,1.294574
-0.4124618,-0.3445883,0.0001422313,6.500708,2.088283,1.29447
-0.374232,-0.3347759,0.0001689409,6.700885,2.088457,1.294506
-0.3376879,-0.3245017,0.0001275409,6.901206,2.088978,1.294673
-0.302989,-0.3140021,0.0001161365,7.101776,2.089765,1.294941
-0.269801,-0.3030588,8.517217e-05,7.302786,2.090631,1.295239
-0.2380958,-0.2917489,6.310893e-05,7.50451,2.091315,1.295458
-0.6521183,-0.4428792,0.002203114,5.501176,2.294601,1.29656
-0.588344,-0.4317815,0.0005287504,5.700965,2.293932,1.29595
-0.5357625,-0.4225529,0.0009668034,5.900808,2.293194,1.295319
-0.4860958,-0.4094007,0.000373295,6.100731,2.292554,1.294827
-0.4425679,-0.3975884,0.0004536424,6.300722,2.292143,1.29453
-0.4010826,-0.3849993,0.0002470107,6.500788,2.291998,1.294404
-0.3627679,-0.3729577,0.0002517641,6.700954,2.292122,1.294431
-0.3260261,-0.3607187,0.0001782133,6.901272,2.292494,1.294596
-0.2911037,-0.3484909,0.0001567551,7.101847,2.293055,1.294868
-0.257603,-0.3358459,0.0001139271,7.302871,2.293677,1.295172
-0.22545,-0.3229322,7.971385e-05,7.504622,2.294178,1.295396
-0.6440127,-0.5169681,0.002185288,5.501557,2.496244,1.296901
-0.5742672,-0.4948778,-0.0005837943,5.701265,2.495843,1.296203
-0.5225547,-0.4763034,0.001534013,5.90103,2.495369,1.295477
-0.4716451,-0.4576311,0.0003574255,6.100884,2.494938,1.294896
-0.428886,-0.4412497,0.0005754084,6.30083,2.494651,1.294544
-0.3874101,-0.4255782,0.0002512237,6.500864,2.494552,1.294394
-0.3494741,-0.4111219,0.0002997694,6.701007,2.494642,1.29441
-0.3127315,-0.3969876,0.0002053137,6.901308,2.494907,1.29457
-0.2776773,-0.3831426,0.0001909484,7.101871,2.495306,1.294841
-0.2439015,-0.3689959,0.0001353883,7.302883,2.495749,1.295148
-0.2109596,-0.354484,7.958269e-05,7.50462,2.496117,1.295376
-0.6132428,-0.5836646,0.002849436,5.502008,2.697145,1.29723
-0.5474412,-0.5513386,0.0015804,5.701628,2.697024,1.29646
-0.497871,-0.5259271,0.001713743,5.901308,2.696786,1.295666
-0.4507571,-0.5024158,0.0007794693,6.101068,2.696531,1.295007
-0.4102402,-0.4828125,0.0008206988,6.300949,2.696351,1.2946
-0.3706233,-0.4646487,0.0004300059,6.500935,2.696292,1.294425
-0.3338379,-0.4484144,0.0004152504,6.701042,2.696362,1.294429
-0.2977038,-0.4328262,0.0002880673,6.901314,2.696553,1.294583
-0.262829,-0.4177375,0.0002531364,7.101847,2.696836,1.294852
-0.2287707,-0.4024024,0.0001939087,7.302822,2.697154,1.295159
-0.195382,-0.3864893,0.0001471263,7.504507,2.697425,1.295391
-0.5827217,-0.6660677,-0.003066198,5.502608,2.897705,1.297521
-0.515748,-0.612488,-0.001924959,5.702123,2.897788,1.296692
-0.4727037,-0.5759646,0.0004698558,5.90166,2.897715,1.295851
-0.4280638,-0.5463623,-7.293619e-05,6.101285,2.89759,1.295137
-0.390849,-0.5228449,0.0007596663,6.301075,2.897493,1.294692
-0.3527342,-0.5025752,0.0002917781,6.500996,2.897468,1.294496
-0.3173951,-0.4848715,0.0004333063,6.701055,2.897526,1.294487
-0.2818332,-0.4682953,0.0003075316,6.901286,2.897666,1.294635
-0.2470659,-0.4524513,0.0002891449,7.101774,2.897869,1.294901
-0.2126434,-0.436347,0.0002445567,7.302687,2.898099,1.295208
-0.1782174,-0.4194801,0.0001330501,7.504277,2.898303,1.295445
-0.481552,-0.7054187,0.006314385,5.503688,3.098233,1.297749
-0.4540933,-0.6569069,0.002688243,5.702877,3.098357,1.296895
-0.42847,-0.6121065,0.002362199,5.902119,3.098352,1.296034
-0.396863,-0.5829008,0.001370913,6.101535,3.098298,1.295296
-0.3661664,-0.5583488,0.001200179,6.301195,3.098253,1.29483
-0.3324214,-0.5376918,0.0006347456,6.501036,3.098252,1.294618
-0.2993458,-0.5196997,0.0005775068,6.701038,3.098304,1.294597
-0.2651582,-0.5030406,0.0004326272,6.90122,3.09841,1.294735
-0.2305285,-0.487067,0.0003217171,7.101649,3.098558,1.294997
-0.1958753,-0.4707609,0.0003625178,7.302476,3.098726,1.295305
-0.1606027,-0.4537611,0.0001605131,7.503927,3.098884,1.295553
-0.4196472,-0.7097559,0.003824889,5.50569,3.298779,1.297924
-0.4126269,-0.6670291,0.0002479175,5.703968,3.298816,1.297091
-0.398146,-0.6364851,0.00203352,5.902662,3.298798,1.29625
-0.3704656,-0.6092709,0.0006474742,6.101779,3.298766,1.295519
-0.345376,-0.5886922,0.001330201,6.30128,3.29875,1.295042
-0.3137093,-0.5696268,0.0005598577,6.501033,3.298764,1.294812
-0.2826309,-0.5528693,0.0006283881,6.70098,3.298814,1.294776
-0.2492032,-0.537074,0.0004488138,6.90111,3.298897,1.294903
-0.2148064,-0.5220503,0.0004385409,7.101474,3.299008,1.295159
-0.1792534,-0.5061725,0.0004956413,7.302192,3.299132,1.295472
-0.1420064,-0.4899674,0.0002519529,7.503459,3.299254,1.295742
-0.3798158,-0.7046951,0.005027561,5.508245,3.499248,1.298095
-0.3793151,-0.6755712,0.002260029,5.705098,3.499149,1.297331
-0.3703382,-0.6543738,0.002024896,5.903105,3.499077,1.29656
-0.3485482,-0.634165,0.001652642,6.101924,3.499046,1.295875
-0.3250788,-0.6160068,0.001004263,6.301273,3.499053,1.295381
-0.2964826,-0.5997138,0.0007815834,6.500957,3.499083,1.295109
-0.2666769,-0.5847605,0.0006038832,6.700862,3.499136,1.295044
-0.2343487,-0.5705599,0.000523506,6.900953,3.499207,1.295154
-0.1999697,-0.5574146,0.0004702885,7.101251,3.499289,1.295404
-0.1636652,-0.5430868,0.000440184,7.301847,3.499377,1.29573
-0.1245057,-0.5287005,0.0002759493,7.502894,3.499464,1.296049
-0.3666,-0.6862407,0.00394008,5.509803,3.699586,1.298335
-0.363042,-0.6764849,0.001341417,5.705563,3.699322,1.297673
-0.3562676,-0.6699518,0.001729411,5.903155,3.699171,1.297
-0.3320027,-0.6545586,0.001061854,6.101823,3.699142,1.296376
-0.3107749,-0.6420943,0.000963991,6.301107,3.699188,1.295861
-0.2821167,-0.628091,0.0007246279,6.500764,3.699258,1.295521
-0.2534309,-0.6157053,0.0005769785,6.700668,3.699326,1.295401
-0.2219067,-0.6036446,0.0005778721,6.900745,3.699392,1.295485
-0.1874932,-0.5932003,0.000537086,7.100994,3.699452,1.29573
-0.1506558,-0.5810447,0.0006904391,7.30147,3.6995,1.296089
-0.1099073,-0.5710334,0.0002019845,7.502262,3.699527,1.296475
-0.3779358,-0.6777278,0.005386087,5.508968,3.899802,1.298673
-0.3612756,-0.682686,0.001792383,5.704915,3.899225,1.298111
-0.3496839,-0.6861878,0.001533153,5.90263,3.899037,1.297506
-0.3207836,-0.6780754,0.001428876,6.101363,3.899067,1.296915
-0.2977892,-0.6668975,0.0005577227,6.300709,3.899183,1.29639
-0.2701687,-0.6561362,0.0008339262,6.500422,3.899315,1.295992
-0.2420056,-0.6456759,0.0004938882,6.700377,3.899422,1.2958
-0.211905,-0.6360415,0.000542895,6.900492,3.899492,1.295843
-0.1778883,-0.6294747,0.0004653381,7.100731,3.89953,1.296094
-0.1411571,-0.6206947,0.0004422781,7.301106,3.899522,1.296499
-0.09601723,-0.6155389,0.0003173998,7.501648,3.899466,1.296943
-0.4340906,-0.6799952,0.007329465,5.506259,4.099593,1.299089
-0.3732506,-0.7022228,0.001964702,5.703442,4.098714,1.298588
-0.351126,-0.713867,0.00133282,5.901596,4.098624,1.29799
-0.3118958,-0.7048446,0.000730534,6.100531,4.098817,1.297385
-0.2883621,-0.6946019,0.0004677294,6.30003,4.099068,1.296837
-0.2603329,-0.6837028,0.0007423293,6.499899,4.099289,1.296393
-0.2332972,-0.6748126,0.0004315637,6.699983,4.099447,1.296133
-0.2059142,-0.6674045,0.0005929031,6.900207,4.099532,1.296131
-0.1728278,-0.6648411,0.0005450835,7.100504,4.099548,1.296398
-0.1387691,-0.6611683,0.0004774708,7.30084,4.099478,1.296851
-0.09449511,-0.6668689,0.0001652232,7.501208,4.099312,1.297347
-0.5899605,-0.01248477,-6.504917e-05,5.499987,0.1896942,1.5
-0.5615863,-0.01320194,-5.050082e-05,5.699967,0.189559,1.5
-0.5318634,-0.01368624,-3.613999e-05,5.899964,0.1893583,1.5
-0.5012402,-0.01397167,-2.283057e-05,6.099974,0.1891742,1.5
-0.4701294,-0.01410586,-1.163214e-05,6.29999,0.1890558,1.5
-0.4388522,-0.01411358,-3.108353e-06,6.500007,0.1890166,1.5
-0.4076926,-0.01402306,2.903583e-06,6.700025,0.1890571,1.5
-0.3768674,-0.01385783,6.749188e-06,6.900044,0.1891774,1.5
-0.3465514,-0.01363947,8.83334e-06,7.100062,0.1893646,1.5
-0.3168472,-0.0133721,9.871913e-06,7.300072,0.1895717,1.5
-0.5923459,-0.03948106,-6.10336e-05,5.499982,0.3864414,1.499999
-0.5633602,-0.04171123,-4.744058e-05,5.699943,0.3858582,1.499999
-0.5330915,-0.04318021,-3.159575e-05,5.899938,0.3849885,1.499999
-0.5019949,-0.04401946,-1.960816e-05,6.09996,0.3841862,1.499999
-0.4704918,-0.04439443,-8.768262e-06,6.299994,0.3836659,1.499999
-0.4388964,-0.04438633,-8.226542e-07,6.500034,0.3834925,1.499999
-0.4074867,-0.04408203,5.215412e-06,6.700079,0.3836718,1.499999
-0.3764665,-0.04355571,8.850821e-06,6.900131,0.3842002,1.499999
-0.3460089,-0.04286816,1.047267e-05,7.10019,0.3850175,1.499999
-0.3162161,-0.0420348,1.118637e-05,7.300255,0.3859154,1.499999
-0.5964524,-0.07042747,-5.578563e-05,5.500001,0.6030224,1.499998
-0.5662924,-0.07421969,-4.189702e-05,5.699967,0.6018139,1.499998
-0.5350055,-0.0766441,-2.307151e-05,5.899965,0.6000105,1.499998
-0.5030343,-0.07795084,-1.320854e-05,6.099992,0.5983387,1.499998
-0.4708171,-0.07846438,-2.251653e-06,6.300034,0.5972492,1.499998
-0.4386418,-0.07832879,3.989279e-06,6.500087,0.596885,1.499998
-0.4067607,-0.07771088,9.155099e-06,6.700154,0.5972618,1.499998
-0.3753588,-0.0767275,1.190684e-05,6.900243,0.5983694,1.499998
-0.3445945,-0.07547669,1.284174e-05,7.100365,0.6000736,1.499998
-0.3145643,-0.07398005,1.239767e-05,7.300543,0.6019394,1.499998
-0.6027242,-0.1033528,-5.295032e-05,5.500043,0.8223494,1.499997
-0.5706756,-0.1085303,-4.29056e-05,5.700033,0.8206601,1.499997
-0.5377971,-0.1117569,-1.616415e-05,5.900039,0.8181446,1.499997
-0.5044653,-0.1133478,-8.337143e-06,6.100064,0.8158067,1.499998
-0.4711688,-0.1138197,5.322476e-06,6.300105,0.8142761,1.499998
-0.4381073,-0.1133889,1.005163e-05,6.500163,0.8137629,1.499997
-0.4055238,-0.1123033,1.543137e-05,6.700248,0.8142949,1.499997
-0.3735505,-0.1107151,1.699335e-05,6.900374,0.8158526,1.499997
-0.3423256,-0.1087581,1.761723e-05,7.100574,0.8182395,1.499997
-0.3119335,-0.1064552,1.661952e-05,7.300908,0.8208489,1.499997
-0.6108553,-0.1385874,-2.354116e-05,5.500104,1.040947,1.499997
-0.5761677,-0.1448466,-2.826834e-05,5.700117,1.039084,1.499997
-0.5411313,-0.1486285,7.235044e-06,5.900132,1.036331,1.499997
-0.5059946,-0.1502329,6.246492e-06,6.100154,1.033768,1.499997
-0.4712676,-0.1504261,2.160181e-05,6.300192,1.032083,1.499997
-0.4370507,-0.149462,2.205434e-05,6.500256,1.031516,1.499997
-0.4035591,-0.1476885,2.650545e-05,6.700359,1.032104,1.499997
-0.3708552,-0.1452816,2.582732e-05,6.900526,1.03382,1.499997
-0.3390451,-0.1424043,2.49264e-05,7.100814,1.036439,1.499997
-0.308192,-0.1390863,2.221773e-05,7.301321,1.0393,1.499997
-0.6204605,-0.1771692,-3.228344e-05,5.500181,1.257063,1.499996
-0.5823518,-0.1839651,-5.321721e-05,5.700207,1.255293,1.499997
-0.5446221,-0.1878592,1.587395e-05,5.900226,1.252725,1.499997
-0.5072319,-0.1890486,7.622751e-06,6.100247,1.250337,1.499997
-0.4707831,-0.1886044,3.481914e-05,6.300285,1.24876,1.499997
-0.4351814,-0.1867716,3.226577e-05,6.500357,1.248228,1.499998
-0.4006331,-0.1840211,3.911721e-05,6.700483,1.248778,1.499998
-0.3670941,-0.1805295,3.622758e-05,6.900696,1.25038,1.499998
-0.3346368,-0.1764903,3.432605e-05,7.101072,1.252816,1.499997
-0.3032815,-0.1719421,2.994515e-05,7.301748,1.255479,1.499997
-0.6307925,-0.2192911,0.0001066669,5.500285,1.470166,1.499994
-0.5884248,-0.2259044,1.313748e-05,5.700306,1.468618,1.499996
-0.5475522,-0.2293951,9.770431e-05,5.900321,1.466461,1.499996
-0.5075778,-0.2296221,4.998602e-05,6.100339,1.464468,1.499997
-0.4692398,-0.2281205,7.939639e-05,6.300379,1.463149,1.499997
-0.4321336,-0.2250379,6.030762e-05,6.500462,1.4627,1.499998
-0.3964716,-0.2210032,6.484112e-05,6.700611,1.463157,1.499998
-0.3620604,-0.2161584,5.489604e-05,6.90087,1.464487,1.499998
-0.3289428,-0.2107324,4.966721e-05,7.101327,1.466503,1.499997
-0.2970743,-0.2047568,4.105699e-05,7.30215,1.468707,1.499996
-0.2664923,-0.1982818,3.334765e-05,7.503572,1.470351,1.499995
-0.6412334,-0.2667157,7.53935e-05,5.500427,1.680008,1.499992
-0.5937498,-0.2718781,-9.382635e-05,5.700422,1.678668,1.499994
-0.5493808,-0.2738895,0.0001099969,5.90042,1.676945,1.499995
-0.506539,-0.2723034,3.317534e-05,6.10043,1.675381,1.499996
-0.4662578,-0.2691022,0.0001014912,6.300472,1.674348,1.499997
-0.4276054,-0.2642835,7.223089e-05,6.500564,1.673992,1.499997
-0.3908562,-0.2586112,8.507134e-05,6.700734,1.674342,1.499998
-0.3555969,-0.2521506,7.152436e-05,6.901031,1.675366,1.499998
-0.3218505,-0.2451455,6.52851e-05,7.101556,1.676914,1.499997
-0.2894916,-0.2375975,5.316944e-05,7.302493,1.678607,1.499996
-0.2585266,-0.2295805,4.33806e-05,7.504102,1.679894,1.499995
-0.6498174,-0.3185454,0.000541749,5.500645,1.886874,1.499988
-0.5966123,-0.3208901,0.0001281068,5.700577,1.885706,1.499991
-0.5487156,-0.3206225,0.0003262057,5.900539,1.884333,1.499994
-0.5031194,-0.3163676,0.0001412816,6.100531,1.883132,1.499995
-0.4611249,-0.31096,0.0002039159,6.300565,1.882345,1.499996
-0.4211302,-0.3039876,0.0001294049,6.500659,1.88207,1.499997
-0.3834907,-0.2964179,0.0001343721,6.700841,1.882326,1.499997
-0.3475169,-0.2881542,0.0001021231,6.901164,1.883083,1.499998
-0.3132338,-0.2794531,9.120266e-05,7.101735,1.884225,1.499997
-0.2804314,-0.2702408,7.13343e-05,7.30275,1.885479,1.499997
-0.2490921,-0.2606049,5.704112e-05,7.504486,1.88645,1.499995
-0.6558777,-0.3782618,0.0004747149,5.500921,2.091472,1.499983
-0.5964089,-0.3754336,-0.0002368443,5.700796,2.090503,1.499988
-0.5452721,-0.3707244,0.0003437271,5.900695,2.089418,1.499992
-0.4969611,-0.3626012,5.865237e-05,6.100649,2.088499,1.499994
-0.4536588,-0.3540737,0.000234279,6.300664,2.087907,1.499996
-0.4125492,-0.3444361,0.0001324985,6.500749,2.087698,1.499997
-0.3742834,-0.334643,0.0001622364,6.700932,2.08788,1.499997
-0.3377531,-0.3244006,0.0001223916,6.901265,2.088428,1.499998
-0.3030409,-0.3139169,0.000113729,7.101862,2.089254,1.499997
-0.2698467,-0.3029902,8.888152e-05,7.302921,2.090164,1.499997
-0.2381292,-0.2916896,7.211134e-05,7.504731,2.090883,1.499995
-0.6542291,-0.4423246,0.001484367,5.501262,2.294369,1.499977
-0.5894503,-0.4319361,0.0003565747,5.701052,2.293663,1.499984
-0.5361926,-0.4222087,0.000794301,5.900902,2.292868,1.49999
-0.4864662,-0.4093316,0.0003012404,6.100794,2.292185,1.499993
-0.4427222,-0.3974138,0.0004224731,6.300772,2.29175,1.499995
-0.4012425,-0.3848997,0.0002394277,6.500835,2.291597,1.499996
-0.362853,-0.3728497,0.0002472882,6.701005,2.291726,1.499997
-0.3261112,-0.3606381,0.0001759954,6.901336,2.292117,1.499997
-0.2911625,-0.3484179,0.0001559863,7.101938,2.292707,1.499997
-0.257653,-0.3357886,0.0001181737,7.303012,2.29336,1.499997
-0.2254907,-0.3228739,8.91766e-05,7.50485,2.293887,1.499996
-0.6449856,-0.5159769,0.0009748098,5.50168,2.496069,1.499971
-0.5760466,-0.4942897,-0.0007205691,5.701369,2.495657,1.499981
-0.5225029,-0.4758102,0.0007788662,5.901145,2.495147,1.499988
-0.4719697,-0.457236,5.733716e-05,6.100973,2.494681,1.499992
-0.4288966,-0.4410098,0.0004384568,6.300893,2.494381,1.499995
-0.3875494,-0.4254167,0.0002074744,6.500918,2.494277,1.499996
-0.3495238,-0.4110004,0.000275961,6.701062,2.494371,1.499997
-0.3128086,-0.3968973,0.0001965498,6.901375,2.49465,1.499998
-0.2777303,-0.3830652,0.0001860876,7.101963,2.495069,1.499998
-0.2439475,-0.3689285,0.0001366595,7.303025,2.495535,1.499997
-0.2110207,-0.3544318,8.862668e-05,7.504849,2.49592,1.499996
-0.6169999,-0.5875245,0.002126213,5.502187,2.697002,1.499969
-0.549167,-0.5528033,0.0007413952,5.701772,2.696886,1.49998
-0.4990135,-0.5264833,0.00140631,5.901437,2.696631,1.499988
-0.4513521,-0.5025245,0.0006300847,6.101188,2.696356,1.499993
-0.4106097,-0.4827306,0.0007259738,6.301026,2.696165,1.499995
-0.3708844,-0.4645864,0.0004078576,6.500996,2.696104,1.499996
-0.3339744,-0.4483284,0.0003998861,6.701101,2.696177,1.499997
-0.2978168,-0.4327512,0.0002845348,6.901381,2.696378,1.499998
-0.2628944,-0.4176664,0.0002526192,7.101939,2.696675,1.499998
-0.2288249,-0.4023218,0.0002034986,7.302962,2.697009,1.499998
-0.1954225,-0.3864205,0.0001614388,7.50473,2.697293,1.499997
-0.5756211,-0.6638438,-0.002357306,5.502873,2.897591,1.499976
-0.5137454,-0.61159,-0.002816976,5.702324,2.897683,1.499984
-0.4714892,-0.5751244,0.0003661425,5.901819,2.897605,1.49999
-0.4278628,-0.545907,-0.0002058849,6.101434,2.897468,1.499994
-0.3906741,-0.5225501,0.0005684719,6.301165,2.897365,1.499996
-0.3528551,-0.5024222,0.0002690031,6.501064,2.897338,1.499997
-0.3174194,-0.4847595,0.0003977731,6.701117,2.8974,1.499998
-0.281913,-0.4682056,0.0002991983,6.901353,2.897546,1.499998
-0.2470477,-0.4523577,0.0002780312,7.101862,2.89776,1.499998
-0.212689,-0.4362546,0.0002543052,7.30282,2.898001,1.499998
-0.178239,-0.4193703,0.000145902,7.504488,2.898215,1.499997
-0.4932592,-0.7083514,0.007533569,5.504085,3.098153,1.499987
-0.4591346,-0.6551381,0.002009729,5.703159,3.098281,1.499989
-0.4317,-0.6120631,0.002412218,5.902321,3.098273,1.499993
-0.3982818,-0.5824627,0.001200427,6.101711,3.098212,1.499995
-0.3668624,-0.5579608,0.001111563,6.301298,3.098164,1.499997
-0.3328583,-0.5375372,0.0006255498,6.501108,3.098162,1.499997
-0.2995631,-0.5195947,0.0005642286,6.7011,3.098217,1.499998
-0.2652932,-0.5029543,0.000427208,6.901284,3.098327,1.499998
-0.2305842,-0.4869847,0.0003278105,7.101732,3.098483,1.499998
-0.1958884,-0.4705978,0.0003537698,7.302597,3.098659,1.499998
-0.1605005,-0.4536098,0.0001797719,7.50412,3.098823,1.499998
-0.4199408,-0.713616,0.003143803,5.50626,3.298724,1.499994
-0.4165763,-0.670316,0.0002894221,5.704337,3.298764,1.499994
-0.3982317,-0.6372157,0.001764185,5.902906,3.298745,1.499996
-0.3725921,-0.6103659,0.0005895259,6.101971,3.298706,1.499997
-0.3454601,-0.5887653,0.001080615,6.30139,3.298685,1.499998
-0.3142931,-0.5697087,0.0005405472,6.501107,3.2987,1.499998
-0.2827169,-0.552856,0.0005752358,6.701039,3.298752,1.499998
-0.2493169,-0.5370355,0.0004496416,6.901169,3.298839,1.499999
-0.2147878,-0.5219946,0.0004488921,7.101547,3.298954,1.499999
-0.1791525,-0.506144,0.0004779584,7.302298,3.299083,1.499998
-0.141494,-0.4897376,0.0003418655,7.503625,3.299208,1.499998
-0.3817107,-0.7054692,0.003413105,5.508945,3.499215,1.499996
-0.3804662,-0.6748328,0.002069671,5.705511,3.499119,1.499996
-0.3718175,-0.6553322,0.001849514,5.903354,3.499045,1.499997
-0.3491827,-0.6339826,0.001369514,6.102096,3.498998,1.499998
-0.3253324,-0.6159822,0.0009186344,6.301387,3.498993,1.499999
-0.2967956,-0.5996499,0.0007306877,6.501027,3.499032,1.499999
-0.2668406,-0.5847732,0.0006028945,6.700914,3.49909,1.499999
-0.2344352,-0.5704951,0.0005170655,6.901002,3.499164,1.499999
-0.1999986,-0.5573185,0.0004878794,7.101311,3.499249,1.499999
-0.1636147,-0.542896,0.0004577839,7.301933,3.499337,1.499999
-0.1246348,-0.5285734,0.0002618053,7.503022,3.499418,1.499999
-0.3686831,-0.6875393,0.002260203,5.510432,3.699584,1.499996
-0.363678,-0.6773709,0.001187667,5.705908,3.699322,1.499997
-0.3568395,-0.6704031,0.001432845,5.903345,3.699164,1.499999
-0.3331113,-0.6556171,0.0009896158,6.101938,3.699124,1.5
-0.3109785,-0.6422292,0.0009399049,6.301192,3.699148,1.499999
-0.2823211,-0.6281019,0.0006680125,6.500828,3.69921,1.499999
-0.2535423,-0.615759,0.0005886512,6.700709,3.699289,1.499999
-0.2218994,-0.6036418,0.0005477423,6.900782,3.699358,1.499999
-0.1873106,-0.5931528,0.0005975417,7.101038,3.699417,1.499999
-0.1503231,-0.5810331,0.0006852798,7.301527,3.699458,1.499999
-0.1085466,-0.5706143,0.0003261848,7.502362,3.699489,1.499999
-0.3790413,-0.6799795,0.002812538,5.509302,3.899835,1.499997
-0.3618105,-0.6839097,0.001723068,5.705074,3.89925,1.499999
-0.3497085,-0.6866477,0.001166572,5.902707,3.899049,1.5
-0.3212155,-0.6783806,0.001059411,6.101403,3.899066,1.500001
-0.2981272,-0.6670825,0.000686141,6.300733,3.899168,1.500001
-0.270336,-0.6561575,0.0007373713,6.500455,3.899282,1.5
-0.2421401,-0.645719,0.0005359409,6.700406,3.899387,1.5
-0.2119424,-0.6359999,0.0004987458,6.900513,3.899463,1.5
-0.1781747,-0.6293555,0.0004630538,7.100753,3.899496,1.5
-0.1408441,-0.6205715,0.0003455336,7.301145,3.899487,1.5
-0.09606769,-0.6155366,0.0002381281,7.501728,3.89944,1.499999
-0.4326103,-0.6797892,0.0005387982,5.50616,4.099665,1.5
-0.3718166,-0.7028095,0.0006678144,5.703341,4.098761,1.500003
-0.3495976,-0.7138441,0.0007713149,5.901523,4.098654,1.500003
-0.3124293,-0.7058866,0.0005421085,6.10048,4.09883,1.500002
-0.288282,-0.6946165,0.0008203818,6.299993,4.099066,1.500002
-0.260502,-0.6838327,0.0006478829,6.499878,4.099271,1.500001
-0.2333366,-0.6748426,0.0005054361,6.699993,4.099423,1.500001
-0.2060272,-0.6672891,0.0004601681,6.900211,4.09951,1.500001
-0.1723803,-0.6649704,0.0006319336,7.100505,4.099521,1.5
-0.1383204,-0.6613926,0.0002543295,7.300877,4.099449,1.5
-0.09275447,-0.6664315,0.0001302117,7.501265,4.099287,1.5
-0.5899834,-0.0122567,0.0002761139,5.499987,0.1898282,1.700476
-0.5615794,-0.01297448,0.000292611,5.699967,0.1896962,1.700481
-0.5318374,-0.01346187,0.0003023451,5.899964,0.1895003,1.700488
-0.5012022,-0.01375735,0.0003058546,6.099975,0.1893207,1.700495
-0.4700848,-0.01390313,0.0003063972,6.29999,0.189205,1.700499
-0.4388032,-0.01392401,0.000302966,6.500006,0.1891667,1.700501
-0.4076409,-0.01384546,0.0002984529,6.700024,0.1892063,1.700499
-0.3768116,-0.01369015,0.0002937451,6.900043,0.1893236,1.700495
-0.3464915,-0.01347979,0.0002880694,7.10006,0.1895064,1.700489
-0.3167806,-0.01321845,0.0002805099,7.300069,0.1897085,1.700481
-0.5923656,-0.03926246,-5.24294e-05,5.499982,0.3869843,1.700798
-0.5633555,-0.04149203,-4.219093e-05,5.699945,0.3864156,1.700818
-0.5330771,-0.04296625,-3.077473e-05,5.89994,0.3855677,1.700847
-0.5019776,-0.04382084,-2.064593e-05,6.099961,0.3847857,1.700874
-0.4704713,-0.04421049,-1.081596e-05,6.299994,0.3842787,1.700892
-0.438872,-0.04421862,-4.525533e-06,6.500032,0.3841098,1.700898
-0.4074574,-0.04392852,-1.614921e-06,6.700076,0.3842843,1.700892
-0.3764301,-0.04341467,1.396927e-06,6.900127,0.3847993,1.700874
-0.3459643,-0.04273683,5.744722e-06,7.100184,0.3855957,1.700847
-0.316161,-0.04190912,9.127073e-06,7.300247,0.3864709,1.700817
-0.5964532,-0.07036663,0.0001306728,5.500001,0.6040728,1.701299
-0.566289,-0.07416903,0.0001420429,5.699968,0.6028969,1.701345
-0.5349966,-0.07660151,0.0001583297,5.899967,0.6011425,1.70141
-0.5030237,-0.07792335,0.0001671783,6.099992,0.5995165,1.701471
-0.4708019,-0.0784445,0.0001767822,6.300033,0.598457,1.70151
-0.4386231,-0.07831591,0.0001797991,6.500084,0.5981027,1.701524
-0.4067373,-0.07770157,0.000180116,6.700149,0.5984691,1.701511
-0.37533,-0.07671965,0.0001778968,6.900235,0.5995461,1.701472
-0.3445567,-0.07546961,0.0001754812,7.100352,0.6012035,1.701411
-0.314518,-0.07397051,0.0001724571,7.300524,0.6030182,1.701345
-0.6027432,-0.1033364,-0.0001040993,5.500043,0.8237796,1.701923
-0.5706883,-0.1085348,-0.0001028822,5.700032,0.8221415,1.702
-0.5377973,-0.1117701,-8.513989e-05,5.900039,0.8197026,1.702111
-0.5044632,-0.1133807,-8.03186e-05,6.100062,0.817436,1.702212
-0.4711585,-0.1138592,-6.759906e-05,6.300101,0.8159524,1.702279
-0.4380936,-0.1134345,-6.259526e-05,6.500157,0.8154551,1.702303
-0.4055048,-0.1123479,-5.812594e-05,6.700239,0.8159707,1.702281
-0.3735266,-0.1107549,-5.543271e-05,6.90036,0.8174804,1.702216
-0.3422938,-0.1087886,-4.988848e-05,7.100552,0.819794,1.702115
-0.311894,-0.1064761,-4.086333e-05,7.300874,0.8223235,1.702004
-0.6108725,-0.1387776,2.682043e-05,5.500101,1.042573,1.70258
-0.5761874,-0.1450623,1.751472e-05,5.700114,1.040775,1.702694
-0.5411349,-0.1488403,4.265511e-05,5.900129,1.038119,1.702854
-0.5059956,-0.1504648,3.862752e-05,6.10015,1.035647,1.703001
-0.4712553,-0.1506575,5.194749e-05,6.300185,1.034022,1.703098
-0.4370336,-0.1496935,5.163044e-05,6.500246,1.033475,1.703133
-0.4035346,-0.1479089,5.319329e-05,6.700345,1.034042,1.703103
-0.3708266,-0.1454867,5.109858e-05,6.900505,1.035697,1.70301
-0.3390095,-0.142589,5.397621e-05,7.100781,1.038223,1.702866
-0.3081519,-0.1392518,5.898832e-05,7.301269,1.040984,1.702709
-0.6204661,-0.1774638,1.083135e-06,5.500176,1.258729,1.703205
-0.5823669,-0.1843056,-1.610952e-05,5.700202,1.257034,1.703363
-0.5446114,-0.1881848,3.951406e-05,5.90022,1.254574,1.703578
-0.5072256,-0.1894071,3.038842e-05,6.100239,1.252286,1.703773
-0.4707581,-0.1889578,5.528814e-05,6.300274,1.250777,1.703902
-0.4351536,-0.1871268,5.205263e-05,6.500343,1.250267,1.703949
-0.4005946,-0.1843595,5.463029e-05,6.700463,1.250794,1.703911
-0.3670528,-0.1808473,4.838118e-05,6.900667,1.252328,1.703791
-0.3345918,-0.1767795,4.953393e-05,7.101027,1.254662,1.703606
-0.3032362,-0.1722039,5.458426e-05,7.301676,1.257213,1.703402
-0.6307494,-0.2195879,0.000169385,5.500275,1.471534,1.703646
-0.5884364,-0.2262549,0.0001156396,5.700294,1.470064,1.703858
-0.5475288,-0.2296759,0.000192337,5.900308,1.46801,1.704128
-0.5075735,-0.2299379,0.0001577919,6.100325,1.46611,1.704371
-0.4692059,-0.2284117,0.0001845337,6.300363,1.464854,1.704531
-0.4321008,-0.2253321,0.0001668743,6.500443,1.464426,1.70459
-0.3964237,-0.2212761,0.0001654788,6.700586,1.464861,1.704548
-0.3620118,-0.216415,0.0001503528,6.900833,1.46613,1.704407
-0.3288917,-0.210963,0.0001442819,7.101271,1.468052,1.704187
-0.2970277,-0.2049653,0.0001408412,7.302057,1.470154,1.703944
-0.6410499,-0.266857,2.503036e-05,5.500409,1.680926,1.703918
-0.5937006,-0.2721005,-5.730332e-05,5.700401,1.67967,1.704203
-0.5492881,-0.2739952,0.0001290045,5.9004,1.678037,1.704537
-0.5065142,-0.2724624,7.534599e-05,6.10041,1.676552,1.704826
-0.4661994,-0.2692256,0.0001378886,6.30045,1.67557,1.705017
-0.4275696,-0.2644203,0.0001133206,6.500539,1.675232,1.70509
-0.3908078,-0.258731,0.00012075,6.700702,1.675565,1.705046
-0.3555546,-0.2522627,0.0001028098,6.900986,1.676541,1.70489
-0.3218076,-0.2452413,9.825211e-05,7.101487,1.678014,1.704644
-0.2894569,-0.2376818,9.372002e-05,7.302379,1.679627,1.704372
-0.2585005,-0.229656,9.186416e-05,7.503914,1.680852,1.704173
-0.6494025,-0.318745,0.0002645365,5.500611,1.887437,1.703919
-0.5965151,-0.3211922,3.720544e-05,5.700543,1.886354,1.704307
-0.5485733,-0.3206813,0.0002687704,5.900511,1.885062,1.704725
-0.5031107,-0.3165099,0.0001356205,6.100505,1.883925,1.705067
-0.4610675,-0.3110307,0.0001964877,6.300538,1.883179,1.705288
-0.4211141,-0.3040797,0.0001346209,6.500629,1.882919,1.705376
-0.3834542,-0.2964854,0.000137137,6.700804,1.883162,1.705335
-0.3474923,-0.2882186,0.0001056184,6.901112,1.883884,1.705171
-0.3132075,-0.2795056,9.573986e-05,7.101656,1.884972,1.70491
-0.2804159,-0.2702887,8.389554e-05,7.302622,1.886166,1.70462
-0.2490849,-0.2606508,7.710048e-05,7.504274,1.887091,1.704407
-0.6551723,-0.3784292,5.450306e-05,5.50089,2.091789,1.703715
-0.5962085,-0.3757558,-0.0003208683,5.700747,2.090905,1.704225
-0.5449755,-0.3706951,0.0002176275,5.900653,2.089901,1.704747
-0.4969323,-0.3626812,3.702112e-05,6.100618,2.089037,1.705161
-0.4535574,-0.354076,0.0002006692,6.300633,2.088478,1.705418
-0.4125339,-0.3444749,0.0001221142,6.500715,2.088281,1.705524
-0.3742413,-0.3346619,0.0001489648,6.70089,2.088456,1.705489
-0.3377375,-0.324427,0.0001124454,6.901208,2.088978,1.705323
-0.3030237,-0.313937,0.0001046414,7.101776,2.089765,1.705054
-0.2698438,-0.3030117,8.752477e-05,7.302785,2.090631,1.704754
-0.2381355,-0.2917144,7.868815e-05,7.504506,2.091316,1.704533
-0.6529118,-0.442583,0.0006806585,5.501247,2.294551,1.703394
-0.5891931,-0.4324859,1.863205e-05,5.701015,2.293904,1.704019
-0.5357931,-0.4221404,0.0005565457,5.900842,2.293179,1.704661
-0.4864653,-0.4094317,0.0002195008,6.100755,2.292546,1.70516
-0.4426237,-0.397386,0.000362255,6.300737,2.292139,1.705461
-0.4012618,-0.3849289,0.0002147207,6.500798,2.291996,1.705589
-0.3628297,-0.3728454,0.0002254945,6.700961,2.29212,1.705563
-0.3261186,-0.360645,0.0001621266,6.901276,2.292494,1.705399
-0.2911618,-0.3484182,0.0001446157,7.101848,2.293055,1.705127
-0.2576687,-0.3357967,0.0001148774,7.302871,2.293677,1.704823
-0.2255188,-0.3228851,9.301135e-05,7.504619,2.294178,1.704596
-0.6434642,-0.5158787,0.0001251298,5.501681,2.496168,1.703041
-0.5756345,-0.4947318,-0.0008159541,5.701349,2.495803,1.703759
-0.5218233,-0.4756939,0.00048469,5.901085,2.495348,1.7045
-0.4719856,-0.4572731,5.712631e-06,6.10092,2.494928,1.705089
-0.4287222,-0.4409358,0.0003563551,6.300853,2.494646,1.705446
-0.3875748,-0.425403,0.0001844116,6.500878,2.494549,1.705599
-0.3494822,-0.4109647,0.0002450473,6.701016,2.494641,1.705585
-0.3128219,-0.3968767,0.0001791549,6.901313,2.494907,1.705425
-0.2777355,-0.3830439,0.0001698149,7.101873,2.495306,1.705154
-0.2439706,-0.3689108,0.0001284609,7.302883,2.495749,1.704847
-0.2110913,-0.354437,9.063452e-05,7.504618,2.496116,1.704617
-0.6139283,-0.587316,0.001259629,5.502212,2.697048,1.702706
-0.548952,-0.55364,-2.512915e-05,5.701763,2.696976,1.703501
-0.4982072,-0.5265594,0.001053132,5.901393,2.696763,1.70431
-0.4514278,-0.5026631,0.0003983211,6.10112,2.69652,1.704979
-0.4104521,-0.4826836,0.0006121266,6.300981,2.696346,1.705391
-0.3709554,-0.4645854,0.0003515163,6.500954,2.69629,1.705568
-0.3339584,-0.4482886,0.0003607837,6.701053,2.696362,1.705567
-0.2978535,-0.4327197,0.0002624264,6.90132,2.696553,1.705413
-0.2629102,-0.4176312,0.0002354639,7.10185,2.696836,1.705144
-0.2288595,-0.4022797,0.0001976946,7.302823,2.697154,1.704836
-0.1954689,-0.386408,0.0001601282,7.504505,2.697424,1.704603
-0.5704429,-0.6625235,-0.0002338384,5.502926,2.897612,1.702429
-0.513642,-0.6118954,-0.002014217,5.702328,2.897741,1.703276
-0.4702484,-0.574915,0.00049201,5.901782,2.897693,1.704129
-0.4277953,-0.5457311,-0.0001056349,6.101357,2.89758,1.704851
-0.3903615,-0.5224483,0.0005000059,6.301117,2.897489,1.705301
-0.3529004,-0.5023452,0.0002568779,6.50102,2.897466,1.705498
-0.3173597,-0.484701,0.0003604451,6.701069,2.897526,1.705508
-0.2819417,-0.4681465,0.000276864,6.901293,2.897666,1.705362
-0.2470444,-0.4523053,0.0002572666,7.101778,2.89787,1.705096
-0.2127297,-0.4361906,0.0002368637,7.302688,2.898099,1.704788
-0.178275,-0.4193135,0.0001554261,7.504276,2.898302,1.70455
-0.4892117,-0.7071975,0.003695121,5.504168,3.098167,1.702225
-0.4599737,-0.6539685,0.0005776357,5.703173,3.098321,1.703085
-0.4313586,-0.6122804,0.00179444,5.902286,3.098336,1.703952
-0.3985223,-0.5821584,0.0008821314,6.101627,3.098292,1.704695
-0.3668106,-0.5578517,0.0008948933,6.301246,3.098252,1.705165
-0.332982,-0.537419,0.000549389,6.501064,3.098253,1.705378
-0.2995797,-0.5195369,0.000506808,6.701054,3.098305,1.705399
-0.2653411,-0.5028889,0.0003999619,6.901228,3.098411,1.705261
-0.2305608,-0.4869213,0.0002991593,7.101653,3.098559,1.705001
-0.1959059,-0.4705144,0.0003458185,7.302477,3.098726,1.704691
-0.1604849,-0.4535583,0.0001632456,7.503926,3.098883,1.704443
-0.419501,-0.7139496,0.00181394,5.506374,3.298735,1.702066
-0.4163738,-0.6691729,6.404049e-05,5.704356,3.298794,1.702899
-0.3977808,-0.6372202,0.001194614,5.902866,3.298791,1.703743
-0.3726776,-0.6101597,0.0004717704,6.101883,3.298766,1.704476
-0.3453395,-0.5887248,0.0007510608,6.301334,3.298753,1.704953
-0.3143826,-0.5696075,0.0004855633,6.501062,3.298768,1.705184
-0.2827105,-0.5528266,0.0004997795,6.700995,3.298817,1.705221
-0.2493481,-0.5369912,0.0004174167,6.901118,3.298899,1.705094
-0.2147698,-0.52195,0.0004125351,7.101477,3.299008,1.704839
-0.1791458,-0.5060841,0.0004301297,7.302193,3.299131,1.704526
-0.1414106,-0.4896435,0.0002506852,7.503459,3.299252,1.704255
-0.3811703,-0.7056929,0.003385153,5.509064,3.499224,1.701897
-0.381036,-0.6743167,0.001322275,5.705521,3.499144,1.702663
-0.3716687,-0.6553866,0.00163884,5.903307,3.499084,1.703436
-0.3494465,-0.6337438,0.001037653,6.102019,3.499057,1.704122
-0.3254727,-0.6160004,0.0007997153,6.301318,3.499063,1.704616
-0.2969111,-0.5995319,0.0006695685,6.500979,3.499091,1.704888
-0.2668926,-0.5847446,0.0005618672,6.700873,3.499142,1.704953
-0.2344655,-0.5704521,0.0004918962,6.900958,3.49921,1.704844
-0.200017,-0.5572595,0.0004901267,7.101253,3.49929,1.704594
-0.1635989,-0.5428678,0.0005202894,7.301847,3.499375,1.704268
-0.1247005,-0.5285567,0.0002747238,7.502892,3.499461,1.703949
-0.3677266,-0.6870504,0.002131464,5.510494,3.699595,1.701658
-0.3638406,-0.676791,0.0008282484,5.705883,3.699345,1.702323
-0.356617,-0.6703471,0.001198361,5.903289,3.699197,1.702998
-0.3332772,-0.6554554,0.0008200644,6.101877,3.699165,1.703622
-0.3110274,-0.6422965,0.0007651266,6.301129,3.699206,1.704137
-0.2825,-0.6281268,0.0006046589,6.500773,3.699272,1.704476
-0.2535961,-0.6157767,0.0005597801,6.700671,3.699335,1.704597
-0.2218938,-0.6036513,0.0005197796,6.900746,3.699397,1.704514
-0.1874127,-0.5931691,0.0005654738,7.100994,3.699453,1.704269
-0.1502426,-0.5811325,0.000690368,7.301468,3.699498,1.70391
-0.1085157,-0.5707151,0.0003660184,7.502258,3.699521,1.703523
-0.3783465,-0.6794048,0.00273833,5.509253,3.899846,1.701324
-0.3626973,-0.6835346,0.001154591,5.704991,3.899272,1.701888
-0.3495759,-0.6864836,0.001003469,5.902629,3.899082,1.702494
-0.3215101,-0.6781116,0.0009271892,6.101343,3.899106,1.703085
-0.2980456,-0.6668658,0.0005791918,6.300692,3.899212,1.703609
-0.2704551,-0.6561065,0.0006726204,6.50041,3.899335,1.704006
-0.2422546,-0.6457623,0.0005233758,6.70037,3.899435,1.704199
-0.2119507,-0.6359962,0.000453772,6.900487,3.899499,1.704157
-0.1783029,-0.6293596,0.0004943045,7.100727,3.899532,1.703905
-0.1408644,-0.6209378,0.0003103695,7.301101,3.899519,1.703501
-0.09659084,-0.6160964,0.0002475794,7.501641,3.899456,1.703055
-0.4302402,-0.6798009,0.001206224,5.505987,4.099665,1.700916
-0.3722739,-0.7020062,0.0005571047,5.703185,4.098775,1.701417
-0.3495141,-0.7139622,0.0008891881,5.901413,4.098684,1.702013
-0.3126077,-0.7056942,0.0005433176,6.100416,4.098871,1.702617
-0.2882948,-0.6946379,0.0007696451,6.299963,4.099108,1.703164
-0.2605446,-0.6837292,0.0005859895,6.499863,4.099317,1.703607
-0.2334679,-0.6749243,0.0005160273,6.699963,4.099464,1.703868
-0.2059253,-0.6673523,0.0004223646,6.900196,4.099541,1.70387
-0.1724728,-0.6650238,0.0007666402,7.100496,4.09955,1.703603
-0.1383831,-0.6612528,0.0002384145,7.300833,4.099473,1.70315
-0.09425388,-0.6667207,9.91206e-05,7.501198,4.099298,1.702653
-0.5899153,-0.01292502,-0.0004422754,5.499988,0.1903616,1.90114
-0.5615625,-0.01365897,-0.000423504,5.69997,0.1902393,1.90115
-0.5318559,-0.01415177,-0.0004014819,5.899967,0.1900577,1.901164
-0.5012436,-0.01443995,-0.0003703948,6.099977,0.1898913,1.901177
-0.4701394,-0.01456912,-0.0003367213,6.299991,0.1897843,1.901185
-0.4388664,-0.01456734,-0.0002998931,6.500006,0.1897487,1.901188
-0.4077078,-0.0144659,-0.000264337,6.700022,0.1897854,1.901186
-0.3768832,-0.01428629,-0.0002325955,6.900039,0.189894,1.901177
-0.3465675,-0.0140491,-0.0002041628,7.100055,0.1900632,1.901164
-0.3168673,-0.0137615,-0.0001790855,7.300063,0.1902504,1.90115
-0.5923405,-0.03996669,-0.0002167808,5.499984,0.3889642,1.901737
-0.5633541,-0.04223055,-0.0002101755,5.69995,0.3884388,1.901777
-0.5330857,-0.04372179,-0.0002028612,5.899945,0.3876564,1.901834
-0.5019894,-0.04457709,-0.0001872785,6.099964,0.386935,1.901886
-0.4704858,-0.04495515,-0.0001703343,6.299995,0.3864676,1.90192
-0.4388925,-0.04494237,-0.0001514903,6.500029,0.3863121,1.901932
-0.407483,-0.04462527,-0.0001301251,6.700069,0.3864727,1.901921
-0.3764596,-0.044079,-0.0001088795,6.900115,0.3869472,1.901886
-0.3459978,-0.04336371,-8.83208e-05,7.100166,0.3876817,1.901834
-0.3162021,-0.04249913,-6.958878e-05,7.300223,0.3884889,1.901776
-0.5964921,-0.0710584,-0.0001171592,5.500001,0.6076542,1.902794
-0.5663239,-0.07490485,-0.0001092134,5.699972,0.6065763,1.902882
-0.5350252,-0.07737303,-9.635602e-05,5.89997,0.6049688,1.903008
-0.5030477,-0.0787237,-7.93251e-05,6.099993,0.6034799,1.903125
-0.4708209,-0.07925546,-5.934137e-05,6.30003,0.6025103,1.903202
-0.4386395,-0.07912296,-4.295073e-05,6.500075,0.6021862,1.903228
-0.4067519,-0.0784868,-2.935941e-05,6.700133,0.6025213,1.903203
-0.375346,-0.07747089,-1.892234e-05,6.90021,0.6035067,1.903127
-0.3445783,-0.07617481,-9.003278e-06,7.100316,0.6050236,1.90301
-0.3145476,-0.07462604,-2.375649e-07,7.30047,0.6066851,1.902881
-0.6028592,-0.10433,-0.000182816,5.500039,0.8284523,1.904129
-0.5707711,-0.1095928,-0.000188924,5.700031,0.8269674,1.904275
-0.5378506,-0.1128809,-0.0001843276,5.900036,0.8247576,1.904486
-0.5044914,-0.1145357,-0.0001797376,6.100057,0.8227048,1.904681
-0.4711634,-0.1150301,-0.0001642355,6.300091,0.8213621,1.904808
-0.4380809,-0.1145994,-0.0001537351,6.50014,0.820912,1.904853
-0.4054791,-0.1134841,-0.0001444547,6.700212,0.8213782,1.904812
-0.373495,-0.1118437,-0.000135897,6.90032,0.8227443,1.904687
-0.3422611,-0.1098122,-0.0001216831,7.100491,0.824839,1.904494
-0.3118661,-0.1074276,-0.0001015113,7.300778,0.8271296,1.904281
-0.6110518,-0.1397593,4.666379e-05,5.500092,1.04774,1.905502
-0.5763104,-0.1461173,3.784614e-05,5.700105,1.046138,1.905716
-0.5412051,-0.1499492,5.098065e-05,5.900118,1.04377,1.906019
-0.5060283,-0.1516282,4.983799e-05,6.100136,1.041567,1.906297
-0.4712508,-0.1518381,6.516145e-05,6.300166,1.040121,1.906479
-0.4370033,-0.1508697,6.849785e-05,6.500218,1.039634,1.906544
-0.4034844,-0.1490501,7.003898e-05,6.700304,1.040138,1.906487
-0.3707682,-0.1465727,6.781377e-05,6.900445,1.041611,1.906311
-0.3389533,-0.1436002,7.423171e-05,7.100689,1.043862,1.906039
-0.3081026,-0.1401834,8.687495e-05,7.301121,1.046322,1.905741
-0.6206725,-0.1784548,2.252864e-05,5.500157,1.263555,1.906578
-0.5825063,-0.1853914,7.759711e-06,5.70018,1.262074,1.906864
-0.5446791,-0.1893282,4.391407e-05,5.900195,1.25992,1.907256
-0.5072467,-0.1906126,3.875732e-05,6.100211,1.257917,1.907612
-0.470728,-0.1901781,6.188168e-05,6.300242,1.256596,1.907847
-0.4350912,-0.1883401,6.267588e-05,6.500302,1.25615,1.907932
-0.4005064,-0.1855324,6.3967e-05,6.700407,1.256611,1.907863
-0.3669553,-0.1819588,5.899949e-05,6.900585,1.257954,1.907643
-0.3344961,-0.1778107,6.338158e-05,7.100901,1.259998,1.907302
-0.3031517,-0.1731502,7.768517e-05,7.301471,1.262232,1.906928
-0.630974,-0.2203353,0.0001200089,5.500241,1.475275,1.907385
-0.5885914,-0.227085,6.611059e-05,5.700255,1.474013,1.907751
-0.5475942,-0.2305163,0.0001121171,5.900266,1.472239,1.908229
-0.5075918,-0.2308275,8.161318e-05,6.100281,1.470598,1.908658
-0.4691655,-0.2292972,0.0001030757,6.300316,1.469511,1.908942
-0.4320309,-0.2262086,9.181111e-05,6.500386,1.469142,1.909047
-0.3963278,-0.2221116,8.958333e-05,6.700512,1.469519,1.908969
-0.3619111,-0.2171965,7.882451e-05,6.900727,1.470617,1.908715
-0.3287979,-0.2116778,7.996921e-05,7.101109,1.472282,1.90832
-0.2969526,-0.2056134,9.245562e-05,7.301794,1.474101,1.907885
-0.6411697,-0.2671963,1.897203e-06,5.500356,1.683437,1.907803
-0.5937969,-0.2725982,-7.319901e-05,5.700346,1.682385,1.908269
-0.5492968,-0.2745373,5.164083e-05,5.900343,1.680991,1.908836
-0.506506,-0.2730762,1.366417e-05,6.100353,1.679715,1.909335
-0.4661388,-0.2698421,6.265986e-05,6.300388,1.678871,1.909663
-0.4274987,-0.2650414,4.777359e-05,6.500467,1.678581,1.909788
-0.3907175,-0.2593215,5.289606e-05,6.700609,1.678869,1.909709
-0.35547,-0.2528166,4.12912e-05,6.900856,1.679712,1.909432
-0.3217348,-0.2457474,4.235284e-05,7.10129,1.680985,1.908999
-0.2894075,-0.2381421,5.116793e-05,7.302063,1.682378,1.908521
-0.6496809,-0.3190218,0.0003086293,5.500522,1.889024,1.907849
-0.5967155,-0.3216346,0.0001199898,5.700468,1.888142,1.908455
-0.5486582,-0.3210585,0.0002302364,5.900439,1.887063,1.909127
-0.5031584,-0.3169547,0.0001327111,6.100434,1.886096,1.909698
-0.461042,-0.3114417,0.0001704297,6.300464,1.885458,1.910071
-0.4210796,-0.3044983,0.0001254631,6.500544,1.885237,1.910219
-0.3833952,-0.2968736,0.0001211522,6.700696,1.885449,1.910144
-0.3474412,-0.2885838,9.66986e-05,6.900962,1.886072,1.909855
-0.3131655,-0.2798366,9.020175e-05,7.101433,1.887012,1.909399
-0.2803986,-0.2705932,8.754142e-05,7.302267,1.888043,1.908894
-0.2491007,-0.2609365,8.807823e-05,7.503693,1.88884,1.908524
-0.655199,-0.3781921,5.441453e-05,5.500764,2.092774,1.907582
-0.5963066,-0.3757505,-0.000174157,5.700637,2.092056,1.908384
-0.5449247,-0.3707819,0.0001533908,5.900562,2.091235,1.909196
-0.4969566,-0.3628978,3.86815e-05,6.100531,2.090517,1.909854
-0.4534997,-0.3542981,0.0001543226,6.300545,2.090045,1.910278
-0.4125069,-0.3447323,0.0001060274,6.500617,2.08988,1.910452
-0.3741922,-0.3349082,0.0001217821,6.700769,2.090033,1.910386
-0.3377089,-0.3246675,9.547683e-05,6.901045,2.090484,1.910095
-0.3030049,-0.3141596,8.997588e-05,7.101535,2.091163,1.909626
-0.2698528,-0.3032232,8.143589e-05,7.302404,2.091911,1.909105
-0.2381799,-0.291923,7.910119e-05,7.503889,2.092501,1.908722
-0.6535639,-0.4427008,0.0006595393,5.501107,2.295158,1.907067
-0.5896335,-0.4328537,0.000253563,5.700867,2.294646,1.908115
-0.5359851,-0.4222342,0.0004606085,5.900724,2.29406,1.909104
-0.4866385,-0.4096514,0.0002300733,6.100649,2.293547,1.909869
-0.4426646,-0.3975385,0.0002973845,6.300635,2.293211,1.910352
-0.4013061,-0.3851062,0.0001975788,6.500689,2.293093,1.910557
-0.3628295,-0.3730025,0.0001930624,6.70083,2.293203,1.910505
-0.3261306,-0.3608007,0.0001453547,6.901103,2.293525,1.910217
-0.2911756,-0.3485632,0.0001287124,7.101597,2.29401,1.909744
-0.2577084,-0.3359434,0.0001086196,7.302478,2.294546,1.909214
-0.2256026,-0.3230343,9.51124e-05,7.503984,2.294978,1.908824
-0.6432789,-0.515374,6.785502e-05,5.501541,2.496547,1.906413
-0.5758518,-0.4944379,-0.000464885,5.701176,2.496287,1.907711
-0.5216626,-0.4755117,0.0002752172,5.900931,2.495937,1.908897
-0.4720687,-0.4572225,2.625119e-05,6.100794,2.495601,1.909787
-0.4286707,-0.4409419,0.0002540908,6.300736,2.495375,1.910336
-0.3876076,-0.4254566,0.0001626094,6.500759,2.495299,1.910576
-0.3494745,-0.4110333,0.0001999263,6.700878,2.49538,1.910541
-0.3128456,-0.3969562,0.0001561525,6.901135,2.495611,1.91026
-0.277767,-0.3831257,0.0001455576,7.101618,2.495955,1.909787
-0.2440293,-0.3689946,0.0001163928,7.302489,2.496337,1.909254
-0.211209,-0.3545492,8.757497e-05,7.503984,2.496653,1.908857
-0.6147404,-0.5878503,0.001073056,5.502061,2.697291,1.905751
-0.549717,-0.5543387,0.0004678391,5.701576,2.697302,1.907262
-0.4986158,-0.5266403,0.0007749992,5.901196,2.697162,1.90863
-0.451783,-0.5027907,0.0004196344,6.100968,2.696977,1.909641
-0.4106274,-0.4827173,0.0004765938,6.300848,2.696843,1.910254
-0.371105,-0.4646377,0.0003215134,6.500825,2.696801,1.910527
-0.3340296,-0.4483297,0.0003027509,6.700911,2.696866,1.910511
-0.2979248,-0.4327645,0.0002341111,6.901141,2.697031,1.910239
-0.262966,-0.4176769,0.0002060551,7.101599,2.697276,1.90977
-0.2289393,-0.402326,0.0001815843,7.302437,2.697549,1.909236
-0.1955844,-0.3864864,0.0001403787,7.503887,2.697783,1.908834
-0.5679134,-0.661126,-0.0004602609,5.502742,2.897775,1.905193
-0.5136302,-0.6112927,-0.001119948,5.702108,2.897967,1.906852
-0.4696789,-0.5745335,0.0002452433,5.90154,2.897973,1.90835
-0.4278488,-0.5455112,-3.501491e-06,6.101177,2.897897,1.909447
-0.3902682,-0.5223472,0.000343881,6.300966,2.897831,1.91011
-0.352976,-0.5022985,0.0002388871,6.500882,2.897817,1.910413
-0.3173791,-0.4846897,0.0002938652,6.700925,2.897871,1.910415
-0.282001,-0.4681415,0.0002472826,6.901118,2.897992,1.910154
-0.2471071,-0.4523128,0.0002233921,7.101537,2.898167,1.909691
-0.2128191,-0.4361877,0.0002097162,7.302321,2.898365,1.909157
-0.1784394,-0.4193351,0.0001462259,7.503691,2.89854,1.908748
-0.4913931,-0.7065767,0.002770634,5.503913,3.09828,1.904786
-0.4620572,-0.6531024,0.001216663,5.70289,3.098481,1.906499
-0.4323852,-0.612044,0.001263044,5.901987,3.098535,1.908055
-0.3992455,-0.5819236,0.0007759653,6.101414,3.098517,1.909194
-0.3671834,-0.5577476,0.0006791258,6.301079,3.098492,1.909887
-0.3332498,-0.5373579,0.0004890031,6.500921,3.098496,1.910214
-0.2997195,-0.5195111,0.0004259243,6.700912,3.098543,1.910234
-0.2654442,-0.5028672,0.0003642494,6.901062,3.098634,1.909987
-0.2306052,-0.486906,0.0002581139,7.10143,3.098762,1.909532
-0.1959948,-0.4704693,0.0003204362,7.30214,3.098906,1.908997
-0.1604722,-0.4535138,0.0001606917,7.503391,3.099041,1.908575
-0.4193803,-0.7146733,0.0009287538,5.506005,3.298813,1.904481
-0.4172825,-0.669615,0.0003819193,5.703985,3.298908,1.906159
-0.3978373,-0.6375293,0.0007014571,5.90251,3.298936,1.907695
-0.3730778,-0.6102479,0.0004669988,6.10164,3.298931,1.908831
-0.3454463,-0.5887929,0.0005308871,6.301156,3.298926,1.909542
-0.314558,-0.5696142,0.000433139,6.500919,3.298942,1.909893
-0.282782,-0.5528339,0.0004120113,6.70086,3.298985,1.909936
-0.2494182,-0.5369836,0.0003753026,6.900967,3.299056,1.909706
-0.2147954,-0.5219071,0.0003591099,7.101278,3.29915,1.909261
-0.1792408,-0.5060727,0.0003517489,7.301895,3.299255,1.908724
-0.1415182,-0.4894783,0.0002089869,7.502989,3.299359,1.908277
-0.382136,-0.7060046,0.001850164,5.508569,3.499276,1.904165
-0.3822696,-0.6740981,0.001358134,5.705075,3.499229,1.905726
-0.3723963,-0.65567,0.001061851,5.902928,3.499199,1.907163
-0.3500033,-0.6336884,0.0008749534,6.101757,3.499186,1.908275
-0.3259166,-0.6161399,0.0006318282,6.301142,3.499194,1.909018
-0.2971412,-0.5995209,0.0005835805,6.500845,3.499222,1.909409
-0.2669676,-0.5847005,0.0004768031,6.700754,3.499267,1.909486
-0.2345151,-0.57042,0.0004548562,6.900828,3.499325,1.909282
-0.1999738,-0.557143,0.0004598742,7.101084,3.499393,1.908851
-0.1635345,-0.5426428,0.0005379886,7.301596,3.499465,1.908305
-0.1241614,-0.5281872,0.0003309477,7.502498,3.499536,1.907809
-0.3685125,-0.6881952,0.0009591629,5.509942,3.699627,1.903689
-0.3645141,-0.6774582,0.0007654187,5.705441,3.699399,1.905053
-0.3568726,-0.6707236,0.0007126095,5.902954,3.699282,1.906358
-0.3336279,-0.6557221,0.0006517599,6.101638,3.699283,1.907468
-0.3111849,-0.6424338,0.0005720102,6.300967,3.699326,1.908285
-0.2827718,-0.6283146,0.0005258173,6.500664,3.699379,1.908759
-0.2536558,-0.6158339,0.0004821428,6.700577,3.699434,1.908893
-0.2218374,-0.6036815,0.0004547189,6.900644,3.699487,1.908725
-0.1871667,-0.5931297,0.0005493121,7.100859,3.699533,1.908307
-0.1499208,-0.5813091,0.0006806487,7.301266,3.699569,1.907738
-0.107058,-0.5702506,0.0005863149,7.501954,3.699592,1.907155
-0.3782567,-0.6804797,0.001465018,5.508765,3.899856,1.90298
-0.3632451,-0.6841463,0.001190103,5.704631,3.899311,1.904142
-0.3496937,-0.6867924,0.0006505196,5.902381,3.89915,1.905356
-0.3219044,-0.6782793,0.0006016196,6.10118,3.8992,1.906498
-0.2982813,-0.6669925,0.0004888609,6.300578,3.899324,1.907426
-0.2706015,-0.6561688,0.0005541198,6.50034,3.899437,1.908023
-0.2423599,-0.64582,0.0004724849,6.700315,3.899519,1.908247
-0.2119283,-0.636032,0.0004035962,6.900418,3.899573,1.908127
-0.1783887,-0.6291627,0.0004595716,7.100626,3.899599,1.907717
-0.1405211,-0.6210671,0.0004577457,7.300952,3.899588,1.907096
-0.09727505,-0.6163395,0.0003458735,7.501421,3.899524,1.90639
-0.4283185,-0.6800066,0.0003899134,5.505649,4.099649,1.902084
-0.3723247,-0.7028038,0.0002229567,5.70294,4.098797,1.903133
-0.3491462,-0.7140223,0.0003715388,5.90126,4.098745,1.904361
-0.3130651,-0.7060777,0.00032465,6.100343,4.098956,1.905581
-0.288337,-0.6947298,0.0005890576,6.299939,4.099211,1.906639
-0.2607184,-0.6838921,0.0004937123,6.499849,4.099416,1.907385
-0.2335277,-0.6750031,0.000464556,6.69996,4.099543,1.907722
-0.205896,-0.6673427,0.0003303068,6.900164,4.099607,1.907654
-0.1722377,-0.6651113,0.0007659586,7.100424,4.099612,1.907236
-0.1373602,-0.6617166,0.0004755245,7.300727,4.099541,1.906534
-0.0924003,-0.666171,0.0003407494,7.501025,4.09936,1.905678
-0.5899697,-0.01234895,0.001612543,5.49999,0.1920383,2.101658
-0.5615503,-0.01310351,0.001633192,5.699974,0.1919313,2.101673
-0.5318002,-0.0136278,0.00162807,5.899972,0.1917729,2.101693
-0.5011552,-0.01395637,0.001607777,6.09998,0.1916281,2.101712
-0.4700319,-0.01412785,0.001574815,6.299992,0.1915352,2.101724
-0.4387466,-0.01416667,0.001530995,6.500005,0.1915043,2.101728
-0.4075869,-0.01409524,0.001487942,6.700018,0.1915361,2.101724
-0.3767618,-0.01393756,0.001447715,6.900033,0.1916305,2.101712
-0.3464436,-0.01371718,0.001403605,7.100046,0.1917777,2.101693
-0.316741,-0.01344337,0.001356349,7.300054,0.1919408,2.101672
-0.5924197,-0.0397918,-0.0004598926,5.499986,0.3938013,2.102793
-0.5633874,-0.04209929,-0.0004616077,5.699957,0.3933473,2.102848
-0.5330961,-0.0436458,-0.0004637803,5.899953,0.3926727,2.102929
-0.5019789,-0.04456181,-0.000455376,6.09997,0.3920517,2.103002
-0.4704582,-0.04499099,-0.0004450554,6.299995,0.3916498,2.10305
-0.4388423,-0.04502138,-0.0004311358,6.500024,0.3915161,2.103066
-0.4074152,-0.04473348,-0.0004134167,6.700057,0.3916541,2.10305
-0.3763803,-0.04420202,-0.0003931951,6.900096,0.3920619,2.103003
-0.3459086,-0.0434895,-0.0003701729,7.100139,0.3926939,2.102928
-0.3161066,-0.04262031,-0.0003455909,7.300186,0.3933894,2.102847
-0.5966442,-0.0718121,0.0005875975,5.500001,0.6151967,2.104679
-0.5664174,-0.07573675,0.0006055866,5.699977,0.6142801,2.104799
-0.5350762,-0.07827858,0.000617183,5.899976,0.6129152,2.104974
-0.503059,-0.07969201,0.0006248435,6.099994,0.611653,2.105134
-0.4707985,-0.08025827,0.00062889,6.300024,0.610832,2.105239
-0.4385888,-0.08013862,0.0006237704,6.500062,0.6105578,2.105274
-0.406681,-0.07949723,0.0006124836,6.70011,0.610841,2.10524
-0.3752591,-0.07845368,0.0005973744,6.900173,0.6116752,2.105136
-0.3444759,-0.0771116,0.0005822764,7.100259,0.6129605,2.104975
-0.3144353,-0.07550783,0.0005674876,7.300386,0.6143698,2.104798
-0.6031373,-0.1053798,-0.0001869705,5.500033,0.8375333,2.106967
-0.5709579,-0.1107449,-0.0001940172,5.700027,0.8362998,2.107165
-0.5379619,-0.1141304,-0.0001919208,5.900032,0.8344663,2.10745
-0.5045413,-0.1158688,-0.0001883674,6.100048,0.8327653,2.107712
-0.4711584,-0.1164064,-0.0001746744,6.300075,0.8316545,2.107883
-0.4380312,-0.1159846,-0.0001665031,6.500114,0.8312822,2.107942
-0.4053938,-0.1148434,-0.0001617383,6.700171,0.8316674,2.107887
-0.3733846,-0.1131464,-0.0001570915,6.900258,0.8327973,2.107718
-0.3421336,-0.1110328,-0.0001439366,7.100396,0.8345321,2.107457
-0.3117286,-0.1085569,-0.0001220623,7.30063,0.8364307,2.10717
-0.6114006,-0.1412153,0.0003091174,5.500075,1.056689,2.108879
-0.5765443,-0.1476686,0.0003114901,5.700086,1.055394,2.109157
-0.5413414,-0.1515843,0.000326018,5.900096,1.053481,2.10955
-0.5060823,-0.1533394,0.0003277803,6.100109,1.051703,2.109911
-0.4712287,-0.1535774,0.0003398841,6.300133,1.050537,2.110148
-0.4369213,-0.1525988,0.0003391343,6.500175,1.050145,2.11023
-0.4033565,-0.1507294,0.0003319165,6.700243,1.050551,2.110156
-0.3706121,-0.1481677,0.0003200877,6.900355,1.051738,2.109927
-0.338783,-0.145085,0.0003160948,7.10055,1.053554,2.109572
-0.3079313,-0.1415511,0.0003224952,7.300896,1.055539,2.109182
-0.6209915,-0.1796773,-1.410666e-06,5.500124,1.270876,2.110388
-0.582714,-0.1866867,-1.348039e-05,5.70014,1.269707,2.110744
-0.5447775,-0.1906736,1.019955e-05,5.900152,1.268007,2.111236
-0.5072668,-0.192018,3.473062e-06,6.100165,1.266426,2.111685
-0.4706698,-0.1915945,2.206861e-05,6.30019,1.265384,2.11198
-0.4349775,-0.1897385,2.252601e-05,6.500239,1.265033,2.112085
-0.4003504,-0.186874,2.119605e-05,6.700322,1.265397,2.111996
-0.3667786,-0.1832168,1.464065e-05,6.900464,1.266456,2.111718
-0.3343161,-0.178965,2.168061e-05,7.100714,1.26807,2.111285
-0.3029816,-0.1741953,4.265677e-05,7.301164,1.269833,2.110811
-0.6311738,-0.2214077,0.0001425795,5.500187,1.480533,2.111343
-0.5887232,-0.228199,0.0001144224,5.700195,1.479554,2.111783
-0.5476306,-0.2316225,0.000150148,5.900203,1.478172,2.112366
-0.5075745,-0.2319678,0.0001293015,6.100216,1.476891,2.112892
-0.4690824,-0.2304234,0.0001453966,6.300244,1.476043,2.113239
-0.4319111,-0.2273098,0.0001367787,6.500301,1.475755,2.113365
-0.3961772,-0.2231545,0.0001326076,6.700401,1.47605,2.113268
-0.3617534,-0.2181633,0.0001212337,6.900572,1.476909,2.112952
-0.3286447,-0.2125526,0.00012412,7.100871,1.47821,2.112461
-0.2968185,-0.2064012,0.0001382448,7.301406,1.479632,2.111921
-0.6411893,-0.2680562,2.363642e-05,5.500276,1.687019,2.111801
-0.5938207,-0.2734977,-1.629798e-05,5.700264,1.686217,2.112342
-0.5492414,-0.2753973,7.635079e-05,5.900261,1.685141,2.113016
-0.5064416,-0.2739642,5.314431e-05,6.100269,1.684153,2.113613
-0.4660251,-0.2707064,8.892371e-05,6.300299,1.683499,2.114005
-0.427374,-0.2658856,7.779897e-05,6.500362,1.683274,2.114153
-0.3905756,-0.2601147,7.771272e-05,6.700475,1.683499,2.114054
-0.3553324,-0.253548,6.480296e-05,6.900668,1.684156,2.113715
-0.3216107,-0.2464061,6.596332e-05,7.101007,1.685148,2.113184
-0.2893128,-0.2387374,7.604116e-05,7.301608,1.686233,2.1126
-0.6495579,-0.3197404,0.0002002523,5.500406,1.891391,2.11188
-0.5966754,-0.3223957,9.556885e-05,5.700359,1.890736,2.112559
-0.5485525,-0.3217054,0.0001994605,5.900333,1.889916,2.113337
-0.5030845,-0.3176145,0.0001374109,6.100331,1.889176,2.114008
-0.4609287,-0.3120513,0.0001683226,6.300356,1.888685,2.114446
-0.4209752,-0.3050876,0.0001385427,6.50042,1.888516,2.114617
-0.3832781,-0.2974155,0.0001330139,6.700541,1.888682,2.114521
-0.3473373,-0.2890782,0.0001104376,6.90075,1.889166,2.114171
-0.31308,-0.28028,0.0001042776,7.101116,1.889897,2.113616
-0.2803474,-0.2709949,0.0001055863,7.301761,1.890698,2.113002
-0.6548262,-0.3787069,2.561712e-05,5.500595,2.094297,2.111635
-0.5961457,-0.376298,-0.0001077759,5.700491,2.09378,2.112515
-0.5447001,-0.3712303,0.0001248306,5.900429,2.093171,2.113428
-0.4968382,-0.363357,6.1008e-05,6.100405,2.09263,2.114184
-0.4533532,-0.3547138,0.0001384258,6.300419,2.092272,2.114674
-0.4124046,-0.3451372,0.0001094074,6.500477,2.092148,2.114871
-0.3740866,-0.3352775,0.0001154907,6.700597,2.092267,2.114785
-0.3376296,-0.3250077,9.346116e-05,6.900813,2.092618,2.114431
-0.302949,-0.3144665,8.669663e-05,7.101194,2.093145,2.113863
-0.2698348,-0.3035069,8.310117e-05,7.301866,2.093725,2.113233
-0.2382126,-0.2922,8.376217e-05,7.503013,2.094181,2.112773
-0.6530774,-0.4431886,0.0003616739,5.500864,2.296145,2.111089
-0.589424,-0.4333793,0.0001334748,5.700672,2.295785,2.112262
-0.5357483,-0.4225764,0.0003205119,5.900556,2.295364,2.113353
-0.4865394,-0.4100089,0.0001872336,6.100497,2.294987,2.114212
-0.4425412,-0.3978208,0.0002377677,6.300489,2.294736,2.11476
-0.4012388,-0.3853797,0.0001744262,6.500532,2.294649,2.114989
-0.3627564,-0.3732409,0.0001662944,6.700644,2.294736,2.114917
-0.3260869,-0.3610206,0.0001312141,6.900857,2.294987,2.114565
-0.2911536,-0.3487624,0.0001157943,7.101241,2.295363,2.113993
-0.2577262,-0.336135,0.0001024058,7.301922,2.295778,2.113353
-0.2256774,-0.32323,9.280539e-05,7.503086,2.296112,2.112884
-0.6425247,-0.5157818,1.150873e-05,5.501232,2.497202,2.110301
-0.5755247,-0.4947596,-0.0002404218,5.700912,2.497057,2.111845
-0.5212582,-0.4757316,0.0001961458,5.900719,2.496817,2.113156
-0.4719266,-0.4574376,6.793397e-05,6.10061,2.496579,2.114135
-0.4284964,-0.4411121,0.0002044873,6.300567,2.496416,2.114748
-0.3875371,-0.425621,0.000152127,6.500586,2.496362,2.115012
-0.3494032,-0.4111785,0.0001672782,6.700681,2.496427,2.114958
-0.3128189,-0.3970897,0.0001366849,6.900882,2.496606,2.114613
-0.2777659,-0.3832501,0.0001234722,7.101257,2.496873,2.114041
-0.2440705,-0.369115,0.0001013182,7.30193,2.497169,2.113397
-0.2113235,-0.3546963,7.82053e-05,7.503085,2.497413,2.112922
-0.6140954,-0.5883474,0.0006010604,5.5017,2.697739,2.109413
-0.5494048,-0.5546966,0.0002609327,5.701225,2.697838,2.111342
-0.498254,-0.5268617,0.0005093522,5.900928,2.697767,2.112886
-0.4516805,-0.5029619,0.0003105641,6.100747,2.697646,2.113985
-0.4105039,-0.4828418,0.0003558324,6.300654,2.697553,2.114661
-0.3710763,-0.4647427,0.0002627911,6.500638,2.697527,2.11496
-0.3339931,-0.4484184,0.0002422461,6.700707,2.697579,2.114926
-0.2979272,-0.4328417,0.0001976101,6.900887,2.697708,2.114591
-0.2629841,-0.4177515,0.0001705352,7.101242,2.697897,2.114022
-0.2289997,-0.4023987,0.0001556009,7.30189,2.698108,2.113378
-0.1956975,-0.386592,0.000109716,7.503011,2.698289,2.112898
-0.5669385,-0.6615506,-0.000157247,5.502293,2.898095,2.108626
-0.5131839,-0.6114459,-0.0003849646,5.701648,2.898352,2.110857
-0.4691375,-0.5746803,0.0002101429,5.901199,2.898399,2.112582
-0.4276631,-0.5455515,0.0001094812,6.100911,2.898361,2.113776
-0.3900809,-0.5224134,0.0002731337,6.300746,2.898319,2.114504
-0.352923,-0.5023323,0.000226417,6.500683,2.898313,2.114833
-0.3173293,-0.4847308,0.0002382538,6.700717,2.898357,2.114818
-0.2820032,-0.4681629,0.0002089802,6.90087,2.898452,2.114496
-0.2471277,-0.4523444,0.0001790748,7.101194,2.898587,2.113933
-0.2128915,-0.4362099,0.0001631504,7.301801,2.89874,2.11329
-0.1785722,-0.4193962,0.0001224175,7.50286,2.898875,2.112803
-0.4906893,-0.7071584,0.001103771,5.50328,3.098506,2.108056
-0.4616705,-0.6526983,0.0006621531,5.702277,3.098759,2.110429
-0.4320001,-0.6121622,0.0007339659,5.901553,3.098842,2.112245
-0.3991349,-0.5818164,0.0005451023,6.101098,3.098844,2.113491
-0.3671045,-0.5577827,0.0004763483,6.300835,3.098833,2.114253
-0.333238,-0.5373374,0.0003900045,6.500713,3.09884,2.114609
-0.2997046,-0.5195255,0.0003311569,6.700708,3.098878,2.114613
-0.2654616,-0.5028685,0.0002989476,6.900826,3.098949,2.114305
-0.2305521,-0.4869078,0.000187048,7.101112,3.099048,2.113752
-0.1960745,-0.4704741,0.0002559907,7.301662,3.099159,2.11311
-0.1604897,-0.4535242,0.0001182431,7.50263,3.099263,2.112611
-0.4194008,-0.7154871,0.0003692645,5.505071,3.298965,2.107654
-0.4166375,-0.6693211,0.0005511299,5.703178,3.299106,2.110012
-0.3977261,-0.6376147,0.0004133313,5.901972,3.299159,2.111821
-0.3729003,-0.6101665,0.0004441363,6.101277,3.299168,2.113079
-0.3454029,-0.5888233,0.0003685344,6.300896,3.299171,2.113863
-0.3145201,-0.569592,0.0003670771,6.500711,3.299187,2.114242
-0.2827799,-0.5528415,0.0003152774,6.700667,3.299222,2.114268
-0.2494287,-0.536979,0.000301997,6.900752,3.299277,2.11398
-0.2148157,-0.5218977,0.0002670001,7.100994,3.299349,2.113441
-0.1793305,-0.5060445,0.0002436886,7.301473,3.29943,2.112799
-0.141673,-0.489479,0.0001084497,7.502321,3.299509,2.112278
-0.3818795,-0.7062929,0.001571781,5.507304,3.499377,2.107247
-0.3817574,-0.6740734,0.001059886,5.704103,3.499373,2.109467
-0.3723877,-0.6556396,0.0008079742,5.902317,3.499367,2.111204
-0.3499011,-0.6336309,0.000690743,6.101373,3.499367,2.112459
-0.3259166,-0.6161203,0.000469185,6.300885,3.49938,2.113272
-0.2971313,-0.5995005,0.0004730573,6.500653,3.499405,2.113686
-0.2670051,-0.5847101,0.0003731938,6.700584,3.49944,2.113745
-0.2345194,-0.5704108,0.0003628533,6.900644,3.499486,2.113484
-0.1999669,-0.5571226,0.0003370395,7.100844,3.499538,2.112962
-0.1635858,-0.5426191,0.0003658529,7.301241,3.499592,2.112317
-0.1241311,-0.5281626,0.0001334768,7.501939,3.499646,2.111755
-0.3680907,-0.6875328,0.0005605507,5.508564,3.699698,2.106575
-0.3640105,-0.6770427,0.0005537637,5.704482,3.699518,2.108575
-0.3568562,-0.6706555,0.0004727776,5.902356,3.699442,2.110258
-0.3335064,-0.6557511,0.0005349389,6.101277,3.699445,2.111567
-0.311182,-0.6424437,0.0004129349,6.300747,3.699481,2.112459
-0.2827374,-0.628316,0.0004146752,6.500511,3.699526,2.112941
-0.2536709,-0.6158549,0.0003617935,6.700446,3.69957,2.113052
-0.2218218,-0.6036993,0.0003248628,6.9005,3.699611,2.112829
-0.1871581,-0.5931246,0.0003518635,7.100668,3.699646,2.112326
-0.1500507,-0.5813952,0.0003537435,7.300984,3.699671,2.111667
-0.1071224,-0.5702329,0.0001218765,7.501514,3.699684,2.111029
-0.3783044,-0.6794908,0.001075071,5.507643,3.899876,2.10543
-0.3634925,-0.6839036,0.0006999052,5.703902,3.899388,2.107213
-0.3491101,-0.6865167,0.000313964,5.90193,3.899293,2.108946
-0.3219471,-0.6783769,0.0005588799,6.100906,3.899372,2.110434
-0.2981688,-0.6668883,0.0003371894,6.300432,3.899478,2.111501
-0.2705923,-0.6561856,0.0004371332,6.500255,3.899568,2.112111
-0.2423971,-0.6458484,0.0003627396,6.70024,3.899634,2.112303
-0.2119057,-0.6360638,0.0002937562,6.900324,3.899676,2.112127
-0.1784893,-0.6291402,0.0002840463,7.100487,3.899694,2.111638
-0.1404795,-0.6211581,0.0003843706,7.300738,3.89968,2.11094
-0.09728842,-0.6163934,0.0001418341,7.5011,3.899626,2.110169
-0.4283192,-0.6785707,9.552128e-05,5.504986,4.099661,2.103855
-0.3720922,-0.7021008,0.0003377172,5.702525,4.098865,2.105548
-0.3479072,-0.7142455,0.0001488812,5.901034,4.09887,2.10746
-0.312966,-0.7062387,0.0004303189,6.100236,4.099123,2.109235
-0.2882531,-0.6947592,0.0004059922,6.299905,4.099376,2.110589
-0.2607035,-0.6839207,0.0003808902,6.499865,4.099546,2.1114
-0.2335549,-0.675055,0.0003491862,6.69996,4.099648,2.111704
-0.2058784,-0.6673859,0.0002223423,6.900124,4.099698,2.11158
-0.1722177,-0.6652065,0.0004862574,7.10033,4.099699,2.111088
-0.1374794,-0.6619614,0.0003049387,7.300562,4.099636,2.110311
-0.09237071,-0.6661746,0.0001221707,7.5008,4.09948,2.109336
-0.5898649,-0.01546846,-0.001693881,5.499993,0.1973695,2.29935
-0.5615654,-0.01628581,-0.001671459,5.69998,0.1972816,2.299368
-0.5318972,-0.01683009,-0.001609495,5.899978,0.197153,2.299393
-0.5013084,-0.01713289,-0.001513735,6.099985,0.1970359,2.299416
-0.4702218,-0.01724961,-0.001406217,6.299994,0.196961,2.29943
-0.4389536,-0.01720798,-0.001285057,6.500004,0.1969363,2.299434
-0.4077865,-0.01704832,-0.001173769,6.700014,0.1969617,2.29943
-0.3769564,-0.01679737,-0.001082212,6.900025,0.1970375,2.299415
-0.3466388,-0.0164739,-0.001000532,7.100036,0.1971567,2.299393
-0.3169514,-0.0160923,-0.0009197174,7.300041,0.1972893,2.299368
-0.592534,-0.04285361,-0.0003211723,5.499989,0.4050422,2.303775
-0.5634828,-0.04525702,-0.0003363448,5.699967,0.4046827,2.30384
-0.5331782,-0.04685307,-0.0003563235,5.899964,0.404152,2.303933
-0.5020403,-0.04776987,-0.000354721,6.099976,0.4036658,2.304017
-0.4705006,-0.04815911,-0.0003460875,6.299996,0.403352,2.304071
-0.4388709,-0.04811356,-0.0003276772,6.500018,0.4032477,2.304089
-0.4074317,-0.04773257,-0.0003045296,6.700043,0.4033551,2.304071
-0.3763846,-0.04709479,-0.0002726147,6.900073,0.4036736,2.304017
-0.3459006,-0.04626057,-0.0002296716,7.100105,0.4041684,2.303932
-0.3160918,-0.04526404,-0.0001803277,7.30014,0.4047149,2.303838
-0.5968748,-0.07398472,-2.248452e-05,5.500001,0.6294891,2.307345
-0.5666064,-0.07804994,-9.279966e-06,5.699983,0.6287892,2.30748
-0.5352263,-0.08070797,8.86516e-06,5.899982,0.6277518,2.307675
-0.5031732,-0.08220259,3.684322e-05,6.099996,0.6267956,2.307853
-0.4708792,-0.08280256,6.63727e-05,6.300018,0.6261752,2.307968
-0.43864,-0.08267493,9.157234e-05,6.500045,0.6259682,2.308006
-0.4067047,-0.08198491,0.000108495,6.70008,0.6261817,2.307968
-0.3752643,-0.0808603,0.000118789,6.900126,0.6268117,2.307854
-0.3444707,-0.07940771,0.0001268734,7.10019,0.6277852,2.307675
-0.3144254,-0.07768263,0.0001335296,7.300283,0.6288551,2.307477
-0.6036067,-0.1085004,-0.000112267,5.500023,0.8519757,2.310497
-0.5712904,-0.1140306,-0.000116,5.700019,0.8510705,2.310705
-0.5381782,-0.1175557,-0.0001179266,5.900022,0.8497292,2.311006
-0.5046547,-0.1193877,-0.000111315,6.100034,0.848488,2.311281
-0.4711813,-0.1199531,-9.533564e-05,6.300053,0.8476792,2.31146
-0.43798,-0.1194989,-8.306424e-05,6.500081,0.8474086,2.311522
-0.4052864,-0.1182725,-7.529205e-05,6.700123,0.8476884,2.311463
-0.3732391,-0.1164464,-6.811563e-05,6.900184,0.8485106,2.311286
-0.3419664,-0.1141669,-4.923477e-05,7.100283,0.8497757,2.311011
-0.3115534,-0.1115101,-1.992317e-05,7.30045,0.8511627,2.310707
-0.6118711,-0.1432002,0.0001541197,5.500051,1.068615,2.312994
-0.5768669,-0.1497714,0.0001526208,5.700056,1.067698,2.313271
-0.541533,-0.153796,0.0001580623,5.900063,1.066345,2.313667
-0.5061664,-0.1556354,0.0001620618,6.100073,1.06509,2.31403
-0.47122,-0.155902,0.0001777344,6.300091,1.064268,2.314267
-0.4368405,-0.1549027,0.0001850639,6.500122,1.063992,2.31435
-0.4032231,-0.1529639,0.0001854022,6.700171,1.064278,2.314274
-0.3704503,-0.1502933,0.0001816649,6.900251,1.065114,2.314043
-0.3386138,-0.1470685,0.0001886055,7.100387,1.066395,2.313684
-0.3077689,-0.143383,0.0002087921,7.300629,1.067798,2.31329
-0.6213992,-0.1815078,-9.685573e-05,5.500082,1.279522,2.314615
-0.5829773,-0.1886147,-0.0001106173,5.700089,1.278711,2.314959
-0.5449133,-0.1926892,-0.000106752,5.900097,1.277532,2.31544
-0.5073018,-0.1941039,-0.0001140614,6.100107,1.276436,2.315879
-0.4706163,-0.1936965,-0.0001012638,6.300127,1.275715,2.316167
-0.4348597,-0.191811,-9.666023e-05,6.500163,1.275471,2.316268
-0.4001872,-0.1888696,-9.431377e-05,6.700224,1.275723,2.31618
-0.3665955,-0.1851,-9.350064e-05,6.900323,1.276457,2.315906
-0.3341348,-0.1807077,-7.9486e-05,7.100496,1.277575,2.315479
-0.3028191,-0.1757991,-4.82166e-05,7.300805,1.278798,2.315011
-0.6314904,-0.2226702,0.0001116465,5.500124,1.486519,2.315511
-0.5889213,-0.229534,8.440361e-05,5.700125,1.485849,2.315925
-0.5477128,-0.2330048,9.302419e-05,5.900129,1.4849,2.316482
-0.5075759,-0.2333979,7.635567e-05,6.100139,1.48402,2.316985
-0.4690089,-0.2318554,8.706441e-05,6.300162,1.483439,2.317315
-0.4317901,-0.2287128,8.396782e-05,6.500205,1.483242,2.317434
-0.3960245,-0.2244925,7.955943e-05,6.700276,1.483445,2.317338
-0.3615924,-0.2194103,7.281632e-05,6.900395,1.484034,2.317033
-0.3285,-0.2136927,8.058894e-05,7.100601,1.484928,2.316558
-0.2967078,-0.2074364,0.0001023213,7.300964,1.485906,2.316035
-0.6414118,-0.2689591,1.225062e-06,5.500183,1.691089,2.315935
-0.5939468,-0.2744868,-2.779086e-05,5.70017,1.690548,2.316433
-0.5492654,-0.2764296,8.463634e-06,5.900166,1.689817,2.317065
-0.5064095,-0.2750439,-7.506821e-06,6.100174,1.689145,2.317626
-0.4659337,-0.2717868,1.123182e-05,6.300198,1.6887,2.317994
-0.4272542,-0.2669456,7.859301e-06,6.500245,1.688548,2.31813
-0.3904368,-0.2611208,6.095042e-06,6.700325,1.688702,2.318033
-0.3551988,-0.2544857,-1.422808e-07,6.90046,1.68915,2.317708
-0.3214974,-0.2472639,5.149849e-06,7.100691,1.689828,2.3172
-0.2892362,-0.2395173,2.447241e-05,7.301097,1.690569,2.31664
-0.6497789,-0.3203882,0.0001904743,5.500272,1.894111,2.31602
-0.5968176,-0.3231137,0.0001217502,5.700233,1.893677,2.316634
-0.5485856,-0.322419,0.0001392548,5.900214,1.893127,2.317353
-0.5030693,-0.31836,0.0001018871,6.100214,1.892628,2.317975
-0.4608547,-0.3127819,0.0001059523,6.300236,1.892298,2.31838
-0.420882,-0.3058008,8.866486e-05,6.500283,1.892183,2.318535
-0.3831722,-0.298087,7.826277e-05,6.700369,1.892297,2.318441
-0.3472426,-0.2896991,6.558708e-05,6.900514,1.892626,2.318106
-0.3130077,-0.2808443,6.446287e-05,7.100764,1.893124,2.317577
-0.2803152,-0.2715105,7.345729e-05,7.301199,1.893669,2.316993
-0.6549636,-0.3789563,2.218592e-05,5.500403,2.096093,2.315821
-0.5962372,-0.3766749,-4.336157e-06,5.700322,2.095759,2.316609
-0.5446836,-0.3716538,7.244477e-05,5.900278,2.095357,2.317441
-0.4968103,-0.3638372,5.303539e-05,6.100264,2.094997,2.318133
-0.4532754,-0.355201,7.966026e-05,6.300277,2.094758,2.31858
-0.4123285,-0.3456244,6.800102e-05,6.500321,2.094676,2.318757
-0.3740046,-0.3357421,6.449447e-05,6.700407,2.094758,2.31867
-0.3375655,-0.3254411,5.203123e-05,6.900556,2.094996,2.318332
-0.3029108,-0.314866,4.827791e-05,7.100816,2.095353,2.317792
-0.269839,-0.303879,5.187787e-05,7.301268,2.095747,2.317193
-0.6534223,-0.4434408,0.0003094195,5.500592,2.297335,2.315352
-0.5896777,-0.4337261,0.0002601338,5.700447,2.297117,2.316401
-0.5358501,-0.422883,0.0002322148,5.900364,2.296848,2.317384
-0.4865991,-0.4103481,0.0001836149,6.100326,2.296602,2.318163
-0.4425292,-0.3981469,0.0001676117,6.300324,2.296437,2.318658
-0.4012181,-0.3857029,0.000137213,6.500358,2.296381,2.318861
-0.3627208,-0.3735478,0.0001169614,6.700438,2.296441,2.318786
-0.3260644,-0.3613076,9.417707e-05,6.900586,2.296611,2.31845
-0.2911528,-0.3490308,8.039963e-05,7.100847,2.296866,2.317905
-0.257767,-0.3363954,7.541231e-05,7.301306,2.297146,2.317298
-0.2257882,-0.3234927,7.408234e-05,7.502088,2.297372,2.316856
-0.6427269,-0.5156184,-0.0001250406,5.500849,2.498032,2.314626
-0.5757002,-0.4947561,-5.62591e-07,5.700613,2.49797,2.316043
-0.5212698,-0.4758089,8.238121e-05,5.900475,2.49783,2.317222
-0.4719644,-0.4575705,0.0001139712,6.100402,2.497681,2.318103
-0.4284693,-0.4412818,0.0001315806,6.300377,2.497577,2.318652
-0.3875277,-0.4258043,0.0001297082,6.500395,2.497544,2.318883
-0.3493848,-0.4113674,0.0001188347,6.700463,2.497589,2.318823
-0.3128204,-0.3972721,0.000102399,6.900603,2.49771,2.318492
-0.2777938,-0.3834301,8.691693e-05,7.100858,2.497891,2.317948
-0.2441388,-0.3692894,7.436744e-05,7.301311,2.49809,2.317337
-0.2114645,-0.3549001,6.006378e-05,7.502087,2.498255,2.31689
-0.614594,-0.5885557,0.0001335001,5.501173,2.698361,2.313733
-0.5498788,-0.5548972,0.0004310985,5.700828,2.69849,2.315595
-0.4985233,-0.5269854,0.0002683351,5.900617,2.698471,2.31699
-0.4518861,-0.5030852,0.0003177563,6.100495,2.698403,2.317977
-0.4106036,-0.4829647,0.0002368553,6.300435,2.698347,2.31858
-0.3711472,-0.4648619,0.0002224893,6.500429,2.698332,2.318841
-0.334033,-0.4485417,0.0001772877,6.70048,2.698369,2.318796
-0.2979684,-0.4329611,0.0001547907,6.900606,2.698456,2.318474
-0.2630365,-0.4178749,0.0001267273,7.100848,2.698584,2.317933
-0.2290941,-0.4025323,0.0001196432,7.301284,2.698727,2.317322
-0.1958375,-0.3867555,7.361329e-05,7.502037,2.698849,2.31687
-0.566958,-0.6612603,-0.0009402887,5.501573,2.898572,2.312893
-0.5133622,-0.6112237,-1.475063e-05,5.701114,2.898834,2.31514
-0.4691578,-0.5745935,-7.893049e-05,5.9008,2.898898,2.31672
-0.4277708,-0.5455135,0.0001991894,6.100606,2.898887,2.317796
-0.3901131,-0.522443,0.000150201,6.300498,2.898866,2.318445
-0.3529753,-0.5023737,0.0002062018,6.50046,2.898865,2.318732
-0.3173682,-0.4847957,0.0001718455,6.700487,2.898895,2.318704
-0.2820525,-0.4682264,0.0001681106,6.900594,2.89896,2.318392
-0.2472086,-0.4524216,0.0001333439,7.100816,2.899051,2.317856
-0.213003,-0.4362915,0.0001235848,7.301225,2.899154,2.317246
-0.1788009,-0.4195336,8.819657e-05,7.501937,2.899246,2.316789
-0.4915362,-0.7071862,-0.0006575703,5.502247,3.09886,2.31228
-0.4625796,-0.6525097,0.0007262217,5.701543,3.099116,2.314729
-0.432552,-0.6121147,0.0001657134,5.901042,3.099201,2.316413
-0.3995396,-0.5817768,0.0004984995,6.100733,3.099216,2.317544
-0.367344,-0.5578082,0.0002763744,6.300558,3.099214,2.318225
-0.3333939,-0.5373582,0.0003294603,6.500479,3.099222,2.318534
-0.2998085,-0.5195686,0.0002413452,6.700481,3.099249,2.318522
-0.2655421,-0.5029089,0.0002433967,6.900565,3.099297,2.318222
-0.2306269,-0.4869676,0.0001412461,7.100761,3.099364,2.317696
-0.1962136,-0.4705323,0.000207598,7.301131,3.099438,2.317087
-0.1606199,-0.4535934,0.0001098166,7.501783,3.099509,2.316622
-0.4200336,-0.7154071,-0.001093396,5.503536,3.299206,2.311867
-0.4172072,-0.6696475,0.001003416,5.702171,3.299364,2.314322
-0.3980603,-0.6377016,-0.0001111477,5.901332,3.299422,2.316023
-0.3731741,-0.6102588,0.0004914131,6.100856,3.299438,2.317173
-0.3455653,-0.5888897,0.000183105,6.3006,3.299445,2.317876
-0.3146287,-0.5696314,0.0003250277,6.500478,3.299458,2.318204
-0.2828658,-0.5528833,0.0002291719,6.700453,3.299483,2.318211
-0.2495027,-0.537017,0.0002551557,6.900514,3.29952,2.317928
-0.2149053,-0.5219298,0.0002143709,7.100681,3.299568,2.317414
-0.1794925,-0.5060166,0.0002229527,7.301004,3.299623,2.316808
-0.141923,-0.4895425,0.0001077828,7.501575,3.299677,2.316326
-0.3826567,-0.7065925,-0.0004779143,5.5052,3.499534,2.311452
-0.3831272,-0.6744952,0.001189587,5.702837,3.499562,2.313785
-0.3729092,-0.6557451,0.0002041177,5.901578,3.499569,2.315454
-0.3503896,-0.6337232,0.0006210899,6.100924,3.499576,2.316615
-0.3262641,-0.6162528,0.0002835996,6.300592,3.499589,2.317342
-0.2972983,-0.5995495,0.0004064192,6.500439,3.499608,2.317699
-0.2671037,-0.5847358,0.0002822808,6.700396,3.499633,2.317731
-0.2345941,-0.5704494,0.0003194554,6.900441,3.499663,2.317472
-0.2000314,-0.5571309,0.0002993927,7.100579,3.499698,2.316975
-0.1637422,-0.5426316,0.0003843264,7.300847,3.499734,2.31637
-0.1242155,-0.5281816,0.0001627335,7.501318,3.49977,2.315857
-0.367868,-0.6887912,-0.0009129526,5.506204,3.699802,2.310709
-0.3647572,-0.677833,0.0005576501,5.70314,3.699667,2.312906
-0.3569888,-0.671041,-5.059577e-05,5.901614,3.699619,2.31459
-0.3338024,-0.6559094,0.0004601839,6.100859,3.699627,2.315814
-0.3113296,-0.6425956,0.0002104452,6.300497,3.699657,2.316607
-0.2829034,-0.6284704,0.0003510587,6.50034,3.699691,2.317017
-0.2537558,-0.6159282,0.0002737721,6.700301,3.699722,2.317092
-0.2218514,-0.6037474,0.0002671587,6.900343,3.699749,2.316864
-0.1872132,-0.5931389,0.0003283373,7.100459,3.699772,2.316386
-0.1502636,-0.5814883,0.0003831485,7.300673,3.699787,2.315774
-0.1073318,-0.5702053,0.0001860338,7.501028,3.699793,2.315201
-0.378304,-0.6800199,-0.0002530478,5.505677,3.89994,2.309247
-0.3640447,-0.6842388,0.0006977695,5.702787,3.899575,2.311423
-0.3496707,-0.686778,0.000132074,5.901314,3.899511,2.313322
-0.3221817,-0.6783351,0.0005592282,6.100596,3.899569,2.314783
-0.2983022,-0.6670271,0.0002274136,6.300276,3.89965,2.315742
-0.2706802,-0.6562588,0.0003922445,6.500162,3.899716,2.316258
-0.2425038,-0.6459225,0.0002996188,6.700159,3.899763,2.316399
-0.2119183,-0.6361356,0.0002860249,6.900222,3.899791,2.316213
-0.178542,-0.629103,0.0002841038,7.100336,3.899802,2.315749
-0.1405431,-0.6211439,0.0005843951,7.300506,3.899789,2.315106
-0.09715075,-0.6162651,0.0003318561,7.500745,3.899745,2.314419
-0.4282253,-0.680807,-0.0005366718,5.50384,4.099675,2.306831
-0.3728745,-0.7029581,0.0001399619,5.701876,4.099019,2.309202
-0.349646,-0.7146178,-0.0001026678,5.90069,4.099127,2.31165
-0.3130895,-0.7063324,0.0003796075,6.100102,4.099375,2.313622
-0.2884377,-0.6949334,0.0001922518,6.299901,4.099566,2.314915
-0.2607093,-0.6840043,0.0003153262,6.499888,4.099692,2.315613
-0.2336328,-0.6751575,0.0002678112,6.699965,4.099765,2.315852
-0.2057929,-0.6675191,0.0002151764,6.900085,4.099799,2.315711
-0.1721951,-0.6652733,0.0005732304,7.100231,4.099798,2.315245
-0.1375914,-0.6625009,0.0004987562,7.300389,4.099749,2.314532
-0.09123152,-0.6660253,0.0006012599,7.500541,4.099629,2.313654
-0.582758,-0.01531857,0.005264039,5.499995,0.2107305,2.487589
-0.5546096,-0.0162484,0.005257108,5.699986,0.2106613,2.487609
-0.525167,-0.01691533,0.005182843,5.899986,0.2105638,2.487634
-0.4948466,-0.01733349,0.00505277,6.09999,0.2104767,2.487656
-0.4640621,-0.01755036,0.004885402,6.299996,0.2104217,2.487669
-0.4331343,-0.0175948,0.004678686,6.500002,0.2104035,2.487674
-0.402365,-0.01749642,0.004494146,6.700009,0.2104221,2.487669
-0.3719289,-0.01727393,0.004335791,6.900017,0.2104779,2.487655
-0.3419789,-0.01695293,0.004172765,7.100024,0.2105664,2.487634
-0.3126473,-0.01655844,0.004000082,7.300028,0.2106672,2.487609
-0.5929042,-0.04280724,-0.00266131,5.499993,0.4282457,2.505546
-0.5637349,-0.04539958,-0.00269899,5.699978,0.427994,2.505612
-0.5333419,-0.04719208,-0.002719779,5.899976,0.4276319,2.505703
-0.5021148,-0.04830173,-0.002707099,6.099984,0.4273045,2.505782
-0.4705009,-0.04885715,-0.002673812,6.299997,0.4270951,2.505833
-0.4388053,-0.04895724,-0.002613338,6.500011,0.4270259,2.505849
-0.4073127,-0.04867641,-0.002543749,6.700028,0.4270971,2.505832
-0.3762165,-0.04809015,-0.002465313,6.900047,0.4273094,2.505781
-0.3456904,-0.04727771,-0.002370259,7.100068,0.4276424,2.505701
-0.3158496,-0.0462914,-0.002256945,7.30009,0.428015,2.50561
-0.5974887,-0.07749155,0.001398314,5.5,0.6523132,2.510983
-0.5670025,-0.0817743,0.001443025,5.699988,0.6518624,2.511101
-0.5354477,-0.08460956,0.001468403,5.899987,0.651203,2.511268
-0.5032442,-0.08623021,0.00148216,6.099996,0.6505998,2.511419
-0.4708283,-0.08688971,0.00148305,6.30001,0.6502105,2.511516
-0.4384911,-0.0867649,0.001465976,6.500027,0.6500809,2.511548
-0.4064884,-0.08602852,0.001437335,6.700049,0.6502143,2.511516
-0.3749996,-0.08481319,0.001401394,6.900078,0.6506093,2.511419
-0.3441694,-0.08323764,0.001362134,7.100116,0.6512232,2.511267
-0.3140989,-0.08137245,0.001320814,7.300173,0.6519021,2.511096
-0.6042821,-0.1104049,-0.0004201562,5.500012,0.8702008,2.515139
-0.5717511,-0.1160959,-0.0004241895,5.700007,0.8696529,2.515303
-0.53846,-0.1197806,-0.000424744,5.900008,0.8688462,2.51554
-0.5047821,-0.1217417,-0.0004112832,6.100016,0.8681032,2.515756
-0.4711767,-0.1223811,-0.0003888967,6.300029,0.8676206,2.515895
-0.4378659,-0.1219472,-0.0003688509,6.500047,0.8674595,2.515943
-0.4050868,-0.1206879,-0.0003548362,6.700073,0.867626,2.515897
-0.3729771,-0.1187789,-0.0003416703,6.900111,0.8681162,2.515758
-0.3416648,-0.1163771,-0.0003193248,7.100169,0.868873,2.515541
-0.3112285,-0.1135804,-0.0002854195,7.300266,0.8697059,2.515301
-0.6124254,-0.1451685,0.0003473329,5.500025,1.081397,2.51764
-0.5772333,-0.1518467,0.000352498,5.700024,1.080861,2.517849
-0.5417428,-0.1559774,0.0003582336,5.900027,1.080073,2.518148
-0.5062399,-0.1578976,0.0003624782,6.100035,1.079343,2.518423
-0.4711759,-0.1581942,0.0003729101,6.300048,1.078867,2.518601
-0.4367011,-0.1571741,0.0003742009,6.500069,1.078707,2.518662
-0.4030136,-0.1551685,0.0003668827,6.7001,1.078872,2.518605
-0.3701974,-0.1523901,0.0003552269,6.900148,1.079357,2.51843
-0.338342,-0.1490294,0.0003507483,7.100228,1.080101,2.518157
-0.3074963,-0.1452004,0.0003565668,7.300364,1.080918,2.517857
-0.621828,-0.1829355,-0.0001018202,5.500042,1.288148,2.518967
-0.5832547,-0.1901171,-0.0001188087,5.700041,1.287683,2.519219
-0.5450544,-0.1942663,-0.0001188875,5.900044,1.287005,2.519573
-0.5073305,-0.1957404,-0.0001213528,6.100052,1.286378,2.519896
-0.470547,-0.1953513,-0.0001087107,6.300067,1.285966,2.520107
-0.4347138,-0.1934415,-0.0001020696,6.500091,1.285827,2.520181
-0.3999859,-0.190437,-0.0001015964,6.700129,1.285971,2.520115
-0.3663635,-0.1865699,-0.0001032676,6.900189,1.28639,2.519912
-0.3338971,-0.1820588,-9.330653e-05,7.100288,1.28703,2.519596
-0.3025928,-0.1770262,-6.855066e-05,7.30046,1.287731,2.519248
-0.6317701,-0.2237802,0.0001666018,5.500064,1.492323,2.519654
-0.5890935,-0.2306673,0.0001450027,5.700058,1.491944,2.519952
-0.5477774,-0.2341652,0.0001491722,5.90006,1.491405,2.520355
-0.5075584,-0.2345819,0.0001398677,6.100068,1.490907,2.52072
-0.4689197,-0.2330347,0.0001460534,6.300085,1.490579,2.520958
-0.4316477,-0.2298593,0.0001440331,6.500113,1.490467,2.521043
-0.3958474,-0.2255787,0.0001386674,6.700158,1.490582,2.520972
-0.3614027,-0.2204142,0.0001292814,6.900229,1.490915,2.520749
-0.3283146,-0.2146014,0.0001300529,7.100346,1.491422,2.520401
-0.2965412,-0.2082536,0.0001424146,7.300547,1.491977,2.520017
-0.641545,-0.2698371,3.466682e-05,5.500096,1.694979,2.519971
-0.5940202,-0.275364,-3.291345e-07,5.700082,1.694676,2.520324
-0.5492573,-0.2773208,1.462005e-05,5.900079,1.694264,2.520776
-0.5063494,-0.2759401,5.090847e-06,6.100086,1.693887,2.521178
-0.4658243,-0.272675,1.53059e-05,6.300104,1.693637,2.521441
-0.4271136,-0.267802,1.405409e-05,6.500135,1.693552,2.521537
-0.390277,-0.2619286,1.014349e-05,6.700185,1.693639,2.521465
-0.3550361,-0.2552246,3.963746e-06,6.900265,1.69389,2.521229
-0.3213498,-0.2479287,6.408209e-06,7.100396,1.694272,2.520859
-0.2891183,-0.2401171,1.929216e-05,7.30062,1.694689,2.52045
-0.6498286,-0.3211246,0.0002132485,5.500144,1.896701,2.520041
-0.5968291,-0.3237841,0.000133568,5.700115,1.896461,2.520472
-0.5485405,-0.3230726,0.0001279538,5.900104,1.896154,2.520981
-0.5029917,-0.3189852,0.0001019678,6.100108,1.895876,2.521423
-0.4607492,-0.3133866,0.0001008995,6.300125,1.895692,2.521709
-0.420762,-0.3063712,9.270689e-05,6.500156,1.895628,2.521817
-0.3830445,-0.2986165,8.368178e-05,6.700209,1.895692,2.521747
-0.3471193,-0.2901798,7.284675e-05,6.900295,1.895876,2.521504
-0.3129055,-0.2812753,6.917309e-05,7.100436,1.896155,2.521121
-0.2802467,-0.2718995,7.452495e-05,7.300676,1.89646,2.520696
-0.6548518,-0.379599,0.0001272905,5.500216,2.097816,2.519909
-0.5961327,-0.3771695,5.806622e-05,5.700164,2.097633,2.520461
-0.5445671,-0.372159,6.690571e-05,5.900139,2.097412,2.521047
-0.4966909,-0.3642878,5.696814e-05,6.100134,2.097213,2.521535
-0.4531574,-0.3556414,6.246387e-05,6.300147,2.09708,2.521849
-0.4122131,-0.3460315,6.078871e-05,6.500177,2.097035,2.52197
-0.3738976,-0.3361205,5.40107e-05,6.70023,2.097081,2.521905
-0.3374726,-0.3257855,4.565884e-05,6.900318,2.097214,2.521659
-0.3028434,-0.3151789,4.08301e-05,7.100465,2.097414,2.521269
-0.2698081,-0.304168,4.368463e-05,7.300714,2.097633,2.520834
-0.653344,-0.444153,0.00043262,5.500322,2.298504,2.519576
-0.5895126,-0.4341488,0.0002752588,5.700232,2.298391,2.520321
-0.5357428,-0.4233058,0.0001785312,5.900185,2.298245,2.521013
-0.4864743,-0.4106662,0.0001488143,6.100168,2.298111,2.52156
-0.4424353,-0.398455,0.000119134,6.300172,2.298021,2.521905
-0.4011273,-0.3859689,0.0001081817,6.500197,2.297991,2.522043
-0.3626476,-0.3737948,8.847743e-05,6.700247,2.298024,2.521985
-0.3260058,-0.3615283,7.626209e-05,6.900334,2.298119,2.521741
-0.2911208,-0.3492349,6.544283e-05,7.100482,2.298261,2.521346
-0.2577716,-0.3365908,6.27468e-05,7.300735,2.298417,2.520906
-0.6422916,-0.5164991,0.0002281267,5.500468,2.498876,2.519032
-0.5753243,-0.4951235,0.0001682021,5.700322,2.498861,2.520068
-0.52107,-0.4762004,7.514164e-05,5.900245,2.498791,2.520905
-0.4717699,-0.45779,0.0001129969,6.100209,2.498712,2.521523
-0.4283611,-0.4415104,8.743404e-05,6.300201,2.498656,2.521904
-0.3874324,-0.4259797,0.0001017226,6.500217,2.498639,2.522061
-0.3493267,-0.4115355,8.395956e-05,6.700261,2.498664,2.522012
-0.3127816,-0.3974186,7.869337e-05,6.900343,2.498732,2.521771
-0.2777878,-0.3835707,6.525848e-05,7.100488,2.498832,2.521377
-0.2441687,-0.3694247,5.712809e-05,7.300738,2.498943,2.520935
-0.2115584,-0.3550574,4.519491e-05,7.501161,2.499035,2.520612
-0.6140558,-0.5895789,0.0005944842,5.500649,2.699033,2.518319
-0.5493213,-0.5551554,0.0005165513,5.700438,2.699142,2.519737
-0.4983349,-0.5274024,0.0001798106,5.900321,2.699145,2.520746
-0.4516521,-0.5032229,0.0002463987,6.100259,2.699113,2.521441
-0.4105258,-0.4831464,0.0001434875,6.300233,2.699085,2.52186
-0.3710636,-0.4649701,0.0001610302,6.500236,2.699078,2.522036
-0.3340022,-0.4486529,0.0001200098,6.70027,2.699098,2.521997
-0.2979505,-0.4330492,0.0001150972,6.900345,2.699147,2.521761
-0.2630502,-0.4179647,9.179263e-05,7.100482,2.699218,2.521369
-0.229142,-0.4026217,8.939028e-05,7.300723,2.699297,2.520926
-0.1959438,-0.3868731,5.249985e-05,7.501134,2.699365,2.5206
-0.5656946,-0.6628639,-0.0004432031,5.500854,2.899127,2.51761
-0.5123229,-0.6115329,0.0002562441,5.700589,2.899327,2.519391
-0.4689062,-0.5750866,-0.0001022445,5.900419,2.899382,2.520555
-0.4274077,-0.5456205,0.0001937433,6.100319,2.899382,2.52132
-0.3900368,-0.5225994,7.644974e-05,6.300267,2.899373,2.521771
-0.3528667,-0.502435,0.00015763,6.500253,2.899374,2.521965
-0.3173435,-0.4848673,0.0001144378,6.700274,2.899392,2.521937
-0.2820377,-0.4682667,0.0001244936,6.900338,2.899427,2.521708
-0.2472242,-0.4524686,9.437814e-05,7.100465,2.899478,2.521319
-0.2130616,-0.4363327,8.803948e-05,7.30069,2.899535,2.520877
-0.1789127,-0.4196083,6.76677e-05,7.501079,2.899586,2.520548
-0.4901903,-0.708055,-0.0005328249,5.501191,3.099292,2.517086
-0.4608525,-0.6520673,0.0007536794,5.700815,3.099486,2.519078
-0.432254,-0.61246,-5.12453e-05,5.900549,3.099552,2.520338
-0.3990443,-0.5817187,0.000364133,6.100388,3.099567,2.521148
-0.3672826,-0.5579153,0.0001330581,6.3003,3.099569,2.521623
-0.3332716,-0.5373667,0.000232848,6.500263,3.099574,2.521832
-0.2997802,-0.5196044,0.0001555414,6.70027,3.099589,2.521814
-0.2655261,-0.5029202,0.0001776018,6.900322,3.099616,2.521593
-0.2305824,-0.4869858,9.245972e-05,7.100434,3.099653,2.521211
-0.1962774,-0.4705393,0.0001452471,7.300639,3.099694,2.52077
-0.1606863,-0.4536157,8.310935e-05,7.500994,3.099734,2.520436
-0.421635,-0.7165705,-0.001098177,5.501893,3.299512,2.516745
-0.4153723,-0.6693116,0.001234211,5.701161,3.299635,2.518775
-0.3984371,-0.6378534,-0.0002217998,5.900709,3.29968,2.520063
-0.3726356,-0.6102016,0.0004097559,6.100456,3.299694,2.520893
-0.3456383,-0.5889417,7.08624e-05,6.300323,3.2997,2.521383
-0.3144901,-0.5696208,0.0002404097,6.500262,3.299708,2.521605
-0.2828743,-0.5528969,0.000148368,6.700254,3.299722,2.5216
-0.2494782,-0.5370015,0.0001922029,6.900294,3.299743,2.52139
-0.2148853,-0.5218978,0.0001458869,7.10039,3.299769,2.521016
-0.179551,-0.5059061,0.000162373,7.300568,3.299799,2.520579
-0.1419949,-0.4894777,8.658554e-05,7.50088,3.299829,2.520235
-0.3829911,-0.7064632,-0.000250572,5.50284,3.499732,2.516406
-0.3813,-0.674963,0.001069918,5.701539,3.49976,2.518374
-0.3731267,-0.6557982,1.080655e-05,5.900848,3.499769,2.519658
-0.3498888,-0.6338056,0.0004464111,6.100493,3.499775,2.520502
-0.3262995,-0.6162708,0.0001498766,6.300318,3.499784,2.521011
-0.2971694,-0.5995608,0.0002907523,6.50024,3.499795,2.521252
-0.2671429,-0.5847654,0.0001917355,6.700222,3.499809,2.521264
-0.2345459,-0.5704315,0.0002378377,6.900252,3.499825,2.52107
-0.1999661,-0.5570747,0.0002191452,7.100333,3.499844,2.520708
-0.1637359,-0.5425243,0.0003010444,7.300481,3.499864,2.520273
-0.1240426,-0.5280355,0.0001184895,7.500738,3.499884,2.51991
-0.3676756,-0.6873445,-0.000721951,5.503435,3.699918,2.515777
-0.3635506,-0.677644,0.0003903598,5.701721,3.69983,2.517702
-0.3572742,-0.670855,-0.0002263379,5.900869,3.699801,2.51903
-0.333339,-0.6559191,0.000296255,6.100455,3.699806,2.519934
-0.3113718,-0.6425733,7.30445e-05,6.300262,3.699824,2.520493
-0.2826897,-0.6284096,0.0002359455,6.500183,3.699844,2.520771
-0.2537396,-0.6159222,0.0001745683,6.700168,3.699861,2.52081
-0.2217671,-0.6036414,0.0001562734,6.900197,3.699875,2.520639
-0.1871642,-0.5930614,0.0002260369,7.100266,3.699887,2.520291
-0.1501047,-0.5811793,0.0003048632,7.300385,3.699895,2.519852
-0.107334,-0.5699679,0.0001041228,7.500579,3.699898,2.519448
-0.3790992,-0.6786248,-0.0007680408,5.503198,3.900025,2.514423
-0.3635743,-0.6840194,0.0004011157,5.701532,3.899773,2.516492
-0.3507504,-0.6871799,-0.0001414583,5.900695,3.899731,2.518079
-0.3220066,-0.6786136,0.0003386963,6.100299,3.899768,2.51919
-0.2985455,-0.6671799,9.402982e-05,6.300132,3.899817,2.519879
-0.2705913,-0.6562912,0.0002688503,6.50008,3.899855,2.520233
-0.2424937,-0.6459461,0.0001899633,6.700087,3.899881,2.520318
-0.2118158,-0.6361215,0.0001630921,6.900129,3.899897,2.520175
-0.1783708,-0.6290556,0.0001867787,7.100198,3.899902,2.519837
-0.1402943,-0.6209488,0.000471323,7.300294,3.899893,2.519377
-0.09634759,-0.6158839,0.0001704025,7.500423,3.899867,2.518892
-0.4285614,-0.677771,-0.001100617,5.502267,4.099826,2.511635
-0.3722849,-0.7026452,-0.0006960659,5.701031,4.099384,2.514315
-0.3479926,-0.714431,-0.0003692499,5.900311,4.099477,2.516688
-0.3129364,-0.7069115,0.0001123494,6.100001,4.099636,2.518323
-0.2883047,-0.6950021,-2.256982e-05,6.299908,4.099757,2.519285
-0.2606674,-0.6841418,0.0002007682,6.499919,4.099833,2.519777
-0.233575,-0.6751821,0.00015623,6.699975,4.099875,2.519933
-0.2058922,-0.6674329,0.000103893,6.900052,4.099894,2.51982
-0.1718623,-0.6653512,0.0003809825,7.10014,4.099893,2.519481
-0.1373921,-0.6626926,0.0002393149,7.300232,4.099863,2.51897
-0.08997852,-0.6658005,0.0002752853,7.500314,4.099789,2.518337
-0.3572116,0.02732713,-0.01924131,7.35081,0.1216982,2.654798
-0.5891799,-0.01382023,-0.003331671,5.499996,0.2493363,2.690256
-0.5607776,-0.01486096,-0.003259567,5.699989,0.2492859,2.690286
-0.5310105,-0.01562042,-0.00301422,5.89999,0.2492275,2.690316
-0.5003378,-0.01601659,-0.002713165,6.099993,0.249183,2.690339
-0.4691917,-0.01616469,-0.002379796,6.299997,0.2491551,2.690351
-0.4378325,-0.01612733,-0.001998927,6.500001,0.2491462,2.690355
-0.4065359,-0.01594176,-0.001675246,6.700005,0.2491549,2.69035
-0.3756434,-0.0156229,-0.001467753,6.90001,0.2491801,2.690336
-0.345332,-0.0152556,-0.001310146,7.100015,0.249226,2.690314
-0.3157073,-0.01495082,-0.001152527,7.300017,0.249292,2.690287
-0.5955006,-0.05486772,-0.0008005268,5.499997,0.4642991,2.709369
-0.5660019,-0.05774303,-0.000826493,5.699992,0.4641481,2.709432
-0.5353557,-0.05963344,-0.0008781191,5.899988,0.4639536,2.709506
-0.5038845,-0.06067123,-0.0008968506,6.099992,0.463789,2.709562
-0.4720525,-0.0610329,-0.0008947672,6.299998,0.4636866,2.709595
-0.4401445,-0.06081509,-0.0008559346,6.500005,0.463653,2.709606
-0.4084714,-0.06018824,-0.0007998911,6.700013,0.4636871,2.709594
-0.3772081,-0.05924753,-0.0007179132,6.900023,0.4637898,2.70956
-0.3465155,-0.05804449,-0.0005969098,7.100032,0.4639576,2.709504
-0.3165242,-0.05662723,-0.000454218,7.300041,0.4641578,2.709435
-0.5980529,-0.07966777,0.001860715,5.499999,0.6783503,2.716721
-0.567458,-0.08415646,0.001945162,5.699992,0.6781359,2.716791
-0.5358042,-0.08716097,0.002022635,5.899991,0.6778337,2.716887
-0.5035063,-0.08889545,0.002071202,6.099996,0.6775625,2.716971
-0.4710048,-0.08960871,0.002097628,6.300003,0.6773891,2.717024
-0.4385885,-0.08948897,0.002100351,6.500012,0.6773318,2.717042
-0.406509,-0.08870873,0.002081689,6.700022,0.6773907,2.717024
-0.3749631,-0.08740842,0.002038982,6.900036,0.6775661,2.71697
-0.3440957,-0.08571667,0.001974866,7.100053,0.6778422,2.716885
-0.3140026,-0.08372849,0.001898199,7.300076,0.6781523,2.716788
-0.6049128,-0.1147565,-0.000696861,5.500003,0.8871775,2.720385
-0.5721858,-0.1206097,-0.0007128975,5.699997,0.8869389,2.72047
-0.5387341,-0.1244094,-0.0007254927,5.899997,0.8865928,2.720592
-0.5049172,-0.1264202,-0.0007232076,6.100002,0.8862765,2.720703
-0.4711923,-0.1270413,-0.0007063856,6.30001,0.8860726,2.720774
-0.4377846,-0.1265237,-0.0006843276,6.500019,0.8860047,2.720798
-0.4049335,-0.1251356,-0.0006591041,6.700032,0.8860746,2.720774
-0.3727731,-0.1230612,-0.0006285175,6.90005,0.8862818,2.720703
-0.3414277,-0.1204607,-0.0005829824,7.100075,0.8866036,2.720592
-0.3109722,-0.1174524,-0.0005262902,7.300114,0.8869601,2.720467
-0.6128516,-0.1466947,0.0004218894,5.500007,1.092204,2.722023
-0.5775267,-0.1534676,0.000434766,5.700003,1.091978,2.722126
-0.5419234,-0.1576868,0.0004487224,5.900003,1.091648,2.722274
-0.5063263,-0.1596713,0.0004564993,6.100008,1.091345,2.722409
-0.4711821,-0.1599887,0.0004675836,6.300017,1.091148,2.722496
-0.4366429,-0.1589497,0.0004720043,6.500027,1.091082,2.722526
-0.4029076,-0.1568865,0.000469665,6.700043,1.09115,2.722498
-0.3700644,-0.1540184,0.0004636829,6.900065,1.091351,2.722411
-0.3382003,-0.1505432,0.0004615069,7.100099,1.09166,2.722277
-0.3073573,-0.1465953,0.000463092,7.300153,1.092,2.722127
-0.622178,-0.1846284,-0.0001884996,5.500013,1.295134,2.722791
-0.5834789,-0.1918935,-0.000201254,5.700008,1.294942,2.722913
-0.5451714,-0.1961118,-0.0002069729,5.900008,1.294663,2.723085
-0.5073615,-0.1976311,-0.0002115947,6.100014,1.294406,2.723241
-0.4705051,-0.1972455,-0.000204647,6.300023,1.294238,2.723342
-0.4346182,-0.1952992,-0.0001989312,6.500036,1.294182,2.723377
-0.3998557,-0.1922235,-0.0001914222,6.700055,1.29424,2.723345
-0.3662167,-0.1882579,-0.0001811645,6.900082,1.294411,2.723247
-0.3337494,-0.1836278,-0.0001610161,7.100124,1.294673,2.723093
-0.3024555,-0.1784781,-0.0001320928,7.300192,1.294961,2.722922
-0.6320197,-0.2246448,0.0001126833,5.500021,1.496895,2.723162
-0.5892476,-0.2315927,9.344836e-05,5.700013,1.49674,2.723304
-0.5478435,-0.235136,8.947991e-05,5.900013,1.49652,2.723497
-0.5075627,-0.2355852,8.248521e-05,6.100019,1.496319,2.723672
-0.468871,-0.2340422,8.695974e-05,6.30003,1.496186,2.723785
-0.4315645,-0.2308452,8.803406e-05,6.500045,1.496141,2.723825
-0.3957433,-0.2265166,8.75706e-05,6.700066,1.496187,2.723791
-0.361293,-0.2212843,8.870044e-05,6.900098,1.496322,2.723684
-0.3282172,-0.2153934,9.841299e-05,7.100147,1.496527,2.723515
-0.2964671,-0.208971,0.0001136077,7.300226,1.496753,2.723329
-0.6417596,-0.2705099,5.846334e-06,5.500032,1.69799,2.723329
-0.5941415,-0.2761291,-2.668768e-05,5.700021,1.697867,2.723496
-0.5492922,-0.2781322,-3.246982e-05,5.900019,1.697701,2.723711
-0.5063341,-0.2767846,-4.142622e-05,6.100025,1.697548,2.723903
-0.4657673,-0.2735219,-3.884765e-05,6.300036,1.697448,2.724027
-0.4270338,-0.268629,-3.811716e-05,6.500053,1.697414,2.724072
-0.3901859,-0.2627142,-3.74283e-05,6.700077,1.697449,2.724037
-0.3549484,-0.2559571,-3.604196e-05,6.900113,1.69755,2.723923
-0.3212752,-0.2486005,-2.651708e-05,7.100167,1.697704,2.723745
-0.2890673,-0.240729,-9.504653e-06,7.300255,1.697872,2.723547
-0.650079,-0.321487,0.000183841,5.500049,1.89869,2.723371
-0.5969873,-0.3242483,0.0001119504,5.700033,1.898592,2.723574
-0.5485879,-0.3235752,7.813099e-05,5.900028,1.898468,2.723816
-0.5029907,-0.3195146,5.644635e-05,6.100033,1.898357,2.724025
-0.4607063,-0.3139177,4.560521e-05,6.300044,1.898283,2.724159
-0.4207015,-0.3068861,3.969183e-05,6.500061,1.898257,2.724209
-0.382979,-0.2991026,3.401486e-05,6.700087,1.898283,2.724175
-0.3470622,-0.2906266,3.085295e-05,6.900125,1.898357,2.724058
-0.3128643,-0.2816811,3.460989e-05,7.100183,1.898468,2.723873
-0.2802319,-0.2722695,4.472206e-05,7.300277,1.898591,2.723668
-0.6551852,-0.3796117,0.0001511045,5.500074,2.09914,2.723313
-0.5963255,-0.3774004,0.0001063656,5.70005,2.099064,2.723574
-0.5446222,-0.3724739,5.781794e-05,5.900041,2.098974,2.723852
-0.4966989,-0.3646508,4.758585e-05,6.100043,2.098894,2.724081
-0.453124,-0.3560205,3.195158e-05,6.300053,2.098841,2.724228
-0.4121692,-0.3464051,2.843125e-05,6.500069,2.098823,2.724284
-0.3738512,-0.3364802,1.958462e-05,6.700095,2.098841,2.724252
-0.3374363,-0.3261178,1.587796e-05,6.900134,2.098894,2.724134
-0.3028257,-0.3154854,1.558015e-05,7.100195,2.098974,2.723945
-0.2698175,-0.3044514,2.143115e-05,7.300292,2.099062,2.723735
-0.6540425,-0.4440712,0.0004787076,5.500111,2.299416,2.723147
-0.589936,-0.4342802,0.0003624814,5.700073,2.299367,2.72351
-0.5359058,-0.4235067,0.0001764403,5.900057,2.299307,2.72384
-0.4865514,-0.4108989,0.0001477503,6.100055,2.299253,2.724097
-0.4424464,-0.3987031,9.149369e-05,6.300062,2.299217,2.724258
-0.4011177,-0.3862104,7.779602e-05,6.500077,2.299204,2.724321
-0.362631,-0.3740286,5.368549e-05,6.700101,2.299218,2.724292
-0.3259963,-0.3617446,4.276261e-05,6.90014,2.299256,2.724174
-0.2911278,-0.3494376,3.308839e-05,7.100202,2.299312,2.723984
-0.2578053,-0.3367852,3.237492e-05,7.3003,2.299374,2.723771
-0.6432317,-0.5160119,0.0002832167,5.50016,2.499561,2.722851
-0.5758455,-0.4950018,0.0004559533,5.700103,2.499553,2.723385
-0.5212567,-0.4762474,0.000144945,5.900077,2.499524,2.723791
-0.4718615,-0.4578928,0.0001816865,6.10007,2.499492,2.724083
-0.4283859,-0.4416572,9.438729e-05,6.300073,2.49947,2.724261
-0.3874368,-0.4261294,9.508934e-05,6.500085,2.499463,2.724333
-0.3493279,-0.4116913,6.190323e-05,6.700107,2.499472,2.724307
-0.3127888,-0.3975649,4.960297e-05,6.900144,2.499499,2.72419
-0.2778141,-0.3837142,3.142048e-05,7.100204,2.499539,2.724
-0.2442199,-0.3695613,2.362493e-05,7.300301,2.499584,2.723786
-0.6157294,-0.5897685,0.0006570732,5.50022,2.699612,2.722429
-0.5502872,-0.5551981,0.0009031665,5.70014,2.699663,2.723213
-0.4987516,-0.5275058,0.0002527827,5.900103,2.699664,2.723716
-0.4518682,-0.5033027,0.000313109,6.100088,2.699651,2.724048
-0.4106305,-0.4832545,0.0001414033,6.300085,2.69964,2.724243
-0.3711142,-0.4650671,0.0001406026,6.500092,2.699637,2.724323
-0.3340366,-0.4487578,8.537632e-05,6.70011,2.699645,2.724302
-0.2979805,-0.4331477,7.221649e-05,6.900145,2.699664,2.724188
-0.263091,-0.418066,4.151014e-05,7.100202,2.699693,2.723998
-0.2292117,-0.4027326,3.655103e-05,7.300296,2.699724,2.723784
-0.1960367,-0.3869997,-3.989516e-06,7.500452,2.699751,2.723625
-0.5666077,-0.6630378,-0.001007983,5.500275,2.899635,2.721985
-0.5128885,-0.6113361,0.001076536,5.700187,2.899732,2.723028
-0.4691937,-0.5750987,-2.397919e-05,5.900137,2.899757,2.723624
-0.4275571,-0.5456168,0.0003479268,6.10011,2.899758,2.723993
-0.3901246,-0.5226508,9.79859e-05,6.300098,2.899755,2.724205
-0.3529104,-0.5024834,0.0001483657,6.500098,2.899755,2.724293
-0.3173859,-0.4849315,8.153296e-05,6.700112,2.899762,2.724277
-0.2820759,-0.4683275,7.381801e-05,6.900142,2.899776,2.724165
-0.2472879,-0.4525376,3.543314e-05,7.100195,2.899796,2.723977
-0.2131431,-0.4364161,1.202344e-05,7.300283,2.899819,2.723763
-0.1790782,-0.4197272,-1.933968e-05,7.500431,2.899839,2.723603
-0.4926501,-0.7085354,-0.001879905,5.500366,3.099698,2.721656
-0.4619037,-0.6518717,0.001175564,5.700262,3.099794,2.722863
-0.4329364,-0.6124644,-6.008732e-05,5.900183,3.099825,2.723521
-0.3993621,-0.5817271,0.0004166762,6.100135,3.099832,2.723915
-0.3674842,-0.5579602,0.000132125,6.30011,3.099834,2.724139
-0.3333704,-0.5374026,0.0001895205,6.500102,3.099836,2.724234
-0.2998534,-0.519651,0.0001034101,6.70011,3.099842,2.724222
-0.2655793,-0.502962,9.738422e-05,6.900135,3.099852,2.724114
-0.2306365,-0.4870452,3.208255e-05,7.100182,3.099867,2.723929
-0.1963733,-0.4706005,3.189406e-05,7.300262,3.099883,2.723716
-0.1608383,-0.4537095,-2.794802e-05,7.500397,3.099899,2.723554
-0.4244558,-0.7162117,-0.001867141,5.500606,3.299797,2.721459
-0.4163844,-0.6697304,0.001463382,5.700387,3.299859,2.722711
-0.3990307,-0.6378631,-0.0001667423,5.900243,3.29988,2.723391
-0.3728963,-0.6103174,0.0004038424,6.100161,3.299886,2.723797
-0.3458054,-0.5889919,8.293783e-05,6.300119,3.299889,2.724029
-0.314564,-0.5696662,0.0001813828,6.500102,3.299892,2.72413
-0.2829433,-0.5529387,9.758845e-05,6.700104,3.299897,2.724124
-0.2495293,-0.5370444,0.0001046163,6.900124,3.299905,2.724021
-0.2149294,-0.5219413,4.646529e-05,7.100165,3.299915,2.72384
-0.1796671,-0.5059545,3.315883e-05,7.300235,3.299927,2.723628
-0.14218,-0.489575,-2.695036e-05,7.500353,3.299939,2.723463
-0.3850357,-0.7067761,-0.0007267286,5.500961,3.499909,2.721278
-0.3831281,-0.6758133,0.001414084,5.70053,3.49992,2.722513
-0.3736774,-0.6559249,0.0001237047,5.900294,3.499922,2.723198
-0.3503247,-0.6339799,0.0004141788,6.100173,3.499923,2.723614
-0.3265437,-0.6163887,0.0001554061,6.300115,3.499926,2.723855
-0.2972849,-0.5996268,0.000209159,6.500092,3.499929,2.723965
-0.2672256,-0.58481,0.0001236706,6.70009,3.499935,2.723966
-0.234606,-0.5704882,0.0001142133,6.900107,3.499941,2.723871
-0.2000339,-0.5571118,0.0001130149,7.100142,3.499948,2.723696
-0.1638744,-0.5425765,0.000190713,7.300201,3.499955,2.723486
-0.1241965,-0.5281109,7.154853e-05,7.500298,3.499964,2.723312
-0.3677642,-0.6893017,-0.001328226,5.501186,3.700016,2.720919
-0.3647762,-0.678816,0.0006798516,5.700596,3.699965,2.72216
-0.3573348,-0.6714582,-0.0003099077,5.900297,3.699944,2.722888
-0.3335968,-0.6561286,0.0002080113,6.100154,3.699941,2.723342
-0.3114555,-0.6427571,5.044943e-05,6.300091,3.699946,2.72361
-0.2827756,-0.6285329,0.0001496485,6.500068,3.699951,2.723737
-0.2538067,-0.6159953,0.0001110416,6.700068,3.699958,2.723752
-0.2218098,-0.6036853,7.539353e-05,6.900085,3.699963,2.723667
-0.1873157,-0.5931019,0.0001322395,7.100116,3.699967,2.723498
-0.1502626,-0.5812341,0.0002836273,7.300164,3.69997,2.723287
-0.1075728,-0.5701077,0.0001418842,7.500237,3.699974,2.723095
-0.3802369,-0.6802345,-0.000915521,5.501097,3.900105,2.720046
-0.3640914,-0.6848688,0.0009619224,5.700511,3.899957,2.721454
-0.350932,-0.6878157,6.281948e-05,5.900214,3.899921,2.722383
-0.3219786,-0.6786405,0.0003333415,6.100082,3.899928,2.722973
-0.298586,-0.6673772,0.00011038,6.300033,3.899943,2.723315
-0.270591,-0.6563711,0.0001939358,6.500024,3.899956,2.723481
-0.2425997,-0.646012,0.0001338174,6.700034,3.899965,2.723517
-0.2118295,-0.6361989,8.306138e-05,6.900057,3.89997,2.723445
-0.1787203,-0.6290908,0.000119358,7.100089,3.899972,2.723283
-0.1405155,-0.6211216,0.0005841105,7.300129,3.899969,2.723062
-0.09670901,-0.6160426,0.0003314259,7.50018,3.899962,2.722828
-0.4289247,-0.682903,-0.001887072,5.500749,4.100048,2.717789
-0.372999,-0.7045602,0.001330401,5.700295,4.099766,2.719932
-0.3490442,-0.7156122,-0.0003682902,5.900035,4.099803,2.721554
-0.3124692,-0.7071319,0.0001586987,6.099941,4.099868,2.722515
-0.2883326,-0.6953043,-4.705739e-06,6.299931,4.099914,2.723022
-0.2605367,-0.6842231,0.0001613399,6.499954,4.099942,2.723263
-0.2336191,-0.6752813,0.0001322904,6.699987,4.099957,2.723334
-0.2057629,-0.6676104,8.285809e-05,6.900026,4.099964,2.723277
-0.1720369,-0.6653832,0.0003297325,7.100068,4.099963,2.723113
-0.1373926,-0.6628778,0.0004743136,7.300109,4.099953,2.722866
-0.0905376,-0.66599,0.0006172586,7.500145,4.099926,2.722555
-0.6260553,0.004553465,0.00141859,5.450018,0.2388383,2.858368
-0.5964437,0.003354004,0.001488896,5.650023,0.2388054,2.858404
-0.5652465,0.002210254,0.001592872,5.850022,0.2387862,2.858422
-0.5331084,0.001586848,0.001828233,6.05002,0.2387802,2.858438
-0.500319,0.001268322,0.002072306,6.25002,0.2387749,2.858442
-0.4674569,0.001100622,0.002258969,6.45002,0.2387728,2.858442
-0.4348899,0.001052242,0.002483177,6.650021,0.2387732,2.858442
-0.4027932,0.0009817056,0.002709674,6.850021,0.2387734,2.858438
-0.3712059,0.0009865081,0.002961874,7.050024,0.238775,2.858425
-0.3183577,-0.03719039,-0.01349187,7.349983,0.2388265,2.858414
-0.5897095,-0.05858928,0.001898393,5.499997,0.496128,2.906553
-0.5604114,-0.06201825,0.002010459,5.699994,0.4960804,2.906579
-0.5299291,-0.06452941,0.002091909,5.899994,0.4960309,2.906605
-0.4986053,-0.06606201,0.002157596,6.099997,0.4959934,2.906624
-0.4669241,-0.06678683,0.002218079,6.299999,0.4959706,2.906634
-0.4352115,-0.06687567,0.002288618,6.500001,0.4959633,2.906637
-0.4037561,-0.06646209,0.002354854,6.700004,0.4959705,2.906633
-0.3727095,-0.06557599,0.002416452,6.900007,0.4959915,2.906622
-0.3422427,-0.06429444,0.002476667,7.100009,0.4960301,2.906604
-0.3124794,-0.06271728,0.002508873,7.300011,0.4960856,2.906583
-0.5979687,-0.0813661,0.0001652713,5.499998,0.6962362,2.910007
-0.5673122,-0.08598711,0.0002595992,5.699996,0.6961809,2.910026
-0.5355896,-0.08908127,0.0003707078,5.899996,0.6961106,2.910051
-0.5032606,-0.09089881,0.0004717221,6.099997,0.6960495,2.910073
-0.4707311,-0.09168397,0.0005604738,6.3,0.696011,2.910086
-0.438286,-0.09163519,0.0006407627,6.500002,0.6959984,2.910091
-0.4062048,-0.09089574,0.0007014919,6.700006,0.6960113,2.910086
-0.3746737,-0.08961687,0.0007362728,6.900009,0.69605,2.910072
-0.3438233,-0.08794796,0.0007457281,7.100013,0.6961121,2.910051
-0.3137451,-0.08597531,0.0007345854,7.300018,0.6961839,2.910025
-0.6049071,-0.1161811,-0.0003425389,5.499999,0.8972738,2.91151
-0.5721551,-0.1221974,-0.0003416342,5.699996,0.8972193,2.911531
-0.5386625,-0.126169,-0.0003359739,5.899996,0.8971435,2.91156
-0.504799,-0.1283188,-0.0003204051,6.099998,0.8970755,2.911586
-0.4710159,-0.1290346,-0.0002953785,6.300001,0.897032,2.911603
-0.4375553,-0.1285724,-0.0002639537,6.500004,0.8970175,2.911609
-0.4046617,-0.1271976,-0.0002356868,6.700008,0.8970323,2.911603
-0.3724664,-0.1250882,-0.000209338,6.900013,0.8970764,2.911586
-0.3410999,-0.122412,-0.0001789345,7.100019,0.8971456,2.91156
-0.3106323,-0.1193042,-0.000144641,7.300026,0.8972232,2.911529
-0.6127764,-0.1473087,2.872028e-05,5.5,1.098334,2.912033
-0.5774576,-0.154172,5.057565e-05,5.699997,1.098286,2.912057
-0.5418237,-0.1584766,7.807319e-05,5.899997,1.098215,2.912091
-0.5061943,-0.1605289,0.000100956,6.099999,1.098151,2.912122
-0.4710142,-0.1608865,0.0001212631,6.300002,1.09811,2.912142
-0.4364443,-0.1598576,0.000135698,6.500006,1.098097,2.912149
-0.4026894,-0.1577788,0.000143953,6.70001,1.098111,2.912142
-0.3698375,-0.1548757,0.0001456481,6.900016,1.098153,2.912123
-0.3379759,-0.1513572,0.0001440521,7.100024,1.098218,2.912091
-0.3071413,-0.1473638,0.0001421369,7.300035,1.09829,2.912057
-0.6221571,-0.1851562,-0.000108237,5.500001,1.298987,2.91224
-0.5834454,-0.192526,-0.0001041787,5.699997,1.298946,2.912268
-0.5451046,-0.1968407,-9.628978e-05,5.899997,1.298888,2.912307
-0.5072581,-0.1984287,-8.804103e-05,6.099999,1.298835,2.912343
-0.4703651,-0.1980804,-7.702108e-05,6.300003,1.2988,2.912366
-0.4344464,-0.1961436,-6.677446e-05,6.500007,1.298788,2.912373
-0.3996604,-0.1930544,-6.403478e-05,6.700013,1.2988,2.912366
-0.3660082,-0.1890518,-6.50171e-05,6.90002,1.298835,2.912344
-0.3335413,-0.1843693,-6.18006e-05,7.10003,1.29889,2.912308
-0.3022549,-0.17916,-5.388254e-05,7.300043,1.29895,2.912269
-0.6320429,-0.2249262,8.345773e-06,5.500002,1.499366,2.912334
-0.5892425,-0.2319761,1.745286e-05,5.699998,1.499333,2.912366
-0.5477899,-0.2355942,2.771259e-05,5.899997,1.499288,2.91241
-0.5074647,-0.236091,3.559892e-05,6.1,1.499246,2.91245
-0.468736,-0.2345667,4.170164e-05,6.300004,1.499219,2.912476
-0.4314017,-0.2313624,4.680779e-05,6.500009,1.49921,2.912484
-0.3955646,-0.2270118,4.871719e-05,6.700015,1.499219,2.912477
-0.3611099,-0.2217445,4.715398e-05,6.900023,1.499247,2.912452
-0.3280382,-0.215812,4.497295e-05,7.100035,1.499289,2.912414
-0.2962981,-0.2093476,4.699057e-05,7.30005,1.499336,2.912371
-0.6418509,-0.2707473,-4.512985e-05,5.500003,1.699595,2.912375
-0.5941661,-0.2764605,-3.315986e-05,5.699999,1.699569,2.912413
-0.5492505,-0.2785349,-2.599586e-05,5.899998,1.699535,2.912462
-0.5062381,-0.2772151,-1.608323e-05,6.100001,1.699503,2.912506
-0.4656351,-0.2739609,-1.068285e-05,6.300005,1.699483,2.912534
-0.4268782,-0.2690543,-5.569173e-06,6.500011,1.699476,2.912544
-0.3900197,-0.2631158,-4.657264e-06,6.700017,1.699483,2.912536
-0.3547814,-0.2563232,-3.425315e-06,6.900026,1.699504,2.91251
-0.3211167,-0.2489277,-3.260173e-06,7.100039,1.699535,2.912469
-0.2889226,-0.2410207,-1.204603e-06,7.300056,1.69957,2.912423
-0.6502483,-0.321793,-2.6458e-05,5.500005,1.89974,2.912387
-0.5970283,-0.3245973,-2.141471e-06,5.7,1.899718,2.912433
-0.5485435,-0.3239608,-5.824651e-06,5.899999,1.899692,2.912488
-0.5028765,-0.319885,1.057845e-05,6.100002,1.899669,2.912535
-0.4605632,-0.3142712,1.318142e-05,6.300006,1.899654,2.912565
-0.42054,-0.3072083,1.944739e-05,6.500012,1.899649,2.912576
-0.3828156,-0.2993921,1.845437e-05,6.700019,1.899654,2.912568
-0.3469034,-0.2908812,1.93143e-05,6.900029,1.899669,2.912542
-0.3127187,-0.2819034,1.793895e-05,7.100042,1.899692,2.912499
-0.2801027,-0.2724624,1.817199e-05,7.30006,1.899717,2.912452
-0.6553116,-0.3801044,-0.0001435209,5.500007,2.099834,2.912374
-0.5962578,-0.3777881,-4.659541e-05,5.700002,2.099815,2.912434
-0.5445096,-0.3728899,-5.20136e-05,5.900001,2.099795,2.912497
-0.4965206,-0.3649895,-1.005756e-05,6.100004,2.099778,2.912549
-0.4529483,-0.3563235,-7.068466e-06,6.300008,2.099767,2.912582
-0.4119895,-0.3466606,6.288539e-06,6.500014,2.099764,2.912594
-0.3736873,-0.3367008,6.628383e-06,6.700021,2.099767,2.912586
-0.3372874,-0.3263058,8.170816e-06,6.900031,2.099778,2.912559
-0.3026964,-0.315647,6.645661e-06,7.100044,2.099794,2.912516
-0.2697095,-0.3045912,7.123971e-06,7.300063,2.099812,2.912468
-0.6540819,-0.4451168,-0.0002025303,5.500015,2.299887,2.91233
-0.5896671,-0.4348343,-7.657089e-07,5.700003,2.299878,2.91242
-0.5356929,-0.4240166,-6.294128e-05,5.900003,2.299863,2.912495
-0.486275,-0.4112279,1.030424e-05,6.100006,2.299851,2.912553
-0.4422298,-0.3989707,-2.296213e-07,6.30001,2.299843,2.912589
-0.4009155,-0.3864078,1.721381e-05,6.500015,2.299841,2.912603
-0.3624673,-0.374189,1.198766e-05,6.700022,2.299843,2.912596
-0.3258578,-0.3618749,1.274081e-05,6.900032,2.299851,2.912569
-0.2910166,-0.3495511,9.259251e-06,7.100046,2.299862,2.912526
-0.2577224,-0.3368841,8.547005e-06,7.300065,2.299875,2.912476
-0.6424448,-0.5173555,-0.0005733698,5.500036,2.499897,2.91224
-0.5749628,-0.4955231,2.032591e-05,5.700003,2.499918,2.91239
-0.5208874,-0.4767545,-0.0001343142,5.900005,2.499907,2.912485
-0.4714587,-0.4581176,2.07201e-05,6.100008,2.499899,2.912551
-0.4281493,-0.4418254,-1.029532e-05,6.300012,2.499894,2.912591
-0.3872234,-0.4262326,2.26691e-05,6.500017,2.499893,2.912606
-0.3491776,-0.4117796,1.264914e-05,6.700023,2.499895,2.9126
-0.312673,-0.39764,1.505568e-05,6.900033,2.4999,2.912574
-0.2777348,-0.3837876,6.380691e-06,7.100046,2.499908,2.91253
-0.2441778,-0.3696312,3.966496e-06,7.300065,2.499917,2.91248
-0.6142514,-0.5913888,-0.0008472223,5.500047,2.699888,2.912106
-0.5486901,-0.5549071,0.0001183116,5.700001,2.699942,2.912346
-0.4982698,-0.5277965,-0.0002160863,5.900006,2.699936,2.912468
-0.4513483,-0.5032974,3.882656e-05,6.100011,2.699932,2.912544
-0.410385,-0.483303,-2.33556e-05,6.300014,2.699929,2.912587
-0.3708975,-0.4650678,2.962098e-05,6.500018,2.699928,2.912605
-0.3339108,-0.4487672,1.42156e-05,6.700024,2.69993,2.9126
-0.2979017,-0.433162,2.130667e-05,6.900033,2.699933,2.912573
-0.2630508,-0.4181049,7.99886e-06,7.100046,2.699939,2.91253
-0.229233,-0.4027847,7.596469e-06,7.300064,2.699945,2.91248
-0.5682908,-0.6635837,-0.001916388,5.500036,2.899889,2.911966
-0.5106505,-0.6103705,0.000461776,5.699999,2.899954,2.912297
-0.4692402,-0.5749603,-0.0003783634,5.900009,2.899955,2.912446
-0.4269919,-0.5454191,0.0001073237,6.100014,2.899953,2.912532
-0.3899888,-0.5225516,-4.700012e-05,6.300016,2.899952,2.912579
-0.3527292,-0.5023784,4.137554e-05,6.50002,2.899952,2.912599
-0.3173182,-0.4848601,1.260269e-05,6.700024,2.899954,2.912595
-0.2820536,-0.4682837,2.298563e-05,6.900032,2.899956,2.912569
-0.2473214,-0.4525404,7.666552e-06,7.100044,2.89996,2.912525
-0.2132453,-0.4364431,2.037967e-06,7.300062,2.899965,2.912476
-0.1792608,-0.4198318,-1.575449e-05,7.500088,2.899969,2.912439
-0.4929561,-0.7072433,-0.002943651,5.500036,3.099918,2.911858
-0.4593895,-0.6507192,-3.246951e-05,5.700003,3.099964,2.912254
-0.4329471,-0.6120943,-0.0006110061,5.900015,3.099968,2.912422
-0.3988285,-0.581372,4.443331e-05,6.100018,3.099968,2.912515
-0.3674231,-0.5577357,-6.416138e-05,6.300018,3.099968,2.912565
-0.333251,-0.5372074,4.689678e-05,6.50002,3.099969,2.912586
-0.299845,-0.5194984,1.702563e-05,6.700024,3.09997,2.912583
-0.2656312,-0.502855,3.31446e-05,6.900031,3.099972,2.912558
-0.2307361,-0.4870117,1.779507e-05,7.100042,3.099975,2.912515
-0.1965631,-0.470595,1.61178e-05,7.300058,3.099978,2.912466
-0.1611606,-0.4538081,-9.112001e-06,7.500081,3.099981,2.912428
-0.4278915,-0.7144383,-0.003152137,5.500079,3.299959,2.911795
-0.4142285,-0.6686881,0.0005214614,5.70002,3.299978,2.912217
-0.3996327,-0.6372535,-0.0006583123,5.900024,3.29998,2.912393
-0.3726001,-0.6099974,0.0001013328,6.100022,3.299981,2.912489
-0.3458882,-0.588638,-5.581599e-05,6.30002,3.299981,2.912541
-0.3145365,-0.5694116,6.29144e-05,6.50002,3.299981,2.912563
-0.2830099,-0.5527097,2.744379e-05,6.700023,3.299982,2.912561
-0.2496648,-0.5368795,4.919342e-05,6.900029,3.299984,2.912538
-0.2150713,-0.5218417,2.936034e-05,7.100038,3.299986,2.912496
-0.1800017,-0.5058419,4.001409e-05,7.300052,3.299988,2.912447
-0.1426093,-0.4895936,3.076465e-05,7.500073,3.299991,2.912409
-0.3874871,-0.705963,-0.002756829,5.500143,3.499999,2.911745
-0.3817492,-0.6759978,0.0004168092,5.700043,3.499997,2.91217
-0.3741856,-0.6554152,-0.0004964837,5.900031,3.499994,2.912349
-0.3502839,-0.633873,0.0001037921,6.100023,3.499991,2.912448
-0.3267791,-0.6161167,-4.348324e-06,6.300019,3.499991,2.912502
-0.2973401,-0.5993492,8.367778e-05,6.500018,3.499991,2.912527
-0.2673465,-0.5845034,4.81088e-05,6.70002,3.499992,2.912526
-0.2348007,-0.5702376,6.022703e-05,6.900025,3.499993,2.912504
-0.2004003,-0.5569639,7.413585e-05,7.100034,3.499994,2.912464
-0.1642506,-0.5423884,0.0001962431,7.300045,3.499995,2.912415
-0.1243995,-0.5279406,0.0001940711,7.500063,3.499998,2.912375
-0.3696985,-0.6883683,-0.002358302,5.500177,3.700051,2.911647
-0.3636974,-0.678234,0.0003806834,5.700047,3.700024,2.912081
-0.3577315,-0.6704876,-0.000610906,5.900025,3.700007,2.912275
-0.3334171,-0.6558877,7.811297e-05,6.100015,3.7,2.912385
-0.3113783,-0.6422723,-4.241298e-05,6.300012,3.699997,2.912447
-0.2828304,-0.6282181,7.591104e-05,6.500012,3.699997,2.912475
-0.2539161,-0.6155806,5.762336e-05,6.700015,3.699997,2.912477
-0.2220662,-0.6032748,7.18915e-05,6.90002,3.699998,2.912458
-0.1877158,-0.592761,0.0001267807,7.100028,3.699998,2.912419
-0.1507477,-0.5807728,0.0003350207,7.300038,3.7,2.91237
-0.1076784,-0.5697812,0.0003166364,7.500052,3.700002,2.912326
-0.3814538,-0.6785362,-0.001867066,5.500186,3.900087,2.911351
-0.3630489,-0.6850722,0.0003337031,5.700062,3.900004,2.911854
-0.3517407,-0.6884933,-0.0001211377,5.900025,3.899986,2.912129
-0.3220375,-0.6789833,0.0002203594,6.1,3.899995,2.912293
-0.2985976,-0.6671646,9.971491e-05,6.299996,3.899999,2.912379
-0.2705647,-0.6558473,0.0001287449,6.500001,3.899998,2.912416
-0.2426886,-0.6454276,9.242841e-05,6.700007,3.899999,2.912424
-0.2120437,-0.6355798,0.0001205322,6.900015,3.899999,2.912407
-0.1790396,-0.62854,0.0001759698,7.100023,3.9,2.91237
-0.14089,-0.6204557,0.0006449791,7.300033,3.9,2.912319
-0.09551729,-0.6154802,0.0006379335,7.500045,3.900002,2.912265
-0.4264433,-0.6751262,-0.00576056,5.50062,4.09955,2.910328
-0.3701288,-0.7029112,-0.002656965,5.700547,4.099443,2.911125
-0.3468307,-0.7131465,-0.0006390588,5.900214,4.099712,2.91177
-0.3124073,-0.7069911,6.575298e-05,6.099974,4.099963,2.912163
-0.2879168,-0.6945923,6.207483e-05,6.299966,4.099994,2.912309
-0.2603204,-0.6835158,0.0001286075,6.499984,4.099994,2.912366
-0.2336412,-0.6744571,9.256331e-05,6.699997,4.099995,2.912382
-0.206033,-0.6667176,0.0001099231,6.900008,4.099995,2.912369
-0.1722919,-0.6645324,0.0002973982,7.10002,4.099996,2.912331
-0.1379563,-0.6621049,0.0006733136,7.300032,4.099996,2.912274
-0.088941,-0.6649498,0.001009621,7.500047,4.099997,2.9122
-0.708122,0.0008792892,0.001872,5.375551,0.1710885,0.02001086
-0.6615538,-0.01859663,-0.003540152,5.424449,0.1710879,0.0200112
-0.6789344,0.001070664,0.001290958,5.575552,0.1710822,0.0200161
-0.5772923,-0.005913914,-0.03187352,5.45001,0.1441557,0.1442882
-0.5648332,-0.000324713,0.02459868,5.549986,0.1441457,0.1442846
-0.6331138,-0.01898959,-0.003458162,5.624448,0.1710814,0.0200153
-0.6477806,0.001269693,0.0006866676,5.775552,0.1710795,0.02001392
-0.5509085,-0.006176357,-0.03169642,5.650012,0.1441408,0.1442799
-0.5372133,-0.0006516963,0.02523429,5.749985,0.1441352,0.1442777
-0.6031852,-0.01923199,-0.003339622,5.824446,0.1710798,0.02001108
-0.6151623,0.001237877,0.0002128294,5.975551,0.1710818,0.02000526
-0.5230666,-0.006358715,-0.03152148,5.850015,0.1441369,0.1442758
-0.5082968,-0.0008554185,0.0256484,5.949986,0.1441408,0.1442711
-0.5723563,-0.02029478,-0.00333455,6.024449,0.1710818,0.02000524
-0.5815359,0.001267694,-6.681568e-05,6.175551,0.1710817,0.02000521
-0.4941617,-0.006462009,-0.03124802,6.050013,0.1441387,0.1442707
-0.4788624,-0.001023417,0.02599255,6.149987,0.1441378,0.1442704
-0.5408644,-0.02122117,-0.003300452,6.224449,0.1710817,0.0200052
-0.5472266,0.001422253,-0.0003433981,6.375551,0.1710816,0.02000525
-0.4644009,-0.006527414,-0.0307869,6.250013,0.1441376,0.1442702
-0.4492278,-0.001208481,0.02615764,6.349987,0.1441382,0.1442699
-0.5090871,-0.02191792,-0.003287592,6.424449,0.1710814,0.02000588
-0.5126183,0.001596034,-0.0004258293,6.575552,0.171079,0.02001368
-0.4339612,-0.006598515,-0.03021482,6.450011,0.1441324,0.1442734
-0.419285,-0.001355667,0.02620432,6.549987,0.1441275,0.1442736
-0.4770176,-0.022429,-0.003032889,6.624448,0.1710791,0.02001367
-0.4783818,0.001643564,-0.0006030896,6.775552,0.1710788,0.02001348
-0.4037272,-0.006619575,-0.02954552,6.650013,0.1441286,0.1442731
-0.3894885,-0.001502515,0.02614243,6.749986,0.1441282,0.1442737
-0.4448309,-0.02259508,-0.002840098,6.824446,0.1710793,0.02001078
-0.4434438,0.001550583,-0.0006652551,6.975554,0.1710794,0.02001082
-0.3738518,-0.006588646,-0.02872381,6.850016,0.1441342,0.1442736
-0.3600354,-0.001650836,0.02594041,6.949984,0.144135,0.1442739
-0.4126794,-0.0225956,-0.002385161,7.024448,0.171079,0.02001355
-0.4064429,0.0009685501,-0.0004353939,7.175552,0.1710797,0.02001393
-0.3444034,-0.006546395,-0.02775018,7.050014,0.1441306,0.1442747
-0.3310219,-0.001782775,0.02555887,7.149987,0.1441336,0.1442752
-0.3808307,-0.02271718,-0.001526841,7.224448,0.1710798,0.02001405
-0.3696304,0.0005222547,5.532914e-05,7.375552,0.171081,0.02001477
-0.3156198,-0.006471949,-0.02663627,7.250014,0.1441368,0.1442769
-0.3025126,-0.001947895,0.0249518,7.349987,0.1441405,0.1442803
-0.3492629,-0.0231703,-0.0007045247,7.424446,0.1710822,0.02001255
-0.3164446,-0.004441265,-0.001294969,7.57502,0.1212883,0.02111767
-0.2876368,-0.006381358,-0.02538061,7.450017,0.144152,0.1442833
-0.2747011,-0.002151082,0.02417642,7.54999,0.1441671,0.1442761
-0.7080722,0.0008290335,-0.001592282,5.375548,0.1710932,2.979985
-0.57717,-0.005864532,0.03179993,5.450012,0.1441661,2.855715
-0.5647887,-0.000317465,-0.02462343,5.549983,0.1441593,2.855722
-0.6614677,-0.01795964,0.003246057,5.424449,0.1710911,2.979989
-0.6787345,0.001036754,-0.001196352,5.575551,0.1710855,2.979992
-0.5508205,-0.006181074,0.03168148,5.650009,0.1441443,2.855719
-0.5371645,-0.0006432432,-0.02523692,5.749989,0.1441403,2.855721
-0.6329338,-0.01878733,0.003389196,5.624449,0.1710838,2.979992
-0.6476709,0.001211839,-0.0006738985,5.775551,0.1710819,2.979994
-0.3443572,-0.006543789,0.02773612,7.050011,0.1441356,2.855724
-0.3310224,-0.001774532,-0.0255666,7.14999,0.1441377,2.855723
-0.4127742,-0.02257861,0.002419019,7.024449,0.1710814,2.979994
-0.406365,0.00122211,0.000392892,7.175551,0.1710818,2.979994
-0.3156001,-0.006475736,0.02662691,7.250012,0.1441418,2.855721
-0.3024973,-0.001955831,-0.02495425,7.349988,0.1441405,2.855718
-0.3809282,-0.02266639,0.001559418,7.224449,0.1710821,2.979994
-0.3778544,-0.001556995,-0.02150408,7.375541,0.1200775,2.929479
-0.5230357,-0.006376788,0.03151919,5.85001,0.1441377,2.855722
-0.5082154,-0.0008566581,-0.02566456,5.949985,0.1441269,2.855715
-0.6031042,-0.01934461,0.003392793,5.824449,0.1710817,2.979994
-0.6152291,0.001239911,-0.0002527915,5.975551,0.1710788,2.979992
-0.4940958,-0.006451488,0.03121737,6.050015,0.1441261,2.855715
-0.4787707,-0.001021031,-0.02602083,6.149985,0.1441255,2.855715
-0.5723636,-0.02028955,0.003355477,6.024449,0.1710787,2.979992
-0.5815992,0.001349885,5.887991e-05,6.175551,0.1710786,2.979992
-0.4643826,-0.006517339,0.03076495,6.250015,0.1441251,2.855715
-0.4491354,-0.001199783,-0.02619259,6.349985,0.1441249,2.855715
-0.5408778,-0.02114119,0.003332956,6.224449,0.1710786,2.979992
-0.547264,0.001480481,0.0003219588,6.375551,0.1710786,2.979992
-0.4339702,-0.006577492,0.03018479,6.450015,0.1441249,2.855715
-0.4192431,-0.001354699,-0.02623127,6.549985,0.1441248,2.855715
-0.5091111,-0.02191993,0.00328874,6.424449,0.1710786,2.979992
-0.5125856,0.001644013,0.0004267985,6.575551,0.1710786,2.979992
-0.4037175,-0.006615122,0.02952406,6.650015,0.1441249,2.855715
-0.3894601,-0.0015132,-0.02617163,6.749985,0.144125,2.855715
-0.4770125,-0.02241676,0.003063323,6.624449,0.1710786,2.979992
-0.478321,0.001763481,0.0005862017,6.775551,0.1710786,2.979992
-0.3738017,-0.006578646,0.02869271,6.850015,0.144125,2.855715
-0.3600506,-0.001617775,-0.02595421,6.94999,0.1441347,2.855724
-0.4448386,-0.02258378,0.002868584,6.824449,0.1710786,2.979992
-0.4434164,0.001729644,0.0006256943,6.975551,0.1710813,2.979994
-0.2840899,-0.01610103,-0.003781525,7.500029,0.2107389,0.5124098
-0.2879985,-0.01566322,0.0008703347,7.500042,0.1973831,0.7006495
-0.2870709,-0.04412146,0.0001486437,7.500188,0.4051003,0.6962293
-0.2878007,-0.01312105,-0.001283759,7.500054,0.1920565,0.8983419
-0.287094,-0.04159951,0.0003446419,7.500249,0.3938811,0.8972107
-0.2852382,-0.07364599,-0.0005275997,7.500596,0.6153666,0.8953266
-0.2879105,-0.01342587,0.0001799125,7.500064,0.1903834,1.09886
-0.2871901,-0.04147991,7.564592e-05,7.500299,0.3890616,1.098265
-0.2853509,-0.07280503,1.704546e-05,7.500721,0.6078664,1.097208
-0.2824041,-0.104676,0.0001143444,7.501274,0.8287677,1.095866
-0.2878269,-0.0129063,-0.0002555479,7.500071,0.1898522,1.299524
-0.2871486,-0.04092166,5.407676e-06,7.500331,0.3870932,1.299202
-0.2853217,-0.07219089,-0.0001461297,7.500802,0.6043115,1.298698
-0.2824317,-0.1037829,6.111848e-05,7.501424,0.8241377,1.298069
-0.2783344,-0.1354618,-2.758314e-05,7.502118,1.042982,1.297397
-0.2878889,-0.0130535,9.433334e-06,7.500073,0.1897187,1.5
-0.2872065,-0.04103628,1.089566e-05,7.500342,0.3865526,1.499999
-0.2853721,-0.0721926,1.142385e-05,7.500829,0.6032662,1.499997
-0.2824779,-0.1037588,1.485222e-05,7.501475,0.8227172,1.499996
-0.2783831,-0.1353002,1.894845e-05,7.502199,1.041371,1.499995
-0.2730957,-0.1668925,2.524569e-05,7.50292,1.257431,1.499995
-0.287828,-0.01290545,0.0002676272,7.500071,0.1898518,1.700476
-0.2871506,-0.04091929,1.003671e-05,7.50033,0.3870918,1.700796
-0.2853257,-0.07218665,0.0001645333,7.5008,0.6043084,1.701297
-0.2824375,-0.1037747,-3.497875e-05,7.501422,0.8241339,1.701924
-0.2783438,-0.1354525,6.269414e-05,7.502114,1.04298,1.702595
-0.273053,-0.1671335,5.93929e-05,7.502801,1.259083,1.703254
-0.2664522,-0.1984716,0.0001396521,7.503416,1.471721,1.703767
-0.2879142,-0.01342211,-0.0001654253,7.500064,0.1903832,1.90114
-0.2871935,-0.0414728,-6.055863e-05,7.500298,0.3890613,1.901734
-0.285358,-0.07279476,1.546208e-06,7.500718,0.6078655,1.90279
-0.282414,-0.1046607,-8.833304e-05,7.501268,0.8287672,1.904129
-0.2783012,-0.1363153,9.676709e-05,7.501873,1.048099,1.905526
-0.2729835,-0.1680086,9.140611e-05,7.502461,1.263867,1.906657
-0.2664006,-0.199069,0.0001044929,7.502978,1.475456,1.90757
-0.2584812,-0.230081,5.99037e-05,7.503391,1.683435,1.908172
-0.2877979,-0.01311978,0.001289631,7.500054,0.1920566,2.101658
-0.2870956,-0.04159504,-0.0003302016,7.500248,0.3938824,2.102789
-0.2852462,-0.07363283,0.0005421814,7.500592,0.6153704,2.104672
-0.2822752,-0.1057141,-0.000103237,7.501031,0.8377866,2.106965
-0.2781387,-0.1375861,0.000326154,7.5015,1.056971,2.108902
-0.2728332,-0.1689669,6.313294e-05,7.501946,1.271123,2.110469
-0.2662993,-0.1997903,0.0001508177,7.502331,1.48069,2.111532
-0.2584263,-0.2306321,8.801853e-05,7.502639,1.687055,2.112176
-0.2490961,-0.2613135,0.0001098444,7.502866,1.891316,2.112557
-0.2880089,-0.01565276,-0.0008527218,7.500042,0.1973839,2.29935
-0.2870739,-0.04410727,-0.0001355522,7.500186,0.4051034,2.30377
-0.2852294,-0.07569422,0.000128723,7.500434,0.6296155,2.307335
-0.2820969,-0.1085024,7.999924e-06,7.500736,0.8521534,2.31049
-0.2779891,-0.1392903,0.00022366,7.501049,1.068809,2.313008
-0.2726968,-0.170456,-1.648345e-05,7.501341,1.279692,2.314675
-0.2662268,-0.2007456,0.0001245381,7.501592,1.486632,2.315659
-0.2583989,-0.2313552,4.451304e-05,7.501793,1.691129,2.316236
-0.2491197,-0.2617986,8.488652e-05,7.501942,1.894088,2.31657
-0.2382765,-0.2925626,5.885255e-05,7.50204,2.096056,2.316759
-0.2840663,-0.01609631,0.003769129,7.500029,0.2107409,2.48759
-0.2868091,-0.04515453,-0.002140176,7.500119,0.428284,2.505542
-0.2848887,-0.07925893,0.001268867,7.500263,0.6523876,2.510972
-0.2817613,-0.1104502,-0.0002504234,7.500431,0.8703019,2.515128
-0.2777278,-0.1409912,0.0003608518,7.5006,1.081506,2.517642
-0.2724958,-0.1715839,-4.212913e-05,7.500757,1.288243,2.518998
-0.2660987,-0.2014956,0.0001549496,7.500892,1.492388,2.519742
-0.2583254,-0.2319121,3.328659e-05,7.501002,1.695004,2.520156
-0.2491004,-0.2621648,8.143504e-05,7.501083,1.896695,2.520389
-0.2382974,-0.2928455,4.722772e-05,7.501136,2.097805,2.520519
-0.2258502,-0.3236946,5.972627e-05,7.501162,2.298542,2.520587
-0.3247076,0.02674657,-0.01822945,7.55081,0.1217007,2.654796
-0.2868132,-0.01462271,-0.0009925834,7.500016,0.2493488,2.69026
-0.2873604,-0.05501383,-0.0002706529,7.500054,0.4643133,2.709375
-0.2847683,-0.08150055,0.001801127,7.500113,0.6783785,2.716714
-0.2814945,-0.1141238,-0.000462589,7.500178,0.8872169,2.720375
-0.2775957,-0.1422882,0.0004588203,7.500244,1.092246,2.722019
-0.2723755,-0.1729387,-0.000101809,7.500305,1.295171,2.722799
-0.2660498,-0.2021576,0.0001268519,7.500358,1.49692,2.723194
-0.2583074,-0.2324809,6.871804e-06,7.5004,1.697999,2.723404
-0.2491233,-0.2625132,5.397706e-05,7.500432,1.898685,2.723518
-0.238347,-0.2931213,2.6718e-05,7.500453,2.099131,2.723582
-0.2259302,-0.3238897,2.982979e-05,7.500463,2.299424,2.723615
-0.2116552,-0.3552139,1.276573e-05,7.500463,2.49962,2.723629
-0.2882613,-0.03571499,-0.01363384,7.549982,0.2388628,2.858386
-0.2835384,-0.0609116,0.00254791,7.500014,0.4961351,2.906563
-0.2845171,-0.08380569,0.0007127293,7.500025,0.6962383,2.910005
-0.2811546,-0.1158751,-0.0001017507,7.500038,0.8972799,2.911507
-0.2773931,-0.1430269,0.0001390365,7.500051,1.098342,2.912031
-0.2721909,-0.1735699,-4.355619e-05,7.500063,1.298994,2.91224
-0.2659001,-0.2025028,4.817657e-05,7.500074,1.49937,2.912339
-0.2581837,-0.2327451,1.01857e-06,7.500082,1.699596,2.91239
-0.2490169,-0.2626866,1.816576e-05,7.500088,1.899736,2.912417
-0.2382635,-0.2932482,5.490301e-06,7.500092,2.099826,2.912432
-0.2258751,-0.3239888,4.428346e-06,7.500094,2.299885,2.91244
-0.2116421,-0.3553007,-2.718402e-06,7.500094,2.499924,2.912443
-0.1960776,-0.3870887,-8.704764e-06,7.500092,2.699951,2.912443
-0.2395997,-0.0087364,-0.01627189,7.675013,0.1659418,0.06597641
-0.2603438,-0.006292356,-0.02398275,7.650011,0.1441682,0.1442824
-0.2875897,-0.00639014,0.02538058,7.450012,0.1441438,2.855706
-0.2746401,-0.002152977,-0.02417321,7.549988,0.144148,2.855697
-0.3542821,-0.01476734,0.04580998,7.424462,0.1200823,2.929479
-0.3357894,0.0003921861,-0.000393711,7.575552,0.1710843,2.979988
-0.2602693,-0.006284702,0.02395766,7.650016,0.1441539,2.855702
-0.2500494,-0.007117615,0.02018738,7.675541,0.1200837,2.929474
-0.5963579,-0.01064646,-0.00110032,5.55,0.2461432,0.0452662
-0.6337743,-0.03790099,-0.01167055,5.448992,0.3525681,0.0427046
-0.6139965,-0.01286572,0.001094273,5.551003,0.3525733,0.04269253
-0.6261801,0.004883405,-0.00159375,5.450024,0.2388395,0.1416121
-0.6072911,-0.03935133,0.01349825,5.549979,0.2388368,0.1415895
-0.5847997,-0.05458142,-0.01368812,5.450186,0.3405643,0.1380806
-0.5736696,-0.02725085,0.0148406,5.549811,0.3405604,0.1380594
-0.567076,-0.01102795,-0.001073477,5.750001,0.2461309,0.04525739
-0.6044477,-0.04043714,-0.01191828,5.648994,0.3525675,0.04268643
-0.583634,-0.01476218,0.00107138,5.751004,0.3525575,0.04268335
-0.5965935,0.003517023,-0.001585973,5.65002,0.238822,0.1415746
-0.5766096,-0.04061652,0.01378425,5.749977,0.2388021,0.141567
-0.5573686,-0.05703509,-0.01315563,5.650186,0.3405376,0.1380418
-0.5450505,-0.02928235,0.01542668,5.74981,0.3405052,0.1380294
-0.5368347,-0.01077572,-0.0008961084,5.950001,0.2461168,0.0452485
-0.5737052,-0.0423247,-0.01198262,5.848999,0.3525405,0.04268858
-0.5520938,-0.01631728,0.001155305,5.951005,0.3525245,0.04269484
-0.5653505,0.002107131,-0.001608478,5.850017,0.2387783,0.1415723
-0.5444468,-0.04122845,0.01395,5.949977,0.2387579,0.1415796
-0.528746,-0.05856263,-0.01248263,5.850188,0.3404678,0.1380291
-0.5153959,-0.03025037,0.01629574,5.94981,0.3404326,0.1380309
-0.4438394,-0.008883839,0.0004361491,6.550001,0.2461206,0.04525121
-0.4776631,-0.04634172,-0.01210048,6.448992,0.3525272,0.04268304
-0.4551624,-0.02031462,0.000864941,6.551004,0.3525381,0.04267436
-0.4674568,0.001092928,-0.002245497,6.450025,0.2387548,0.1415616
-0.4452203,-0.04094969,0.01431401,6.549979,0.2387662,0.141549
-0.4378495,-0.05887743,-0.01028706,6.45019,0.3404112,0.138006
-0.4231497,-0.029882,0.01845242,6.549809,0.3404255,0.1379952
-0.4126721,-0.007814258,0.001070231,6.750002,0.2461214,0.04525115
-0.4452375,-0.04711409,-0.01206193,6.648995,0.3525404,0.04267295
-0.4226197,-0.02136255,0.000683838,6.751005,0.3525401,0.04267427
-0.4348975,0.001028547,-0.002471493,6.650022,0.2387704,0.1415465
-0.4126074,-0.04018887,0.01432352,6.749979,0.2387698,0.1415489
-0.4073133,-0.05807991,-0.009740151,6.650191,0.3404307,0.1379928
-0.3923149,-0.02899641,0.01874188,6.749811,0.3404337,0.137996
-0.3820743,-0.007237333,0.001480856,6.950004,0.2461178,0.04524938
-0.4125105,-0.04712017,-0.01210651,6.848999,0.3525328,0.04268153
-0.3899127,-0.02192657,0.0007194103,6.951002,0.3525353,0.04268252
-0.4028003,0.0009092924,-0.002711012,6.850019,0.2387647,0.1415593
-0.3804958,-0.03933188,0.01406642,6.949983,0.238769,0.141561
-0.37709,-0.05711816,-0.009501237,6.850193,0.3404297,0.1380054
-0.3619135,-0.02824691,0.01873501,6.949811,0.3404413,0.1380098
-0.3516069,-0.007000477,0.001740649,7.150002,0.246129,0.04525361
-0.3803147,-0.04698247,-0.01196003,7.048995,0.3525472,0.04267706
-0.357838,-0.02231457,0.0006976935,7.151005,0.3525542,0.0426782
-0.371218,0.0008305285,-0.002959922,7.050023,0.2387825,0.1415541
-0.349132,-0.03829648,0.01378515,7.14998,0.2387952,0.1415565
-0.3472723,-0.05590688,-0.009104954,7.050192,0.3404644,0.1380074
-0.3321153,-0.02751799,0.01850894,7.149814,0.3404891,0.1380148
-0.3351328,-0.03806609,-0.006121344,7.249999,0.246133,0.04525626
-0.3217007,-0.006827789,0.001974349,7.350003,0.2461373,0.04526127
-0.3487925,-0.04636587,-0.01166952,7.248997,0.3525607,0.04268173
-0.3264393,-0.02255545,0.0007916604,7.351007,0.3525675,0.04268826
-0.3404092,0.0005361782,-0.00309733,7.250023,0.2388081,0.141564
-0.3180904,-0.05463243,-0.008657345,7.250192,0.340513,0.1380267
-0.3030461,-0.02705209,0.01809168,7.349817,0.3405404,0.1380459
-0.296031,-0.02372775,0.0007484889,7.551006,0.352562,0.04271445
-0.2748623,-0.02644227,0.01786842,7.549816,0.3405626,0.1380965
-0.2882245,-0.03569074,0.01361324,7.549982,0.2388427,0.1416303
-0.3101992,2.458484e-06,-0.003034846,7.45002,0.2388313,0.1416042
-0.3055339,-0.03694853,-0.005821496,7.449997,0.2461392,0.04526386
-0.3180925,-0.04564629,-0.01120362,7.449001,0.3525653,0.04270175
-0.2895986,-0.05305909,-0.007952019,7.450193,0.3405546,0.1380729
-0.6073419,-0.03940042,-0.01352304,5.549978,0.2388194,2.858385
-0.5847128,-0.05470601,0.01366627,5.450185,0.3405657,2.861898
-0.5734674,-0.02728792,-0.01489972,5.54981,0.3405381,2.861916
-0.6122575,-0.03582538,0.006378016,5.449994,0.2461548,2.954734
-0.5964155,-0.01066603,0.001082847,5.550003,0.2461438,2.95474
-0.6333418,-0.03787251,0.01162885,5.448994,0.3525681,2.957284
-0.6138605,-0.01286341,-0.001158166,5.551003,0.3525551,2.95729
-0.5996999,-0.00634094,0.007512814,5.475538,0.1200871,0.07052327
-0.6257632,-0.006623391,-0.005944067,5.42498,0.1212913,0.02111439
-0.6095971,0.008759269,-0.002241244,5.475553,0.1710841,0.02001548
-0.6169855,-0.04701104,-0.07585638,5.424989,0.1659273,0.06597523
-0.6594316,-0.01901374,-0.05271451,5.424457,0.1200961,0.07052157
-0.5713711,0.01322015,0.00869312,5.475013,0.1659247,0.06597486
-0.5998335,-0.005938765,-0.004762709,5.47502,0.1212884,0.02111674
-0.6418428,0.005506183,0.04595074,5.524458,0.1200808,0.07052322
-0.6379982,-0.005632538,-0.003181015,5.57502,0.1212864,0.02111734
-0.6451105,0.01597882,0.00391022,5.524449,0.1710825,0.02001714
-0.6214783,-0.01690736,-0.005710055,5.57501,0.1659111,0.0659614
-0.6839349,-0.004581584,-8.731993e-05,5.57554,0.1200781,0.07052143
-0.5932585,0.02041746,0.04050288,5.524987,0.1659219,0.06596849
-0.6211368,-0.007583437,-0.005076231,5.52498,0.1212867,0.0211178
-0.5689063,-0.006786523,0.003574436,5.675541,0.1200771,0.07052041
-0.598644,-0.00664672,-0.005932372,5.62498,0.121286,0.02111701
-0.578371,0.008218475,-0.001150734,5.675551,0.1710799,0.02001492
-0.5904286,-0.04876827,-0.07652873,5.624989,0.1659082,0.06595871
-0.6320383,-0.01904996,-0.0534709,5.624459,0.120077,0.07052058
-0.5429246,0.01128808,0.00530265,5.675012,0.165913,0.0659597
-0.5714756,-0.005535275,-0.004578031,5.67502,0.1212855,0.02111692
-0.6099926,0.005593493,0.04398589,5.724459,0.1200767,0.07052013
-0.6063981,-0.00585934,-0.003255703,5.77502,0.1212856,0.02111642
-0.6128813,0.01540954,0.003880371,5.724449,0.1710793,0.02001457
-0.5928423,-0.01561057,-0.002344485,5.77501,0.1659018,0.06595568
-0.6532077,-0.004288239,0.002888305,5.775541,0.1200762,0.07051957
-0.5624814,0.02033404,0.0406047,5.724987,0.1659112,0.06595874
-0.5894905,-0.007844763,-0.005501837,5.72498,0.1212853,0.02111678
-0.5370926,-0.007112875,-0.0008903443,5.875543,0.1200907,0.07051673
-0.5691363,-0.006469201,-0.006140091,5.82498,0.1212867,0.02111485
-0.5457234,0.008538355,0.0009482888,5.87555,0.1710809,0.02000629
-0.5623555,-0.05043689,-0.07708711,5.824989,0.1659001,0.06595843
-0.6033961,-0.01876557,-0.05441006,5.824462,0.1200811,0.07051845
-0.5128686,0.00929041,0.001362976,5.875013,0.165914,0.06596203
-0.5406869,-0.004425123,-0.004253792,5.87502,0.1212887,0.02111239
-0.438781,-0.006423227,-0.01037535,6.475538,0.1200814,0.0705186
-0.4772492,-0.006419512,-0.005663896,6.42498,0.1212889,0.02111218
-0.4462818,0.005899623,0.002136718,6.475553,0.1710785,0.02001098
-0.4719805,-0.05190234,-0.07428737,6.42499,0.1659049,0.06595792
-0.5118482,-0.01729498,-0.05324792,6.424457,0.1200895,0.07051598
-0.4193632,0.00267657,-0.005860755,6.475013,0.1659051,0.06595996
-0.4419211,-0.002734087,-0.00456794,6.47502,0.1212863,0.02111489
-0.4750752,0.006607313,0.0307098,6.524459,0.1200764,0.07051959
-0.4772711,-0.005642443,-0.002301152,6.57502,0.1212853,0.02111639
-0.4727471,0.0137954,0.005048128,6.524449,0.171078,0.02001369
-0.4662793,-0.009082196,0.0134054,6.57501,0.1658989,0.06595275
-0.5160048,-0.003134816,0.01635406,6.57554,0.1200748,0.0705189
-0.4293798,0.01974501,0.03982029,6.524988,0.1659059,0.06595672
-0.4540658,-0.003699221,-0.003338308,6.52498,0.1212851,0.02111641
-0.4059338,-0.006132464,-0.01270623,6.675541,0.1200756,0.07051931
-0.4460463,-0.006312381,-0.005432999,6.62498,0.1212853,0.02111639
-0.4135423,0.004797812,0.001615357,6.675551,0.1710783,0.02001387
-0.4410035,-0.05143021,-0.07274844,6.62499,0.1658991,0.06595252
-0.4805353,-0.01680775,-0.05228255,6.62446,0.1200747,0.07051882
-0.3875932,0.0004993615,-0.007889353,6.675012,0.1659066,0.06595554
-0.4087248,-0.002198514,-0.004870853,6.67502,0.121285,0.02111654
-0.441964,0.006237249,0.02513848,6.724459,0.1200757,0.07051939
-0.4447512,-0.005384232,-0.002014738,6.77502,0.1212854,0.02111627
-0.4372085,0.01329788,0.005247074,6.724449,0.1710783,0.02001388
-0.4341769,-0.007347142,0.01661173,6.77501,0.1658987,0.06595369
-0.4805169,-0.002644537,0.01865036,6.775541,0.1200756,0.0705191
-0.3957908,0.01986315,0.03998905,6.724988,0.1659066,0.06595577
-0.4203697,-0.00195209,-0.002528547,6.72498,0.121285,0.02111653
-0.3731738,-0.006128855,-0.01386108,6.875543,0.1200901,0.07051644
-0.4151286,-0.006198373,-0.005080583,6.82498,0.1212866,0.02111475
-0.3815288,0.003514073,0.001086406,6.87555,0.1710806,0.02000619
-0.4100452,-0.05076227,-0.07093278,6.824989,0.1658978,0.06595693
-0.4487996,-0.01625017,-0.05084043,6.824462,0.1200806,0.0705181
-0.3564653,-0.002004717,-0.009925659,6.875013,0.1659124,0.06596099
-0.377027,-0.001984357,-0.00473314,6.87502,0.1212885,0.02111235
-0.4079656,0.005719559,0.02149512,6.924457,0.1200901,0.07051644
-0.4124336,-0.005149706,-0.001748475,6.97502,0.1212866,0.02111477
-0.4022637,0.01195975,0.005078396,6.92445,0.1710806,0.0200062
-0.4022493,-0.005244366,0.0193443,6.975011,0.1658984,0.06595718
-0.4455921,-0.002267991,0.02027411,6.975538,0.1200807,0.07051815
-0.3625993,0.01986312,0.03992044,6.924987,0.1659125,0.06596105
-0.387567,-0.0007419757,-0.002002282,6.92498,0.1212886,0.02111235
-0.34084,-0.006210346,-0.01514912,7.075541,0.1200759,0.07051951
-0.3847465,-0.006059263,-0.004605875,7.02498,0.1212854,0.0211163
-0.3502276,0.00232223,0.0003455505,7.075551,0.1710785,0.020014
-0.379178,-0.0496257,-0.06831931,7.02499,0.1658995,0.06595406
-0.4169541,-0.01584466,-0.04914565,7.024459,0.1200757,0.07051917
-0.3258613,-0.004120672,-0.01145057,7.075012,0.1659079,0.0659564
-0.3462398,-0.001780268,-0.004561699,7.07502,0.1212851,0.02111657
-0.3737425,0.00540756,0.01911707,7.124459,0.1200759,0.0705195
-0.3801876,-0.004902512,-0.001564169,7.17502,0.1212854,0.02111648
-0.3677945,0.01048575,0.004274965,7.124449,0.1710787,0.02001404
-0.3710209,-0.003342794,0.0215146,7.17501,0.1659019,0.06595377
-0.4114925,-0.001971148,0.02129038,7.175541,0.1200753,0.07051912
-0.3301054,0.02021398,0.04011724,7.124988,0.1659084,0.06595637
-0.3553705,0.0003921368,-0.001954222,7.12498,0.1212851,0.02111659
-0.3094243,-0.006430532,-0.01635893,7.275541,0.1200766,0.07051999
-0.3543541,-0.005870758,-0.004240851,7.22498,0.1212854,0.02111653
-0.3195628,0.001875889,-0.0002539775,7.275551,0.1710794,0.02001448
-0.3487808,-0.04832764,-0.0650323,7.22499,0.1659026,0.06595425
-0.3853306,-0.01541599,-0.04730285,7.22446,0.1200755,0.07051924
-0.2960471,-0.006036474,-0.0133994,7.275013,0.1659115,0.06595826
-0.3155181,-0.001566609,-0.004454754,7.27502,0.1212853,0.02111675
-0.3399936,0.005179945,0.01685724,7.324459,0.1200771,0.07052033
-0.347722,-0.004717716,-0.001480473,7.37502,0.121286,0.02111676
-0.3337253,0.00972189,0.00338922,7.324449,0.1710797,0.02001476
-0.3403081,-0.001862016,0.02310769,7.375011,0.1659074,0.06595895
-0.3778617,-0.001553543,0.02150039,7.375541,0.1200776,0.07052049
-0.2987335,0.02074656,0.03997802,7.324988,0.1659128,0.06595946
-0.3238409,0.001467346,-0.002028178,7.32498,0.1212854,0.02111686
-0.279096,-0.006819603,-0.01858382,7.475543,0.1200937,0.07051885
-0.3239687,-0.005598794,-0.004044116,7.42498,0.1212875,0.02111546
-0.2894719,0.002611587,-0.0007043589,7.47555,0.1710849,0.02000871
-0.3188373,-0.04673799,-0.06124759,7.424989,0.1659093,0.06596362
-0.3542445,-0.01476168,-0.04578761,7.424462,0.1200834,0.07051994
-0.2671115,-0.007580668,-0.01557609,7.475014,0.1659286,0.06596897
-0.2838487,-0.00109547,-0.004842797,7.47502,0.1212898,0.02111346
-0.6495462,-0.0185642,0.009515435,5.375008,0.1659435,2.934025
-0.6669591,-0.005421221,0.003296591,5.375019,0.121292,2.978883
-0.7127172,-0.004896825,0.002968089,5.375543,0.1200952,2.929473
-0.5999653,-0.006519895,-0.006649558,5.475539,0.1200913,2.929477
-0.6169026,-0.04708687,0.07640731,5.424988,0.1659366,2.934026
-0.6257973,-0.00648813,0.006201535,5.42498,0.121292,2.978885
-0.6094944,0.009324558,0.00159414,5.475553,0.1710872,2.979986
-0.6597321,-0.01880845,0.05334459,5.424457,0.1200975,2.929477
-0.5714085,0.01333489,-0.00780941,5.475014,0.1659449,2.934032
-0.599669,-0.005552797,0.004901198,5.47502,0.1212893,2.978883
-0.3084628,-0.04028599,0.02580479,7.64919,0.1217009,2.654795
-0.2806281,-0.0002209299,0.002865208,7.650022,0.2388707,2.858379
-0.506031,-0.01037672,-0.00059586,6.150001,0.2461132,0.045248
-0.5421363,-0.0439252,-0.01202924,6.048996,0.3525192,0.04269517
-0.520029,-0.01761573,0.00109158,6.151004,0.3525164,0.04269452
-0.5331568,0.001549512,-0.001815588,6.050021,0.2387482,0.1415798
-0.5115621,-0.04156519,0.01404368,6.149978,0.2387433,0.1415786
-0.4989303,-0.05919141,-0.01172486,6.050189,0.3404153,0.138029
-0.4849373,-0.0307239,0.01696674,6.149809,0.3404032,0.1380254
-0.4749716,-0.009676589,-0.0001373854,6.350001,0.2461133,0.04524659
-0.5099651,-0.04524143,-0.01207122,6.248995,0.3525155,0.04269372
-0.4876291,-0.0188502,0.001061566,6.351004,0.3525167,0.04269169
-0.5003389,0.001221725,-0.00204595,6.250021,0.2387418,0.1415772
-0.4783071,-0.04150611,0.01413702,6.349979,0.2387443,0.1415737
-0.4685044,-0.05933106,-0.01101534,6.25019,0.3403984,0.1380226
-0.4540836,-0.03052516,0.01773404,6.349809,0.3403981,0.1380176
-0.6108536,-0.003488159,-0.09771902,5.450075,0.1380568,0.2431391
-0.5898693,-0.01144859,0.07445277,5.549928,0.1380615,0.2431334
-0.6717153,-0.04176135,-0.02276466,5.449191,0.1216985,0.3452036
-0.6605827,0.02483082,0.02404535,5.55081,0.121699,0.3452024
-0.582745,-0.003239796,-0.09983081,5.650072,0.1380591,0.2431308
-0.5614684,-0.01164819,0.07547415,5.749927,0.1380547,0.24313
-0.641569,-0.04251931,-0.02377596,5.64919,0.1216982,0.3452015
-0.6292637,0.02535001,0.02365109,5.750809,0.1216969,0.3452009
-0.5526964,-0.00302126,-0.1016552,5.850069,0.138045,0.2431332
-0.5316434,-0.01190188,0.07636085,5.949927,0.1380359,0.2431368
-0.6096342,-0.04316527,-0.02466609,5.849189,0.121695,0.345201
-0.5964318,0.02591429,0.02328618,5.950809,0.1216932,0.3452012
-0.5211374,-0.002698439,-0.1021258,6.050072,0.1380335,0.2431374
-0.5007018,-0.01201399,0.07698398,6.149927,0.1380326,0.2431375
-0.5764613,-0.04365352,-0.02544522,6.04919,0.1216926,0.3452013
-0.5625321,0.02647604,0.02291641,6.15081,0.1216924,0.3452013
-0.48907,-0.002375274,-0.1019885,6.250073,0.1380325,0.2431373
-0.4691019,-0.01208822,0.07720978,6.349928,0.1380338,0.2431364
-0.5425184,-0.04397628,-0.02609925,6.24919,0.1216924,0.3452012
-0.5280256,0.02697455,0.02250939,6.35081,0.1216927,0.345201
-0.4570182,-0.002057954,-0.1016341,6.450075,0.1380411,0.2431323
-0.4373518,-0.01209567,0.07708649,6.549928,0.1380487,0.2431281
-0.5082038,-0.04411476,-0.02659037,6.449191,0.1216939,0.3452005
-0.4932938,0.02737619,0.02203207,6.55081,0.1216952,0.3452
-0.4251555,-0.001699409,-0.1009068,6.650072,0.13805,0.2431274
-0.4058367,-0.01202638,0.07672459,6.749927,0.1380494,0.2431279
-0.4738416,-0.04405267,-0.02693303,6.64919,0.1216956,0.3451999
-0.4586508,0.0276423,0.02147727,6.75081,0.1216954,0.3452
-0.3936116,-0.001301542,-0.09959445,6.85007,0.1380437,0.2431313
-0.3747751,-0.01184751,0.07612965,6.94993,0.1380444,0.2431313
-0.4397077,-0.04376357,-0.02707893,6.84919,0.1216946,0.3452004
-0.4243143,0.02774003,0.02084944,6.95081,0.1216948,0.3452004
-0.3625581,-0.0009174775,-0.09764188,7.050073,0.1380514,0.2431282
-0.3442437,-0.01150269,0.07497878,7.149928,0.1380542,0.2431281
-0.4059822,-0.04324132,-0.02704554,7.049191,0.121696,0.3452002
-0.3904558,0.0276455,0.02009833,7.15081,0.1216967,0.3452004
-0.3142965,-0.01090223,0.07302429,7.349928,0.1380586,0.2431314
-0.3572227,0.02732107,0.01922219,7.35081,0.1216981,0.3452017
-0.3321907,-0.0005657722,-0.09529674,7.250073,0.1380566,0.243129
-0.3728181,-0.04247057,-0.02682666,7.249191,0.1216974,0.3452008
-0.6717006,-0.04178125,0.02281371,5.44919,0.1216973,2.65479
-0.660594,0.02481318,-0.02399363,5.55081,0.1216965,2.654795
-0.6106196,-0.003519722,0.09797979,5.450071,0.1380502,2.756848
-0.5898993,-0.01142062,-0.07439303,5.549927,0.1380473,2.756857
-0.6415409,-0.04252406,0.02377578,5.64919,0.1216963,2.654797
-0.6292413,0.02534992,-0.02364719,5.750809,0.1216957,2.654798
-0.582517,-0.003285091,0.09994141,5.650074,0.1380493,2.756863
-0.5614196,-0.01165381,-0.07549861,5.749925,0.1380475,2.756865
-0.6096045,-0.04316541,0.02465102,5.849191,0.1216954,2.654799
-0.596399,0.02592039,-0.02328827,5.95081,0.1216959,2.654799
-0.552458,-0.00300012,0.1015052,5.850075,0.1380465,2.756866
-0.531596,-0.01188966,-0.07635576,5.949928,0.1380508,2.75687
-0.576428,-0.04365699,0.02545225,6.04919,0.1216959,2.6548
-0.5625032,0.02647876,-0.02291264,6.15081,0.1216958,2.6548
-0.5209906,-0.002675847,0.1019992,6.050072,0.1380509,2.75687
-0.5006435,-0.01199984,-0.07698562,6.149928,0.1380505,2.756871
-0.54249,-0.04398009,0.02610698,6.24919,0.1216957,2.6548
-0.5280021,0.02697701,-0.02250303,6.35081,0.1216957,2.6548
-0.4889838,-0.002346599,0.1018813,6.250072,0.1380503,2.756871
-0.4690642,-0.01207082,-0.0772069,6.349928,0.1380501,2.756871
-0.5081787,-0.04411882,0.02660039,6.44919,0.1216957,2.6548
-0.4932765,0.02737538,-0.02203171,6.55081,0.1216957,2.6548
-0.4569743,-0.002036808,0.1015953,6.450072,0.13805,2.756871
-0.4373124,-0.01209602,-0.07709352,6.549928,0.13805,2.756871
-0.4738219,-0.04405396,0.02692841,6.64919,0.1216957,2.6548
-0.4586316,0.02764324,-0.02148367,6.75081,0.1216957,2.6548
-0.4251013,-0.001682545,0.1008778,6.650072,0.13805,2.756871
-0.405797,-0.01202871,-0.07674026,6.749927,0.13805,2.756871
-0.439686,-0.04376507,0.02707792,6.84919,0.1216955,2.6548
-0.424293,0.02774467,-0.02084864,6.950809,0.1216947,2.654799
-0.393542,-0.001286797,0.09951219,6.850072,0.1380493,2.75687
-0.3747256,-0.01183875,-0.07616541,6.949925,0.1380441,2.756867
-0.4059694,-0.0432381,0.02703,7.049191,0.1216947,2.654799
-0.3904421,0.02764903,-0.0201123,7.15081,0.1216952,2.654799
-0.36251,-0.0008837914,0.09756895,7.050075,0.138044,2.756866
-0.3442422,-0.01151142,-0.07505675,7.149926,0.1380457,2.756866
-0.3143178,-0.01091727,-0.07305488,7.349929,0.1380589,2.756868
-0.3728137,-0.04246619,0.02680624,7.249191,0.1216962,2.654798
-0.3321647,-0.0005392964,0.0952518,7.250075,0.1380494,2.756866
-0.57649,-0.04060304,-0.01377735,5.749976,0.2387947,2.858413
-0.5573321,-0.0570346,0.01309463,5.650185,0.3405171,2.861942
-0.544961,-0.02928084,-0.01544335,5.749809,0.3404885,2.861962
-0.5837812,-0.03732558,0.006679264,5.65,0.2461297,2.954739
-0.5670725,-0.01103214,0.001105999,5.749999,0.2461245,2.954743
-0.6042724,-0.04039164,0.01188941,5.648991,0.3525535,2.957302
-0.583554,-0.01475902,-0.001076761,5.751006,0.3525462,2.957308
-0.5443716,-0.04124145,-0.01392599,5.949979,0.2387831,2.858434
-0.5286967,-0.05853926,0.01247974,5.850187,0.3404688,2.861977
-0.5153418,-0.03030935,-0.0162572,5.949808,0.3404583,2.861995
-0.553614,-0.03826785,0.006805221,5.85,0.2461211,2.954746
-0.5368225,-0.01089401,0.0009381153,5.950004,0.2461122,2.954742
-0.5735821,-0.04229131,0.01207724,5.848992,0.3525417,2.957313
-0.5520082,-0.01628096,-0.001144652,5.951004,0.3525452,2.957323
-0.5115283,-0.04155337,-0.01405745,6.149979,0.238777,2.858441
-0.4988631,-0.05922287,0.01173064,6.05019,0.3404487,2.862003
-0.4848776,-0.03077354,-0.01693924,6.149808,0.3404385,2.862008
-0.5225402,-0.03875246,0.006799464,6.049996,0.2461109,2.954743
-0.5060523,-0.01045497,0.0006097722,6.150004,0.24611,2.954744
-0.5420474,-0.04389926,0.01205671,6.048995,0.3525437,2.957325
-0.5199697,-0.01757279,-0.001074219,6.151004,0.3525417,2.957327
-0.478297,-0.0414971,-0.01415092,6.349979,0.2387734,2.858442
-0.4684441,-0.0593717,0.01103168,6.250191,0.3404331,2.86201
-0.4540245,-0.03058268,-0.01770231,6.349808,0.3404285,2.862012
-0.4910478,-0.03904295,0.006681932,6.249996,0.2461095,2.954744
-0.474994,-0.009790412,0.000160665,6.350004,0.2461092,2.954744
-0.5098739,-0.04522425,0.01210479,6.248995,0.3525405,2.957327
-0.4875905,-0.01880588,-0.001045903,6.351005,0.3525395,2.957328
-0.4452078,-0.04094345,-0.01432361,6.54998,0.2387728,2.858442
-0.4377954,-0.05892213,0.0102889,6.450192,0.3404269,2.862012
-0.4231173,-0.02991495,-0.01844226,6.549809,0.3404269,2.862012
-0.4595185,-0.03923028,0.006507166,6.449996,0.246109,2.954744
-0.4438761,-0.008945026,-0.0004251087,6.550004,0.246109,2.954744
-0.4776073,-0.04632724,0.01211163,6.448995,0.3525392,2.957328
-0.4551561,-0.02028496,-0.0008492082,6.551005,0.3525392,2.957328
-0.4125856,-0.04019936,-0.01430958,6.74998,0.238774,2.858441
-0.4072835,-0.05810939,0.009752783,6.650193,0.3404281,2.862011
-0.3923053,-0.02903448,-0.01870542,6.749809,0.3404319,2.862009
-0.4278438,-0.03918863,0.006372479,6.649996,0.2461091,2.954744
-0.4126807,-0.007868809,-0.001046681,6.750004,0.2461093,2.954744
-0.44522,-0.04708328,0.01208164,6.648995,0.3525395,2.957328
-0.4226351,-0.02128155,-0.0006717204,6.751005,0.35254,2.957327
-0.3804541,-0.03932679,-0.01406575,6.949977,0.2387717,2.85843
-0.3770798,-0.0571283,0.009519729,6.850193,0.3404345,2.862005
-0.3619184,-0.02830804,-0.01867831,6.949812,0.3404357,2.861993
-0.3964872,-0.03898403,0.006254252,6.849996,0.2461097,2.954743
-0.3820991,-0.007325821,-0.001431011,6.949999,0.2461169,2.954749
-0.4125321,-0.04706861,0.01214189,6.848996,0.3525396,2.957325
-0.3899358,-0.02187624,-0.0006866919,6.951008,0.3525336,2.957317
-0.3491172,-0.03831435,-0.01374095,7.149979,0.2387847,2.85842
-0.3472708,-0.05592308,0.0091396,7.050192,0.3404457,2.861985
-0.3320905,-0.02762221,-0.01838082,7.149814,0.3404676,2.861976
-0.3655074,-0.03893447,0.006309342,7.050001,0.2461183,2.954748
-0.3516054,-0.0071305,-0.001639494,7.15,0.2461211,2.954746
-0.3803448,-0.0469337,0.0120279,7.048994,0.3525352,2.957315
-0.3578921,-0.02216284,-0.0006753524,7.151008,0.3525406,2.957312
-0.3030061,-0.02705848,-0.01804293,7.349815,0.3405377,2.861957
-0.3265167,-0.02243983,-0.0007888541,7.351005,0.3525669,2.957312
-0.3217452,-0.006946182,-0.001897761,7.350003,0.2461367,2.954737
-0.3403742,0.0006842645,0.003093874,7.250025,0.2388011,2.858415
-0.3180598,-0.05460969,0.008675116,7.250192,0.3404951,2.861966
-0.3352033,-0.03813837,0.006149701,7.250001,0.2461266,2.954744
-0.3488524,-0.04629958,0.0117232,7.248994,0.352549,2.95731
-0.6671675,-0.005315828,-0.003140924,5.37502,0.1212917,0.02111428
-0.6484203,-0.01794995,-0.00891312,5.375011,0.1659306,0.06597593
-0.7126599,-0.004662015,-0.003123327,5.375542,0.120098,0.07052181
-0.5768258,0.005780976,0.04145985,5.924458,0.1200922,0.07051661
-0.5747836,-0.005967439,-0.003061121,5.97502,0.1212892,0.02111195
-0.5790811,0.01519382,0.004104336,5.92445,0.1710811,0.0200056
-0.5624252,-0.01418945,0.001490331,5.97501,0.1659086,0.06595839
-0.6203235,-0.004098833,0.00649587,5.975542,0.1200915,0.07051612
-0.5297569,0.02051084,0.04080328,5.924987,0.1659161,0.06596166
-0.5564992,-0.007341755,-0.005298309,5.92498,0.121289,0.02111214
-0.5044072,-0.007096091,-0.004318266,6.075542,0.1200923,0.07051662
-0.5389083,-0.006480628,-0.006046096,6.02498,0.1212892,0.02111194
-0.5126874,0.007926685,0.001941311,6.07555,0.1710809,0.02000545
-0.5328045,-0.05142215,-0.07659337,6.02499,0.1659085,0.06595832
-0.573456,-0.01834819,-0.05449087,6.024458,0.1200915,0.07051612
-0.4820535,0.00715014,-0.001374944,6.075012,0.1659155,0.06596139
-0.508774,-0.003766677,-0.004019004,6.07502,0.121289,0.02111209
-0.5428755,0.006070496,0.03862718,6.124458,0.1200923,0.07051661
-0.5423141,-0.005991835,-0.002876255,6.17502,0.1212892,0.02111193
-0.5441771,0.01460014,0.004367453,6.12445,0.1710809,0.02000544
-0.5309389,-0.0125172,0.005514024,6.17501,0.1659079,0.06595814
-0.5863055,-0.003811827,0.009908956,6.175542,0.1200915,0.07051608
-0.4964893,0.02042949,0.04068666,6.124988,0.1659154,0.06596135
-0.5226858,-0.006902669,-0.005210915,6.12498,0.121289,0.02111209
-0.471602,-0.006848882,-0.007496283,6.275542,0.1200923,0.07051657
-0.5080776,-0.006451352,-0.005923156,6.22498,0.1212892,0.02111193
-0.4794064,0.007127392,0.002419476,6.27555,0.1710809,0.02000541
-0.5025923,-0.05189088,-0.0757298,6.22499,0.1659079,0.0659581
-0.5428385,-0.01785324,-0.05412199,6.224458,0.1200914,0.07051607
-0.4507321,0.004963743,-0.003815964,6.275012,0.1659152,0.06596117
-0.4754058,-0.003162397,-0.00416537,6.27502,0.121289,0.02111208
-0.508853,0.006358284,0.03503923,6.324458,0.1200922,0.07051654
-0.5095799,-0.00589771,-0.002604201,6.37502,0.1212892,0.02111194
-0.5085932,0.01414249,0.004685147,6.32445,0.1710809,0.02000541
-0.4988181,-0.01087942,0.009547178,6.37501,0.1659075,0.06595782
-0.551411,-0.003528858,0.01338398,6.375542,0.1200911,0.07051594
-0.4629163,0.02021223,0.04041853,6.324988,0.1659151,0.0659611
-0.4885001,-0.005359727,-0.004267072,6.32498,0.1212889,0.02111208
-0.344836,-0.0009926243,0.02214041,7.575541,0.1200866,0.07052263
-0.335822,0.0005202452,0.0003871933,7.575552,0.1710878,0.02001556
-0.3102933,-0.001230433,0.02425292,7.575012,0.1659422,0.0659598
-0.3073434,0.004998675,0.0148505,7.524456,0.1200923,0.07052029
-0.3001545,0.01091955,0.002804305,7.524452,0.1710864,0.02001121
-0.2687457,0.02082388,0.03897152,7.524988,0.1659395,0.06596632
-0.2923002,0.00266514,-0.002167219,7.52498,0.1212895,0.02111508
-0.6419707,0.005464508,-0.04542645,5.524461,0.12009,2.929478
-0.6215733,-0.01701394,0.005757879,5.57501,0.165922,2.934035
-0.6380184,-0.005652133,0.003195902,5.57502,0.1212901,2.978887
-0.6450881,0.01607637,-0.00386148,5.524447,0.1710856,2.979987
-0.6837667,-0.004629099,1.468134e-05,5.575542,0.1200938,2.929482
-0.5929416,0.02065743,-0.04076331,5.524985,0.1659403,2.934035
-0.6211659,-0.007232019,0.004872818,5.52498,0.1212886,2.978884
-0.5689263,-0.006874236,-0.003181226,5.675538,0.1200838,2.92948
-0.5903704,-0.04881988,0.07658793,5.624989,0.1659146,2.934036
-0.5986482,-0.006592471,0.006011379,5.62498,0.1212896,2.978887
-0.5782653,0.008642111,0.000702581,5.675553,0.1710798,2.979988
-0.6320674,-0.01893658,0.05367314,5.624457,0.1200919,2.929482
-0.5427655,0.01135589,-0.004932011,5.675013,0.165911,2.934035
-0.5715403,-0.005295031,0.004589733,5.67502,0.121287,2.978885
-0.6099667,0.005554806,-0.04377182,5.724462,0.1200833,2.92948
-0.5927207,-0.01570584,0.002286041,5.77501,0.1659078,2.93404
-0.6068889,-0.005848688,0.003151706,5.77502,0.1212889,2.978888
-0.6128356,0.01555797,-0.003883655,5.724447,0.1710793,2.979988
-0.6529465,-0.004343915,-0.003130472,5.775542,0.12009,2.929484
-0.5622605,0.02044879,-0.04071144,5.724987,0.1659092,2.934036
-0.589715,-0.007606017,0.005359224,5.72498,0.1212868,2.978885
-0.3409488,-0.006184422,0.01494285,7.075538,0.1200825,2.929481
-0.3791807,-0.04963097,0.06813322,7.02499,0.1659055,2.934041
-0.3850064,-0.006088412,0.004511499,7.02498,0.1212888,2.978888
-0.3503183,0.001931858,-0.0002112825,7.075553,0.1710785,2.979989
-0.4169609,-0.01583569,0.04888142,7.024458,0.1200895,2.929484
-0.3260389,-0.00412252,0.01101048,7.075013,0.1659058,2.934038
-0.3468395,-0.001936734,0.004458946,7.07502,0.1212866,2.978885
-0.3737256,0.005429574,-0.01925414,7.124462,0.1200826,2.929481
-0.3707896,-0.003228096,-0.02165431,7.175011,0.1659073,2.93404
-0.380408,-0.004873036,0.001524941,7.17502,0.1212889,2.978888
-0.3679023,0.01020201,-0.004350545,7.124447,0.1710786,2.979989
-0.411442,-0.002003338,-0.02146464,7.175542,0.1200899,2.929484
-0.3303449,0.01974011,-0.03950969,7.124987,0.1659063,2.934038
-0.3552652,0.0001553509,0.002051834,7.12498,0.1212866,2.978885
-0.3094716,-0.006380619,0.01608092,7.275538,0.1200825,2.929481
-0.3487947,-0.04832836,0.06491195,7.22499,0.1659082,2.93404
-0.3546025,-0.005894424,0.004162831,7.22498,0.1212889,2.978888
-0.3197041,0.001498855,0.0003353643,7.275553,0.1710796,2.979988
-0.3853207,-0.01541354,0.04708385,7.224458,0.12009,2.929484
-0.2960842,-0.006018705,0.012928,7.275013,0.1659099,2.934037
-0.3161664,-0.001705966,0.004314915,7.27502,0.1212866,2.978885
-0.3695973,0.0006042045,-5.924754e-05,7.375552,0.1710806,2.979985
-0.3401366,-0.00176708,-0.02312986,7.375011,0.1659063,2.93404
-0.3478138,-0.004718499,0.001479386,7.37502,0.1212859,2.978883
-0.3399872,0.005193883,-0.01691456,7.324459,0.1200778,2.929479
-0.3339384,0.00928645,-0.003411086,7.324449,0.1710793,2.979985
-0.2988232,0.02048223,-0.03974611,7.324988,0.165912,2.934039
-0.3239067,0.00128831,0.002067203,7.32498,0.1212856,2.978883
-0.5622014,-0.05042203,0.07681104,5.824989,0.1659068,2.93404
-0.5696015,-0.006568556,0.005979684,5.82498,0.1212889,2.978888
-0.5457775,0.008378974,-0.0007557117,5.875553,0.1710783,2.979989
-0.6032241,-0.01872619,0.05421014,5.824458,0.1200898,2.929484
-0.5413501,-0.004678956,0.004266793,5.87502,0.1212865,2.978885
-0.5368673,-0.007114267,0.0007369317,5.875538,0.1200822,2.929481
-0.5128722,0.009220669,-0.001602694,5.875013,0.1659053,2.934037
-0.5748663,-0.005964796,0.003043363,5.97502,0.1212883,2.978888
-0.5790834,0.0150758,-0.004038866,5.924447,0.1710774,2.979988
-0.5566143,-0.007605109,0.005551575,5.92498,0.1212864,2.978885
-0.5767045,0.005772678,-0.04170998,5.924461,0.1200812,2.929481
-0.5623304,-0.01417829,-0.001540705,5.975009,0.1658859,2.934032
-0.6203359,-0.004110776,-0.006448605,5.975542,0.1200862,2.929483
-0.5298161,0.0203672,-0.04067392,5.924987,0.1659005,2.934035
-0.5390345,-0.006502129,0.006009253,6.02498,0.1212883,2.978888
-0.5127262,0.007907229,-0.001874826,6.075553,0.171077,2.979988
-0.5089443,-0.003803107,0.004018609,6.07502,0.1212862,2.978885
-0.5042735,-0.007082533,0.004300239,6.075539,0.1200807,2.929481
-0.5327644,-0.05144654,0.07658273,6.024991,0.1658855,2.934032
-0.5733119,-0.01839518,0.05443713,6.024458,0.1200861,2.929483
-0.4820363,0.007146752,0.001301431,6.075013,0.1658987,2.934035
-0.5424572,-0.0059816,0.00283856,6.17502,0.1212882,2.978888
-0.5441876,0.01463602,-0.00434386,6.124447,0.171077,2.979988
-0.5227511,-0.006928367,0.005274354,6.12498,0.1212862,2.978885
-0.542821,0.006083313,-0.0387309,6.124461,0.1200807,2.929481
-0.5308862,-0.01254363,-0.005505742,6.175009,0.1658851,2.934032
-0.5862438,-0.003834926,-0.00997745,6.175542,0.1200861,2.929483
-0.4964746,0.02040524,-0.04068447,6.124987,0.1658987,2.934035
-0.5083256,-0.006490284,0.005851559,6.22498,0.1212882,2.978888
-0.4794579,0.006998764,-0.002289972,6.275553,0.1710769,2.979988
-0.4758132,-0.003329965,0.004151435,6.27502,0.1212862,2.978885
-0.4714071,-0.006883759,0.007445141,6.275539,0.1200807,2.929481
-0.5025398,-0.05185348,0.07570028,6.224991,0.165885,2.934032
-0.5427157,-0.01788911,0.05406388,6.224458,0.120086,2.929483
-0.4507929,0.004895454,0.003771878,6.275013,0.1658984,2.934035
-0.5096023,-0.00589067,0.002607024,6.37502,0.1212882,2.978888
-0.5086095,0.01402991,-0.004636496,6.324447,0.1710769,2.979988
-0.4884377,-0.005587846,0.004463191,6.32498,0.1212862,2.978885
-0.5086955,0.006388397,-0.03539789,6.324461,0.1200807,2.929481
-0.4987283,-0.01082045,-0.009583187,6.375009,0.1658849,2.934032
-0.5514736,-0.0035341,-0.01332355,6.375542,0.120086,2.929483
-0.4629572,0.02008344,-0.04026091,6.324987,0.1658984,2.934035
-0.4772287,-0.006420271,0.005675059,6.42498,0.1212882,2.978888
-0.446279,0.005900205,-0.002159724,6.475553,0.1710769,2.979988
-0.4418904,-0.002718687,0.004558928,6.47502,0.1212862,2.978885
-0.4387439,-0.006410131,0.01037162,6.475539,0.1200807,2.929481
-0.4719648,-0.05190633,0.07434773,6.424991,0.1658849,2.934032
-0.5117803,-0.01732827,0.05327241,6.424458,0.120086,2.929483
-0.4193074,0.002682053,0.005922322,6.475013,0.1658983,2.934035
-0.4772898,-0.005650198,0.002290667,6.57502,0.1212882,2.978888
-0.472706,0.01379105,-0.00507173,6.524447,0.1710769,2.979988
-0.4540845,-0.003673025,0.003317829,6.52498,0.1212862,2.978885
-0.4750615,0.006593543,-0.03070092,6.524461,0.1200807,2.929481
-0.4662032,-0.009062819,-0.01344273,6.575009,0.1658849,2.934032
-0.5159466,-0.003160855,-0.01637216,6.575542,0.120086,2.929483
-0.4292955,0.01977427,-0.03983952,6.524987,0.1658983,2.934035
-0.4461146,-0.006322735,0.005402489,6.62498,0.1212882,2.978888
-0.4135763,0.004734055,-0.001627515,6.675553,0.1710769,2.979988
-0.4088364,-0.002220422,0.004855027,6.67502,0.1212862,2.978885
-0.4059093,-0.006143034,0.01266036,6.675539,0.1200807,2.929481
-0.4409501,-0.05143084,0.07271127,6.624991,0.1658849,2.934032
-0.4805087,-0.01677551,0.05223574,6.624458,0.120086,2.929483
-0.387588,0.0004930399,0.007872293,6.675013,0.1658983,2.934035
-0.4448978,-0.005388238,0.001982752,6.77502,0.1212882,2.978888
-0.4371914,0.01325548,-0.005270116,6.724447,0.1710769,2.979988
-0.4203844,-0.001985348,0.00253628,6.72498,0.1212862,2.978885
-0.4419362,0.006264941,-0.02525508,6.724461,0.1200807,2.929481
-0.4340448,-0.007306219,-0.01664376,6.775009,0.165885,2.934032
-0.4805201,-0.002667096,-0.01871297,6.775542,0.120086,2.929483
-0.3957527,0.01978897,-0.03985878,6.724987,0.1658984,2.934035
-0.4153115,-0.006213005,0.005009881,6.82498,0.1212883,2.978888
-0.3815864,0.003379049,-0.001015074,6.875553,0.1710772,2.979989
-0.3772709,-0.001998523,0.004739425,6.87502,0.1212863,2.978885
-0.3731605,-0.006138569,0.01390233,6.875539,0.120081,2.929481
-0.4099817,-0.05074888,0.0708253,6.824991,0.1658852,2.934033
-0.4488149,-0.01626247,0.05078419,6.824458,0.1200861,2.929483
-0.3565307,-0.001934217,0.009686992,6.875013,0.1658996,2.934036
-0.4022248,-0.005257499,-0.0194394,6.97501,0.165905,2.934041
-0.4126388,-0.005123557,0.001707343,6.97502,0.1212888,2.978888
-0.4022953,0.01189341,-0.005064218,6.924447,0.1710779,2.979989
-0.4456618,-0.002286386,-0.02042923,6.975542,0.1200894,2.929484
-0.3875322,-0.0008082227,0.002091717,6.92498,0.1212865,2.978885
-0.4079961,0.005751592,-0.02163929,6.924462,0.1200819,2.929481
-0.3627316,0.01975242,-0.03974097,6.924987,0.165904,2.934038
-0.2764426,-0.03594118,-0.005496786,7.650002,0.2461533,0.04526776
-0.2879057,-0.04477741,-0.01093028,7.648997,0.3525619,0.04271823
-0.2620147,-0.05129728,-0.007125672,7.650194,0.3405644,0.1381054
-0.280579,-0.0001816508,-0.002857355,7.650021,0.2388459,0.1416409
-0.2851346,-0.0102796,0.07042971,7.549928,0.1380519,0.2431436
-0.3026365,-0.0003160274,-0.09270498,7.45007,0.1380553,0.2431376
-0.3403043,-0.0414701,-0.02642463,7.44919,0.1216981,0.3452031
-0.324713,0.02673886,0.01821541,7.55081,0.121698,0.3452043
-0.2738348,-9.482066e-05,-0.08939546,7.650072,0.1380518,0.2431458
-0.3084585,-0.04028867,-0.02582362,7.64919,0.121698,0.345205
-0.2851467,-0.01027658,-0.07036449,7.549928,0.1380668,2.756863
-0.3402992,-0.04146812,0.02640786,7.449191,0.1216996,2.654797
-0.302628,-0.0003184273,0.09272424,7.450073,0.1380635,2.756866
-0.2747999,-0.02644169,-0.0178638,7.549817,0.3405951,2.861925
-0.2961692,-0.02368147,-0.0007901286,7.551006,0.3525848,2.957302
-0.292484,-0.006139854,-0.002572544,7.550003,0.2461343,2.954722
-0.31023,1.760311e-05,0.003051883,7.450022,0.2388468,2.858401
-0.2895624,-0.05302635,0.00794478,7.450194,0.3405704,2.861942
-0.31824,-0.04559642,0.01117876,7.448997,0.352577,2.957308
-0.3056752,-0.03692244,0.005797727,7.450003,0.2461332,2.954729
-0.2607387,0.0026088,-0.00128601,7.67555,0.1710885,0.0200108
-0.2543868,-0.0009519944,-0.004940985,7.67502,0.1212913,0.02111446
-0.2501176,-0.007099299,-0.01984843,7.675543,0.1200986,0.07052165
-0.2945435,-0.005351468,-0.003692937,7.62498,0.1212895,0.02111668
-0.3234939,-0.01399544,-0.04373784,7.624462,0.1200909,0.07052245
-0.3180537,-0.02327492,-0.0002040845,7.624446,0.1710887,0.02001416
-0.2894055,-0.04484419,-0.05746997,7.624988,0.1659412,0.0659653
-0.3493345,-0.02321598,0.0006835588,7.424446,0.171081,2.979987
-0.3188146,-0.04676386,0.061242,7.424989,0.1659036,2.934033
-0.3240581,-0.005594708,0.004043232,7.42498,0.1212872,2.978884
-0.2895877,0.002591627,0.0007038073,7.47555,0.1710815,2.97999
-0.2838746,-0.001033184,0.004856086,7.47502,0.1212893,2.978887
-0.2790937,-0.006761187,0.01855994,7.475543,0.1200907,2.92948
-0.2669639,-0.007583339,0.01553515,7.475012,0.1659069,2.93402
-0.3101826,-0.001245056,-0.02416394,7.575011,0.1659054,2.934017
-0.3166299,-0.004452911,0.001297886,7.57502,0.1212904,2.978886
-0.3002035,0.01087116,-0.002760662,7.52445,0.1710821,2.979989
-0.2924753,0.00274894,0.00212957,7.52498,0.1212898,2.978886
-0.3074353,0.005029049,-0.01485325,7.524458,0.1200924,2.929479
-0.344958,-0.0009632251,-0.02196641,7.575542,0.1200923,2.929478
-0.2685854,0.02096725,-0.03916387,7.524988,0.1659086,2.934016
-0.3179655,-0.02357513,0.0001592501,7.624451,0.1710854,2.979985
-0.2891249,-0.0449181,0.05747625,7.624991,0.1659131,2.93402
-0.2393313,-0.008527477,0.01615105,7.675013,0.1659293,2.934023
-0.2607985,0.00295077,0.001329771,7.675551,0.1710849,2.979981
-0.2537871,-0.0007202624,0.005102314,7.67502,0.1212878,2.978881
-0.2944926,-0.005352593,0.003737477,7.62498,0.1212897,2.978884
-0.3235632,-0.01400623,0.04406722,7.624456,0.120089,2.929477
-0.27388,-0.000106191,0.08950308,7.650072,0.1380675,2.75686
-0.2619485,-0.05126041,0.007032736,7.650195,0.3406035,2.861914
-0.2880678,-0.04482175,0.0108516,7.648998,0.3525881,2.957298
-0.2767136,-0.03589903,0.005427902,7.649996,0.2461494,2.954722
-0.1688114,-0.03235452,-0.0065156,8.450003,0.2461147,0.04524831
-0.1430637,-0.02885225,-0.006318582,8.650009,0.2461168,0.04524867
-0.1192753,-0.02659302,-0.006148864,8.850029,0.2461238,0.04525165
-0.09533034,-0.0240874,-0.00597193,9.050091,0.2461466,0.04526169
-0.07295441,-0.0233277,-0.004825537,9.250298,0.246227,0.04528491
-0.05032573,-0.01860679,-0.003793607,9.451133,0.2464667,0.04531388
-0.02942586,-0.01721185,-0.0009734171,9.654301,0.246532,0.04538298
-0.005513403,-0.01795923,4.145707e-05,9.854542,0.2485024,0.04551357
-0.1531943,-0.05135595,-0.002669448,8.500181,0.4960423,0.09342049
-0.1300631,-0.04942178,-0.00260108,8.700364,0.4961205,0.09345302
-0.1066376,-0.04859336,-0.002603105,8.900774,0.4963195,0.0935219
-0.08559574,-0.04648082,-0.002867478,9.101713,0.496777,0.09364309
-0.06156972,-0.04727922,-0.003230106,9.303831,0.4976991,0.09387071
-0.04178415,-0.04402435,-0.001466801,9.507859,0.4990338,0.09440479
-0.01925296,-0.04779547,-0.003923312,9.713492,0.4994613,0.09538159
-0.002127313,-0.04111365,-0.0009001515,9.856922,0.4513773,0.04256103
-0.1522487,-0.07142807,-0.0005600319,8.500348,0.6961512,0.08997236
-0.1289317,-0.06922739,-0.0005263858,8.700682,0.6962621,0.09001262
-0.105272,-0.06706003,-0.0006034594,8.901425,0.6965173,0.09009833
-0.08378682,-0.06608962,-0.0004853186,9.103083,0.6970217,0.09026649
-0.0604852,-0.06391447,-0.001298334,9.306501,0.6978819,0.09064091
-0.04094115,-0.0623231,0.0005489558,9.511669,0.6989503,0.09161261
-0.01962786,-0.06186665,-0.003226163,9.716183,0.6996231,0.09387508
0.002421909,-0.07011809,-0.0009465343,9.855421,0.6488659,0.04093263
-0.1492937,-0.09755989,2.39011e-05,8.500502,0.8971959,0.08847032
-0.1264851,-0.09422656,7.821177e-05,8.700952,0.8973001,0.08852229
-0.1028188,-0.09196896,4.699139e-05,8.901922,0.8975176,0.08863544
-0.08261869,-0.08878903,0.0005184119,9.104003,0.8978939,0.08886614
-0.0597234,-0.08745962,-0.0001879152,9.308044,0.8984499,0.08938171
-0.04126649,-0.08467089,0.0009921487,9.513582,0.8991035,0.09065918
-0.0161855,-0.08438515,0.0002319927,9.717395,0.8995996,0.09330379
0.005909795,-0.09559213,-0.001998401,9.855595,0.8487334,0.04081349
-0.1453204,-0.1197182,-8.166828e-05,8.500632,1.098275,0.08794643
-0.1221035,-0.1164885,-9.448527e-05,8.701159,1.098361,0.08800869
-0.09962396,-0.1116686,-7.141697e-05,8.902257,1.098525,0.08814402
-0.07876104,-0.1102303,8.696483e-05,9.104536,1.098782,0.08841665
-0.05621687,-0.1059326,-0.0002698529,9.30881,1.099123,0.08900595
-0.03921946,-0.103622,0.0003393843,9.514439,1.099492,0.0903876
-0.01465983,-0.1016917,-0.0001868497,9.717866,1.099788,0.09313309
0.008675526,-0.119743,-0.002720173,9.85566,1.048759,0.04079971
-0.1400846,-0.1446981,3.690849e-05,8.500731,1.29895,0.08773598
-0.1183348,-0.1387821,0.0001295095,8.701299,1.299016,0.08780583
-0.09605983,-0.1350793,7.865685e-05,8.90245,1.299133,0.08795626
-0.07681165,-0.1298974,0.0004389369,9.104787,1.299301,0.08825412
-0.0553641,-0.1277597,-8.79493e-05,9.309098,1.299511,0.08887948
-0.03954628,-0.1236273,0.0002498853,9.514694,1.299728,0.0902997
-0.01214797,-0.1193403,0.001418544,9.717979,1.29991,0.09307625
0.01121519,-0.1426329,-0.003059245,9.85567,1.248774,0.04079459
-0.1342802,-0.1667365,-2.890757e-05,8.500798,1.499347,0.08763584
-0.1124234,-0.1603764,-2.38443e-05,8.701379,1.499394,0.08771107
-0.0907036,-0.1541054,-1.63384e-05,8.902528,1.499475,0.08787232
-0.07190884,-0.1502256,1.200788e-05,9.104818,1.499576,0.08819334
-0.0502109,-0.1450469,-0.0003182479,9.309018,1.499689,0.08885644
-0.03561173,-0.1423609,-0.0001914274,9.514497,1.499826,0.0903084
-0.01088022,-0.1410116,-0.0001144037,9.717829,1.499981,0.09307263
0.01328894,-0.1643257,-0.003649659,9.85565,1.448781,0.04079263
-0.1270338,-0.1897051,1.500085e-05,8.500837,1.699587,0.08758461
-0.1059786,-0.1815873,1.929736e-05,8.701407,1.69962,0.08766431
-0.08536629,-0.1752381,5.560362e-05,8.902505,1.699673,0.08783615
-0.06780945,-0.1682886,0.0001322052,9.104635,1.699709,0.08819373
-0.04841194,-0.1644633,0.0003538532,9.308363,1.69955,0.08901005
-0.03622348,-0.1594884,0.0009059441,9.513408,1.699513,0.09058665
-0.007754573,-0.147076,0.005175198,9.717086,1.699914,0.09318314
0.01115115,-0.1837287,-0.00637964,9.855526,1.648795,0.04079003
-0.1180326,-0.2112155,-6.462394e-05,8.500853,1.899736,0.08755759
-0.09721525,-0.2018617,-7.923775e-05,8.701394,1.899758,0.08764141
-0.07749548,-0.1931415,-0.0002618896,8.902397,1.899792,0.08782661
-0.05992812,-0.1860637,-0.0002491424,9.104267,1.899777,0.08823688
-0.04116564,-0.1792598,-0.0002870448,9.307248,1.899279,0.08928661
-0.02617194,-0.1790868,0.003636736,9.510329,1.897686,0.09216675
-0.008652201,-0.1881918,-0.001658348,9.714535,1.899682,0.09327307
0.01798158,-0.195953,-0.001314587,9.855109,1.848315,0.0409948
-0.1075784,-0.232732,6.09939e-06,8.500853,2.099831,0.08754337
-0.08789348,-0.2215879,-3.003093e-05,8.701357,2.099845,0.08763099
-0.06942792,-0.2113795,1.823374e-05,8.902247,2.099867,0.08782963
-0.05436768,-0.2028855,3.997569e-08,9.103818,2.099838,0.08829343
-0.03835085,-0.1963977,0.001602373,9.30608,2.099327,0.08950392
-0.03010573,-0.1919494,0.005709763,9.508613,2.097596,0.09176321
-0.008290477,-0.1512528,0.01108063,9.655484,2.046734,0.04129476
0.004492221,-0.2171566,0.00289515,9.855024,2.047092,0.04225128
-0.09485392,-0.25316,-3.168126e-05,8.500845,2.299892,0.08753669
-0.07587361,-0.2399004,-5.156696e-05,8.701317,2.299902,0.08762692
-0.05899309,-0.2270548,-0.0001201685,8.902113,2.299916,0.08783505
-0.04467074,-0.2167533,5.684852e-05,9.103431,2.299905,0.08833888
-0.03231688,-0.2068041,0.0002041275,9.304994,2.299704,0.08971734
-0.02192179,-0.2002006,0.00220734,9.505499,2.299659,0.09303323
-0.01038772,-0.2131629,0.002251257,9.650123,2.248615,0.04221853
0.02963812,-0.2077467,0.005472502,9.832213,2.223596,0.01880413
-0.07990962,-0.2730402,-2.080913e-05,8.500833,2.499933,0.08753477
-0.06211181,-0.2572322,-5.529432e-05,8.701284,2.49994,0.08762648
-0.04666061,-0.2419203,-1.673682e-05,8.902023,2.49995,0.08783948
-0.03469468,-0.22947,-8.269914e-05,9.103189,2.499955,0.08836664
-0.02356975,-0.2187355,0.0001616366,9.304331,2.499958,0.08986354
-0.01601642,-0.2093585,0.0008190542,9.504399,2.499986,0.09330106
0.002186907,-0.2220041,-0.003114715,9.647883,2.449012,0.042618
0.01383377,-0.2446596,0.001477795,9.829071,2.424477,0.019981
-0.062006,-0.2918452,-8.306247e-05,8.500815,2.699961,0.08753756
-0.04522422,-0.2731706,-0.000143814,8.701254,2.699967,0.08763008
-0.031475,-0.2543395,-0.0001216222,8.901968,2.699974,0.08784473
-0.02168432,-0.2397589,-9.054348e-05,9.103073,2.699982,0.08837983
-0.01368074,-0.2260229,5.017884e-05,9.304115,2.699991,0.08989355
-0.009299203,-0.2167667,0.0004724769,9.504127,2.700004,0.0933457
0.007793892,-0.2284899,-0.003343485,9.64751,2.648999,0.04266476
0.01360075,-0.2537144,0.000462721,9.828927,2.624447,0.02001047
-0.03986787,-0.3100329,-0.0001626547,8.500788,2.899983,0.08754678
-0.02465841,-0.2876398,-0.0001171088,8.70122,2.899989,0.0876394
-0.0132649,-0.2647137,-8.861925e-05,8.901922,2.899994,0.08785393
-0.006427879,-0.247257,-8.125159e-05,9.103011,2.899999,0.08838955
-0.002303447,-0.2308302,2.09083e-05,9.304035,2.900002,0.08990496
-0.0005029629,-0.2203285,-4.834069e-05,9.504058,2.900005,0.09335752
0.01132231,-0.2312885,-0.004851182,9.647466,2.848995,0.04266973
0.01207407,-0.2599956,0.0005979202,9.828921,2.824448,0.02001362
-0.01313244,-0.3271329,-0.000247494,8.500748,3.100005,0.08756647
0.000105201,-0.3000071,-0.0002121562,8.701171,3.100012,0.0876591
0.008647851,-0.2717607,-0.0001962092,8.901865,3.100017,0.0878726
0.01190937,-0.2509669,-0.0001214892,9.102949,3.10002,0.08840628
0.01114156,-0.2314604,-0.0001521722,9.303976,3.100019,0.08991929
0.00970979,-0.2193109,-0.0005915855,9.504022,3.100015,0.09336881
0.01204927,-0.2325235,-0.006133662,9.64746,3.048996,0.04267081
0.0106346,-0.2594299,0.0003562661,9.828921,3.024448,0.02001363
0.0198087,-0.3431936,-0.0003767846,8.500688,3.300033,0.08760619
0.03028486,-0.309626,-0.0002864602,8.701096,3.300047,0.08769877
0.03540526,-0.2753082,-0.0002061683,8.901778,3.300056,0.08790946
0.03364648,-0.2501243,-0.0001358033,9.102856,3.300057,0.08843821
0.02736364,-0.2274803,-0.0002978014,9.303891,3.300051,0.08994557
0.02145256,-0.2133077,-0.001254515,9.503972,3.300036,0.09338936
0.01843652,-0.2276331,-0.007121603,9.647456,3.248998,0.04267204
0.01262702,-0.2548124,0.0006761457,9.828921,3.224448,0.02001359
0.06210252,-0.3581586,-0.0009240484,8.500603,3.500086,0.08768647
0.06793146,-0.3162373,-0.0006043785,8.700985,3.500118,0.08778016
0.06791567,-0.2735364,-0.0006094279,8.901639,3.500138,0.08798546
0.05984714,-0.2436698,-0.0004436663,9.102698,3.500139,0.08850389
0.04639417,-0.2174814,-0.000703232,9.303735,3.50012,0.08999862
0.03496339,-0.2013895,-0.002127145,9.503872,3.500085,0.09343143
0.02758647,-0.2173917,-0.007825748,9.647448,3.449001,0.04267486
0.01724877,-0.2421129,0.0003892863,9.82892,3.424448,0.02001344
0.1170196,-0.3707586,-0.001531584,8.500487,3.700204,0.08785922
0.1153444,-0.3156131,-0.0008746378,8.700825,3.700287,0.08795844
0.1083157,-0.2647191,-0.0003355501,8.901429,3.700337,0.08815365
0.08992232,-0.2289369,-0.0003035664,9.102435,3.700341,0.08865028
0.06794633,-0.1999946,-0.000582635,9.303439,3.700291,0.0901146
0.04955427,-0.1823912,-0.003052939,9.503654,3.700195,0.09352015
0.03586619,-0.1987643,-0.01014983,9.647427,3.649013,0.0426824
0.01834288,-0.2207992,-0.000373962,9.82892,3.624449,0.02001328
0.1948709,-0.3824491,-0.004016301,8.500299,3.9004,0.08831072
0.1752952,-0.3088444,-0.001624408,8.700603,3.900611,0.08843577
0.1550154,-0.2459838,-0.001853962,8.90113,3.900735,0.08861414
0.1240051,-0.2046563,-0.001022312,9.102021,3.900757,0.08906016
0.09139456,-0.1746181,-0.001486784,9.302909,3.900656,0.09043878
0.06495454,-0.1562206,-0.004897829,9.503189,3.900428,0.09374449
0.0469393,-0.1717496,-0.01169843,9.647369,3.849051,0.04270399
0.02256073,-0.1989741,-0.002935039,9.828919,3.824452,0.02001456
0.3047922,-0.3760423,-0.001486389,8.499815,4.100115,0.0897412
0.2548878,-0.2749046,0.001021587,8.700303,4.100562,0.08997906
0.21124,-0.2074162,0.003494688,8.900745,4.100863,0.09011185
0.160797,-0.1648931,0.001705579,9.101439,4.100952,0.09044825
0.1157356,-0.1373963,0.001881859,9.302151,4.100907,0.09157025
0.08107868,-0.1194375,-0.004370508,9.502414,4.100698,0.09451684
0.0573139,-0.1390718,-0.008649839,9.647228,4.049167,0.04279349
0.02558832,-0.1588398,-0.004098686,9.82891,4.024464,0.02002173
-0.1548042,-0.01216638,0.0006873439,8.500214,0.2492563,0.3097086
-0.1311058,-0.01187972,0.000855624,8.700446,0.2493754,0.3097992
-0.1078827,-0.01217477,0.0001082847,8.900837,0.2497636,0.3099908
-0.08621901,-0.01115339,0.001500044,9.100916,0.2512016,0.3100597
-0.06419573,-0.01054514,-0.0002986056,9.296607,0.256848,0.3079982
-0.04878609,-0.01250928,0.002840662,9.497126,0.2731316,0.3031019
-0.02563775,-0.02583177,-0.0002046776,9.710153,0.2911924,0.2945288
-0.002759552,-0.01690588,0.001157378,9.854443,0.2455901,0.2463497
-0.1549769,-0.04655392,-0.0004240597,8.500745,0.4640865,0.2905456
-0.131633,-0.04517277,-0.0003250977,8.701338,0.4644697,0.2906536
-0.1078669,-0.04351947,-0.0006953414,8.902422,0.4654924,0.2908665
-0.08696113,-0.04245317,-0.0003247771,9.104413,0.4680539,0.2911849
-0.06211938,-0.04331293,-0.001673266,9.308398,0.4738018,0.2917627
-0.04228532,-0.04122266,0.0002420353,9.517161,0.4857875,0.292963
-0.01238406,-0.04895575,-0.0006276865,9.72955,0.5038088,0.3008823
0.005501199,-0.04165887,0.001379237,9.858205,0.4483013,0.2426658
-0.152385,-0.06902107,-0.001457877,8.501452,0.6780577,0.2831801
-0.1286808,-0.06735858,-0.001209174,8.702523,0.6785793,0.2833216
-0.105148,-0.06490538,-0.001317595,8.904513,0.6797853,0.2836324
-0.08282823,-0.06496579,-0.0004931846,9.10834,0.6822258,0.284274
-0.05887638,-0.06223782,-0.00058882,9.315951,0.6866505,0.2857986
-0.04111243,-0.06291846,0.001091103,9.53033,0.6931817,0.2895351
-0.008969918,-0.0634351,-0.000495233,9.746377,0.7037405,0.3050807
0.01164896,-0.07078296,0.003594231,9.862561,0.6492235,0.2399195
-0.1492513,-0.09609647,0.0002615188,8.502169,0.8868728,0.2795021
-0.1263974,-0.09290706,0.0002899769,8.703676,0.8873789,0.2796922
-0.1026056,-0.09032335,0.0001511638,8.906413,0.8884314,0.2801253
-0.08199924,-0.08783384,0.0003229886,9.111497,0.8902625,0.2810612
-0.05734244,-0.08631589,0.0001858666,9.320959,0.8930232,0.28325
-0.03957738,-0.08513592,-0.00070356,9.536712,0.896344,0.288091
-0.00877773,-0.08373734,0.0001075731,9.752141,0.899213,0.3067552
-0.01163227,-0.08879193,-0.02639206,9.863407,0.8496957,0.2382465
-0.1453209,-0.1190049,-0.0003711756,8.502795,1.091964,0.277848
-0.1219574,-0.1158318,-0.00027712,8.704621,1.092389,0.2780821
-0.09921933,-0.1110575,-0.0001731329,8.907827,1.093199,0.2786115
-0.0781768,-0.1091833,-0.0002869111,9.113548,1.09446,0.2797346
-0.05457125,-0.1053457,0.0008996535,9.323675,1.096133,0.2822472
-0.03811024,-0.1042304,-0.0002881863,9.539538,1.097923,0.2874976
-0.008858009,-0.1025146,0.001068268,9.753684,1.099216,0.3065971
-0.01536708,-0.1034631,-0.03604433,9.863597,1.049912,0.2380654
-0.1400534,-0.1439654,4.925404e-05,8.503288,1.294989,0.2770596
-0.1180251,-0.1382749,-4.2146e-05,8.70531,1.295318,0.2773273
-0.09546038,-0.1341787,9.965102e-05,8.908756,1.295903,0.2779223
-0.07570264,-0.129583,-0.000106738,9.11472,1.296742,0.2791536
-0.0525232,-0.1264466,0.0008090173,9.32498,1.297771,0.2818167
-0.03704672,-0.1240517,-0.001400705,9.540623,1.298817,0.2872064
-0.007661323,-0.1213781,0.001679564,9.754097,1.299582,0.306381
-0.01748148,-0.1213342,-0.04151289,9.863628,1.250019,0.2380365
-0.1341894,-0.1663682,-0.0001091167,8.503642,1.496831,0.2766606
-0.1121889,-0.1599223,-0.0002253407,8.705764,1.497073,0.2769529
-0.09028479,-0.1538102,5.587384e-07,8.909297,1.49748,0.2775933
-0.07129342,-0.149435,-0.000462539,9.115294,1.498033,0.278896
-0.04900739,-0.1446658,0.0008960227,9.325478,1.49868,0.2816524
-0.03477361,-0.1428442,-0.000649304,9.54091,1.499326,0.287116
-0.006990512,-0.1394483,0.0008121042,9.75416,1.499812,0.3062895
-0.01925494,-0.137657,-0.04906864,9.863631,1.450058,0.2380382
-0.1269027,-0.1893234,1.03512e-05,8.503875,1.697976,0.2764512
-0.1055857,-0.1813478,-5.483829e-05,8.70603,1.698149,0.2767628
-0.08469984,-0.1745058,0.0001823553,8.909552,1.698426,0.2774417
-0.06667592,-0.1681811,-0.0002598789,9.115453,1.698787,0.2788158
-0.0460766,-0.1631415,0.0007815896,9.325445,1.699194,0.2816971
-0.0325745,-0.1602304,-0.001682122,9.540699,1.699598,0.2872921
-0.005034922,-0.1552014,0.004330094,9.754034,1.699926,0.3063698
-0.01850019,-0.1542611,-0.04500504,9.863613,1.650075,0.2380561
-0.1179162,-0.2110253,-0.000110831,8.50401,1.898701,0.2763402
-0.0970834,-0.201665,-0.0001710591,8.706155,1.89882,0.276669
-0.07725717,-0.192816,-0.000180328,8.909603,1.899006,0.2773875
-0.06017736,-0.1859632,-0.0005421024,9.115319,1.899239,0.2788581
-0.04148295,-0.1790666,-0.0004229573,9.32501,1.899487,0.28198
-0.02844567,-0.1771159,-0.001926601,9.540113,1.899719,0.2879959
-0.003515866,-0.1695727,-0.006111371,9.753811,1.899901,0.3069763
-0.01715651,-0.1679213,-0.06392734,9.863521,1.850116,0.2382216
-0.1074077,-0.2325375,9.899609e-06,8.504074,2.099165,0.2762833
-0.08752833,-0.2213429,-4.643689e-05,8.706187,2.099247,0.2766272
-0.06902624,-0.2108111,0.0002094011,8.909531,2.09937,0.2773841
-0.0534192,-0.2021971,-5.938837e-05,9.115015,2.09952,0.2789614
-0.03755746,-0.1946418,0.001144388,9.324301,2.099669,0.282386
-0.02461358,-0.1910073,-0.0001832098,9.538692,2.099768,0.2891728
-0.004787284,-0.1834912,0.00380176,9.752622,2.099977,0.3078871
-0.0119537,-0.1849161,-0.05681179,9.862998,2.050066,0.2392783
-0.09465619,-0.2530229,-5.132272e-05,8.504086,2.299467,0.2762579
-0.07559997,-0.2396899,-9.943569e-05,8.706162,2.299524,0.2766129
-0.05848171,-0.2268092,-3.06819e-05,8.909412,2.299606,0.2773985
-0.04423762,-0.2162957,-6.316034e-05,9.114694,2.299706,0.2790545
-0.03038685,-0.20656,0.0002395295,9.32361,2.299809,0.2826922
-0.02016365,-0.2015085,0.0009615905,9.537425,2.299902,0.2899537
-0.005057165,-0.1950591,0.001478992,9.751525,2.299985,0.3091006
-0.00759005,-0.2022445,-0.06208795,9.862328,2.249886,0.2416517
-0.07957511,-0.2729246,-3.392641e-05,8.504055,2.499669,0.2762539
-0.06162445,-0.2570884,-7.621163e-05,8.706102,2.499709,0.2766158
-0.0460925,-0.2416103,7.249649e-05,8.909289,2.499764,0.2774174
-0.0338949,-0.2291025,-7.091967e-05,9.114451,2.499829,0.2791125
-0.02263405,-0.2177613,0.0005346859,9.323171,2.499898,0.2828391
-0.01469355,-0.2116972,0.0003346691,9.536775,2.499964,0.2902615
-0.00391038,-0.2037632,-3.471855e-05,9.751041,2.500014,0.309549
-0.004290875,-0.2088398,-0.06666229,9.861995,2.450085,0.242933
-0.0614133,-0.2918158,-9.676534e-05,8.503983,2.699807,0.2762705
-0.04465767,-0.2729994,-0.0001680922,8.706005,2.699838,0.2766354
-0.03103026,-0.2540723,-9.248604e-05,8.909159,2.699876,0.2774429
-0.02117652,-0.23919,-9.18388e-05,9.11427,2.699917,0.2791507
-0.01316564,-0.2253286,0.0002228223,9.322932,2.699956,0.2829005
-0.008179033,-0.2182872,0.0001996896,9.536525,2.699988,0.2903465
-0.002223175,-0.2086736,-1.824717e-05,9.75091,2.700003,0.309621
-0.003756461,-0.2144527,-0.06961436,9.861954,2.650075,0.2431142
-0.03961878,-0.3100311,-0.0001693636,8.503856,2.899912,0.2763147
-0.02434063,-0.2874609,-0.0001415717,8.705853,2.89994,0.2766804
-0.01292158,-0.2644119,-0.0001190626,8.908985,2.899968,0.277487
-0.006069256,-0.2466294,-3.754382e-05,9.114085,2.899993,0.2791936
-0.001987795,-0.2300674,-7.207834e-05,9.322756,2.90001,0.2829416
-6.938466e-05,-0.2216656,0.0001539039,9.536402,2.900015,0.2903787
-0.0003415566,-0.2104341,0.0004512353,9.750867,2.900006,0.3096341
-0.003881162,-0.2169751,-0.07076465,9.86195,2.850071,0.2431267
-0.01291342,-0.3271523,-0.0002529275,8.503657,3.100003,0.2764057
0.0004075796,-0.2999156,-0.0002029659,8.705614,3.100038,0.2767703
0.009010983,-0.2714685,-0.0002719128,8.908719,3.100066,0.2775697
0.01204512,-0.2502522,-3.170662e-05,9.113818,3.100082,0.2792649
0.01128486,-0.230567,-0.0004916045,9.322529,3.100081,0.2829984
0.009197327,-0.2204423,0.0001646779,9.536267,3.100063,0.2904162
0.001898486,-0.20848,0.00102652,9.75083,3.100025,0.3096481
-0.004097337,-0.2158818,-0.07176548,9.861949,3.05007,0.243125
0.02010612,-0.343814,-0.0003028069,8.503356,3.300104,0.2765826
0.03066934,-0.3098614,-0.0002192506,8.705243,3.300161,0.2769448
0.03576287,-0.2751758,-0.0002928353,8.908292,3.300202,0.2777292
0.0334611,-0.2495162,2.212698e-05,9.113372,3.300215,0.2793996
0.02698496,-0.2265329,-0.0008395614,9.322138,3.300197,0.2831027
0.01954214,-0.2144509,1.477555e-05,9.536027,3.300154,0.2904898
0.004857785,-0.2016042,0.0009018832,9.750765,3.300081,0.309688
-0.003795882,-0.2103004,-0.07322328,9.861948,3.250071,0.2431203
0.06254228,-0.3591926,-0.0007107046,8.502924,3.500247,0.276922
0.0684051,-0.3166526,-0.0003118982,8.704686,3.500363,0.2772831
0.06819507,-0.2729853,-0.0006210303,8.907612,3.500443,0.2780394
0.05918745,-0.2427303,-0.0001461237,9.112612,3.500461,0.2796602
0.045297,-0.2160138,-0.001199005,9.321408,3.500411,0.2833027
0.03135892,-0.2023049,-0.0003403255,9.535531,3.500324,0.2906376
0.008542633,-0.1884393,0.0006069246,9.750619,3.500212,0.3097954
-0.003096613,-0.1990952,-0.07455618,9.861944,3.450086,0.2431149
0.1173895,-0.3744265,-0.0008652903,8.502326,3.700486,0.2775866
0.1164944,-0.3169879,-0.0003448091,8.703892,3.700751,0.2779566
0.108322,-0.2653067,-0.0002549399,8.90658,3.700936,0.2786625
0.08881689,-0.2286774,0.0001283768,9.111339,3.700973,0.280184
0.06620137,-0.1992169,-0.001287729,9.320018,3.700841,0.2836928
0.04422831,-0.1838913,-0.0005625209,9.534409,3.70062,0.2909089
0.01183089,-0.1690087,0.0004295509,9.750208,3.700418,0.3100129
-0.002961119,-0.1820432,-0.07416672,9.861932,3.650147,0.2431244
0.1959694,-0.388707,-0.003331784,8.501525,3.900907,0.2789842
0.1777077,-0.3108617,-0.0008112097,8.702835,3.901547,0.279391
0.1553737,-0.2440973,-0.001692303,8.905122,3.901998,0.2800056
0.1243442,-0.2036114,-0.0005694143,9.109313,3.902109,0.2813279
0.08909027,-0.1719108,-0.001557707,9.317403,3.901779,0.2845191
0.05839624,-0.1566013,-0.002287832,9.531742,3.901111,0.2913686
0.0148505,-0.1419251,0.001561586,9.748733,3.900145,0.3101451
-0.00227135,-0.160064,-0.07092844,9.861867,3.850295,0.2432047
0.3033645,-0.3995588,-0.00449287,8.50042,4.101598,0.2822111
0.2626304,-0.2790226,-0.002100418,8.701533,4.103187,0.2826833
0.2144571,-0.2125524,0.0009973868,8.90329,4.104278,0.2831139
0.1604891,-0.165995,-0.0001026257,9.1064,4.10466,0.2840607
0.1134962,-0.1370713,-0.000384196,9.312818,4.104009,0.2865353
0.07389859,-0.121046,-0.001799014,9.525857,4.102216,0.2923539
0.01552476,-0.1108515,0.0001866653,9.742944,4.095191,0.3082802
-0.001493322,-0.1327735,-0.03877008,9.861488,4.050661,0.2438983
-0.1533483,-0.01375788,-0.002723612,8.500469,0.2106603,0.5124061
-0.1305075,-0.01341986,-0.002640505,8.700933,0.2109292,0.5125404
-0.1059777,-0.01356045,-0.001685965,8.90151,0.211864,0.5127543
-0.0860265,-0.01301881,-0.001708647,9.100481,0.2152093,0.512704
-0.06161245,-0.01216541,-0.002532162,9.290114,0.2258414,0.5119182
-0.04448325,-0.007509225,-2.368077e-05,9.493964,0.2551403,0.5042548
-0.02356902,-0.02389922,-0.0001399449,9.712378,0.2878366,0.4985906
-0.003038615,-0.01300036,0.0004883528,9.854591,0.2452071,0.4493344
-0.1548809,-0.03825578,0.001681995,8.501536,0.4279732,0.494363
-0.1313506,-0.03716392,0.001656252,8.702654,0.4288183,0.4945313
-0.1080044,-0.03601987,0.001222667,8.904528,0.4310932,0.4948484
-0.08644644,-0.03641667,0.001212078,9.107684,0.4368507,0.4952906
-0.06302871,-0.03693535,0.0006568095,9.313928,0.4498065,0.4960337
-0.04206928,-0.0412716,-0.0004325958,9.527066,0.4737739,0.497141
-0.007289782,-0.0438913,0.0002480407,9.745359,0.5063468,0.5038822
0.008285973,-0.03569728,0.006409822,9.861762,0.4459318,0.4481314
-0.1524871,-0.06711378,-0.001021355,8.503204,0.6517914,0.4888263
-0.1289309,-0.06500737,-0.0009076434,8.705352,0.6530287,0.4890619
-0.10523,-0.06313186,-0.0009663702,8.909101,0.655889,0.4895705
-0.08264092,-0.06199123,-0.0006308772,9.115973,0.6617419,0.4905694
-0.05895701,-0.06113517,-0.000390855,9.32907,0.6723077,0.4924815
-0.03524452,-0.0625852,-0.001722657,9.551505,0.6868267,0.4955147
-0.01159565,-0.0615997,0.002046539,9.77465,0.7100573,0.5113894
-0.1494904,-0.09287828,0.0001838468,8.504995,0.8696008,0.4846031
-0.1259827,-0.08990981,0.0002345552,8.708161,0.8708636,0.4849355
-0.1026623,-0.08721705,0.0001734382,8.9136,0.8734872,0.4856836
-0.08015579,-0.08555824,-4.90947e-05,9.12325,0.8781077,0.4872116
-0.05677602,-0.08409858,0.0003621305,9.340069,0.8849849,0.4900539
-0.03373408,-0.0844513,-0.002117226,9.56475,0.8927773,0.4944239
-0.01271039,-0.08341908,0.002568817,9.785357,0.8996146,0.5120497
-0.1452185,-0.1177814,-0.0002402478,8.506585,1.080922,0.4820499
-0.1218828,-0.1137422,-0.0002631809,8.710523,1.082006,0.482478
-0.09880102,-0.1100816,8.824794e-06,8.917067,1.084065,0.4834336
-0.07648124,-0.1072251,-0.0003873577,9.128163,1.087273,0.4853601
-0.05413757,-0.1049465,0.0007298372,9.346193,1.091478,0.4887753
-0.03091175,-0.1035978,-0.002075965,9.570676,1.095736,0.4938129
-0.01141956,-0.1025097,0.002139665,9.788747,1.098545,0.5120515
-0.1400335,-0.1423687,8.87582e-05,8.507847,1.287878,0.4806718
-0.117186,-0.1370599,-8.542503e-06,8.712275,1.288727,0.4811742
-0.09466341,-0.1325421,0.0001609533,8.919402,1.290226,0.4822729
-0.07321294,-0.1285223,-6.405598e-05,9.13105,1.292375,0.4844286
-0.05171556,-0.1251283,0.0008737934,9.349254,1.29498,0.4881286
-0.0299065,-0.1233151,-0.001569741,9.573051,1.29749,0.4934226
-0.01172684,-0.1202976,0.003542588,9.789707,1.299098,0.5118194
-0.1338111,-0.1655108,-4.98147e-05,8.508769,1.492231,0.4799208
-0.1112778,-0.1591103,-0.0001261604,8.713468,1.49286,0.4804772
-0.08951764,-0.153206,0.0001362299,8.920848,1.493909,0.4816714
-0.06880479,-0.148266,-0.0002910768,9.132633,1.495333,0.483965
-0.04843874,-0.1443825,0.001011922,9.3507,1.496982,0.4878186
-0.02752492,-0.1414684,-0.002040808,9.573978,1.49854,0.4932277
-0.009999326,-0.1400088,0.001792483,9.789993,1.499548,0.5116814
-0.1264089,-0.1885143,5.284346e-05,8.509393,1.694993,0.4795093
-0.1045839,-0.1806461,1.784869e-05,8.71422,1.695443,0.4801057
-0.0836972,-0.1734476,0.0002414538,8.92167,1.696161,0.4813695
-0.06426555,-0.167247,-5.95609e-05,9.133413,1.697101,0.4837641
-0.04510439,-0.1617075,0.00109584,9.351285,1.698159,0.4877337
-0.02661687,-0.1585344,-0.00145744,9.574275,1.699149,0.4932124
-0.01097461,-0.1532561,0.004167571,9.790072,1.699784,0.5116662
-0.1173777,-0.210524,-4.473085e-05,8.50978,1.896765,0.4792866
-0.09612712,-0.2010628,-9.348205e-05,8.714648,1.89708,0.4799147
-0.07630057,-0.1922272,-3.507403e-06,8.922074,1.897565,0.4812358
-0.05760105,-0.1848053,-0.0002402128,9.133698,1.898181,0.483725
-0.04030204,-0.1788921,0.0006619956,9.351376,1.898861,0.4878253
-0.02160629,-0.174289,-0.001393439,9.574241,1.899494,0.4933835
-0.008218883,-0.1719294,0.002108652,9.790067,1.899892,0.5117791
-0.1068203,-0.2320349,4.289892e-05,8.509987,2.097912,0.4791716
-0.08656774,-0.2207383,1.11113e-05,8.714849,2.09813,0.479825
-0.06791913,-0.2101756,0.0002088219,8.92221,2.098455,0.4811947
-0.0511318,-0.2012444,0.0001376454,9.133689,2.098858,0.4837727
-0.03541611,-0.1939916,0.001035499,9.351178,2.099293,0.4880126
-0.02020685,-0.1891255,0.000223909,9.573977,2.099697,0.4936663
-0.007504348,-0.1852284,0.002640292,9.789967,2.099958,0.5119883
-0.09409478,-0.2525544,-2.340698e-05,8.510055,2.298664,0.479122
-0.07473825,-0.239092,-6.728703e-05,8.714892,2.298815,0.4797939
-0.05754088,-0.2261659,4.214471e-05,8.922186,2.299031,0.4811987
-0.04241681,-0.2154465,-2.964272e-05,9.133542,2.299293,0.483842
-0.02908863,-0.2062247,0.0005203514,9.350879,2.299573,0.4881839
-0.01619469,-0.2001798,-0.0002779207,9.573636,2.299828,0.4939049
-0.005625974,-0.1942945,0.001961903,9.789815,2.299982,0.5121812
-0.07902342,-0.2724126,-2.546676e-05,8.510006,2.499165,0.4791184
-0.06084919,-0.2563984,-6.099295e-05,8.714812,2.499271,0.4798012
-0.04521268,-0.2408398,7.14956e-05,8.922057,2.499416,0.4812257
-0.03245209,-0.2279851,2.977853e-05,9.133342,2.499584,0.4839029
-0.02150788,-0.2171262,0.0005084798,9.350612,2.499757,0.4882919
-0.01176193,-0.2096179,-0.0001345457,9.573389,2.499907,0.4940333
-0.0040707,-0.2034197,0.001429444,9.789715,2.499989,0.5122779
-0.06090807,-0.2912465,-0.0001111513,8.509837,2.699511,0.4791593
-0.04401205,-0.2722068,-0.0001484362,8.714608,2.69959,0.4798468
-0.03030173,-0.2531759,-7.018833e-05,8.921822,2.699689,0.4812768
-0.02021172,-0.2379023,-5.375178e-05,9.133087,2.699794,0.4839622
-0.01233878,-0.2245862,0.0001954704,9.350371,2.699892,0.488359
-0.006523397,-0.2159291,1.215243e-05,9.573224,2.699965,0.4940897
-0.002034932,-0.2089717,0.0007485485,9.789662,2.699993,0.512304
-0.03915257,-0.3093561,-0.0001847115,8.509524,2.899766,0.4792607
-0.02384463,-0.2864971,-0.0001940491,8.714243,2.899836,0.4799471
-0.01234246,-0.2633223,-0.0001555406,8.921429,2.89991,0.4813706
-0.005695328,-0.2450458,-7.306246e-05,9.132709,2.899975,0.4840447
-0.001446086,-0.2290921,-7.624684e-05,9.350068,2.900019,0.4884254
-0.0004077638,-0.2188822,0.0002887905,9.573056,2.900031,0.4941291
0.0002274568,-0.2112096,-0.0003742273,9.789616,2.900012,0.5123129
-0.01251045,-0.32634,-0.000350154,8.509019,3.099979,0.4794627
0.0007260631,-0.2987837,-0.0003092761,8.713646,3.100061,0.4801425
0.00938464,-0.2701593,-0.0003497356,8.920778,3.100132,0.4815457
0.01178035,-0.2484133,-0.0001809688,9.13208,3.100173,0.484188
0.01146874,-0.2292946,-0.0004045812,9.349572,3.100177,0.4885305
0.006790051,-0.2174271,0.0005669618,9.572791,3.100138,0.4941901
0.003018187,-0.2088662,-0.001338346,9.789547,3.100067,0.5123329
0.02038908,-0.342793,-0.0004666814,8.508257,3.300193,0.4798415
0.03078171,-0.3084227,-0.0003866096,8.712711,3.300322,0.4805095
0.0358809,-0.2735578,-0.0004651027,8.919714,3.300418,0.4818723
0.03246425,-0.2473581,-0.0002475901,9.130998,3.300452,0.4844518
0.02669615,-0.2247492,-0.0007555561,9.34867,3.300419,0.4887233
0.0152011,-0.2112082,0.0007524801,9.572279,3.300331,0.4943119
0.006149155,-0.2014882,-0.002269261,9.789408,3.300207,0.5123949
0.06271669,-0.3577915,-0.0009434181,8.50716,3.500457,0.4805338
0.06828787,-0.3149738,-0.000524201,8.711305,3.500703,0.4811868
0.06794602,-0.2710932,-0.0008297713,8.918017,3.50088,0.4824773
0.05754386,-0.2403744,-0.0005092964,9.129137,3.500924,0.484939
0.04437497,-0.2141049,-0.0009593262,9.346969,3.50083,0.4890767
0.0251936,-0.1989019,0.0007699177,9.571202,3.500663,0.4945476
0.01015949,-0.1887553,-0.0025974,9.789083,3.500493,0.5125501
0.1171809,-0.3722086,-0.0009579799,8.505658,3.700842,0.481786
0.1159836,-0.3145514,-0.0004730081,8.709308,3.70137,0.4824286
0.1077117,-0.2628865,-0.0007026421,8.915431,3.701753,0.4835945
0.08619326,-0.2259811,-0.0004457791,9.126001,3.701834,0.4858353
0.06466771,-0.1964003,-0.001251569,9.343708,3.701574,0.4897072
0.03582684,-0.1806677,0.0008730307,9.568729,3.701154,0.4949421
0.01398547,-0.1686572,-0.003686983,9.788099,3.70076,0.5127908
0.1956715,-0.3841317,-0.002677879,8.503706,3.901429,0.4840768
0.1766281,-0.3080822,-0.0004906514,8.706687,3.902624,0.4847273
0.1542186,-0.2412816,-0.001641763,8.911779,3.903523,0.4856862
0.1217539,-0.2012095,-0.0008179209,9.120935,3.903737,0.4875127
0.08686563,-0.1698215,-0.0008382336,9.337481,3.90308,0.4908473
0.04993046,-0.1540336,0.0001991176,9.562771,3.901796,0.4954994
0.01872858,-0.1437743,-0.002723596,9.784677,3.899176,0.5127856
0.3009205,-0.3892069,-0.001177704,8.501284,4.102124,0.4881186
0.2606702,-0.2741397,-0.0003194241,8.703642,4.104775,0.4887261
0.2139265,-0.2088862,-5.531361e-05,8.907317,4.106822,0.4893218
0.1578393,-0.1634147,-0.0005653953,9.113794,4.107556,0.4904714
0.1120549,-0.133525,-0.0008057058,9.326565,4.106275,0.4928136
0.06382794,-0.1218264,0.0009565536,9.54953,4.103212,0.4964137
0.01914462,-0.1079914,-0.003513422,9.773769,4.087773,0.5120921
-0.15539,-0.01359351,0.0005534017,8.500708,0.197297,0.7006536
-0.1313181,-0.01269168,3.045505e-05,8.701375,0.1976773,0.700781
-0.1072941,-0.01291371,0.0003638283,8.902072,0.1989822,0.7009925
-0.08552657,-0.01099254,-0.0001536096,9.10038,0.203436,0.7011425
-0.0634619,-0.01031071,-3.220719e-05,9.289963,0.2149451,0.7006586
-0.04516544,-0.006256976,0.001250402,9.493036,0.2491686,0.6996151
-0.02446093,-0.02453753,-2.773376e-06,9.713534,0.2864853,0.6994629
-0.00233033,-0.01304854,4.849442e-05,9.854701,0.2450301,0.6498786
-0.1550154,-0.03750311,-7.019103e-05,8.50231,0.4047088,0.6961361
-0.1317983,-0.03662696,8.582078e-05,8.703894,0.4059901,0.6963031
-0.1077779,-0.03546686,-0.0001715361,8.906408,0.4093962,0.6966091
-0.08698635,-0.03660788,0.0001693049,9.110407,0.4178845,0.6970313
-0.06138142,-0.03778683,-0.0006578301,9.318166,0.4365083,0.697624
-0.04048477,-0.04040449,0.0002505418,9.532744,0.4675292,0.6983868
-0.005535177,-0.04527116,-0.0007799935,9.750972,0.5070947,0.6995632
0.01017729,-0.04019897,-0.0009226783,9.862552,0.4442866,0.6495606
-0.1525227,-0.06394721,-8.130502e-05,8.505036,0.6287931,0.6924361
-0.1286974,-0.06222102,6.801358e-05,8.708213,0.6308207,0.6927014
-0.1047536,-0.06032444,-0.0001229037,8.913541,0.6354536,0.6932496
-0.0817796,-0.06057589,0.0002072875,9.122943,0.6448834,0.6942335
-0.05765574,-0.05943759,-0.0002764773,9.339409,0.6612252,0.6956688
-0.03522556,-0.06203986,0.0007572599,9.563942,0.6821786,0.697483
-0.01084949,-0.06189665,-0.0002540732,9.785159,0.7101016,0.7005602
-0.1491342,-0.09141419,-0.0001011457,8.508179,0.8511419,0.6891741
-0.126022,-0.08851568,2.017012e-05,8.713065,0.8533678,0.6895748
-0.1015415,-0.08675174,-0.0001421371,8.92118,0.8579911,0.6904388
-0.07978911,-0.08488284,-4.7531e-05,9.134846,0.8660945,0.6919478
-0.05462055,-0.08472107,-0.0003776496,9.356061,0.8776366,0.6940273
-0.03359615,-0.08486381,-0.0001108217,9.582726,0.8898331,0.6967595
-0.009988084,-0.08460466,0.0001463624,9.796737,0.8996629,0.700996
-0.1450048,-0.1162701,-9.486189e-05,8.511082,1.067973,0.6865987
-0.1212987,-0.1127716,-7.472794e-05,8.717338,1.069968,0.6871409
-0.09783667,-0.108858,6.974057e-07,8.927389,1.073755,0.6882961
-0.07531607,-0.1071074,9.417215e-05,9.143313,1.079588,0.6902379
-0.05191236,-0.1038516,-5.486779e-05,9.365767,1.086897,0.6928873
-0.03007346,-0.1040123,8.56073e-05,9.591367,1.093767,0.6962516
-0.0116634,-0.1014636,-6.608185e-05,9.801228,1.097961,0.7008232
-0.1395106,-0.1416599,1.308998e-05,8.513418,1.279208,0.684906
-0.1166869,-0.1362254,5.688035e-05,8.720566,1.280798,0.6855684
-0.09346939,-0.132393,1.320954e-05,8.931647,1.283581,0.6869523
-0.07216044,-0.1280601,0.0002287327,9.148367,1.287515,0.6892114
-0.04941099,-0.1259843,1.186751e-05,9.370712,1.292096,0.6922256
-0.02950163,-0.1233793,6.784907e-05,9.594924,1.296221,0.6958911
-0.009607203,-0.1235978,0.0001348944,9.802568,1.298645,0.7005978
-0.133348,-0.164805,-6.92221e-05,8.515136,1.486477,0.6839193
-0.1105384,-0.158446,-8.727583e-05,8.722786,1.487662,0.6846693
-0.08835881,-0.1525953,1.516423e-05,8.934317,1.489618,0.686201
-0.06760679,-0.147842,2.610808e-05,9.151212,1.492238,0.6886517
-0.04619515,-0.1433501,-5.402935e-05,9.373182,1.495168,0.6918634
-0.02677259,-0.1415684,-9.222908e-05,9.596415,1.497756,0.6956835
-0.009834169,-0.1395484,-0.0002814241,9.802996,1.499299,0.7004606
-0.1258703,-0.1879513,2.258216e-05,8.516312,1.691197,0.6833543
-0.1037835,-0.1800457,1.178312e-05,8.724216,1.692046,0.6841656
-0.08247805,-0.1729125,0.0001125495,8.935906,1.693389,0.6857949
-0.06289987,-0.1667385,0.0001582712,9.152756,1.695127,0.6883678
-0.04287907,-0.1622639,0.0002348378,9.374389,1.697022,0.6916993
-0.02529967,-0.1586761,0.0002106726,9.597059,1.698675,0.6956035
-0.008372793,-0.1587377,0.0001612462,9.80316,1.699659,0.7004121
-0.1168171,-0.2099662,-5.668118e-05,8.517058,1.894273,0.683039
-0.09539064,-0.2004607,-9.316085e-05,8.725072,1.894868,0.6838939
-0.07517754,-0.1915183,-9.866283e-05,8.936788,1.895777,0.685592
-0.05663955,-0.1841733,-8.07896e-05,9.153533,1.896925,0.6882524
-0.03844572,-0.1776922,-0.0004332715,9.374925,1.898153,0.6916693
-0.02202034,-0.1745642,-0.0003327153,9.59731,1.899212,0.6956204
-0.007676648,-0.1713464,-0.001934457,9.803219,1.899834,0.7004228
-0.1062114,-0.2314494,8.704751e-06,8.517475,2.096288,0.6828735
-0.08571991,-0.2200402,-1.840943e-05,8.725523,2.096699,0.6837596
-0.06680474,-0.2092833,0.0001052572,8.937212,2.097308,0.6855071
-0.04993886,-0.2003209,0.0001121293,9.153852,2.098061,0.6882331
-0.03371742,-0.192825,0.0002127614,9.375091,2.098854,0.6917143
-0.01938489,-0.1883399,0.000146996,9.597353,2.099528,0.6956919
-0.006728036,-0.1861855,0.0002096414,9.803223,2.099917,0.7004663
-0.09348115,-0.2519648,-5.377738e-05,8.517635,2.297616,0.6828018
-0.07395685,-0.2383369,-8.706612e-05,8.725678,2.297899,0.6837087
-0.0564812,-0.2252401,-3.674533e-05,8.93733,2.298305,0.6854889
-0.04140628,-0.2144143,2.125453e-05,9.153898,2.298794,0.6882584
-0.02750566,-0.2051711,-7.90856e-05,9.375058,2.2993,0.6917799
-0.01556998,-0.1996336,0.0001467342,9.597293,2.299719,0.695767
-0.005311189,-0.1962397,-0.00021775,9.803199,2.299953,0.7005108
-0.07840447,-0.271765,-6.051012e-05,8.517571,2.498505,0.6827988
-0.0600488,-0.2555425,-8.924275e-05,8.725591,2.498702,0.6837172
-0.04427012,-0.2397169,1.366336e-05,8.937214,2.498972,0.6855133
-0.03148422,-0.2267842,3.785417e-05,9.153757,2.499286,0.6883027
-0.02031024,-0.2157443,0.0001032479,9.374916,2.499596,0.6918383
-0.01137986,-0.209135,0.000134689,9.597197,2.499842,0.6958187
-0.003815409,-0.2052603,-7.786567e-05,9.803169,2.49997,0.7005361
-0.0603135,-0.2905665,-0.0001496801,8.517281,2.699116,0.6828624
-0.04328127,-0.2712425,-0.0001786876,8.725258,2.699264,0.6837838
-0.0294813,-0.2519387,-0.0001062353,8.936863,2.699447,0.6855803
-0.01941724,-0.2364937,-5.092841e-05,9.153427,2.699642,0.6883677
-0.01153078,-0.2231185,-1.754321e-05,9.374665,2.699818,0.6918939
-0.006189538,-0.2153155,6.467286e-05,9.597066,2.699938,0.6958531
-0.001843872,-0.2105592,-8.414601e-05,9.803136,2.699985,0.7005456
-0.03857091,-0.3086768,-0.0002389093,8.51672,2.899564,0.6830159
-0.0231586,-0.2854409,-0.0002399612,8.724617,2.899691,0.6839317
-0.01170137,-0.2619321,-0.0001707358,8.936196,2.899826,0.6857119
-0.005094956,-0.2434594,-0.0001001652,9.152823,2.899945,0.6884749
-0.001163494,-0.2273731,-3.286045e-05,9.374227,2.900024,0.691969
-8.674355e-05,-0.218215,1.047482e-05,9.596851,2.900046,0.6958908
0.0004331163,-0.2125229,0.0001094288,9.803086,2.90002,0.7005538
-0.01198562,-0.3256444,-0.0004605257,8.515805,3.099926,0.6833143
0.001334702,-0.2976126,-0.0003885482,8.723544,3.100069,0.6842147
0.009808357,-0.2685981,-0.0003605665,8.935049,3.100192,0.6859566
0.01216697,-0.246608,-0.0002472269,9.151755,3.100267,0.6886659
0.01119104,-0.2274217,-0.0001378062,9.373435,3.100276,0.6920977
0.007160823,-0.2166931,-6.933951e-05,9.596457,3.100214,0.6959575
0.003294845,-0.210385,0.000274336,9.802992,3.100116,0.7005769
0.02085825,-0.3424403,-0.0007000204,8.514415,3.300269,0.6838596
0.03131149,-0.3073006,-0.0005127364,8.721849,3.30048,0.6847318
0.03603556,-0.2721007,-0.0005026554,8.933151,3.300639,0.6864016
0.03246619,-0.2455377,-0.0003350409,9.149891,3.300698,0.6890105
0.02567456,-0.2227806,-0.0002143611,9.371968,3.300645,0.6923307
0.01517211,-0.2106255,-0.0001424502,9.595679,3.300506,0.696088
0.006225453,-0.2026843,0.0002782109,9.802797,3.300343,0.7006419
0.06307114,-0.3576163,-0.001566477,8.512416,3.500659,0.6848203
0.06886752,-0.3137923,-0.0007989964,8.719293,3.501041,0.6856493
0.06781731,-0.2694274,-0.0009703428,8.930104,3.501316,0.6871927
0.05736948,-0.2383638,-0.0006727811,9.14667,3.501385,0.6896209
0.04262172,-0.2119146,-0.0003344879,9.369206,3.501234,0.6927427
0.02527551,-0.1982365,-0.000389346,9.594047,3.500979,0.6963276
0.01030497,-0.1903502,0.0001745378,9.802338,3.500775,0.700789
0.1174461,-0.3741297,-0.002478308,8.50971,3.701178,0.6864634
0.1168592,-0.3140337,-0.001032816,8.71567,3.701958,0.6872374
0.1073672,-0.2623613,-0.001075958,8.925422,3.702521,0.6885653
0.08557455,-0.2245917,-0.0006144952,9.1412,3.702638,0.69068
0.06205887,-0.1946861,-0.0002910428,9.363941,3.702233,0.6934361
0.03533679,-0.1807621,-0.0004125362,9.590342,3.701608,0.6967087
0.01364157,-0.1684511,0.000341999,9.800962,3.701076,0.7010221
0.1954336,-0.3864313,-0.006929174,8.506323,3.901838,0.6890926
0.1787512,-0.3074422,-0.002127327,8.711033,3.903492,0.6897914
0.1541745,-0.2400124,-0.002798586,8.918894,3.904741,0.6907816
0.1221382,-0.1997903,-0.00139751,9.132365,3.905004,0.6923784
0.08385212,-0.1679021,-0.0003737454,9.353932,3.904136,0.6945715
0.05051632,-0.153897,-0.00114826,9.581549,3.902298,0.6972198
0.01661366,-0.1449786,-2.731519e-05,9.796405,3.898693,0.7011994
0.300941,-0.4025808,-0.01170391,8.502528,4.102486,0.6927271
0.2645316,-0.2761393,-0.003503675,8.705977,4.105807,0.6932875
0.2142148,-0.2114607,-0.002710877,8.911331,4.108468,0.6938497
0.1575106,-0.1634451,-0.001526639,9.120501,4.109377,0.6947592
0.1095771,-0.1333008,-0.000154569,9.337068,4.107691,0.6961765
0.0635904,-0.1214913,-0.001376898,9.562476,4.103929,0.6979197
0.01659264,-0.1096385,0.0007107523,9.784571,4.087047,0.7007549
-0.1541588,-0.0114818,-0.0006842738,8.500891,0.191954,0.8983284
-0.1321887,-0.01132304,-0.0008659755,8.701694,0.1924079,0.8984025
-0.1066061,-0.01135758,-0.0005588545,8.902517,0.1939268,0.898559
-0.0867408,-0.0113103,-0.0003005759,9.100809,0.198924,0.8988145
-0.0621931,-0.0095129,-0.0005340915,9.290328,0.2115272,0.899135
-0.045303,-0.005643218,0.0003317995,9.493654,0.2475761,0.8994455
-0.02433382,-0.02464488,0.0001832103,9.714021,0.2859654,0.8997618
-0.002257761,-0.0131385,-2.221713e-05,9.854732,0.2449831,0.8499797
-0.1547979,-0.03519085,0.0002475847,8.502948,0.3934133,0.8971278
-0.1315193,-0.03439642,0.0003703735,8.704872,0.3950163,0.8972582
-0.1076609,-0.03353705,0.0001649741,8.907818,0.3991756,0.8975077
-0.08654496,-0.03526098,0.0003289295,9.112299,0.4092492,0.8978875
-0.06184173,-0.03551267,8.879514e-05,9.320641,0.4305877,0.8984015
-0.04072456,-0.04037864,-0.0002358574,9.535412,0.4646899,0.8989618
-0.00467447,-0.04509263,-0.0002750319,9.75249,0.506435,0.8994389
0.01013577,-0.04057262,-9.980967e-05,9.862739,0.4440731,0.8498886
-0.1523951,-0.06217581,-0.0003377027,8.506593,0.6143864,0.8951347
-0.1287527,-0.06045012,-0.0002597697,8.710549,0.6170747,0.8953607
-0.1041559,-0.05893516,-0.0003235492,8.916953,0.623097,0.8958024
-0.0815678,-0.05884112,-0.0001028526,9.12777,0.6350887,0.8965002
-0.05686182,-0.05864402,-0.0002127522,9.345314,0.6550104,0.8974171
-0.03361608,-0.06168073,-0.0001990189,9.569579,0.679548,0.8983623
-0.008789278,-0.06208486,0.0003438651,9.788476,0.7096973,0.8991142
-0.1492604,-0.08889065,0.0001027492,8.511016,0.8365872,0.8927429
-0.1256331,-0.08633433,0.0001823229,8.717285,0.8397591,0.8931137
-0.1014035,-0.08432154,0.000112113,8.927372,0.8463151,0.8938654
-0.07869543,-0.08356585,5.623708e-05,9.143229,0.8574537,0.8949853
-0.05402896,-0.08261685,7.185034e-05,9.365466,0.8726034,0.8964176
-0.03236248,-0.08452169,-0.0007476822,9.591025,0.8878347,0.8977999
-0.01055397,-0.08369493,0.001038623,9.80114,0.8992099,0.8987787
-0.1447608,-0.114762,-0.0001586989,8.515316,1.056025,0.8907517
-0.1208918,-0.1110591,-0.0001465806,8.723581,1.059063,0.8912913
-0.09706271,-0.1076629,1.032321e-05,8.93635,1.064794,0.8923218
-0.07384155,-0.10587,-0.0001960628,9.154786,1.073301,0.893752
-0.05082831,-0.1034193,0.0001077457,9.377739,1.083381,0.8956364
-0.02855539,-0.103101,-0.000358689,9.601254,1.092303,0.8973772
-0.009522676,-0.1028068,0.0005170533,9.806174,1.097501,0.8985137
-0.1393608,-0.1399563,2.011961e-05,8.518895,1.270666,0.8891777
-0.1158423,-0.1350471,-5.288248e-06,8.728527,1.273161,0.8898731
-0.09251146,-0.1308508,9.850119e-05,8.942747,1.277457,0.8911446
-0.07026382,-0.1273004,-0.0001102567,9.161922,1.2833,0.8928811
-0.04833368,-0.1241583,0.00027019,9.38417,1.28973,0.8951142
-0.02717104,-0.1233382,-0.0003750666,9.605604,1.29522,0.8970907
-0.008932623,-0.1219213,0.001182334,9.807736,1.298318,0.8983489
-0.1328074,-0.1638573,-7.15552e-05,8.521554,1.480665,0.8881331
-0.1096059,-0.1575608,-5.944921e-05,8.731959,1.48253,0.8889525
-0.08723463,-0.151685,6.559355e-05,8.946778,1.485547,0.8904081
-0.06578671,-0.1470952,-0.0001440697,9.16599,1.489453,0.8923626
-0.04497904,-0.1430432,0.0003737853,9.38749,1.493612,0.8947995
-0.02518564,-0.1409851,-0.000315722,9.607505,1.497108,0.8969215
-0.008077907,-0.1400584,0.0008581596,9.808257,1.499111,0.8982653
-0.1252103,-0.1871279,2.539914e-05,8.523379,1.687299,0.8875169
-0.102758,-0.1792653,3.629734e-05,8.73417,1.688634,0.888418
-0.08129125,-0.1720615,0.0001738033,8.949198,1.690704,0.8899894
-0.06099873,-0.1660544,1.010604e-05,9.168269,1.693305,0.8920742
-0.04164703,-0.1611152,0.0005431619,9.389205,1.696015,0.8946322
-0.02325792,-0.1583255,-0.0002764003,9.608389,1.698267,0.8968395
-0.007424872,-0.1565634,0.001573327,9.808472,1.699557,0.8982322
-0.1161121,-0.2093212,-1.880258e-05,8.524542,1.891687,0.8871665
-0.09437481,-0.1997556,-2.848114e-05,8.735513,1.892619,0.8881205
-0.07402535,-0.1908348,5.981192e-05,8.950589,1.894021,0.8897653
-0.05499138,-0.1834573,-0.0001050117,9.169502,1.895744,0.8919316
-0.03730724,-0.1774788,0.0001235702,9.390071,1.897509,0.8945631
-0.02058861,-0.1738255,-0.0002829266,9.608805,1.898958,0.8968156
-0.006357672,-0.1720766,0.0004948201,9.808569,1.899778,0.8982269
-0.1054616,-0.230825,2.467421e-05,8.525203,2.094588,0.8869799
-0.08469004,-0.2193274,3.067786e-05,8.736246,2.09523,0.887968
-0.06562136,-0.2085429,0.000161952,8.951312,2.09617,0.8896596
-0.04834413,-0.1995891,7.822114e-05,9.170107,2.097303,0.8918771
-0.03252693,-0.1924816,0.0004010413,9.390468,2.098445,0.8945526
-0.01806532,-0.1879984,0.0001402038,9.608982,2.099369,0.8968249
-0.005705021,-0.1859586,0.0009563743,9.808608,2.099881,0.898235
-0.09275023,-0.251346,-2.262478e-05,8.525471,2.296513,0.8868988
-0.07299713,-0.2375993,-3.349418e-05,8.736532,2.296954,0.8879077
-0.05542778,-0.224467,5.928746e-05,8.951578,2.297579,0.8896266
-0.04007041,-0.2136911,-2.118053e-05,9.170311,2.298316,0.8918729
-0.02655388,-0.2049493,0.0001597926,9.390585,2.299044,0.89457
-0.01459164,-0.1995369,-2.74403e-05,9.609026,2.299619,0.8968457
-0.004460109,-0.1968026,0.0004530589,9.808617,2.299929,0.8982457
-0.07769158,-0.2710962,-4.074049e-05,8.525399,2.497805,0.8868959
-0.05916304,-0.2547055,-4.224583e-05,8.736445,2.498112,0.8879146
-0.04331971,-0.238819,5.687853e-05,8.95148,2.498527,0.8896446
-0.03039979,-0.2259073,2.855196e-05,9.170213,2.498998,0.8919001
-0.01953296,-0.2154372,0.0001868017,9.390507,2.499445,0.8945996
-0.01061752,-0.2089277,7.209005e-05,9.608984,2.499783,0.8968664
-0.003213707,-0.2057585,0.0004661723,9.808606,2.499955,0.8982526
-0.05965447,-0.2898355,-0.0001177575,8.52498,2.698695,0.8869701
-0.04251464,-0.2702916,-0.0001234217,8.735977,2.698921,0.8879885
-0.02871059,-0.2509072,-5.279366e-05,8.951011,2.699201,0.8897134
-0.01867196,-0.2354927,-3.952935e-05,9.169808,2.699494,0.8919587
-0.01102648,-0.2227869,1.419211e-05,9.390229,2.699746,0.8946418
-0.005794936,-0.2151209,4.955847e-06,9.608855,2.699913,0.8968878
-0.001586826,-0.211308,0.0001446233,9.808577,2.699978,0.8982566
-0.03797845,-0.3078737,-0.0002017168,8.524146,2.899342,0.8871469
-0.02252777,-0.2843291,-0.0001863519,8.735037,2.899532,0.8881537
-0.0111298,-0.2607163,-0.0001428499,8.95006,2.899735,0.8898545
-0.004742608,-0.2422495,-5.562144e-05,9.168984,2.899911,0.8920661
-0.0009497117,-0.2269347,-0.0001026691,9.389663,2.900024,0.8947104
-0.0001411719,-0.2179087,1.996919e-05,9.608593,2.900056,0.8969196
0.000231618,-0.2133743,-0.0001516659,9.808518,2.900026,0.8982622
-0.01148407,-0.3247978,-0.0003607423,8.522768,3.099856,0.8874863
0.001813407,-0.2963548,-0.0002966369,8.733437,3.100061,0.8884661
0.01012738,-0.2672052,-0.0002946302,8.948389,3.100239,0.8901151
0.01206383,-0.245206,-0.0001339799,9.167487,3.100347,0.8922595
0.0110516,-0.2268339,-0.0002659069,9.388604,3.100354,0.8948311
0.006563449,-0.2163005,-5.395892e-06,9.608086,3.100272,0.8969774
0.002564712,-0.2110662,-0.0005103994,9.808403,3.10015,0.8982777
0.02120696,-0.3417245,-0.0005494428,8.52066,3.300324,0.888097
0.03163685,-0.305873,-0.0003837202,8.730882,3.300612,0.8890267
0.03606738,-0.2705476,-0.0004514771,8.945595,3.30083,0.8905794
0.03190058,-0.2439316,-0.0001718762,9.16486,3.300907,0.8926009
0.0251686,-0.2219737,-0.0004124067,9.386639,3.300823,0.8950447
0.01421369,-0.2100471,-1.434111e-05,9.60709,3.300635,0.8970865
0.005169253,-0.2035042,-0.0007996379,9.808163,3.300434,0.8983179
0.06326432,-0.3573505,-0.001036659,8.517623,3.500826,0.8891511
0.06921331,-0.3124191,-0.0004584674,8.726993,3.501322,0.8899962
0.06751357,-0.2679143,-0.0006521892,8.941065,3.501683,0.8913827
0.05636685,-0.2366571,-0.0002924844,9.160321,3.501762,0.8931853
0.04168787,-0.2109924,-0.0004908096,9.382977,3.501544,0.8954082
0.02359273,-0.1975884,-3.464318e-05,9.605035,3.501205,0.897281
0.008907455,-0.1905374,-0.001212002,9.80761,3.500959,0.8984083
0.1171748,-0.3754816,-0.001799788,8.513584,3.701421,0.8908252
0.117375,-0.3127419,-0.0006892909,8.721527,3.702384,0.8915462
0.1068979,-0.2610234,-0.0008942156,8.934066,3.70307,0.8926629
0.08421605,-0.2228684,-0.000251482,9.152606,3.703254,0.8941476
0.06068944,-0.1933959,-0.0006545401,9.37612,3.702706,0.8959869
0.03340286,-0.179972,-9.711045e-05,9.600491,3.701924,0.8975947
0.01184803,-0.169571,-0.001400646,9.806002,3.701324,0.8985809
0.1949627,-0.3913993,-0.004314619,8.508774,3.902118,0.893106
0.1807822,-0.3073928,-0.00106755,8.714834,3.904052,0.8936864
0.1537368,-0.2396677,-0.001536385,8.924655,3.905493,0.8944575
0.1210589,-0.198372,-0.0005730422,9.140479,3.905793,0.8955193
0.08259317,-0.1668195,-0.0004229965,9.363379,3.904815,0.8968333
0.04837273,-0.1531993,-0.0003117949,9.590038,3.902644,0.8980479
0.01623379,-0.1445861,-0.001031271,9.800883,3.898843,0.8988548
0.3003901,-0.4178484,-0.008466464,8.503764,4.102768,0.8957051
0.2701973,-0.2774121,-0.002233763,8.707966,4.106383,0.8961376
0.2140335,-0.2116599,-0.002439542,8.914411,4.109298,0.8965673
0.1573353,-0.1629725,-0.0009392243,9.125017,4.110257,0.8971493
0.1083657,-0.1322054,-0.0008770544,9.342853,4.108416,0.8979076
0.06141985,-0.1216123,-0.0003217677,9.5682,4.10434,0.8986532
0.01451768,-0.1096181,-0.0009135334,9.787934,4.087036,0.8991991
-0.1551576,-0.01178856,0.0001303521,8.501006,0.1902678,1.098842
-0.1308024,-0.01131871,-0.0001367374,8.701886,0.1907689,1.098881
-0.1066068,-0.01117261,0.000100485,8.902808,0.1923926,1.098973
-0.08553699,-0.01032921,-0.0001557725,9.101201,0.1976014,1.099161
-0.0617273,-0.009378433,-0.0002167768,9.290772,0.2105631,1.099445
-0.04520736,-0.004896432,0.0004631392,9.494085,0.2471162,1.099714
-0.02433972,-0.02465014,6.797754e-05,9.714211,0.2857693,1.099899
-0.002451481,-0.01276385,-0.0001434754,9.854739,0.2449765,1.050005
-0.1548163,-0.03528222,-1.383375e-05,8.503409,0.3885388,1.098204
-0.1317583,-0.03458953,1.470629e-05,8.705551,0.3903489,1.098289
-0.1075692,-0.03369929,-6.94877e-05,8.908756,0.3949344,1.098455
-0.08667015,-0.03537936,-7.388842e-05,9.113492,0.4057574,1.098716
-0.06135721,-0.03549943,-0.0001940245,9.322003,0.4282042,1.099061
-0.04044606,-0.04052129,-0.0001823543,9.536579,0.4634714,1.099417
-0.004534389,-0.04498941,-7.901779e-05,9.75293,0.5059911,1.099713
0.01116161,-0.03722664,1.098099e-05,9.862771,0.4440293,1.050004
-0.1522666,-0.06141038,9.975692e-05,8.507734,0.6067881,1.097077
-0.1281642,-0.05985981,4.629663e-05,8.712188,0.6099322,1.097234
-0.1040141,-0.05817972,-4.337032e-05,8.919186,0.6168313,1.097528
-0.08091114,-0.05877731,3.225566e-05,9.130567,0.6302249,1.097967
-0.05658739,-0.05809548,-0.000435329,9.348269,0.6519308,1.098512
-0.03390039,-0.06199684,0.0001302918,9.571868,0.6781288,1.099049
-0.009187419,-0.06143117,-7.159069e-06,9.78941,0.7092383,1.099439
-0.148838,-0.08821417,6.680778e-05,8.513137,0.8274974,1.095673
-0.1254811,-0.0856015,0.0001164154,8.720313,0.8314049,1.095936
-0.1006469,-0.0841145,-6.770639e-06,8.931496,0.8393615,1.096423
-0.0783127,-0.08313828,0.0001200039,9.148115,0.8524517,1.097117
-0.05330683,-0.08276647,-0.0001654833,9.370172,0.8697131,1.097934
-0.03186198,-0.08463599,6.749496e-05,9.594398,0.8865926,1.098686
-0.0101717,-0.08399532,-0.0004378785,9.802429,0.8988072,1.099151
-0.1445971,-0.1136827,1.833217e-05,8.51861,1.047199,1.094248
-0.1205952,-0.1101605,4.229682e-05,8.728297,1.05122,1.09467
-0.09649022,-0.1069059,-1.27833e-06,8.942562,1.058596,1.095382
-0.07351018,-0.1053366,1.103467e-05,9.161663,1.069131,1.096362
-0.05030708,-0.1028529,6.225388e-05,9.383861,1.081094,1.09745
-0.02858616,-0.103472,9.965662e-05,9.605383,1.091335,1.098404
-0.009998814,-0.1012032,0.0001834228,9.807676,1.097203,1.098959
-0.1390175,-0.1392669,-2.172139e-05,8.52338,1.263606,1.093139
-0.1154131,-0.1343457,2.211875e-05,8.734869,1.267071,1.093701
-0.0917054,-0.1305346,-4.286836e-05,8.950763,1.272821,1.094569
-0.06985882,-0.1268793,3.297049e-05,9.17031,1.280272,1.095796
-0.04753546,-0.1248945,2.592369e-05,9.391239,1.288072,1.097105
-0.02751369,-0.1230281,0.0001636333,9.61019,1.294526,1.098215
-0.008764888,-0.1235401,0.0001198924,9.809349,1.298121,1.098861
-0.1324056,-0.1631864,-3.001739e-05,8.527025,1.475703,1.092278
-0.1089794,-0.1569775,-9.02003e-06,8.739547,1.478308,1.092967
-0.08640543,-0.1511287,-4.402091e-05,8.956036,1.48236,1.093999
-0.06500344,-0.1467578,-7.28524e-05,9.175324,1.487361,1.095423
-0.04446618,-0.1429621,-9.661552e-06,9.395149,1.49247,1.096883
-0.0250339,-0.140969,-6.031833e-05,9.612358,1.496638,1.098101
-0.008139343,-0.1399328,-6.66948e-05,9.80993,1.498992,1.098816
-0.124717,-0.186576,2.59054e-05,8.529523,1.68395,1.091729
-0.102087,-0.1787352,5.86291e-05,8.742541,1.685794,1.092513
-0.08040121,-0.1716308,2.815271e-05,8.9592,1.68856,1.093661
-0.06025148,-0.1657457,6.337558e-07,9.178182,1.691899,1.095201
-0.04104741,-0.1611898,3.921675e-05,9.397226,1.695252,1.096755
-0.02318152,-0.15834,5.868398e-05,9.613403,1.69796,1.098041
-0.007565947,-0.1574547,5.259304e-05,9.81018,1.699488,1.098798
-0.1155865,-0.2088086,-1.099857e-05,8.531102,1.889451,1.091419
-0.09370163,-0.1992287,2.439369e-06,8.744351,1.89073,1.092257
-0.07318166,-0.1903145,-5.157677e-05,8.961036,1.892599,1.093473
-0.05435455,-0.1831156,-0.0001034189,9.179769,1.894816,1.095082
-0.03683384,-0.1772315,-0.0001788321,9.398321,1.897009,1.096691
-0.0205969,-0.1738241,-0.0001459639,9.613922,1.898761,1.098015
-0.006575745,-0.1718413,-0.0004214538,9.810299,1.899737,1.098793
-0.1049,-0.2303072,1.100474e-05,8.532001,2.093111,1.091254
-0.08397715,-0.2187457,3.168045e-05,8.745349,2.093989,1.092125
-0.06479441,-0.2079517,2.795774e-05,8.962016,2.095241,1.09338
-0.04766615,-0.199144,-1.425002e-05,9.180588,2.0967,1.095028
-0.03205518,-0.1921233,3.911843e-05,9.398864,2.098122,1.096668
-0.01793817,-0.1878157,3.700184e-05,9.614171,2.099242,1.098009
-0.005772165,-0.1856457,3.880697e-05,9.810355,2.099855,1.098794
-0.09218542,-0.2508165,-2.921374e-05,8.532377,2.295551,1.091182
-0.07232061,-0.2369672,-1.807285e-05,8.745756,2.296151,1.092071
-0.05467002,-0.2238265,-3.666404e-05,8.962407,2.296984,1.093348
-0.03950066,-0.213203,-6.601133e-05,9.180904,2.297933,1.095015
-0.02614757,-0.2046192,-8.487898e-05,9.399067,2.29884,1.096668
-0.01450319,-0.1993879,-3.942709e-05,9.614262,2.29954,1.098013
-0.00457807,-0.1966534,-0.0001298937,9.810376,2.299912,1.098797
-0.07712674,-0.2705184,-4.734576e-05,8.5323,2.497193,1.091181
-0.05850123,-0.2539872,-2.982663e-05,8.745671,2.497609,1.092077
-0.04264218,-0.2380634,-1.909876e-05,8.962322,2.498161,1.09336
-0.02987625,-0.2253317,-3.392929e-05,9.180831,2.498766,1.095031
-0.01919797,-0.2149908,-4.317188e-06,9.399017,2.499324,1.096683
-0.01053504,-0.2087389,1.10121e-05,9.61424,2.499736,1.098022
-0.003252881,-0.2054934,-1.414622e-05,9.810371,2.499944,1.098799
-0.05911367,-0.2892184,-0.000105586,8.531762,2.698325,1.091247
-0.04191054,-0.2694842,-9.106364e-05,8.745083,2.698628,1.092141
-0.02815079,-0.2500674,-7.816173e-05,8.961751,2.698998,1.093416
-0.01826223,-0.2348493,-7.130459e-05,9.18036,2.699372,1.095075
-0.01078868,-0.2223392,-6.553043e-05,9.398709,2.699687,1.096712
-0.005723796,-0.2149426,-3.45779e-05,9.614103,2.699891,1.098036
-0.001591906,-0.2110594,-5.999947e-05,9.810341,2.699973,1.098801
-0.03747121,-0.3072217,-0.0001723656,8.530669,2.899144,1.091406
-0.02198104,-0.2834292,-0.0001408381,8.743867,2.899395,1.092285
-0.01071864,-0.2597639,-0.0001187862,8.960552,2.899658,1.093534
-0.004452184,-0.24153,-7.678522e-05,9.179354,2.89988,1.09516
-0.0008355382,-0.2263974,-6.75653e-05,9.398041,2.900019,1.096764
-7.888755e-05,-0.2177239,-3.937623e-05,9.6138,2.90006,1.098058
0.0003035285,-0.2130418,-2.249819e-05,9.810275,2.900028,1.098804
-0.01103341,-0.3241247,-0.0002636213,8.528837,3.099788,1.09171
0.002269101,-0.2953534,-0.0002232819,8.741766,3.100049,1.092555
0.01035208,-0.2661551,-0.0001925189,8.958419,3.100274,1.09375
0.01222164,-0.2444038,-0.0001248091,9.17751,3.100401,1.095312
0.01103428,-0.2262806,-0.0001069013,9.396774,3.100405,1.096855
0.006652564,-0.2161477,-8.089521e-05,9.613208,3.100307,1.098099
0.002756236,-0.2108654,-2.11448e-05,9.810142,3.100166,1.098813
0.02160043,-0.3411174,-0.00033454,8.525991,3.300359,1.092262
0.03199221,-0.3048306,-0.0002530662,8.738358,3.300715,1.09304
0.03606073,-0.269474,-0.0002521365,8.954826,3.300977,1.09413
0.03186376,-0.2431051,-0.0001274041,9.174273,3.301054,1.095574
0.024952,-0.2213591,-0.0001300821,9.394438,3.30094,1.097014
0.01417587,-0.2099896,-0.0001065449,9.612051,3.300715,1.098175
0.005340491,-0.2031605,-3.363347e-05,9.809868,3.300479,1.098835
0.06357522,-0.3568239,-0.0004800734,8.521896,3.500927,1.093176
0.06948223,-0.3113091,-0.0002543137,8.733108,3.501504,1.093836
0.06724127,-0.2668181,-0.0003028477,8.948946,3.50196,1.094772
0.05623374,-0.2357709,-0.0002081952,9.168707,3.502018,1.096005
0.04126123,-0.2103748,-0.0001565694,9.390142,3.501741,1.097274
0.02374101,-0.1975554,-0.0001925393,9.609713,3.501344,1.098307
0.009312619,-0.1906288,-9.988167e-05,9.809251,3.501049,1.098884
0.1174098,-0.3753007,-0.0006481316,8.516634,3.701576,1.09447
0.1176732,-0.3117956,-0.0003036221,8.725926,3.702646,1.094988
0.1064692,-0.2602477,-0.0003332299,8.939991,3.703417,1.095717
0.08391603,-0.2221662,-0.0001561284,9.159351,3.703643,1.096657
0.06006014,-0.192846,-0.0001473223,9.382261,3.70299,1.09767
0.03319697,-0.1802922,-0.0001793017,9.60468,3.702127,1.098519
0.01192289,-0.1687958,-5.731209e-05,9.807525,3.701477,1.098988
0.19488,-0.3915537,-0.001018512,8.510668,3.902311,1.096007
0.1810925,-0.3064515,-0.0003608097,8.717578,3.904373,1.096401
0.1532577,-0.2390463,-0.0006154519,8.928442,3.905897,1.096894
0.1211298,-0.1978485,-0.0004240411,9.145115,3.906218,1.097519
0.0818486,-0.1663737,-0.0001250035,9.368018,3.905171,1.098219
0.04886061,-0.1533069,-0.0005504713,9.593428,3.902898,1.09883
0.01563158,-0.1454246,-0.0002941568,9.802183,3.899057,1.099188
0.2997671,-0.418634,-0.0009725162,8.504734,4.102912,1.097591
0.2712718,-0.2771585,-0.000232093,8.709383,4.106643,1.097873
0.2139629,-0.2117141,-0.0005075099,8.916402,4.109654,1.098151
0.1575169,-0.1629896,-0.0004970807,9.127587,4.11064,1.098488
0.1082389,-0.1322541,-0.0001579161,9.345681,4.108762,1.098876
0.06159979,-0.1216343,-0.000353941,9.57046,4.104632,1.099235
0.01505917,-0.1088789,-0.000100059,9.788871,4.087276,1.099486
-0.1541448,-0.01119823,-0.0001391792,8.501067,0.1897291,1.299512
-0.1319527,-0.01122651,-0.0001266554,8.701985,0.190255,1.299528
-0.1061751,-0.01114376,-6.067667e-05,8.90296,0.1919259,1.299569
-0.08629504,-0.01084925,-2.640597e-05,9.101425,0.1972078,1.299654
-0.06166432,-0.009489082,-0.0001241272,9.291018,0.210276,1.299779
-0.04540067,-0.004594754,-0.000152507,9.494275,0.2469643,1.299893
-0.02434258,-0.0245164,2.248254e-05,9.714282,0.2856965,1.299963
-0.002929581,-0.01110819,-0.0001413929,9.854741,0.2449779,1.25001
-0.1545404,-0.0346099,-3.472636e-06,8.503682,0.3865399,1.299169
-0.1314482,-0.03389597,3.478826e-05,8.70594,0.3884623,1.29921
-0.1074412,-0.03318481,2.798358e-05,8.909274,0.393257,1.29929
-0.08644545,-0.03500371,-1.231497e-06,9.11412,0.4044031,1.299416
-0.06171678,-0.03504633,5.411025e-05,9.322655,0.4272787,1.299579
-0.04049089,-0.0406756,-2.331731e-05,9.537058,0.4629751,1.299748
-0.004605932,-0.04522415,0.0003094953,9.753076,0.5057963,1.299892
0.01061751,-0.03934293,-0.0001030199,9.862779,0.4440261,1.25004
-0.1521841,-0.06087002,-7.604993e-05,8.508418,0.603188,1.298631
-0.1282176,-0.05932357,-6.45496e-05,8.713134,0.6065906,1.298709
-0.1036981,-0.05789952,-7.122119e-05,8.920405,0.6139506,1.298852
-0.08121268,-0.05801873,-1.463795e-05,9.13198,0.6280208,1.299063
-0.05644289,-0.05815067,-4.435516e-05,9.349616,0.6505321,1.299319
-0.03325391,-0.0614664,-3.145523e-05,9.57276,0.6774549,1.299576
-0.009552516,-0.06113296,5.761064e-05,9.789688,0.7089867,1.299777
-0.1489116,-0.08734625,4.149949e-05,8.514415,0.8228584,1.297971
-0.1252396,-0.08491932,5.507071e-05,8.722065,0.8272031,1.298103
-0.1006651,-0.08301297,2.798e-05,8.933708,0.835906,1.298339
-0.07809694,-0.08274231,3.805261e-05,9.150537,0.8499785,1.298669
-0.05302148,-0.08309085,-1.39152e-05,9.372311,0.8682582,1.299049
-0.03232183,-0.08427138,7.794518e-06,9.595707,0.885942,1.299405
-0.009101845,-0.08446179,8.040541e-05,9.802811,0.898578,1.29965
-0.1444138,-0.1129441,1.315588e-05,8.520637,1.042187,1.297291
-0.1202409,-0.1094814,-5.775873e-06,8.731087,1.046868,1.2975
-0.09605991,-0.1063403,-1.974155e-05,8.945938,1.055234,1.297849
-0.07274993,-0.1049254,-6.033417e-05,9.165091,1.066895,1.29831
-0.04996514,-0.1029181,3.277266e-05,9.386688,1.079847,1.298818
-0.02809305,-0.1032482,-5.560921e-05,9.607022,1.090803,1.29927
-0.009374279,-0.1026464,3.733943e-05,9.808132,1.097047,1.299563
-0.1388874,-0.1384202,2.380296e-05,8.526274,1.259104,1.296668
-0.1149474,-0.1337262,6.143018e-06,8.738768,1.263321,1.29697
-0.09127647,-0.1297395,-1.181144e-05,8.955224,1.270075,1.297446
-0.06905977,-0.1265815,-3.536604e-05,9.17455,1.278518,1.298032
-0.04725782,-0.1241011,8.496292e-05,9.394568,1.287113,1.298648
-0.02647996,-0.1230356,-3.883286e-05,9.612055,1.294129,1.299178
-0.008660406,-0.1221246,0.0002513111,9.809856,1.29802,1.29952
-0.1320981,-0.1626727,-2.913915e-05,8.530734,1.472323,1.296211
-0.1084829,-0.1565127,-4.15068e-05,8.744389,1.475566,1.296571
-0.08586066,-0.1507747,-5.041781e-05,8.961322,1.480387,1.297157
-0.06447655,-0.1464875,-5.904462e-05,9.180129,1.486095,1.297841
-0.04406593,-0.142663,6.04022e-05,9.398817,1.491783,1.298535
-0.02470936,-0.1408747,-4.762063e-05,9.614371,1.49636,1.299122
-0.00784854,-0.1397563,0.0001989965,9.810469,1.498928,1.2995
-0.1243189,-0.1861429,4.144709e-05,8.533827,1.681669,1.295871
-0.1015064,-0.1783183,1.506474e-05,8.748011,1.683938,1.296301
-0.07982109,-0.1712522,7.317088e-06,8.964993,1.687206,1.296974
-0.05968594,-0.1655025,-8.180444e-06,9.183348,1.691027,1.297722
-0.0406913,-0.1609459,0.0001149327,9.401112,1.69478,1.298467
-0.02275054,-0.1582651,1.243163e-05,9.61551,1.697773,1.299091
-0.007232007,-0.1568279,0.0003062898,9.81074,1.699449,1.299493
-0.1151589,-0.2084327,4.35626e-05,8.535747,1.887937,1.295678
-0.09311637,-0.1988446,-1.402997e-06,8.750173,1.889492,1.296151
-0.07261014,-0.1900049,-3.047922e-05,8.967132,1.891693,1.29687
-0.05383947,-0.1828778,-5.193798e-05,9.185158,1.894231,1.297657
-0.03649932,-0.1771424,7.354967e-06,9.402343,1.896694,1.298432
-0.02035384,-0.1737217,-5.277275e-05,9.616089,1.898637,1.299076
-0.006377011,-0.1719514,1.520071e-05,9.810872,1.899713,1.29949
-0.1044458,-0.2299322,4.784182e-05,8.536832,2.092112,1.295579
-0.08338547,-0.2183508,1.865812e-05,8.751365,2.093173,1.296074
-0.06422305,-0.2076276,8.210247e-06,8.968285,2.094644,1.296818
-0.04715867,-0.1989106,1.08653e-05,9.186109,2.096316,1.297627
-0.03170746,-0.1920268,9.890419e-05,9.402971,2.097917,1.298418
-0.01763317,-0.1877615,7.205506e-05,9.616376,2.099162,1.299072
-0.00553754,-0.1856453,0.0002015107,9.810936,2.09984,1.29949
-0.09174039,-0.2504297,1.776418e-05,8.537289,2.294899,1.295538
-0.07176936,-0.2365503,-9.593185e-06,8.751861,2.295623,1.296045
-0.05416003,-0.2234946,-2.972257e-05,8.968759,2.2966,1.296801
-0.03907161,-0.2129814,-3.088112e-05,9.186494,2.297688,1.297619
-0.02586692,-0.204581,1.511159e-05,9.403221,2.298709,1.298416
-0.01428115,-0.1994166,-3.993572e-06,9.61649,2.299489,1.299073
-0.004412634,-0.1968181,5.789951e-05,9.810962,2.299902,1.299491
-0.07669438,-0.2700897,-5.870739e-06,8.537212,2.496778,1.295539
-0.05799521,-0.2535117,-1.419425e-05,8.751779,2.497278,1.29605
-0.04219037,-0.2376806,-2.711405e-05,8.968683,2.497923,1.296808
-0.02952353,-0.2250679,-9.834342e-06,9.186434,2.498617,1.297628
-0.0189691,-0.2149395,3.166461e-05,9.403184,2.499245,1.298424
-0.01035856,-0.2087561,3.186678e-05,9.616476,2.499706,1.299077
-0.003137492,-0.2056569,8.801543e-05,9.81096,2.499938,1.299492
-0.05871499,-0.2887414,-4.924362e-05,8.536587,2.698074,1.29558
-0.04147879,-0.268939,-4.391398e-05,8.751106,2.698435,1.296089
-0.02779267,-0.2496295,-6.404576e-05,8.968043,2.698866,1.296842
-0.01802164,-0.2345499,-3.83927e-05,9.185919,2.699293,1.297653
-0.01064625,-0.2222911,-3.20759e-05,9.402854,2.699647,1.29844
-0.005635797,-0.2149766,-1.610602e-05,9.616331,2.699877,1.299084
-0.001554094,-0.2112763,-4.780694e-06,9.810929,2.699969,1.299493
-0.03711433,-0.3066714,-0.0001104206,8.535297,2.899009,1.295678
-0.02163089,-0.2827864,-6.660368e-05,8.74969,2.899306,1.296174
-0.01046537,-0.2592339,-9.324841e-05,8.966677,2.899608,1.296909
-0.004333401,-0.241156,-4.130657e-05,9.184796,2.899857,1.297701
-0.000778436,-0.2263176,-6.434779e-05,9.40212,2.900012,1.298468
-7.64867e-05,-0.2177265,-2.279346e-05,9.616002,2.90006,1.299095
0.000258039,-0.2132858,-5.199169e-05,9.810857,2.900028,1.299495
-0.01073485,-0.3235074,-0.0001427558,8.533095,3.099741,1.295867
0.002507317,-0.2946131,-8.19889e-05,8.747213,3.100045,1.296336
0.01047381,-0.2655301,-0.0001156869,8.964231,3.100294,1.29703
0.01218181,-0.2439526,-5.380581e-05,9.182731,3.100429,1.297785
0.01097957,-0.2261422,-0.0001162311,9.400724,3.100432,1.298518
0.006518516,-0.2161024,-5.0048e-05,9.615356,3.100325,1.299117
0.002583284,-0.2110107,-0.0001393316,9.810712,3.100172,1.299499
0.02182915,-0.3403922,-0.0001879405,8.529599,3.300365,1.296213
0.03210537,-0.3039834,-7.465621e-05,8.743125,3.300791,1.296631
0.03603429,-0.2687248,-0.0001460015,8.960091,3.301068,1.29724
0.03168596,-0.2425585,-4.876311e-05,9.17911,3.301135,1.297926
0.02480833,-0.2211617,-0.0001492879,9.398162,3.301004,1.298601
0.01401761,-0.2098593,-5.391431e-05,9.614104,3.300757,1.299155
0.005150569,-0.2034207,-0.0001597371,9.810418,3.300497,1.299508
0.06375344,-0.3560134,-0.0001076148,8.524643,3.500977,1.296747
0.06944401,-0.3104174,2.719652e-05,8.736842,3.501612,1.297089
0.067035,-0.2659919,-7.836343e-05,8.95331,3.502126,1.297573
0.05586058,-0.2351562,-2.403923e-05,9.172932,3.502155,1.298149
0.04098764,-0.2100853,-0.0001699576,9.3935,3.501846,1.298735
0.02327469,-0.1973552,-5.285552e-05,9.611607,3.501416,1.299221
0.008934858,-0.1904133,-0.0003159165,9.809767,3.501087,1.29953
0.1174503,-0.3743208,-0.0001022182,8.518528,3.701673,1.297421
0.1174704,-0.3108369,2.90222e-05,8.728516,3.702792,1.297682
0.1061969,-0.2593832,-8.345303e-05,8.943189,3.703604,1.298037
0.08345375,-0.2215037,4.709136e-05,9.162696,3.703826,1.298473
0.05975051,-0.1924821,-0.0001763271,9.385074,3.703136,1.298933
0.03295397,-0.1799585,-2.002282e-05,9.606328,3.702235,1.299325
0.01172935,-0.1692503,-0.0003025272,9.807986,3.70155,1.299577
0.1950361,-0.3903613,0.0006977308,8.511831,3.902399,1.298166
0.1807659,-0.3056567,0.000421328,8.719175,3.904515,1.298362
0.1528878,-0.2382582,0.00020664,8.930484,3.906077,1.2986
0.1204881,-0.1972954,0.0001392283,9.14741,3.906409,1.298888
0.08153233,-0.1660134,1.713051e-05,9.3701,3.905345,1.299198
0.04788943,-0.152989,-5.215825e-05,9.594725,3.903041,1.299476
0.01604585,-0.1443804,-0.0004431166,9.802564,3.899187,1.299667
0.3002375,-0.4169057,0.001798546,8.50533,4.102975,1.298913
0.2702101,-0.2762516,0.0006625813,8.710208,4.106752,1.299051
0.2135478,-0.2109149,0.0003190269,8.917482,4.1098,1.299185
0.1569427,-0.1625761,0.000226562,9.128864,4.1108,1.299339
0.1076675,-0.131751,7.277365e-07,9.34694,4.108921,1.299507
0.06093214,-0.1218261,-7.152653e-06,9.571317,4.104788,1.299667
0.0146237,-0.1093962,-0.0002359583,9.789141,4.087421,1.299799
-0.1550713,-0.0115262,-1.444484e-05,8.501086,0.1895931,1.499999
-0.1307689,-0.01119879,-1.45107e-05,8.702015,0.1901267,1.499999
-0.1062822,-0.01109928,2.245436e-05,8.903006,0.1918112,1.499998
-0.08505142,-0.01000132,-1.314847e-05,9.101491,0.1971121,1.499998
-0.0614658,-0.009395189,-3.541567e-06,9.291087,0.2102061,1.499998
-0.04500495,-0.00519135,-2.179003e-05,9.494325,0.2469255,1.499999
-0.02409336,-0.02427611,-0.0001634202,9.7143,0.2856779,1.499999
-0.003022246,-0.01102274,0.0001348042,9.854742,0.2449788,1.45001
-0.1547369,-0.03492426,-1.451399e-06,8.503769,0.3859905,1.499995
-0.131676,-0.03426774,5.955787e-06,8.706062,0.3879481,1.499994
-0.1076097,-0.03344828,-3.786091e-06,8.909433,0.3928052,1.499993
-0.08656443,-0.03533281,-1.574992e-05,9.114307,0.4040419,1.499992
-0.06141862,-0.03493759,1.108288e-05,9.32284,0.4270319,1.499993
-0.04026234,-0.0405234,3.258304e-05,9.537185,0.4628409,1.499996
-0.005009842,-0.04468609,-4.020028e-05,9.753113,0.5057453,1.499999
0.01010214,-0.03838594,0.0005919288,9.862782,0.4440284,1.450047
-0.1521381,-0.06089006,-5.901248e-06,8.508638,0.6021317,1.499988
-0.1279748,-0.05937204,-8.573842e-06,8.713433,0.6056171,1.499985
-0.1037805,-0.05778761,1.636493e-05,8.920778,0.6131192,1.499983
-0.08073035,-0.05842692,-1.358809e-05,9.132395,0.6273894,1.499983
-0.05643858,-0.05787561,-2.737736e-05,9.349993,0.6501313,1.499986
-0.0334497,-0.06185118,5.958839e-06,9.572992,0.6772593,1.499992
-0.009120233,-0.06150383,-1.570031e-05,9.789754,0.7089149,1.499998
-0.1487551,-0.08744271,-3.782898e-06,8.51483,0.8214432,1.49998
-0.1252466,-0.0849513,4.602946e-06,8.722619,0.8259301,1.499976
-0.1004189,-0.08338492,-7.654588e-06,8.934382,0.8348653,1.499972
-0.07798054,-0.08278544,3.60444e-05,9.151246,0.8492352,1.499973
-0.0530948,-0.08231599,1.744445e-05,9.372909,0.8678187,1.499979
-0.03165299,-0.08455461,2.723724e-05,9.596049,0.8857435,1.499989
-0.00951816,-0.08353715,9.830452e-06,9.802901,0.8985093,1.499997
-0.1443745,-0.1128565,-5.692258e-06,8.5213,1.040628,1.499974
-0.1202085,-0.1094414,-4.273476e-06,8.731965,1.045521,1.499968
-0.09605065,-0.1063142,-1.248499e-05,8.94696,1.054193,1.499964
-0.07309241,-0.1048732,-9.22316e-06,9.166099,1.066196,1.499965
-0.05000698,-0.1025636,-7.044625e-05,9.387486,1.079455,1.499974
-0.02835907,-0.1033595,5.386911e-07,9.607454,1.090635,1.499987
-0.009839924,-0.1011452,-3.111758e-06,9.808242,1.097,1.499997
-0.1387739,-0.138332,-5.083678e-06,8.527252,1.257595,1.49997
-0.1148978,-0.133602,-7.043794e-07,8.740024,1.262093,1.499963
-0.09118566,-0.1298282,-1.46536e-05,8.956581,1.269192,1.499959
-0.06930888,-0.1265153,2.949003e-06,9.175812,1.27795,1.499961
-0.0471577,-0.1244682,-2.433418e-05,9.395521,1.286801,1.499971
-0.02716251,-0.1229159,1.960164e-05,9.612556,1.294,1.499986
-0.008639126,-0.1233464,-1.380335e-05,9.809981,1.297989,1.499997
-0.1320228,-0.1625214,-1.532797e-05,8.532028,1.471124,1.499968
-0.1083544,-0.1563825,-1.526165e-05,8.745991,1.474619,1.499961
-0.08578949,-0.150642,-4.024055e-05,8.962945,1.479727,1.499957
-0.0644003,-0.1464241,-3.039894e-05,9.181574,1.485674,1.49996
-0.04407421,-0.1425976,-3.937186e-05,9.39988,1.491554,1.499971
-0.02465925,-0.1408658,-5.69023e-05,9.614918,1.496267,1.499986
-0.007861374,-0.1398598,-4.33391e-05,9.810604,1.498908,1.499997
-0.1242062,-0.1860666,-9.042172e-06,8.535366,1.680855,1.499969
-0.1013526,-0.1782264,-6.94116e-06,8.749864,1.683296,1.499962
-0.07970963,-0.1712058,-2.031096e-05,8.966795,1.686746,1.499959
-0.05963531,-0.1654621,-8.411649e-06,9.184917,1.690732,1.499962
-0.04065482,-0.161018,-2.237402e-05,9.402248,1.694621,1.499973
-0.02277689,-0.1582862,-1.163216e-05,9.616088,1.69771,1.499987
-0.007287121,-0.1571394,-1.391168e-05,9.810882,1.699436,1.499997
-0.1150334,-0.208327,-2.063534e-05,8.537426,1.887402,1.499971
-0.09295593,-0.1987376,-2.41667e-05,8.752163,1.889064,1.499966
-0.07250715,-0.1899132,-5.033222e-05,8.969043,1.891383,1.499963
-0.05380838,-0.1828209,-4.666659e-05,9.186808,1.894032,1.499966
-0.03648606,-0.1770975,-8.834073e-05,9.403528,1.896587,1.499976
-0.02039158,-0.1737102,-8.008361e-05,9.616689,1.898595,1.499988
-0.006439268,-0.1719334,-0.0001195907,9.811018,1.899705,1.499997
-0.1043026,-0.2298165,-1.51766e-05,8.538585,2.091759,1.499975
-0.08320684,-0.2182298,-1.319031e-05,8.753431,2.092891,1.499971
-0.06410683,-0.2075226,-2.555681e-05,8.970261,2.09444,1.499969
-0.0471028,-0.1988294,-1.645078e-05,9.187809,2.096185,1.499972
-0.03167968,-0.1919573,-2.19003e-05,9.404187,2.097846,1.49998
-0.01766037,-0.1877143,-1.342741e-05,9.61699,2.099135,1.499991
-0.005581188,-0.1855948,-7.444066e-06,9.811086,2.099835,1.499998
-0.09159689,-0.2503014,-2.68149e-05,8.539077,2.29467,1.499979
-0.07160025,-0.2364152,-2.448966e-05,8.753964,2.29544,1.499976
-0.05405276,-0.2233812,-4.701813e-05,8.970768,2.296468,1.499975
-0.03902949,-0.2128929,-3.83117e-05,9.188221,2.297603,1.499977
-0.02584892,-0.2045083,-6.285422e-05,9.404456,2.298664,1.499984
-0.01431327,-0.1993683,-4.939245e-05,9.617112,2.299471,1.499993
-0.004464408,-0.1967558,-6.561695e-05,9.811114,2.299899,1.499998
-0.07655041,-0.2699463,-3.404241e-05,8.539002,2.496632,1.499983
-0.05782537,-0.2533544,-2.146408e-05,8.753887,2.497163,1.499981
-0.04208408,-0.2375448,-4.024851e-05,8.9707,2.497841,1.49998
-0.02946454,-0.2249586,-2.483335e-05,9.188169,2.498565,1.499983
-0.01894251,-0.2148328,-3.261495e-05,9.404426,2.499218,1.499988
-0.01037164,-0.208683,-2.017608e-05,9.617102,2.499696,1.499994
-0.003161146,-0.2055464,-1.94183e-05,9.811112,2.499936,1.499999
-0.05858073,-0.2886007,-4.564156e-05,8.538347,2.697984,1.499987
-0.0413241,-0.2687673,-2.365266e-05,8.753185,2.698369,1.499985
-0.02770055,-0.2494913,-5.415069e-05,8.97004,2.69882,1.499985
-0.01796553,-0.2344392,-3.397574e-05,9.187641,2.699265,1.499987
-0.0106222,-0.2221943,-5.158665e-05,9.40409,2.699633,1.499991
-0.005635477,-0.2149184,-3.559827e-05,9.616955,2.699872,1.499996
-0.001559531,-0.2111815,-4.042901e-05,9.811081,2.699968,1.499999
-0.0369884,-0.3065162,-7.333858e-05,8.536983,2.898961,1.49999
-0.02148439,-0.282587,-2.959975e-05,8.751698,2.899275,1.499988
-0.01038871,-0.2590738,-6.738873e-05,8.968617,2.899589,1.499988
-0.004269248,-0.2410328,-3.566508e-05,9.18648,2.899848,1.49999
-0.000756261,-0.2261992,-5.242493e-05,9.403335,2.90001,1.499993
-6.022577e-05,-0.2176655,-3.459272e-05,9.616618,2.90006,1.499997
0.0002799196,-0.2131614,-3.687662e-05,9.811007,2.900027,1.499999
-0.01063776,-0.3233806,-4.042762e-05,8.534634,3.099723,1.499991
0.002626448,-0.2943953,7.586112e-09,8.749079,3.100045,1.49999
0.01051963,-0.2653689,-5.374281e-05,8.966062,3.1003,1.49999
0.01224761,-0.2438296,-2.049583e-05,9.18434,3.100437,1.499992
0.01099726,-0.226044,-5.237751e-05,9.401896,3.10044,1.499995
0.006564134,-0.216074,-3.161065e-05,9.615955,3.100331,1.499997
0.002649488,-0.2109509,-3.859785e-05,9.810859,3.100173,1.499999
0.02192539,-0.3401899,-3.177789e-05,8.530868,3.300352,1.499993
0.03221867,-0.3037237,1.053019e-05,8.744715,3.300823,1.499992
0.0360438,-0.2685237,-5.978249e-05,8.961733,3.301095,1.499992
0.03174277,-0.2424262,-2.098335e-05,9.180591,3.30116,1.499993
0.02479662,-0.2210336,-6.019369e-05,9.39926,3.301024,1.499995
0.01403813,-0.2098581,-3.677193e-05,9.614671,3.300769,1.499998
0.005210578,-0.2032861,-4.208269e-05,9.810558,3.300501,1.499999
0.06385056,-0.3557994,0.0003610777,8.525574,3.500996,1.499994
0.06949133,-0.310115,0.0001747927,8.738052,3.501651,1.499993
0.06696943,-0.2657723,0.0001109747,8.954661,3.502173,1.499993
0.05590577,-0.2350081,6.057617e-05,9.174213,3.502196,1.499993
0.04090874,-0.2099955,-2.713388e-05,9.394479,3.501879,1.499995
0.02336758,-0.1973833,-1.390335e-05,9.612124,3.501438,1.499998
0.00909569,-0.1904985,-1.32127e-05,9.809896,3.501098,1.499999
0.1176773,-0.3734966,0.00096545,8.519158,3.701696,1.499995
0.1175344,-0.3103411,0.0003293293,8.729352,3.702831,1.499994
0.1060772,-0.2590481,0.0002472922,8.944184,3.703655,1.499994
0.08345617,-0.2213257,0.0001494385,9.163703,3.703879,1.499994
0.05962579,-0.1923171,1.16475e-05,9.385884,3.70318,1.499996
0.03289108,-0.1801069,-1.838659e-06,9.60677,3.702269,1.499998
0.01171824,-0.1689555,-4.830561e-05,9.808099,3.701572,1.499999
0.1952767,-0.3886685,0.003687216,8.512214,3.902417,1.499996
0.1802576,-0.304781,0.001144084,8.71969,3.90455,1.499995
0.1525572,-0.2376932,0.001019482,8.931122,3.906125,1.499995
0.1204531,-0.196969,0.0004533275,9.148099,3.906462,1.499995
0.08131691,-0.1658916,0.0002076458,9.370695,3.905397,1.499996
0.04850144,-0.152961,-6.375781e-05,9.595069,3.903086,1.499998
0.01583197,-0.1448789,-5.668597e-05,9.802656,3.899225,1.5
0.3005004,-0.4112282,0.008071459,8.505519,4.102983,1.499998
0.2683932,-0.2743558,0.002542255,8.71047,4.106776,1.499997
0.2128946,-0.2100973,0.001709644,8.91782,4.109837,1.499996
0.1565884,-0.1621759,0.0008234393,9.129249,4.110843,1.499996
0.1076309,-0.131796,0.0004528942,9.347299,4.108968,1.499996
0.06135911,-0.1216027,0.0002121717,9.571543,4.104835,1.499998
0.01479565,-0.1091079,1.505383e-05,9.789207,4.087462,1.499999
-0.1541364,-0.01119231,0.000113565,8.501065,0.1897292,1.700486
-0.1319569,-0.0112192,0.000118461,8.701982,0.1902552,1.700469
-0.1061711,-0.01113888,3.474231e-05,8.902956,0.191926,1.700427
-0.08616542,-0.0107884,4.790104e-05,9.10142,0.1972076,1.700342
-0.0617109,-0.009491383,0.0001672078,9.291013,0.2102759,1.700217
-0.04528777,-0.005023779,3.696468e-05,9.494272,0.2469642,1.700104
-0.02406606,-0.02440571,-4.653343e-05,9.714281,0.2856968,1.700035
-0.002597461,-0.01237484,7.467139e-05,9.854741,0.2449784,1.65001
-0.1545241,-0.03460843,-5.042418e-06,8.503672,0.3865405,1.700819
-0.1314448,-0.03388334,-4.342454e-05,8.705926,0.3884627,1.700776
-0.1074165,-0.03323289,-1.614251e-05,8.909256,0.3932568,1.700693
-0.08643693,-0.03504791,-7.097076e-06,9.114099,0.4044027,1.700565
-0.06167897,-0.0350552,-2.214859e-06,9.322635,0.4272786,1.700403
-0.04052114,-0.0406795,4.027697e-05,9.537045,0.4629757,1.70024
-0.004695923,-0.04511079,-0.0002841069,9.753073,0.5057966,1.700104
0.009849461,-0.03723658,0.0006670727,9.862782,0.4440271,1.650048
-0.15219,-0.06087018,6.756434e-05,8.508396,0.6031889,1.701343
-0.1282115,-0.05932025,4.55718e-05,8.713102,0.6065912,1.701258
-0.1036831,-0.0579017,6.937311e-05,8.920363,0.6139509,1.701108
-0.08112713,-0.05810445,-1.09491e-05,9.131933,0.6280209,1.700895
-0.05645093,-0.05812583,6.183e-05,9.349574,0.6505325,1.700644
-0.03338506,-0.06162107,-3.208314e-05,9.572736,0.6774553,1.700403
-0.009591928,-0.06111074,-9.803568e-05,9.789682,0.7089866,1.700217
-0.1489148,-0.08734568,-4.641442e-05,8.514378,0.8228591,1.701988
-0.1252387,-0.08492336,-6.036593e-05,8.722012,0.8272038,1.701844
-0.1006386,-0.08304878,-3.049351e-05,8.93364,0.8359063,1.701598
-0.07807845,-0.08275709,-7.187942e-06,9.150462,0.8499787,1.701266
-0.05308635,-0.08284054,5.94236e-06,9.372249,0.8682588,1.700897
-0.03233005,-0.08428362,-6.688041e-07,9.595675,0.8859426,1.700566
-0.009184906,-0.08444679,-4.701442e-05,9.802803,0.8985782,1.700343
-0.1444257,-0.1129498,-2.190642e-05,8.520584,1.042189,1.702655
-0.1202532,-0.1094908,-9.624169e-06,8.731014,1.04687,1.702431
-0.09606739,-0.1063568,6.404344e-06,8.945847,1.055235,1.70207
-0.07280142,-0.1049086,1.466645e-05,9.164996,1.066895,1.701607
-0.04997106,-0.1027985,-1.572056e-05,9.386613,1.079847,1.701116
-0.02804117,-0.1032655,-3.395097e-05,9.606983,1.090803,1.700697
-0.009382181,-0.1026266,-3.795856e-05,9.808123,1.097047,1.700428
-0.1389041,-0.1384238,-2.570992e-05,8.52621,1.259106,1.703269
-0.1149638,-0.1337381,-9.600662e-06,8.738681,1.263323,1.702951
-0.09128765,-0.1297321,8.647598e-06,8.955121,1.270076,1.702462
-0.06907619,-0.1266015,2.014536e-05,9.174446,1.278518,1.701876
-0.04724524,-0.1242033,-1.051885e-05,9.394487,1.287113,1.70128
-0.0264359,-0.1230411,1.612287e-05,9.612014,1.294129,1.700787
-0.008655147,-0.122172,-4.374203e-05,9.809847,1.29802,1.700472
-0.1321212,-0.162678,3.523432e-06,8.530666,1.472324,1.703723
-0.108516,-0.1565202,1.3102e-05,8.744298,1.475567,1.703347
-0.08588497,-0.1507842,-1.968999e-05,8.961216,1.480388,1.702748
-0.06448714,-0.1464993,3.004041e-07,9.180024,1.486095,1.702066
-0.04409409,-0.1426548,-0.0001333173,9.398737,1.491782,1.701394
-0.02472464,-0.1408907,-6.19859e-05,9.614331,1.496359,1.700843
-0.00785278,-0.1397228,-0.0001873933,9.81046,1.498928,1.700492
-0.1243377,-0.1861504,-5.096435e-05,8.533761,1.68167,1.704065
-0.1015258,-0.1783295,-2.022597e-05,8.747925,1.683939,1.70362
-0.07983238,-0.1712652,-2.330205e-05,8.964895,1.687206,1.702936
-0.05969417,-0.1655214,2.640453e-06,9.183252,1.691027,1.70219
-0.04069785,-0.1609925,-0.000114449,9.401039,1.69478,1.701466
-0.02274631,-0.1582899,-3.710578e-05,9.615473,1.697772,1.700876
-0.007235234,-0.1568871,-0.0001832911,9.810732,1.699449,1.7005
-0.115188,-0.2084408,-7.567483e-05,8.535689,1.887938,1.704263
-0.09315205,-0.1988531,-3.472092e-05,8.750097,1.889493,1.703777
-0.07263912,-0.1900124,-4.564504e-05,8.967046,1.891692,1.703051
-0.0538794,-0.182887,-1.70205e-05,9.185077,1.894231,1.702267
-0.0365337,-0.1771417,-0.0001296449,9.402281,1.896693,1.701511
-0.02038883,-0.173722,-6.763049e-05,9.616058,1.898637,1.700895
-0.00641887,-0.1719428,-0.0001990162,9.810865,1.899713,1.700503
-0.1044676,-0.2299409,-6.920205e-05,8.536783,2.092112,1.70437
-0.08340142,-0.2183538,-2.916139e-05,8.751303,2.093173,1.703865
-0.06423179,-0.2076267,-3.732987e-05,8.968216,2.094644,1.703116
-0.04715865,-0.1989041,-3.730923e-06,9.186045,2.096316,1.70231
-0.03170728,-0.1920026,-9.326586e-05,9.402922,2.097916,1.701536
-0.01762087,-0.1877313,-2.865592e-05,9.616351,2.099162,1.700906
-0.005531863,-0.185592,-0.0001349009,9.810931,2.09984,1.700504
-0.09176876,-0.2504511,-6.656678e-05,8.537252,2.2949,1.70442
-0.07179249,-0.2365614,-2.801329e-05,8.751813,2.295623,1.703906
-0.054177,-0.2235117,-4.589727e-05,8.968707,2.296599,1.703147
-0.03908825,-0.2129916,-1.687859e-05,9.186447,2.297687,1.702332
-0.0258786,-0.2045932,-9.502862e-05,9.403186,2.298708,1.701548
-0.01428525,-0.1994233,-4.22602e-05,9.616472,2.299488,1.70091
-0.004429717,-0.1968297,-0.0001283975,9.810958,2.299902,1.700505
-0.0767194,-0.2701101,-6.303497e-05,8.537183,2.496778,1.704428
-0.05800404,-0.2535132,-2.170603e-05,8.751744,2.497277,1.703912
-0.04219682,-0.2376899,-4.362235e-05,8.968646,2.497923,1.703151
-0.02951726,-0.225065,-1.393044e-05,9.186401,2.498616,1.702335
-0.01896549,-0.2149289,-6.77455e-05,9.403161,2.499245,1.70155
-0.01034651,-0.2087424,-2.58148e-05,9.616464,2.499706,1.700911
-0.00313676,-0.2056326,-8.482835e-05,9.810957,2.499938,1.700505
-0.05874462,-0.2887826,-5.76868e-05,8.536566,2.698072,1.704394
-0.04148889,-0.2689484,-6.217837e-06,8.751081,2.698434,1.703882
-0.0278044,-0.2496586,-4.544734e-05,8.968018,2.698865,1.703128
-0.01801947,-0.2345617,-1.622121e-05,9.185897,2.699292,1.702319
-0.01064765,-0.2223114,-5.090115e-05,9.402839,2.699647,1.701541
-0.005626197,-0.2149913,-2.509928e-05,9.616324,2.699877,1.700908
-0.001559396,-0.2112934,-5.034161e-05,9.810927,2.699969,1.700505
-0.03713674,-0.3066662,-8.104733e-05,8.535282,2.899007,1.704302
-0.02162685,-0.2827609,-7.723879e-06,8.749672,2.899304,1.703802
-0.01047357,-0.2592347,-5.906121e-05,8.96666,2.899606,1.703068
-0.004319045,-0.2411435,-2.616282e-05,9.184783,2.899855,1.702278
-0.0007772214,-0.2263184,-3.315618e-05,9.402111,2.900012,1.701517
-6.199723e-05,-0.2177228,-2.414544e-05,9.615998,2.90006,1.700898
0.0002556192,-0.2132829,-5.545937e-06,9.810856,2.900028,1.700504
-0.01076033,-0.3234696,-6.782166e-05,8.533084,3.099737,1.704116
0.002492424,-0.2945731,3.948704e-05,8.7472,3.100042,1.703646
0.0104484,-0.265523,-4.831522e-05,8.964219,3.100292,1.702951
0.01218301,-0.2439359,-1.962962e-06,9.182722,3.100427,1.702198
0.01097018,-0.2261492,1.289191e-06,9.400718,3.100431,1.701471
0.006528664,-0.2161034,-5.398889e-06,9.615353,3.100325,1.700878
0.002578078,-0.211015,6.590758e-05,9.810712,3.100172,1.7005
0.02184833,-0.3399898,-0.0001939817,8.52959,3.300358,1.703773
0.03208553,-0.3038076,-9.53886e-06,8.743115,3.300785,1.703353
0.03600895,-0.2685611,-0.0001111824,8.960083,3.301064,1.702744
0.03168723,-0.2424668,-3.892963e-05,9.179105,3.301132,1.70206
0.02478951,-0.2211141,-7.402593e-07,9.398159,3.301003,1.701389
0.01402608,-0.2098319,-1.179899e-05,9.614103,3.300756,1.70084
0.005137385,-0.2033746,9.635462e-05,9.810418,3.300497,1.700491
0.06382088,-0.3550188,1.318881e-05,8.524632,3.500965,1.703241
0.06916961,-0.3100686,9.565946e-05,8.736833,3.501603,1.702898
0.0669191,-0.2656692,-5.225535e-06,8.953303,3.50212,1.702413
0.05574006,-0.2349914,5.129457e-05,9.172929,3.502151,1.701838
0.04087077,-0.2099933,4.310549e-05,9.393499,3.501845,1.701255
0.02324958,-0.1973073,2.692133e-05,9.611607,3.501416,1.700774
0.008891086,-0.1903461,0.0001814507,9.809767,3.501087,1.700469
0.1177336,-0.3709665,-4.612843e-06,8.518513,3.701655,1.702568
0.1167957,-0.3099237,2.988397e-05,8.728505,3.702778,1.702306
0.1059805,-0.2584627,-0.0001193451,8.943184,3.703595,1.701949
0.08325104,-0.2211146,1.305463e-06,9.162695,3.703822,1.701514
0.05958315,-0.192285,7.164728e-06,9.385075,3.703135,1.701058
0.03296531,-0.1799146,1.603221e-05,9.606329,3.702236,1.70067
0.01171768,-0.1690304,8.042432e-05,9.807987,3.701551,1.700422
0.1956094,-0.3823616,0.001441542,8.511807,3.902373,1.701825
0.1780522,-0.3035781,0.0005586948,8.71916,3.904497,1.701627
0.152178,-0.2365296,0.0004849729,8.930479,3.906066,1.701387
0.1196534,-0.1965242,0.0003436638,9.147412,3.906404,1.701099
0.0811551,-0.1656294,0.00013361,9.370107,3.905345,1.700792
0.04785628,-0.1529105,4.189541e-06,9.594731,3.903043,1.700519
0.01575892,-0.144127,0.0003429649,9.802566,3.899189,1.700332
0.3006527,-0.3941296,0.00266456,8.50529,4.102939,1.701081
0.2628905,-0.2712126,0.0008469673,8.710187,4.106731,1.700942
0.211291,-0.2078737,0.0002009028,8.917477,4.109789,1.700805
0.1552061,-0.1612179,0.000439103,9.12887,4.110796,1.70065
0.1069691,-0.1312793,0.0002256214,9.346953,4.108923,1.700483
0.06061161,-0.1216844,0.0002179572,9.57133,4.104793,1.700327
0.01454732,-0.1091151,6.747524e-05,9.789146,4.087425,1.700199
-0.1551618,-0.01179132,-0.0001603829,8.501001,0.1902688,1.901154
-0.1308118,-0.01132421,0.0001001546,8.701879,0.1907695,1.901115
-0.1065973,-0.01116792,-0.0001623593,8.902798,0.1923928,1.90102
-0.08551415,-0.01032198,0.0001383804,9.101189,0.1976014,1.900831
-0.06171114,-0.009404686,0.0002135827,9.290759,0.210563,1.900546
-0.04511279,-0.005162572,-0.0005658399,9.494074,0.2471157,1.900278
-0.02409978,-0.02457083,3.749198e-05,9.714207,0.2857701,1.900098
-0.002777799,-0.01247129,3.16251e-05,9.854741,0.2449768,1.850011
-0.1548397,-0.0352852,1.475947e-05,8.503388,0.3885428,1.901782
-0.1317481,-0.03459859,-4.919215e-06,8.70552,0.3903522,1.901692
-0.1076054,-0.03369448,6.524648e-05,8.908713,0.3949362,1.901519
-0.08663434,-0.03541117,0.0001716632,9.113438,0.4057583,1.901253
-0.06136911,-0.03544327,0.0002091071,9.321948,0.428205,1.900906
-0.04047531,-0.04050294,0.0002947328,9.536541,0.463473,1.900557
-0.004597396,-0.04500262,0.0003108592,9.75292,0.505992,1.900278
0.0100931,-0.03580697,0.001112204,9.862778,0.4440246,1.850064
-0.152283,-0.06140883,-0.000124914,8.507685,0.6067957,1.902893
-0.1281878,-0.0598538,-7.2501e-05,8.712115,0.6099384,1.902725
-0.1040377,-0.05817823,-2.034726e-05,8.919086,0.6168355,1.902417
-0.08092515,-0.05878615,-6.003491e-05,9.130448,0.6302277,1.901966
-0.05664676,-0.05805106,0.000272962,9.348157,0.6519333,1.901422
-0.03386448,-0.0619231,-0.0001230776,9.571801,0.6781313,1.900908
-0.009123476,-0.06145932,-7.330384e-05,9.789393,0.7092387,1.900547
-0.1488719,-0.08820862,-8.041713e-05,8.513055,0.8275061,1.904281
-0.1254831,-0.08560911,-0.0001137388,8.720192,0.8314124,1.903999
-0.1006912,-0.08405654,-2.245387e-05,8.931334,0.839367,1.903491
-0.07826567,-0.08315702,-2.254822e-05,9.14793,0.8524557,1.902782
-0.05340044,-0.08253695,0.0001511214,9.370009,0.8697166,1.901972
-0.03175747,-0.08465109,-5.808555e-05,9.594307,0.8865952,1.901256
-0.01004639,-0.08393858,0.0003055106,9.802407,0.8988081,1.900833
-0.1446269,-0.1136875,-4.021259e-05,8.518498,1.047206,1.905691
-0.1206225,-0.1101527,-5.386522e-05,8.728134,1.051226,1.905245
-0.09653171,-0.106911,-4.25726e-05,8.94235,1.058602,1.904508
-0.07353831,-0.1052908,-2.057501e-05,9.161431,1.069135,1.903513
-0.05036508,-0.1028247,-1.785673e-05,9.383665,1.081097,1.902438
-0.02858923,-0.1034206,-9.322028e-05,9.605278,1.091337,1.901531
-0.00990118,-0.1012102,-7.900443e-05,9.807651,1.097204,1.901024
-0.1390574,-0.1392587,6.88615e-06,8.523249,1.263611,1.906791
-0.1154267,-0.1343604,-2.17475e-05,8.73468,1.267075,1.906203
-0.09175299,-0.1304529,1.081423e-05,8.950525,1.272825,1.905309
-0.06978899,-0.1269063,5.584564e-06,9.170056,1.280274,1.904069
-0.04757804,-0.1245944,-3.568832e-05,9.391029,1.288073,1.902776
-0.02740512,-0.1230506,-5.993936e-05,9.610079,1.294527,1.901718
-0.008809357,-0.1233992,-0.0001545356,9.809323,1.298122,1.901122
-0.132452,-0.1631955,-5.649468e-06,8.526889,1.475706,1.907649
-0.1090428,-0.156982,-2.678922e-05,8.739353,1.478311,1.906934
-0.08645702,-0.1511475,-6.039006e-05,8.955797,1.482362,1.905877
-0.06502787,-0.1467473,6.169934e-06,9.175071,1.487362,1.904442
-0.04448791,-0.1427135,-0.0001231428,9.394943,1.492471,1.903001
-0.02493968,-0.1409635,-9.193665e-05,9.612249,1.496638,1.901833
-0.008039996,-0.1397316,-5.488393e-05,9.809904,1.498992,1.901167
-0.1247498,-0.1865867,-4.660357e-05,8.529394,1.683952,1.908201
-0.1021132,-0.1787476,-6.764226e-05,8.74236,1.685796,1.907394
-0.080424,-0.1716421,-6.65036e-05,8.958978,1.688561,1.906223
-0.06025582,-0.1657609,3.783371e-06,9.17795,1.6919,1.904675
-0.04107157,-0.1611693,-5.00498e-05,9.397038,1.695252,1.903139
-0.02306439,-0.1583553,-4.381833e-05,9.613304,1.69796,1.901899
-0.007496823,-0.1571047,-2.317456e-05,9.810157,1.699488,1.901187
-0.1156374,-0.2088253,-4.005114e-05,8.530989,1.889453,1.908519
-0.09375948,-0.1992387,-5.878537e-05,8.744193,1.890731,1.907661
-0.07323184,-0.1903316,-8.030626e-05,8.960845,1.8926,1.906427
-0.05441238,-0.1831058,-6.02946e-06,9.179572,1.894815,1.904813
-0.03689144,-0.1772288,-8.820763e-05,9.398162,1.897008,1.90322
-0.02066264,-0.1737555,-6.184832e-05,9.613839,1.898759,1.901935
-0.006640933,-0.1718959,-3.454401e-05,9.81028,1.899737,1.901194
-0.1049322,-0.2303293,-4.258101e-05,8.531908,2.093112,1.908693
-0.08399646,-0.2187533,-5.525047e-05,8.745221,2.093989,1.907808
-0.06479214,-0.2079568,-7.41556e-05,8.961864,2.095241,1.90654
-0.0476465,-0.1991278,-2.218785e-06,9.180433,2.096699,1.904889
-0.03202915,-0.192083,-5.567976e-05,9.39874,2.098121,1.903264
-0.0178829,-0.1877444,-3.039439e-05,9.614106,2.099241,1.901953
-0.005748596,-0.1855345,1.024914e-05,9.81034,2.099854,1.901196
-0.09223381,-0.2508693,-3.370417e-05,8.532305,2.295551,1.908775
-0.07235442,-0.236999,-3.720589e-05,8.745659,2.296151,1.907877
-0.05468959,-0.2238741,-7.035514e-05,8.962293,2.296983,1.906592
-0.0395108,-0.2132377,-5.549096e-06,9.18079,2.297932,1.904925
-0.02615153,-0.2046629,-5.934341e-05,9.398977,2.298838,1.903284
-0.01449621,-0.1994258,-2.895655e-05,9.614216,2.299538,1.901961
-0.004600699,-0.1967163,2.715096e-06,9.810365,2.299912,1.901197
-0.07717012,-0.2705814,-3.312076e-05,8.532247,2.497193,1.908787
-0.05850845,-0.254006,-2.142801e-05,8.7456,2.497608,1.907884
-0.04263804,-0.2381025,-6.400901e-05,8.962241,2.498159,1.906596
-0.02984888,-0.2253428,-7.389431e-06,9.180752,2.498765,1.904927
-0.01917342,-0.2149965,-4.850014e-05,9.398957,2.499322,1.903286
-0.01050003,-0.2087346,-2.293998e-05,9.61421,2.499735,1.901962
-0.003255956,-0.2054802,7.034394e-06,9.810364,2.499944,1.901197
-0.05917099,-0.2893465,-2.696727e-05,8.531724,2.698323,1.908727
-0.04191517,-0.2695281,1.480343e-05,8.745032,2.698626,1.90783
-0.0281594,-0.2501554,-5.457732e-05,8.961695,2.698996,1.906552
-0.01824025,-0.2348977,-1.26424e-06,9.180307,2.69937,1.904896
-0.01077799,-0.2224021,-4.252882e-05,9.398669,2.699685,1.903267
-0.005698206,-0.2149957,-1.347873e-05,9.614083,2.69989,1.901954
-0.001605507,-0.2111167,-3.090317e-06,9.810337,2.699973,1.901196
-0.03752119,-0.3073266,-7.046182e-05,8.530643,2.89914,1.908574
-0.0219437,-0.2834205,2.161661e-05,8.74383,2.899391,1.907694
-0.01071726,-0.2598227,-7.286978e-05,8.960513,2.899655,1.906443
-0.004401253,-0.2415333,-2.116171e-05,9.179318,2.899878,1.904819
-0.0008155792,-0.2264276,-5.73707e-05,9.398015,2.900017,1.903221
-4.030096e-05,-0.2177364,-3.037747e-05,9.613788,2.900059,1.901934
0.0002944194,-0.2130626,-5.361856e-05,9.810272,2.900028,1.901194
-0.01109989,-0.3243267,-0.0001036649,8.528817,3.099781,1.908274
0.002308952,-0.2953621,8.119278e-05,8.741739,3.100043,1.907428
0.01032895,-0.2662623,-6.815936e-05,8.958392,3.100269,1.906231
0.01226588,-0.2444207,1.34404e-05,9.177485,3.100397,1.904672
0.01103127,-0.2263327,-5.822338e-05,9.396757,3.100403,1.903133
0.006679978,-0.2161654,3.142911e-06,9.613199,3.100306,1.901894
0.002734947,-0.2108695,-8.560086e-05,9.81014,3.100166,1.901185
0.02159208,-0.3410107,-0.0004091424,8.525974,3.300347,1.907724
0.03212851,-0.3046502,-2.547085e-05,8.738338,3.300704,1.906945
0.03606547,-0.2693976,-0.0002011972,8.954807,3.300969,1.905854
0.03196615,-0.243002,-6.577825e-05,9.174255,3.301048,1.904412
0.02497041,-0.2213388,-0.0001133983,9.394425,3.300938,1.902976
0.01424982,-0.2099402,-2.062426e-05,9.612045,3.300715,1.901819
0.005350159,-0.2031879,-0.0001340751,9.809866,3.300479,1.901163
0.06356065,-0.3565658,-0.0006382592,8.521877,3.500906,1.906811
0.06943514,-0.3110588,-4.529129e-05,8.733089,3.501486,1.906149
0.06712395,-0.2667355,-0.0002529785,8.948931,3.501948,1.905212
0.05619143,-0.2356385,3.135751e-05,9.168695,3.502011,1.903981
0.04113137,-0.2103622,-0.0001165317,9.390134,3.501738,1.902715
0.02366855,-0.1974653,9.611532e-05,9.609709,3.501344,1.901687
0.009281398,-0.1904968,-0.0001471301,9.80925,3.501049,1.901113
0.1177363,-0.3729896,-0.001884503,8.516607,3.701541,1.905516
0.1175925,-0.3108551,-0.0004835417,8.725906,3.702619,1.904997
0.1064176,-0.2594279,-0.000805793,8.93998,3.7034,1.904266
0.08397395,-0.2216784,-0.0002016909,9.159346,3.703633,1.903327
0.05996456,-0.1926072,-0.0003003252,9.382261,3.702987,1.902317
0.03323398,-0.180185,1.378129e-05,9.604681,3.702128,1.901474
0.01185086,-0.1689349,-0.000253175,9.807526,3.701479,1.901009
0.1951981,-0.3863555,-0.003568633,8.510623,3.902256,1.90398
0.179352,-0.3048002,-0.0005591019,8.717551,3.904335,1.903584
0.1526129,-0.2378452,-0.0007582323,8.928433,3.905874,1.903087
0.120457,-0.1970409,0.000135838,9.14512,3.906207,1.902461
0.08144336,-0.1660588,-0.0002924709,9.368031,3.90517,1.901765
0.04895271,-0.1529114,0.0002652972,9.59344,3.902904,1.901161
0.01540416,-0.1452619,-0.0001621314,9.802187,3.899063,1.90081
0.3009722,-0.4008534,-0.01081627,8.504654,4.102834,1.902399
0.2668845,-0.2728419,-0.002373366,8.709344,4.106597,1.902113
0.2125989,-0.2087329,-0.002698557,8.916394,4.10963,1.90183
0.1565921,-0.1614401,-0.0003507893,9.127602,4.11063,1.901491
0.1076535,-0.1318008,-0.0004724552,9.345715,4.108767,1.901104
0.0616299,-0.121419,0.000235724,9.570498,4.104647,1.900754
0.01489722,-0.1088754,-0.0001205493,9.788886,4.087289,1.90051
-0.1541313,-0.01148641,0.0006480043,8.500884,0.1919569,2.101662
-0.1321878,-0.01127414,0.0008533828,8.701683,0.19241,2.101588
-0.1066108,-0.01135737,0.0005191219,8.902499,0.1939278,2.101429
-0.08675838,-0.01125719,0.0003131147,9.100783,0.1989243,2.101169
-0.06222993,-0.009470101,0.0004770368,9.290295,0.211527,2.100843
-0.04525687,-0.005737614,-0.0004255077,9.493622,0.2475745,2.100531
-0.02413085,-0.02434577,-0.0001769617,9.714008,0.2859673,2.100224
-0.003021971,-0.01182401,-0.0001520262,9.854737,0.2449771,2.050022
-0.1548236,-0.03516143,-0.0002712388,8.502914,0.3934251,2.10285
-0.1315187,-0.0343815,-0.0003948473,8.704817,0.3950249,2.102712
-0.1076126,-0.03354156,-0.0001593503,8.907734,0.3991811,2.10245
-0.08652969,-0.03528947,-0.0003230254,9.112183,0.4092532,2.102052
-0.06177566,-0.03568828,-5.430534e-05,9.32051,0.4305914,2.101522
-0.04055496,-0.04043684,0.0001441269,9.535312,0.4646966,2.100969
-0.00464906,-0.04529283,0.0003568243,9.752459,0.5064398,2.100532
0.009784608,-0.03533056,0.001993431,9.862765,0.4440394,2.050127
-0.1523687,-0.06221195,0.0003109435,8.506514,0.6144061,2.104826
-0.1287857,-0.06046362,0.0002252317,8.710422,0.6170907,2.104581
-0.1041654,-0.05895249,0.0002751129,8.916762,0.6231091,2.104111
-0.08171687,-0.05877378,1.666124e-05,9.127519,0.6350986,2.103378
-0.05690213,-0.05868846,0.0001423815,9.345052,0.6550195,2.10244
-0.03366346,-0.06176708,-3.383275e-05,9.569407,0.6795562,2.101526
-0.009041187,-0.06167771,-0.0004807638,9.788429,0.7097,2.100846
-0.1492835,-0.08888611,-0.0001106846,8.510886,0.8366071,2.1072
-0.1256646,-0.08633403,-0.000189947,8.717078,0.8397763,2.1068
-0.1014111,-0.08423264,-0.000125556,8.92707,0.8463284,2.106005
-0.07872246,-0.08357729,-8.454235e-06,9.142849,0.8574653,2.104838
-0.0539159,-0.0832382,1.814476e-05,9.365098,0.8726132,2.103389
-0.03248172,-0.08448449,0.0004945042,9.590801,0.8878415,2.102061
-0.01016896,-0.0844505,-0.0004607959,9.801082,0.8992129,2.101174
-0.1447983,-0.1147783,0.0001371599,8.515144,1.05604,2.109179
-0.120937,-0.1110848,0.0001079765,8.72331,1.059076,2.108601
-0.09708735,-0.1076872,-3.088299e-05,8.935966,1.064804,2.107517
-0.07384141,-0.1058347,9.659603e-05,9.154322,1.07331,2.106037
-0.05084681,-0.1034327,-0.0001093616,9.377309,1.083387,2.104142
-0.02855738,-0.1033573,1.948239e-05,9.601001,1.092306,2.102469
-0.009533361,-0.1027747,-0.0005182183,9.80611,1.097503,2.101436
-0.1393964,-0.1399768,-2.321714e-05,8.5187,1.270675,2.110744
-0.1158949,-0.1350821,-9.345493e-06,8.728224,1.273168,2.110007
-0.09254482,-0.1307832,-0.0001005771,8.942326,1.277464,2.10868
-0.07026089,-0.1273466,6.327506e-05,9.161425,1.283305,2.106895
-0.04825413,-0.1243768,-0.0002042218,9.383718,1.289732,2.104654
-0.02698705,-0.1232008,0.0002486862,9.605341,1.295221,2.102752
-0.008876537,-0.1222222,-0.000726088,9.80767,1.298318,2.101601
-0.1328777,-0.163873,3.90841e-05,8.521356,1.48067,2.111788
-0.1097289,-0.1575815,1.341404e-05,8.731655,1.482534,2.110927
-0.08732578,-0.1517146,-0.0001358048,8.946361,1.485551,2.109419
-0.06585715,-0.147137,1.184701e-05,9.165502,1.489455,2.107418
-0.04510281,-0.1430673,-0.0003322664,9.38705,1.493613,2.104975
-0.02520571,-0.1410069,2.598417e-05,9.60725,1.497107,2.102925
-0.008038895,-0.1397387,-0.0009117396,9.808192,1.49911,2.101685
-0.1252594,-0.1871557,-3.861304e-05,8.523194,1.687303,2.112409
-0.1028161,-0.1793039,-3.925358e-05,8.733889,1.688636,2.111471
-0.08132073,-0.1721093,-0.0001829691,8.948817,1.690707,2.109853
-0.06101066,-0.1661218,-1.149147e-05,9.167826,1.693307,2.107728
-0.04166478,-0.1612898,-0.0003384478,9.388806,1.696015,2.105165
-0.02322719,-0.1583929,6.671703e-05,9.608157,1.698265,2.103021
-0.007401393,-0.1569047,-0.0008508689,9.808414,1.699555,2.101721
-0.1162004,-0.2093446,-2.985697e-05,8.524382,1.891689,2.112769
-0.09450397,-0.1997843,-2.649135e-05,8.735272,1.89262,2.111785
-0.07412927,-0.1908555,-0.0001814734,8.950266,1.894022,2.110103
-0.05517497,-0.1834905,-2.296972e-05,9.16913,1.895744,2.107905
-0.03745001,-0.1774867,-0.0003382735,9.389737,1.897507,2.105271
-0.02082962,-0.1738345,2.180592e-05,9.60861,1.898955,2.103071
-0.006582246,-0.171959,-0.0007570191,9.808519,1.899775,2.101734
-0.1055186,-0.2308507,-4.59778e-05,8.525073,2.094589,2.112967
-0.08473199,-0.2193371,-3.250555e-05,8.736054,2.09523,2.111957
-0.0656418,-0.2085251,-0.0001748965,8.951059,2.09617,2.110239
-0.04833414,-0.1995528,-2.653708e-05,9.16982,2.097302,2.108001
-0.03251727,-0.1923404,-0.0003026272,9.390213,2.098443,2.105327
-0.01799299,-0.1878307,3.249814e-05,9.608834,2.099364,2.103095
-0.005654618,-0.1855816,-0.000671147,9.80857,2.099877,2.101737
-0.09282988,-0.2514218,-3.421342e-05,8.525373,2.296513,2.11306
-0.07307005,-0.2376451,-1.173162e-05,8.736388,2.296954,2.112036
-0.05547249,-0.2245297,-0.0001470725,8.951394,2.297579,2.110301
-0.0401307,-0.2137326,-2.614866e-05,9.170107,2.298315,2.108044
-0.02656995,-0.2050008,-0.000247488,9.390409,2.299041,2.105352
-0.01458839,-0.1995622,2.280048e-05,9.608927,2.299615,2.103105
-0.00453246,-0.1968624,-0.0005213155,9.808591,2.299926,2.101738
-0.07775868,-0.2711909,-3.157237e-05,8.525328,2.497805,2.113074
-0.05917961,-0.2547354,2.366697e-06,8.736342,2.498111,2.112046
-0.04332531,-0.2388612,-0.0001201499,8.951353,2.498526,2.110307
-0.03037054,-0.2259129,-3.20404e-05,9.170077,2.498996,2.108047
-0.0195057,-0.2153939,-0.0001903127,9.390393,2.499442,2.105354
-0.010563,-0.2088946,-1.702217e-06,9.608922,2.49978,2.103105
-0.003206292,-0.2056718,-0.000399787,9.808591,2.499953,2.101739
-0.05973824,-0.2900446,-1.679204e-05,8.52493,2.698693,2.113008
-0.04252623,-0.2703756,4.312596e-05,8.735906,2.698919,2.111983
-0.02872454,-0.2510518,-7.381023e-05,8.950926,2.699199,2.110254
-0.0186488,-0.2355679,-1.953372e-05,9.169719,2.699491,2.108008
-0.01100708,-0.2228854,-9.683595e-05,9.390157,2.699744,2.10533
-0.005745591,-0.2151947,-9.804867e-06,9.608817,2.699911,2.103095
-0.001607509,-0.2113926,-0.0001774523,9.808568,2.699977,2.101738
-0.03805613,-0.3081075,-4.496229e-05,8.524112,2.899337,2.112836
-0.02247024,-0.2843712,5.171925e-05,8.734988,2.899528,2.111826
-0.01112367,-0.2608498,-5.003408e-05,8.950001,2.899731,2.110123
-0.004666836,-0.2422812,-3.987705e-05,9.168924,2.899908,2.107911
-0.0009222963,-0.226993,-1.515282e-05,9.389616,2.900022,2.10527
-8.199967e-05,-0.2179347,-6.583966e-05,9.608568,2.900054,2.103068
0.0002243312,-0.2134139,6.601015e-05,9.808513,2.900026,2.101732
-0.01157657,-0.3252766,-6.180818e-05,8.522743,3.099848,2.1125
0.001897595,-0.2964729,0.0001004891,8.733401,3.100053,2.111518
0.01011842,-0.2674657,2.471387e-06,8.948347,3.100232,2.109868
0.0121514,-0.2452855,-2.395842e-06,9.167445,3.100342,2.107723
0.01106984,-0.2269645,0.0001079484,9.38857,3.100352,2.105154
0.006623279,-0.2163609,-7.067243e-05,9.608069,3.10027,2.103012
0.002531517,-0.2111591,0.0004394215,9.808399,3.10015,2.101717
0.02118695,-0.3420926,-0.0002973116,8.520639,3.300309,2.111891
0.03190028,-0.3058362,1.425366e-05,8.730854,3.300598,2.110959
0.03611971,-0.2706857,-6.765541e-05,8.945564,3.300819,2.109405
0.03209709,-0.2438833,-7.223574e-05,9.164828,3.300899,2.107383
0.02521693,-0.2220253,0.0001584281,9.386613,3.300819,2.104941
0.01430049,-0.2100381,-0.0001383313,9.607076,3.300634,2.102903
0.005128007,-0.2035506,0.0006744174,9.80816,3.300434,2.101677
0.06322682,-0.3582157,-0.0005204025,8.517601,3.500799,2.110836
0.06946019,-0.3124633,-7.936002e-05,8.726969,3.501298,2.109988
0.0674906,-0.2682659,-0.0001229437,8.941042,3.501665,2.1086
0.05649122,-0.2366487,-4.095476e-06,9.160298,3.50175,2.106797
0.04163507,-0.2110809,0.0001835931,9.382958,3.501538,2.104576
0.02364644,-0.1975595,-0.000117872,9.605025,3.501204,2.102708
0.008813971,-0.1905519,0.001070464,9.807607,3.50096,2.101586
0.1175513,-0.3756246,-0.001577389,8.513553,3.701373,2.109159
0.1181399,-0.312289,-0.0004579283,8.721503,3.702345,2.108435
0.1070938,-0.2608781,-0.0006194753,8.934049,3.703042,2.107315
0.08468691,-0.2225204,-0.0002964436,9.152594,3.703237,2.105829
0.06068265,-0.1933272,0.0001338962,9.376113,3.702699,2.103993
0.0335044,-0.1798211,-0.0001931911,9.600488,3.701926,2.102391
0.01174903,-0.1694906,0.001084065,9.806002,3.701328,2.101413
0.1951227,-0.3927617,-0.003184881,8.508721,3.902037,2.106875
0.1810239,-0.3067579,-0.0007996599,8.714804,3.903992,2.106289
0.1535248,-0.239861,-0.0007688825,8.924646,3.905452,2.105512
0.121025,-0.1978328,-0.0001298911,9.140485,3.905771,2.104447
0.08235043,-0.1666211,-0.0002435098,9.363396,3.90481,2.103138
0.04830196,-0.1529334,8.0744e-05,9.590056,3.902654,2.101934
0.01622734,-0.1445923,0.0006318726,9.80089,3.898856,2.101139
0.301104,-0.4161172,-0.008681604,8.503666,4.102645,2.104276
0.2721887,-0.2751573,-0.002011074,8.707923,4.106305,2.103836
0.2140824,-0.2104511,-0.002311314,8.914408,4.109252,2.103395
0.1578687,-0.1618907,-0.0004768341,9.125046,4.110236,2.102805
0.1081766,-0.1319083,-4.118876e-05,9.342916,4.108423,2.102052
0.06156354,-0.1216034,-8.662671e-05,9.568277,4.104374,2.101323
0.01428936,-0.1093168,0.0004530168,9.78797,4.087073,2.100792
-0.1554045,-0.01360764,-0.0006742317,8.500698,0.1973083,2.299324
-0.1313997,-0.01275156,-0.0001289677,8.701356,0.1976845,2.299199
-0.1072702,-0.01292556,-0.0004293059,8.902038,0.1989857,2.298985
-0.08552655,-0.01100896,0.0001170391,9.100325,0.203438,2.298821
-0.06312497,-0.01012567,9.573511e-05,9.289881,0.2149455,2.299283
-0.04513632,-0.006282466,-0.001230943,9.492935,0.2491623,2.300304
-0.02437431,-0.02455062,-1.501043e-05,9.713483,0.2864903,2.300464
-0.003467602,-0.009496645,-4.85401e-05,9.854723,0.2449959,2.25006
-0.1550325,-0.03753869,7.944538e-05,8.502263,0.4047415,2.303825
-0.1317801,-0.0366603,-6.896172e-05,8.703808,0.406013,2.30365
-0.1078573,-0.03548892,0.0001718367,8.906258,0.4094097,2.303321
-0.08695087,-0.03674608,-9.543798e-05,9.110171,0.417895,2.302851
-0.06143104,-0.03774831,0.0006544416,9.317853,0.4365195,2.302193
-0.04043198,-0.04057839,2.413214e-05,9.532456,0.4675514,2.3014
-0.004998044,-0.04544727,0.001523333,9.750871,0.5071173,2.30031
0.01052433,-0.03708676,0.001223251,9.862694,0.444134,2.250286
-0.1525721,-0.06394166,3.133231e-05,8.504927,0.6288334,2.307509
-0.1287923,-0.062189,-0.0001113644,8.708017,0.6308519,2.307217
-0.104863,-0.06031658,3.687965e-05,8.91321,0.6354759,2.306615
-0.08185176,-0.06060027,-0.000221562,9.122445,0.6449023,2.305541
-0.05788188,-0.0593779,0.0002168417,9.33881,0.6612478,2.304009
-0.0351737,-0.06214503,-0.0007014862,9.563482,0.6822015,2.302203
-0.0104572,-0.06163782,0.0002600658,9.785017,0.7101142,2.299292
-0.1491868,-0.09141312,7.848727e-05,8.508006,0.8511739,2.31076
-0.1260309,-0.08853199,3.883352e-07,8.71276,0.8533943,2.310315
-0.1016259,-0.0867556,6.809297e-05,8.92068,0.8580119,2.309371
-0.07978809,-0.08494667,8.50988e-05,9.134125,0.8661136,2.307741
-0.05475081,-0.08447725,0.0003772299,9.355252,0.8776548,2.305557
-0.0333788,-0.08497262,0.0003084486,9.582155,0.8898477,2.302866
-0.009908199,-0.08453441,-6.948595e-05,9.79657,0.899671,2.298832
-0.1450805,-0.1162723,5.053251e-05,8.510863,1.067993,2.313326
-0.1213936,-0.1127155,5.018763e-05,8.716958,1.069985,2.312728
-0.09801796,-0.1088494,-0.000102772,8.926783,1.07377,2.311478
-0.07550379,-0.1068498,-0.0001341038,9.142466,1.079599,2.309403
-0.05219585,-0.103795,-0.0001568153,9.364849,1.086906,2.306652
-0.03022828,-0.1038993,-0.0002257717,9.59074,1.093773,2.303347
-0.011345,-0.1011922,4.489123e-05,9.801048,1.097963,2.298997
-0.1395871,-0.1416181,-4.156369e-05,8.513178,1.27922,2.315014
-0.1167137,-0.1362464,-4.405125e-05,8.720156,1.280808,2.314292
-0.09360175,-0.1321492,-8.818906e-05,8.931003,1.283589,2.312809
-0.0721237,-0.1281049,-0.0001593183,9.14748,1.28752,2.310415
-0.04954174,-0.1255854,-0.0001054073,9.369763,1.292099,2.307301
-0.02903201,-0.1234115,-7.338141e-05,9.594281,1.296222,2.303701
-0.009626447,-0.1233189,-0.0002217409,9.802383,1.298645,2.29922
-0.1334543,-0.1647806,3.094613e-05,8.514897,1.486484,2.316003
-0.1106682,-0.1584416,4.355787e-05,8.722382,1.487668,2.315194
-0.08852021,-0.1524591,-0.0001406879,8.933689,1.489623,2.313567
-0.06759261,-0.1477843,-0.000108244,9.150353,1.492241,2.310987
-0.04647865,-0.1434007,-0.0002033229,9.372267,1.495167,2.307678
-0.02665743,-0.1414091,-0.0001788299,9.595793,1.497753,2.303918
-0.009395851,-0.1393598,0.0001013532,9.802816,1.499297,2.299358
-0.1259268,-0.1879632,-4.564892e-05,8.516093,1.691201,2.316574
-0.1038311,-0.1800717,-5.757215e-06,8.723848,1.69205,2.315711
-0.08253155,-0.172884,-0.0001481523,8.935339,1.693392,2.313997
-0.06276651,-0.1667468,-0.0001040969,9.151985,1.695129,2.311309
-0.0429608,-0.1617546,-0.0001706685,9.373566,1.69702,2.30789
-0.02469775,-0.1586151,-4.669426e-05,9.596496,1.69867,2.304035
-0.008775962,-0.1569172,0.000176083,9.802995,1.699654,2.299418
-0.1169208,-0.2099937,-1.763154e-05,8.516871,1.894276,2.3169
-0.095536,-0.2004757,2.305961e-05,8.724763,1.89487,2.316003
-0.07532865,-0.1915472,-0.0001394735,8.936317,1.895779,2.314238
-0.05681958,-0.1841176,-8.04142e-05,9.152898,1.896926,2.311487
-0.03867457,-0.1777993,-0.0001975618,9.374248,1.898152,2.308003
-0.02212588,-0.1740413,-5.23685e-05,9.59684,1.899206,2.304091
-0.007777445,-0.1717657,0.0001512982,9.803078,1.899826,2.299437
-0.1062602,-0.2314851,-3.371916e-05,8.517327,2.096289,2.317078
-0.08574403,-0.2200483,1.431295e-05,8.725282,2.0967,2.316161
-0.06677917,-0.2092671,-0.0001294108,8.936854,2.097309,2.314367
-0.04984191,-0.2002388,-6.961734e-05,9.15338,2.098061,2.311582
-0.03360959,-0.1926669,-0.0001624621,9.374593,2.098851,2.308061
-0.01917492,-0.1880198,-3.410307e-05,9.597007,2.09952,2.304114
-0.006738308,-0.1853456,0.0002303793,9.803117,2.099906,2.299438
-0.09356926,-0.2520736,-1.227918e-05,8.517525,2.297617,2.317162
-0.0740277,-0.2384152,3.944158e-05,8.725505,2.2979,2.316235
-0.05651735,-0.2253504,-9.666203e-05,8.937081,2.298305,2.314427
-0.04142691,-0.2145145,-4.041208e-05,9.153581,2.298793,2.311625
-0.02749454,-0.2053275,-0.0001352013,9.374735,2.299296,2.308086
-0.0155408,-0.199775,5.600426e-06,9.597077,2.29971,2.304125
-0.005378094,-0.1965139,0.000229829,9.803134,2.299943,2.299439
-0.07847762,-0.2719104,-3.185237e-06,8.517495,2.498504,2.317176
-0.06005387,-0.2556053,4.981713e-05,8.725473,2.498702,2.316245
-0.0442421,-0.2398057,-7.274046e-05,8.937053,2.498971,2.314433
-0.03140837,-0.2268212,-3.12615e-05,9.15356,2.499284,2.311628
-0.02022731,-0.2157564,-0.0001135276,9.374725,2.499592,2.308089
-0.01128571,-0.2091315,-2.203728e-05,9.597076,2.499835,2.304128
-0.003820973,-0.2052272,0.0001964251,9.803135,2.499964,2.299442
-0.06041707,-0.2908751,2.810179e-05,8.517229,2.699114,2.317119
-0.04328064,-0.2713884,9.749501e-05,8.72518,2.699262,2.316191
-0.02947692,-0.2521643,-1.812954e-05,8.936761,2.699444,2.314386
-0.01935438,-0.2366452,1.329452e-05,9.153308,2.69964,2.311592
-0.01147497,-0.2232988,-7.16609e-05,9.374553,2.699814,2.308065
-0.006116952,-0.2154864,1.559317e-05,9.596997,2.699934,2.304117
-0.001877108,-0.2107615,0.0001437917,9.803117,2.699983,2.299442
-0.03867895,-0.3090764,3.481197e-05,8.516685,2.899559,2.316971
-0.0230684,-0.2855517,0.0001081495,8.724565,2.899687,2.316051
-0.01167062,-0.2621628,-2.079483e-06,8.936129,2.899822,2.314266
-0.004971868,-0.243549,1.128018e-05,9.152746,2.899941,2.311499
-0.001099153,-0.2274795,-7.722075e-05,9.374155,2.900022,2.308003
-2.347562e-05,-0.2183032,-4.040478e-05,9.596806,2.900044,2.304086
0.0003894988,-0.2125838,-0.0001262485,9.803073,2.900019,2.299433
-0.01212864,-0.3264645,8.829557e-05,8.51578,3.099918,2.316675
0.001498611,-0.2978611,0.0001790149,8.723507,3.100061,2.315771
0.009829377,-0.2690401,8.074394e-05,8.935003,3.100185,2.314026
0.01234,-0.2467816,0.0001147972,9.151701,3.100262,2.311313
0.01124384,-0.2276142,-3.740397e-05,9.373382,3.100273,2.30788
0.00726842,-0.2168168,5.812157e-05,9.596422,3.100213,2.304022
0.003281038,-0.2104301,-0.0003594608,9.802981,3.100115,2.29941
0.02073972,-0.3434961,1.728656e-05,8.514395,3.300254,2.31613
0.03176226,-0.3074549,0.000146117,8.721821,3.300465,2.315255
0.03614726,-0.2725168,3.54869e-05,8.933116,3.300626,2.313582
0.03282452,-0.2455873,9.145804e-05,9.149849,3.300689,2.31097
0.02578498,-0.2229176,-6.059825e-05,9.371925,3.30064,2.307647
0.0153657,-0.2106517,3.235149e-05,9.59565,3.300504,2.303892
0.006267861,-0.2027708,-0.0005205096,9.802788,3.300343,2.299346
0.06286151,-0.3599959,0.0001849752,8.512397,3.500631,2.315168
0.06959688,-0.3142678,0.0002026542,8.71927,3.501014,2.314335
0.06790479,-0.2703475,0.0001981121,8.930077,3.501293,2.312787
0.05776387,-0.2385413,0.0003208964,9.146636,3.501368,2.310355
0.04266701,-0.2121546,-3.909238e-05,9.369169,3.501226,2.307231
0.02544143,-0.1982596,0.0002520685,9.594021,3.500977,2.303649
0.01043226,-0.1903118,-0.0006057011,9.802329,3.500776,2.299195
0.1174326,-0.3778236,-0.0001003662,8.509685,3.701123,2.313519
0.1186566,-0.3143133,-3.653099e-05,8.715649,3.701909,2.31274
0.1078688,-0.2630975,-0.0002021575,8.925403,3.702481,2.311406
0.0865878,-0.2244633,4.893344e-05,9.141178,3.702609,2.309286
0.06223813,-0.1947816,-0.0002460161,9.363918,3.702219,2.306529
0.03558942,-0.1807112,0.0001694128,9.590325,3.701607,2.303263
0.01357189,-0.1684363,-0.0007258443,9.800956,3.701081,2.298959
0.1950711,-0.3959783,0.0004255855,8.506282,3.901737,2.31088
0.1820498,-0.3086082,8.16114e-05,8.711012,3.903407,2.310173
0.1544965,-0.2420843,0.000436615,8.918888,3.904676,2.309172
0.1229584,-0.1996651,0.0004697017,9.132366,3.90496,2.307567
0.08383445,-0.1679362,-0.0003445635,9.353942,3.904118,2.305376
0.0507618,-0.1536988,0.000772164,9.581562,3.902306,2.302743
0.01662517,-0.1452141,-0.0005417255,9.79641,3.898711,2.298782
0.301748,-0.4214969,-0.0001419856,8.502451,4.102316,2.307236
0.2743686,-0.2769662,0.0001009606,8.705957,4.105677,2.30666
0.2158687,-0.2122489,-0.0004782606,8.911342,4.108379,2.30608
0.160022,-0.1631168,0.0001011906,9.120539,4.109321,2.305153
0.1097408,-0.1333962,-0.0007777031,9.337148,4.107679,2.303739
0.06406015,-0.1213008,0.0008791361,9.562583,4.103971,2.302027
0.01655645,-0.1095957,-0.001142134,9.784624,4.08711,2.299225
-0.1533032,-0.01371217,0.002804169,8.500454,0.2107095,2.487532
-0.1304595,-0.0132843,0.002691714,8.700904,0.2109592,2.487418
-0.1059825,-0.01357133,0.001651543,8.901452,0.2118792,2.487208
-0.08611884,-0.01290165,0.001589444,9.100366,0.2152233,2.48722
-0.06169672,-0.01213343,0.002277409,9.289899,0.2258514,2.487923
-0.04440757,-0.007236605,-4.767778e-05,9.493619,0.2551172,2.495455
-0.02330088,-0.02332538,0.0002947404,9.712122,0.2878541,2.501016
-0.003487372,-0.009883484,0.000388023,9.854656,0.2450899,2.450162
-0.1548791,-0.03819522,-0.001777798,8.501478,0.4280758,2.505562
-0.1313955,-0.03708558,-0.001747926,8.702533,0.4288862,2.505394
-0.1079272,-0.03608194,-0.001217261,8.904281,0.4311312,2.505046
-0.08641443,-0.03646636,-0.001218191,9.107219,0.4368833,2.504493
-0.06286732,-0.03712724,-0.000559176,9.31317,0.4498391,2.50353
-0.04134323,-0.04135177,-3.93757e-05,9.526176,0.4738501,2.502185
-0.006714421,-0.04427003,0.0003721763,9.744929,0.5064221,2.49548
0.009333739,-0.03510981,0.001039875,9.862295,0.444859,2.450731
-0.1524454,-0.06717889,0.0009913955,8.503078,0.6518776,2.511104
-0.1290228,-0.06501243,0.0008623428,8.705094,0.6530915,2.510839
-0.1052069,-0.06316722,0.0008624,8.908594,0.6559305,2.510249
-0.08287,-0.06195628,0.0003943076,9.115066,0.6617799,2.509056
-0.0590737,-0.06109136,0.0001437333,9.327718,0.6723516,2.506803
-0.03524608,-0.06277376,0.0007909949,9.550199,0.6868787,2.503562
-0.01166963,-0.06134736,-0.002114447,9.774142,0.7100994,2.487957
-0.1495145,-0.09288381,-0.0002050208,8.504807,0.8696515,2.515332
-0.1260533,-0.0898961,-0.0002579977,8.707786,0.8709039,2.514948
-0.1026129,-0.08724425,-0.0001979936,8.912889,0.8735178,2.514083
-0.08015366,-0.08562174,-3.163755e-05,9.122028,0.8781349,2.512309
-0.05691087,-0.08409811,-0.0003161182,9.33835,0.8850104,2.509074
-0.03305975,-0.08477349,0.001189276,9.563194,0.8928026,2.504522
-0.01176632,-0.08311897,-0.001312939,9.784802,0.8996326,2.487248
-0.1452666,-0.1178096,0.0001904182,8.506359,1.080948,2.517885
-0.121992,-0.1137893,0.0001995168,8.710079,1.082028,2.517395
-0.09887757,-0.1101209,-0.0001294591,8.916244,1.084082,2.516304
-0.07670202,-0.1072846,0.0001157735,9.126783,1.087286,2.514111
-0.05443597,-0.1047572,-0.0007432967,9.344302,1.091486,2.510289
-0.03080392,-0.1037278,0.0009538322,9.569002,1.095744,2.505083
-0.01141166,-0.1013305,-0.002287735,9.788159,1.09855,2.48723
-0.1400383,-0.1423861,-9.007852e-05,8.507605,1.287891,2.519264
-0.1172828,-0.1371294,5.651921e-06,8.711807,1.288738,2.518695
-0.094694,-0.1324552,-0.0002049411,8.918546,1.290235,2.517456
-0.0732444,-0.1286981,-2.249517e-06,9.129629,1.292381,2.51503
-0.05191562,-0.1253423,-0.000734873,9.347324,1.294981,2.510921
-0.02930963,-0.1235496,0.0008719474,9.57135,1.297488,2.505462
-0.01061458,-0.1207002,-0.001928668,9.789109,1.299097,2.487456
-0.1339221,-0.1655322,4.293666e-05,8.508532,1.492238,2.520017
-0.1115018,-0.159143,7.304682e-05,8.713015,1.492866,2.519396
-0.08971706,-0.1532077,-0.0001682968,8.920023,1.493914,2.518068
-0.06910564,-0.148348,2.115829e-05,9.131269,1.495336,2.515514
-0.04885731,-0.1441316,-0.0009607786,9.348845,1.49698,2.51126
-0.02759405,-0.1414259,0.0008446253,9.572334,1.498533,2.505678
-0.009959033,-0.1382959,-0.002668722,9.789409,1.499542,2.487595
-0.1264632,-0.1885781,-6.281882e-05,8.509179,1.694996,2.520435
-0.1046673,-0.1807151,-4.607554e-06,8.713813,1.695447,2.519781
-0.0837316,-0.1734907,-0.0002233419,8.920935,1.696166,2.518399
-0.06415752,-0.1673708,-8.198921e-06,9.132199,1.697104,2.515773
-0.04514813,-0.162224,-0.0008188414,9.349627,1.698159,2.511441
-0.02547908,-0.158708,0.0008093933,9.572784,1.699141,2.505788
-0.00919535,-0.1549513,-0.002116832,9.789534,1.699774,2.487651
-0.1175214,-0.2105512,-2.768966e-05,8.509601,1.896767,2.520667
-0.09642895,-0.2011063,2.494089e-05,8.714313,1.897083,2.519993
-0.07652657,-0.1922582,-0.0001959694,8.921477,1.897569,2.51858
-0.05820923,-0.1848506,7.276859e-06,9.132718,1.898186,2.515912
-0.04069526,-0.1785227,-0.0007923395,9.350031,1.898866,2.511534
-0.02287491,-0.1743136,0.0007310587,9.572999,1.89949,2.505836
-0.008231244,-0.1698131,-0.002043245,9.78959,1.899884,2.487665
-0.1068862,-0.2320563,-5.542633e-05,8.50985,2.097915,2.520792
-0.08662105,-0.2207338,9.304117e-06,8.714597,2.098133,2.520107
-0.06791802,-0.2100574,-0.0001894429,8.921774,2.098458,2.518675
-0.05109981,-0.2010955,5.284321e-06,9.132989,2.098863,2.515983
-0.03540044,-0.1934694,-0.0007085576,9.350229,2.099299,2.511578
-0.01972175,-0.1883351,0.0006721653,9.573091,2.099692,2.505847
-0.007063268,-0.1832411,-0.001925809,9.789609,2.099935,2.487652
-0.09420637,-0.2526706,-2.765867e-05,8.509958,2.298665,2.520852
-0.0748842,-0.2391782,3.537558e-05,8.714719,2.298816,2.52016
-0.05757319,-0.2262761,-0.0001377058,8.921899,2.299033,2.51872
-0.04256935,-0.2155379,2.191091e-05,9.133103,2.299295,2.516016
-0.02898874,-0.2063433,-0.0005618055,9.350314,2.299572,2.511599
-0.0159873,-0.2002107,0.0005379897,9.573135,2.299816,2.505856
-0.005649558,-0.1945145,-0.001459911,9.789621,2.299961,2.487652
-0.07911346,-0.2725645,-1.008613e-05,8.50994,2.499165,2.520864
-0.06086753,-0.2564682,4.653876e-05,8.714702,2.499271,2.520169
-0.04518791,-0.2408817,-9.584235e-05,8.921883,2.499416,2.518726
-0.03238456,-0.22803,1.832244e-05,9.133093,2.499583,2.516022
-0.02139532,-0.2169728,-0.0004398335,9.350315,2.499753,2.511605
-0.01158171,-0.2096686,0.0003345466,9.573149,2.499895,2.505868
-0.004016019,-0.2032996,-0.001262737,9.789631,2.499975,2.487668
-0.06102868,-0.2916,4.092549e-05,8.509794,2.69951,2.520829
-0.04403101,-0.2723906,9.771244e-05,8.714539,2.699589,2.520135
-0.03028076,-0.2534434,-9.806716e-06,8.92172,2.699687,2.518695
-0.02015406,-0.2380869,4.163161e-05,9.132948,2.699792,2.515997
-0.01221871,-0.2247891,-0.0002280257,9.350212,2.699888,2.511588
-0.00632881,-0.2161448,0.0001384856,9.573099,2.699958,2.505861
-0.002052109,-0.2091866,-0.000684084,9.789619,2.699989,2.487669
-0.0392816,-0.3098461,8.61795e-05,8.509496,2.899763,2.520731
-0.02376302,-0.2866714,0.0001153472,8.714199,2.899833,2.52004
-0.01230358,-0.2636194,4.907406e-05,8.921365,2.899907,2.518611
-0.005554372,-0.2451853,1.693985e-05,9.132622,2.899972,2.515928
-0.001365595,-0.2292379,-1.695935e-05,9.349964,2.900016,2.511537
-0.0002575984,-0.2189996,-0.0002748018,9.572965,2.900027,2.505828
0.000185153,-0.2113839,0.0001442449,9.789579,2.90001,2.487652
-0.01267748,-0.3273088,0.0001957925,8.509,3.099973,2.520531
0.0009047394,-0.2991431,0.0001919135,8.713616,3.100055,2.519848
0.009439544,-0.2707251,0.0001893852,8.920734,3.100126,2.51844
0.01197931,-0.2486655,8.153512e-05,9.132017,3.100169,2.515791
0.01160332,-0.2295963,0.0003044698,9.349491,3.100174,2.511437
0.006943836,-0.2175756,-0.000609554,9.572713,3.100137,2.50577
0.002950022,-0.2091475,0.001393056,9.789514,3.100067,2.487633
0.02023686,-0.3441966,0.0002856593,8.508242,3.300181,2.520152
0.03126056,-0.308782,0.0002215793,8.712687,3.300309,2.519481
0.03603724,-0.2742053,0.0002489319,8.919679,3.300406,2.518113
0.03285897,-0.2475439,7.614902e-05,9.130946,3.300443,2.515527
0.02687782,-0.2250083,0.0005810395,9.348599,3.300413,2.511245
0.01534702,-0.2113226,-0.0009466384,9.572208,3.300328,2.505649
0.006059056,-0.2017091,0.002288411,9.789379,3.300206,2.487575
0.06242193,-0.3606237,0.0006921684,8.507146,3.500433,2.519457
0.0691699,-0.3157103,0.0003112849,8.711286,3.500679,2.5188
0.06815765,-0.2722742,0.0004981147,8.917988,3.500857,2.517504
0.05807827,-0.240728,0.0002817902,9.12909,3.500904,2.515034
0.04456736,-0.2144583,0.0007599577,9.346898,3.500816,2.510884
0.02535657,-0.1990157,-0.001005923,9.571124,3.500657,2.505403
0.01000285,-0.1889106,0.002691017,9.789048,3.500493,2.487408
0.1171546,-0.3776944,0.001167471,8.505644,3.700792,2.518199
0.1180881,-0.3155283,0.0003354673,8.709294,3.701319,2.51755
0.1083496,-0.2643868,0.0004189403,8.91541,3.701706,2.516376
0.08738586,-0.2262072,0.0001562018,9.125963,3.701793,2.514124
0.06505902,-0.1966945,0.0009999776,9.343645,3.701546,2.51024
0.03614107,-0.1807259,-0.001097917,9.568654,3.701145,2.504997
0.01386717,-0.1687063,0.0037866,9.788063,3.700762,2.487159
0.1949431,-0.3952224,0.002896124,8.503687,3.901322,2.515894
0.1812944,-0.3096546,0.0002525879,8.706682,3.902521,2.515231
0.1551895,-0.2436526,0.0009917074,8.911774,3.903432,2.514258
0.1233764,-0.2014453,0.000434023,9.120921,3.903657,2.512415
0.08718162,-0.1699936,0.0004687729,9.337452,3.903028,2.509072
0.05037222,-0.1540116,-0.0004919226,9.562734,3.901785,2.504428
0.01856534,-0.1436283,0.002470159,9.784658,3.899188,2.487165
0.302228,-0.4188969,0.005740734,8.501256,4.101902,2.511821
0.2723804,-0.2777225,0.0006688562,8.703666,4.104571,2.511191
0.2163883,-0.2121026,0.0008102907,8.907342,4.106667,2.51057
0.1608816,-0.1636052,0.0002685481,9.113822,4.107425,2.509385
0.1126578,-0.1338045,0.0004739379,9.326617,4.106193,2.507037
0.06449329,-0.1216874,-0.001210942,9.549605,4.103221,2.50348
0.01910612,-0.1080165,0.003175901,9.773809,4.087832,2.487855
-0.1548412,-0.01180972,-0.001235385,8.500222,0.2496408,2.689754
-0.131311,-0.01159901,-0.001151525,8.700441,0.2495611,2.689974
-0.1080159,-0.01227804,-9.172784e-05,8.900755,0.2498433,2.689921
-0.08620316,-0.01141742,-0.001568157,9.100687,0.2513475,2.689675
-0.06442197,-0.01060962,0.0002430238,9.296103,0.2570795,2.691385
-0.04872219,-0.01319082,-0.00313181,9.495941,0.2731816,2.695981
-0.02569841,-0.02546705,-3.383159e-05,9.708603,0.2913905,2.703811
-0.003518347,-0.01122985,-0.001257095,9.854335,0.2454403,2.650659
-0.1549878,-0.0467775,0.0005890688,8.5007,0.4644425,2.70925
-0.1315582,-0.045333,0.0004168368,8.701216,0.4646736,2.709217
-0.1080081,-0.04368338,0.0006314253,8.902098,0.4655932,2.709015
-0.08694992,-0.04276509,0.000287097,9.103652,0.4681874,2.708505
-0.06272721,-0.04362483,0.001178394,9.306813,0.4739794,2.707379
-0.04193164,-0.04249019,-7.553844e-05,9.514206,0.485937,2.704968
-0.01243046,-0.04794157,0.003499595,9.726994,0.5041241,2.696172
0.004398988,-0.032779,-0.00529365,9.859721,0.4474139,2.651911
-0.1524534,-0.06898582,0.001378729,8.501347,0.6782154,2.716748
-0.1288573,-0.06727488,0.001153063,8.702265,0.6786867,2.716595
-0.1054857,-0.06490506,0.001184564,8.903901,0.6798538,2.716208
-0.08322382,-0.06488357,0.0004853107,9.107001,0.6823003,2.715285
-0.06018519,-0.06216803,-8.265307e-05,9.313371,0.6867361,2.712957
-0.04077834,-0.0637442,-0.0009900076,9.526242,0.6932488,2.707498
-0.009975842,-0.06266903,-0.0006309512,9.743187,0.7039014,2.691778
-0.002715019,-0.05450319,-0.02749116,9.877301,0.6563845,2.654391
-0.149271,-0.09611904,-0.0002753411,8.50202,0.886938,2.720457
-0.1264148,-0.09293848,-0.0003235912,8.703323,0.8874279,2.720231
-0.1028026,-0.09042644,-0.0002784296,8.905607,0.8884666,2.719687
-0.08210902,-0.08793118,-0.0001034194,9.109796,0.8902965,2.718413
-0.05851294,-0.08653458,-0.0005240696,9.317822,0.8930577,2.715307
-0.03865677,-0.08575061,-0.0001952347,9.531995,0.8963669,2.708592
-0.01025468,-0.08276664,0.001149427,9.748813,0.8992886,2.689877
0.01283191,-0.09797944,0.004017048,9.878022,0.8497213,2.654905
-0.1454317,-0.1189918,0.0003169576,8.502622,1.09199,2.722119
-0.1221597,-0.1157029,0.0002550628,8.704218,1.092409,2.72184
-0.09964728,-0.1110573,-4.16915e-05,8.906925,1.093215,2.721186
-0.07862295,-0.1088149,0.0002880152,9.111679,1.094473,2.719704
-0.05617625,-0.105225,-0.001175044,9.320297,1.096142,2.716242
-0.03712097,-0.1047782,-0.0004088115,9.534557,1.097921,2.709079
-0.01068169,-0.101835,-0.0004837558,9.750239,1.099246,2.689992
0.01465499,-0.1194908,0.006778698,9.87828,1.048934,2.654676
-0.1400476,-0.1440091,-5.892675e-05,8.503106,1.295,2.722909
-0.1180701,-0.1382912,6.419532e-05,8.704893,1.295327,2.722595
-0.09564804,-0.1340167,-0.0002366606,8.907831,1.29591,2.721872
-0.07567818,-0.1296205,0.0002842927,9.112818,1.296747,2.720278
-0.05390376,-0.1265973,-0.001006164,9.321558,1.297771,2.71666
-0.03554757,-0.1244973,-0.0001381844,9.535579,1.298804,2.709338
-0.009810175,-0.1212153,1.663064e-05,9.750603,1.299584,2.690171
0.01734706,-0.1415612,0.008067278,9.878304,1.249071,2.654739
-0.1343223,-0.1663141,0.0001042652,8.503467,1.496836,2.723309
-0.112343,-0.1598778,0.0001639664,8.705365,1.497078,2.722973
-0.09071013,-0.1538416,-0.0001053407,8.908414,1.497485,2.722209
-0.07142298,-0.1490823,0.0002624366,9.113475,1.498037,2.720556
-0.05054097,-0.1445073,-0.001155525,9.322187,1.498678,2.716862
-0.03356258,-0.142725,-0.0002737151,9.535978,1.499311,2.709455
-0.009306829,-0.1389633,-0.0002696159,9.75067,1.499782,2.690167
0.01982221,-0.1629993,0.009304208,9.878298,1.449163,2.654671
-0.1269481,-0.1893004,-2.864425e-05,8.503719,1.697979,2.723522
-0.105586,-0.1813775,6.962292e-05,8.705677,1.698152,2.723172
-0.08474898,-0.1742173,-0.0002557563,8.908774,1.69843,2.722384
-0.06641418,-0.1681161,0.0002259618,9.113847,1.698794,2.720698
-0.04682488,-0.162872,-0.001175663,9.322509,1.699204,2.716965
-0.03081958,-0.1600251,0.0001154071,9.536174,1.699605,2.709523
-0.008998254,-0.1557817,-0.0004326176,9.750731,1.699914,2.69022
0.02208271,-0.1834474,0.01066725,9.878295,1.649192,2.654632
-0.1180525,-0.2110524,1.913784e-05,8.503883,1.898703,2.723638
-0.09734725,-0.2016759,0.0001004155,8.705873,1.898824,2.723279
-0.07753886,-0.1928612,-0.0001993005,8.908988,1.899012,2.722477
-0.0603239,-0.1856028,0.000230615,9.114052,1.89925,2.720772
-0.04228657,-0.1791412,-0.001089921,9.322669,1.899512,2.717015
-0.02785415,-0.1757419,0.0001812988,9.536254,1.899759,2.709546
-0.007898983,-0.1711885,-0.000274138,9.750755,1.899936,2.690248
0.02401804,-0.2022774,0.01179503,9.878301,1.849195,2.654708
-0.1074339,-0.23255,-1.556544e-05,8.50398,2.099167,2.7237
-0.0875123,-0.2213236,8.023002e-05,8.705985,2.09925,2.723336
-0.06888499,-0.2107121,-0.0001894033,8.909104,2.099376,2.722527
-0.05305078,-0.2019487,0.0001991142,9.114155,2.099532,2.720809
-0.03681728,-0.1941374,-0.0009530337,9.322729,2.099698,2.717033
-0.02433939,-0.1900064,9.698759e-05,9.536214,2.099848,2.709505
-0.00672527,-0.1844659,0.0001577342,9.750637,2.099937,2.690024
0.025737,-0.2189719,0.01284126,9.878288,2.049189,2.654495
-0.09475409,-0.2531552,7.516598e-06,8.504023,2.299468,2.723731
-0.07571577,-0.2398064,9.855427e-05,8.706033,2.299527,2.723364
-0.05847747,-0.2269829,-0.0001271312,8.909153,2.29961,2.72255
-0.04423775,-0.2165183,0.0002054447,9.114201,2.299712,2.720827
-0.0302468,-0.2070596,-0.0007737135,9.322765,2.299819,2.717045
-0.01968684,-0.2021455,0.0002103644,9.536235,2.299923,2.709511
-0.005571904,-0.1956178,0.0003154043,9.750643,2.300012,2.690026
0.02748305,-0.2333133,0.01412652,9.878279,2.24919,2.654358
-0.07965053,-0.2730891,1.70759e-05,8.504016,2.499669,2.723739
-0.06161932,-0.2571757,8.59074e-05,8.706026,2.49971,2.72337
-0.04600201,-0.2416907,-8.636511e-05,8.909148,2.499766,2.722555
-0.03373937,-0.2291858,0.0001797863,9.114203,2.49983,2.720833
-0.02242909,-0.2177967,-0.0005529542,9.322788,2.499896,2.717057
-0.01450049,-0.2118141,9.190468e-05,9.536327,2.499957,2.709572
-0.00401376,-0.2042956,0.0004501388,9.750782,2.499999,2.690263
0.0289033,-0.2447592,0.01502754,9.878297,2.449191,2.654646
-0.06153534,-0.2921862,6.290358e-05,8.503959,2.699807,2.723725
-0.04467005,-0.2732117,0.0001518236,8.705961,2.699838,2.723356
-0.03098548,-0.2543846,3.107625e-05,8.909083,2.699876,2.722542
-0.02107776,-0.2394631,0.0001489817,9.114144,2.699916,2.720822
-0.01297782,-0.2256836,-0.0003021645,9.322746,2.699952,2.71705
-0.007962037,-0.2186632,0.0001379723,9.53631,2.699975,2.70957
-0.001992728,-0.2092109,0.0004499583,9.750781,2.699984,2.690267
0.03015747,-0.2524583,0.01590024,9.878301,2.649188,2.654728
-0.03976165,-0.3105142,0.0001409439,8.503841,2.899911,2.723682
-0.0242651,-0.287641,0.0001073056,8.705827,2.899939,2.723314
-0.01287132,-0.2647275,6.997839e-05,8.90894,2.899968,2.722503
-0.005933781,-0.2468205,3.603316e-05,9.114006,2.899992,2.720788
-0.001871987,-0.2302477,-1.930548e-05,9.322623,2.900007,2.717018
-0.0001104269,-0.2219723,-8.697394e-05,9.536178,2.900006,2.709508
-0.0002846462,-0.2106013,-0.0003162126,9.750649,2.899979,2.69006
0.03132198,-0.255886,0.01688465,9.87829,2.849182,2.654525
-0.01309872,-0.3280581,0.0002380678,8.503646,3.1,2.723592
0.0005704568,-0.3002583,0.0001528861,8.705596,3.100034,2.723225
0.009048091,-0.2720324,0.00020517,8.908687,3.100063,2.722423
0.01228276,-0.2505617,2.170764e-05,9.113757,3.100079,2.720719
0.01138636,-0.2308596,0.0003474039,9.322416,3.10008,2.716965
0.009485162,-0.2207995,7.633562e-05,9.536061,3.100069,2.709477
0.00187133,-0.2083788,-0.001053507,9.750634,3.100055,2.690088
0.03253417,-0.25496,0.01827772,9.878285,3.049185,2.654461
0.01989981,-0.3449694,0.000396539,8.503349,3.300098,2.723415
0.03107096,-0.3101165,0.0001602309,8.705229,3.300154,2.723051
0.03586229,-0.2757783,0.0002460489,8.908265,3.300195,2.722263
0.0338669,-0.2497153,-6.930133e-05,9.113319,3.300208,2.720585
0.02708683,-0.2267881,0.0006550951,9.322033,3.300191,2.716862
0.01988619,-0.21472,0.0001510408,9.535846,3.300149,2.70942
0.004494372,-0.201626,-0.001301162,9.750616,3.300072,2.690144
0.03338498,-0.2482581,0.01952782,9.878297,3.249192,2.654648
0.06222229,-0.3611767,0.001049014,8.502917,3.500232,2.723074
0.06907979,-0.317119,0.000267846,8.704674,3.500347,2.72271
0.06828103,-0.2739838,0.0006104801,8.907588,3.500426,2.72195
0.05972965,-0.2430743,8.78015e-05,9.112557,3.500442,2.72032
0.04535058,-0.216362,0.0009843101,9.321288,3.500395,2.716652
0.03186639,-0.2025241,0.0006015964,9.53529,3.500311,2.709231
0.008053687,-0.188501,-0.00128281,9.750377,3.500196,2.689872
0.03414705,-0.2341552,0.02075431,9.878287,3.449237,2.654479
0.1171987,-0.3776653,0.002288667,8.502321,3.700452,2.722405
0.117889,-0.3172703,0.0004790146,8.703884,3.700713,2.722031
0.1086659,-0.2663985,0.0005259569,8.90656,3.700894,2.721319
0.08986896,-0.2287738,-0.0001678093,9.111287,3.700928,2.719785
0.06641947,-0.1994919,0.00112533,9.319893,3.700803,2.716248
0.04486785,-0.1839392,0.0007500491,9.534139,3.700603,2.708934
0.01145733,-0.1693028,-0.0010342,9.749928,3.70042,2.689595
0.03448604,-0.2127906,0.02158803,9.878277,3.649383,2.654281
0.1953568,-0.3928065,0.007038965,8.501522,3.900826,2.720995
0.1803098,-0.3109264,0.001076486,8.702837,3.901458,2.72058
0.1556775,-0.2452752,0.0022262,8.905113,3.901901,2.719953
0.1255458,-0.203727,0.0004841038,9.109277,3.901999,2.718611
0.08919546,-0.1720258,0.001486944,9.317307,3.901684,2.715394
0.05889763,-0.1564932,0.002197681,9.531525,3.901071,2.708475
0.01465657,-0.1419951,-0.001935441,9.748503,3.900153,2.689529
0.03211739,-0.1855804,0.02215713,9.87822,3.849454,2.654213
0.3044336,-0.4111914,0.01739328,8.500425,4.101396,2.717729
0.2679607,-0.279145,0.004418373,8.701574,4.102978,2.717243
0.215328,-0.2143471,0.001037666,8.903308,4.104078,2.716784
0.1624558,-0.1657416,0.000287585,9.106396,4.104424,2.715784
0.1136634,-0.1372847,0.0004766754,9.312788,4.103796,2.713283
0.07457758,-0.1208826,0.001744374,9.525758,4.102136,2.707458
0.01550888,-0.1108375,-0.0003078383,9.742816,4.09526,2.691481
0.02426076,-0.1615696,0.03440023,9.877642,4.0471,2.653984
-0.1706284,-0.001849836,0.004078459,8.450029,0.2404788,2.856723
-0.1445545,-0.0008276426,0.002069082,8.650056,0.2395389,2.857665
-0.1214211,-0.002172445,0.001330471,8.850089,0.2389361,2.858305
-0.09777596,-0.00392525,0.001438804,9.05019,0.2392059,2.858108
-0.07593123,-0.01025306,0.001132996,9.250274,0.2405636,2.857056
-0.05068865,-0.009575075,-0.0001544188,9.450624,0.2414359,2.857361
-0.03011214,-0.01434354,0.004672868,9.652616,0.2431479,2.856946
-0.006056337,-0.01288723,0.0024206,9.852642,0.2468749,2.853141
-0.1532376,-0.05090504,0.002716558,8.500162,0.496651,2.906454
-0.1301871,-0.04924056,0.002757248,8.700283,0.4964157,2.906483
-0.1065546,-0.04860037,0.002588302,8.900486,0.4964436,2.906438
-0.08571949,-0.04658988,0.002973135,9.100856,0.4969988,2.906196
-0.06164093,-0.04795796,0.002694091,9.301289,0.4978936,2.905442
-0.04369291,-0.04402025,0.0002217133,9.501821,0.4984145,2.903853
-0.02530743,-0.03753612,0.009333531,9.655275,0.4477159,2.860069
-0.002674406,-0.03497597,0.007598797,9.854377,0.4492153,2.85463
-0.1522725,-0.07154274,0.0004644596,8.500289,0.6963273,2.910001
-0.129032,-0.06934256,0.000516966,8.700499,0.6963721,2.909963
-0.1054505,-0.06706174,0.0005576354,8.900883,0.696582,2.909851
-0.08435333,-0.06590819,0.0005559302,9.101564,0.6970911,2.909512
-0.06150301,-0.06373435,0.0001428548,9.302276,0.6978397,2.908419
-0.0454426,-0.06250999,-0.002407413,9.502537,0.6987796,2.905526
-0.0280723,-0.05555529,0.008205497,9.657799,0.6492734,2.861356
-0.001678318,-0.05400093,0.009323775,9.855457,0.6496807,2.855305
-0.1491873,-0.09753896,-3.314848e-05,8.500422,0.8972518,2.911521
-0.126547,-0.09421122,-1.483922e-05,8.700711,0.8973383,2.911461
-0.1027769,-0.09183934,-4.316331e-05,8.901232,0.8975425,2.911308
-0.08285327,-0.0888734,-0.0001227422,9.102124,0.8979176,2.910877
-0.05963919,-0.08688856,-0.0006130774,9.303007,0.8984732,2.909522
-0.04256701,-0.08476801,-0.00258786,9.503263,0.8991508,2.906249
-0.02352768,-0.0776797,0.009522465,9.658894,0.8497288,2.861775
-0.002644187,-0.07678967,0.01070797,9.855793,0.8498538,2.855633
-0.1454031,-0.1197354,6.300164e-05,8.500542,1.098292,2.912049
-0.1222969,-0.1164289,0.0001114203,8.70089,1.098373,2.911976
-0.09996424,-0.1116286,-3.032978e-05,8.9015,1.098534,2.911796
-0.07968966,-0.1093354,1.286703e-05,9.102505,1.09879,2.911312
-0.05779933,-0.1056015,-0.0007106705,9.303498,1.099133,2.909863
-0.04201576,-0.1033955,-0.002146816,9.503685,1.099519,2.906471
-0.02221984,-0.097768,0.009495878,9.659312,1.049943,2.861912
-0.002649138,-0.0980294,0.01350821,9.855857,1.049956,2.855705
-0.139916,-0.1447916,-2.059135e-05,8.500638,1.298956,2.91226
-0.1183919,-0.1388128,-1.946586e-05,8.701025,1.29902,2.912179
-0.09602429,-0.1345751,-0.0001166969,8.901682,1.299136,2.911983
-0.07680552,-0.1300436,1.804374e-05,9.102735,1.299305,2.911473
-0.05534068,-0.1264338,-0.0006883434,9.30375,1.299512,2.909986
-0.03956675,-0.1235408,-0.002083042,9.503837,1.299731,2.906553
-0.01895908,-0.1182052,0.01052547,9.65942,1.250064,2.861948
-0.002275207,-0.1178254,0.01536993,9.855859,1.250005,2.85568
-0.134427,-0.1666411,2.30761e-05,8.50071,1.49935,2.91236
-0.1127359,-0.1601641,3.908321e-05,8.701119,1.499397,2.912274
-0.09116396,-0.1541031,-9.559459e-05,8.901798,1.499478,2.91207
-0.07275512,-0.1493685,1.199306e-05,9.102864,1.499588,2.911546
-0.05211151,-0.1448594,-0.0007406386,9.303862,1.499716,2.910039
-0.03782224,-0.1410954,-0.001859524,9.503817,1.499844,2.906573
-0.01715299,-0.1370019,0.01068135,9.659281,1.450128,2.861876
-0.001859518,-0.1362579,0.01697126,9.855687,1.449989,2.855218
-0.1270798,-0.1896372,-3.195042e-05,8.50076,1.699589,2.912412
-0.1060008,-0.1816254,1.44539e-05,8.701181,1.699623,2.912323
-0.08515757,-0.1744726,-0.0001203859,8.90187,1.699679,2.912113
-0.06765318,-0.1683715,4.602681e-05,9.102937,1.699751,2.911582
-0.04798069,-0.1631107,-0.0006519794,9.303922,1.699833,2.910066
-0.03528887,-0.1583287,-0.001456877,9.50386,1.699921,2.906594
-0.01418862,-0.1545753,0.01090017,9.659229,1.65016,2.861845
-0.001137316,-0.1535584,0.01817361,9.855565,1.650066,2.85487
-0.1182095,-0.2112252,-5.262714e-06,8.500792,1.899738,2.912439
-0.09777193,-0.2018777,3.1191e-05,8.70122,1.899762,2.912349
-0.07794576,-0.1930675,-9.954738e-05,8.901912,1.899799,2.912136
-0.06151798,-0.1859157,6.320217e-05,9.102975,1.899846,2.9116
-0.04330435,-0.1793723,-0.0006066966,9.303946,1.899897,2.910079
-0.03191685,-0.1743801,-0.001282905,9.503872,1.899944,2.906602
-0.01186084,-0.1707536,0.01092885,9.659361,1.850176,2.861916
-0.0006323658,-0.1689755,0.01886577,9.855825,1.850017,2.855543
-0.1076119,-0.2327035,-2.262582e-05,8.500812,2.099832,2.912454
-0.08791349,-0.2215102,2.58791e-05,8.701242,2.099849,2.912362
-0.06927789,-0.2109186,-8.339845e-05,8.901934,2.099874,2.912148
-0.05408448,-0.2022872,6.669425e-05,9.102988,2.099904,2.911609
-0.03778731,-0.1944038,-0.0004698362,9.303925,2.099935,2.910081
-0.02753755,-0.1885283,-0.001158729,9.503674,2.099955,2.906563
-0.009773746,-0.1856889,0.01006453,9.658985,2.05019,2.861722
-9.494969e-05,-0.1833488,0.01985039,9.855432,2.049942,2.85448
-0.09495529,-0.2532797,-8.60451e-06,8.50082,2.299893,2.912462
-0.07612619,-0.2400007,4.101845e-05,8.701252,2.299905,2.912369
-0.05887803,-0.2271957,-4.809119e-05,8.901944,2.299921,2.912154
-0.04519138,-0.2168926,9.952056e-05,9.102998,2.299942,2.911614
-0.03096123,-0.2073893,-0.0003794934,9.303933,2.299964,2.910084
-0.02245504,-0.2006161,-0.0008366198,9.50368,2.299995,2.906565
-0.00547671,-0.1982989,0.01035002,9.658757,2.250193,2.861596
0.0006514606,-0.1963797,0.02166613,9.855091,2.250089,2.853385
-0.0799864,-0.2731812,6.101622e-06,8.500819,2.499934,2.912464
-0.06213189,-0.2573149,4.764705e-05,8.701251,2.499942,2.912371
-0.04652466,-0.2418747,-1.651836e-05,8.901944,2.499953,2.912155
-0.03462939,-0.2296297,0.0001220694,9.103006,2.499966,2.911616
-0.0229896,-0.2182277,-0.0002300066,9.303973,2.499979,2.91009
-0.01629927,-0.2103153,-0.0006158183,9.503899,2.499996,2.906612
-0.00197477,-0.208388,0.008979391,9.659271,2.450181,2.86187
0.0009241871,-0.2054497,0.02159773,9.855755,2.449993,2.855337
-0.06212845,-0.2922079,6.31016e-05,8.500807,2.699962,2.912461
-0.04527311,-0.2733926,0.0001289803,8.701238,2.699968,2.912368
-0.03138328,-0.2546336,6.767796e-05,8.901931,2.699975,2.912152
-0.02167286,-0.2400515,0.0001236629,9.102995,2.699983,2.911613
-0.01328424,-0.226305,-0.0001526834,9.303967,2.699989,2.910089
-0.009032225,-0.2173089,-0.0002460958,9.503902,2.699989,2.906612
0.002849307,-0.2159245,0.008092612,9.659408,2.650195,2.861939
0.001557961,-0.2124381,0.02144456,9.855837,2.650024,2.855603
-0.04000649,-0.3105051,0.000150708,8.500784,2.899983,2.912453
-0.02460115,-0.2878458,9.033072e-05,8.701211,2.899989,2.91236
-0.01319305,-0.2650123,5.806318e-05,8.901901,2.899994,2.912144
-0.006336303,-0.2474669,7.492241e-05,9.102961,2.899999,2.911605
-0.002108928,-0.2310273,-7.968624e-05,9.303914,2.9,2.910079
-0.0005999482,-0.2206549,5.604909e-05,9.503707,2.899992,2.90657
0.01028223,-0.2209115,0.009049143,9.65904,2.8502,2.861751
0.002028317,-0.2162645,0.02091332,9.855445,2.849939,2.854537
-0.01330851,-0.327987,0.0002411612,8.500745,3.100004,2.912433
0.0002251938,-0.3003942,0.0001680945,8.701164,3.100011,2.91234
0.008742355,-0.2723251,0.0001538487,8.90185,3.100017,2.912126
0.01203409,-0.251282,0.0001309739,9.102908,3.10002,2.91159
0.01152048,-0.2318508,2.541738e-05,9.303867,3.100021,2.910065
0.00938657,-0.2194856,0.0007226826,9.503707,3.100028,2.906566
0.01851979,-0.2195659,0.01111568,9.658912,3.050206,2.861683
0.002827419,-0.2162094,0.02200856,9.855264,3.050091,2.853969
0.01963887,-0.3442275,0.0004185228,8.500686,3.300032,2.912393
0.03060783,-0.3099998,0.0002169346,8.701091,3.300045,2.9123
0.03556235,-0.2758917,0.0001768707,8.901764,3.300053,2.912089
0.03391491,-0.2503723,0.0001247334,9.102818,3.300054,2.911558
0.02774345,-0.2278146,0.0001480759,9.30379,3.300047,2.910041
0.02093418,-0.2134488,0.001359802,9.503729,3.300031,2.906561
0.02599835,-0.2138033,0.009988595,9.659199,3.250205,2.861849
0.003110028,-0.2097281,0.02049203,9.855758,3.250011,2.855386
0.06187187,-0.3596409,0.00105513,8.500601,3.500082,2.912313
0.0684666,-0.3168379,0.0004679213,8.70098,3.500112,2.912219
0.06813418,-0.2744034,0.0005801355,8.901625,3.500129,2.912013
0.06021356,-0.2440434,0.0004124093,9.102654,3.500128,2.911491
0.04688982,-0.2178393,0.0005062861,9.303607,3.500109,2.909983
0.03424611,-0.2015822,0.002310308,9.503477,3.500072,2.906487
0.03491512,-0.2019627,0.008130304,9.658881,3.450229,2.861691
0.004028837,-0.1984236,0.01933438,9.855396,3.45003,2.854299
0.1170898,-0.3730391,0.002109702,8.500485,3.70019,2.912139
0.1162374,-0.3163641,0.0007417369,8.700821,3.700269,2.912039
0.1087066,-0.2656156,0.0004367126,8.901415,3.700311,2.911842
0.09066406,-0.229212,0.0002847002,9.102387,3.700305,2.911341
0.06849982,-0.2001782,0.0004356733,9.303295,3.700256,2.909862
0.0492426,-0.1828567,0.00318435,9.503197,3.700179,2.906383
0.04446105,-0.183487,0.006964599,9.658572,3.650262,2.861547
0.005232507,-0.1808847,0.01979436,9.855215,3.650013,2.853782
0.1945211,-0.3825575,0.005028104,8.5003,3.900361,2.911683
0.1773435,-0.3089096,0.001138931,8.700602,3.900561,2.911556
0.1557156,-0.2464206,0.002028042,8.901119,3.900659,2.911374
0.1251228,-0.2047885,0.0008268905,9.10198,3.900646,2.91092
0.09169836,-0.1745969,0.001399356,9.302785,3.900543,2.909527
0.06528154,-0.1564509,0.004845067,9.502808,3.900371,2.906165
0.05461673,-0.1586869,0.00412598,9.658419,3.850329,2.861509
0.006643317,-0.1550894,0.0188042,9.855296,3.850122,2.854163
0.306333,-0.3817487,0.006986671,8.499827,4.10001,2.910231
0.2564835,-0.277018,-0.0002916063,8.700313,4.100441,2.909989
0.2112877,-0.2082168,-0.002684271,8.900744,4.100675,2.909848
0.1620726,-0.164971,-0.001653768,9.101413,4.100647,2.909483
0.1161975,-0.1374385,-0.001896504,9.302066,4.100585,2.908345
0.08182194,-0.119683,0.004306152,9.502148,4.100532,2.905379
0.05923221,-0.1286351,-0.004726898,9.657911,4.050562,2.861335
0.008559234,-0.1250101,0.01777646,9.855313,4.050338,2.85447
-0.2164221,0.001739916,-0.0003175592,8.375551,0.1710818,0.02000516
-0.1714935,-0.003010961,0.01955046,8.349987,0.1441389,0.1442695
-0.205333,-0.01902014,-0.001205094,8.424449,0.1710818,0.02000512
-0.1871211,0.0002263907,0.0002205877,8.575551,0.1710819,0.02000496
-0.1589821,-0.005534535,-0.01737839,8.450014,0.144139,0.144268
-0.1474426,-0.00314256,0.01803456,8.54999,0.1441399,0.1442666
-0.1796371,-0.01778309,-0.0007771706,8.624449,0.1710819,0.0200049
-0.1540282,-0.0004703468,0.0004560626,8.775553,0.171082,0.02000478
-0.1357468,-0.005253267,-0.01550603,8.650021,0.144141,0.1442647
-0.1239488,-0.003262518,0.01636945,8.750004,0.1441438,0.144264
-0.1520712,-0.01691345,-0.0003563248,8.824451,0.171082,0.02000475
-0.1238506,0.0001061614,0.0004335359,8.975559,0.1710829,0.02000528
-0.1130935,-0.004984898,-0.01359057,8.850048,0.1441479,0.1442652
-0.100752,-0.00337217,0.01435459,8.950053,0.1441577,0.1442732
-0.1222843,-0.01611334,-0.0006259927,9.024458,0.1710825,0.02000565
-0.09463377,-0.0005122573,-5.338964e-05,9.17558,0.1710872,0.02000841
-0.0911764,-0.004688716,-0.0113312,9.050124,0.1441766,0.1442927
-0.07749126,-0.003151232,0.01102045,9.150173,0.1442226,0.1443454
-0.0945088,-0.01547381,-0.001481973,9.224487,0.1710863,0.02001049
-0.0652061,-0.001196155,0.0004282047,9.37568,0.1711065,0.02001654
-0.0706299,-0.004805088,-0.009397756,9.250304,0.144325,0.1444671
-0.05468905,-0.001462043,0.01041306,9.350412,0.1445565,0.1446682
-0.06408987,-0.01208757,-0.0006248717,9.424632,0.1711019,0.02002286
-0.04167349,-0.002295406,-0.0001373337,9.576317,0.1711363,0.02003748
-0.04786164,-0.004604893,-0.007133795,9.45068,0.1450297,0.1449493
-0.03518282,-0.002560618,0.007835807,9.551099,0.1456097,0.1452579
-0.04068564,-0.01341792,-0.0008762065,9.625641,0.1710989,0.02006855
-0.01250435,-0.006256073,-0.00082468,9.780043,0.1712556,0.02004842
-0.0288183,-0.005547008,-0.004491876,9.652026,0.1461456,0.1455032
-0.01323124,-0.005320545,0.002746767,9.754386,0.1469032,0.1456464
-0.01341745,-0.01473223,-0.0008533511,9.830333,0.1720329,0.02004419
-0.009492285,-0.008342117,-0.001089213,9.833725,0.1665394,0.1718009
-0.01373261,-0.2486582,0.002936918,9.829256,2.375615,0.0199323
-0.000696582,-0.1987097,-0.01415319,9.85715,2.249157,0.1420604
-0.00320034,-0.2041257,0.01840791,9.856187,2.349969,0.1436696
-0.01016732,-0.2633616,0.0003961232,9.828933,2.575553,0.02001146
0.001409537,-0.2057376,-0.02120294,9.855953,2.450052,0.1441177
-0.003354496,-0.2112557,0.0176801,9.855896,2.550002,0.144233
-0.009653409,-0.2701659,0.0003492642,9.828921,2.775552,0.02001362
0.001544608,-0.212656,-0.02149572,9.85588,2.650018,0.1442672
-0.003133047,-0.2163716,0.01818695,9.855874,2.749988,0.1442717
-0.009792726,-0.2715753,0.0002762441,9.828921,2.975552,0.02001364
0.001979047,-0.2162429,-0.02150975,9.855871,2.850013,0.144273
-0.002685397,-0.2175389,0.01866484,9.85587,2.949986,0.1442734
-0.009020265,-0.2661785,0.0001298664,9.828921,3.175552,0.02001359
0.002480587,-0.2156792,-0.02120004,9.85587,3.050013,0.144273
-0.002006812,-0.2138537,0.01907463,9.855869,3.149986,0.1442724
-0.005929316,-0.2552586,-0.000511995,9.82892,3.375552,0.02001349
0.003138395,-0.2100216,-0.02061387,9.855868,3.250012,0.1442714
-0.0009698964,-0.2050248,0.01946261,9.855867,3.349987,0.14427
-0.003771863,-0.2360243,-4.563697e-05,9.82892,3.575552,0.02001335
0.003977544,-0.1984454,-0.02008409,9.855866,3.450017,0.1442685
0.0004200416,-0.1904369,0.01917596,9.855862,3.549998,0.1442681
-0.001034319,-0.2109166,-0.0001607511,9.828919,3.775555,0.02001409
0.005240921,-0.1800665,-0.01956934,9.855858,3.650039,0.14427
0.002552877,-0.16847,0.01872228,9.855847,3.750039,0.1442789
0.001022872,-0.16157,-0.0006843833,9.828913,3.975565,0.02001925
0.00656784,-0.1547821,-0.01863087,9.855826,3.850104,0.1443009
0.004203488,-0.1367169,0.01506488,9.855776,3.950141,0.1443593
0.002914381,-0.1099837,0.0001392882,9.828887,4.1756,0.02004128
0.008484805,-0.1249732,-0.0173837,9.855663,4.050256,0.1444962
0.002902578,-0.09466821,0.01555357,9.855407,4.150339,0.1447411
-0.0112862,-0.01570513,-0.0004184561,9.833697,0.1663957,0.2230046
-0.008422844,-0.00773542,6.348762e-05,9.8338,0.1660853,0.3746393
-0.01067736,-0.01042565,-0.0004896723,9.8338,0.1660727,0.4247161
-0.009565783,-0.00918154,-0.0001742637,9.833839,0.1659955,0.5749655
-0.009463006,-0.01133886,0.0008062167,9.833841,0.1659913,0.624924
-0.007729761,-0.007577477,5.993063e-05,9.833858,0.1659743,0.7750126
-0.01015457,-0.01071661,0.0003223457,9.833858,0.1659741,0.8249609
-0.008276494,-0.008884122,-0.0005888828,9.833862,0.1659708,0.9750247
-0.0107062,-0.01061617,0.0001167339,9.833861,0.165971,1.024971
-0.009390732,-0.008801529,0.000718084,9.833862,0.1659708,1.175027
-0.01023621,-0.009511531,-0.0002793055,9.833862,0.165971,1.224972
-0.009957328,-0.009216059,0.000182315,9.833861,0.1659712,1.375027
-0.009534702,-0.00991754,0.0001864459,9.833861,0.1659712,1.424973
-0.009773624,-0.009994209,0.000504642,9.833861,0.1659712,1.575027
-0.009841929,-0.008839708,0.0001684535,9.833861,0.1659712,1.624973
-0.009226965,-0.009564884,-0.0004896529,9.833862,0.165971,1.775028
-0.009293316,-0.009164754,-7.810274e-05,9.833862,0.1659708,1.824973
-0.009725031,-0.009897264,-0.0008982553,9.833861,0.165971,1.975029
-0.009146514,-0.009877614,-3.63961e-05,9.833862,0.1659709,2.024975
-0.00975293,-0.009921407,0.0003109196,9.833858,0.165974,2.175038
-0.008498644,-0.008641874,0.0002516323,9.833858,0.1659744,2.224986
-0.01051343,-0.01061225,-0.0004614983,9.833841,0.1659912,2.375064
-0.008335423,-0.008160789,9.80223e-05,9.833837,0.1659967,2.425013
-0.01018682,-0.01008351,0.0002978897,9.833773,0.1660703,2.575162
-0.009551291,-0.009242206,0.0001061561,9.833741,0.1661025,2.625157
-0.01149386,-0.01131259,0.0005525145,9.833136,0.1667367,2.776047
-0.1715716,-0.002837198,-0.02102837,8.349995,0.1451959,2.852626
-0.20034,0.01282761,-0.002271754,8.375513,0.1751035,2.978073
-0.1598474,-0.005758378,0.0174509,8.450006,0.1451962,2.85263
-0.1478559,-0.003378367,-0.01866858,8.550049,0.1449749,2.853214
-0.1812112,-0.03868509,0.008234225,8.424485,0.1751066,2.978074
-0.1810608,0.01854824,-0.001848829,8.575987,0.1737074,2.978727
-0.009912773,-0.009906768,0.0003193595,9.832478,0.1674169,2.82662
-0.01266044,-0.01240962,-6.314311e-05,9.82645,0.1735187,2.97827
-0.004948708,-0.02912266,-0.005005774,9.853746,0.3486013,2.854134
-0.006995304,-0.01338138,-0.0004110791,9.827925,0.2244341,2.978095
-0.01175978,-0.0391665,-0.0006735539,9.828713,0.3752828,2.97986
-0.004214773,-0.04826411,-0.007002486,9.854979,0.5494849,2.854997
-0.002606031,-0.04103604,-0.0004535851,9.828827,0.4243166,2.979911
-0.01012604,-0.06353872,-0.0007152101,9.828902,0.5755328,2.979968
-0.00431096,-0.1924674,-0.01671032,9.85509,2.14991,2.853385
0.01081192,-0.2216306,0.0001065388,9.82782,2.02449,2.979596
-0.01934631,-0.2308214,-0.003125524,9.825423,2.17547,2.978298
-0.003773347,-0.2022491,-0.01597869,9.855433,2.350057,2.854483
0.03091796,-0.2215184,0.008988585,9.82543,2.224533,2.978294
-0.003835731,-0.2517824,-0.0009283743,9.827821,2.37551,2.979596
-0.00352667,-0.2108788,-0.01732316,9.855839,2.549978,2.855593
0.01235514,-0.2443254,-0.0008607451,9.828479,2.424384,2.97985
-0.00969396,-0.2650545,-0.0003726148,9.828886,2.575548,2.97998
0.0002675334,-0.1901549,-0.01942236,9.855209,3.55001,2.85386
0.03557482,-0.2278464,0.00808426,9.826993,3.424257,2.979103
-0.001648332,-0.2280998,-6.637186e-05,9.826087,3.575228,2.978753
0.002510373,-0.1685588,-0.01930523,9.855241,3.750062,2.853868
0.03569644,-0.2030125,0.007573259,9.827068,3.624428,2.97915
-0.01316882,-0.2006712,0.002592577,9.827262,3.775545,2.979221
0.004204441,-0.1369748,-0.01551185,9.85531,3.950129,2.854175
0.03264537,-0.1832826,0.00896349,9.826645,3.824821,2.978973
-0.01222156,-0.1615953,-0.001211812,9.827628,3.975559,2.979327
-0.02799955,-0.005313698,-8.82832e-05,9.65307,0.1427755,0.4493691
-0.01295541,-0.002798257,-0.0001582631,9.754576,0.1454381,0.4496352
-0.02860479,-0.007750596,-4.656423e-05,9.65337,0.1424488,0.5495669
-0.009788997,-0.002610751,0.0005381165,9.754662,0.1453331,0.5498101
-0.03009235,-0.0056805,0.00136629,9.653525,0.1423222,0.6498382
-0.01279391,-0.002431779,3.159695e-05,9.75471,0.145286,0.6499103
-0.02936118,-0.007437703,-0.0009796203,9.65362,0.1422476,0.7498074
-0.009904031,-0.003004142,0.0004431161,9.75474,0.1452622,0.7499369
-0.03080349,-0.006572465,1.217533e-05,9.65365,0.1422257,0.8499941
-0.01277751,-0.002225715,3.167141e-05,9.754753,0.1452534,0.8499816
-0.02987551,-0.006982171,-0.0001382374,9.653672,0.1422059,0.9498927
-0.01110486,-0.003070384,-0.0003945476,9.754758,0.145248,0.9499773
-0.03010471,-0.007438407,-0.0001758033,9.653674,0.1422019,1.050053
-0.0122209,-0.002364137,0.0001381879,9.754759,0.1452461,1.050005
-0.03092495,-0.006591835,0.0004525813,9.653678,0.142195,1.149921
-0.01107201,-0.002970331,-0.0002568736,9.754759,0.1452446,1.149989
-0.03004518,-0.007137956,-0.0005779173,9.653676,0.1421938,1.25007
-0.01220972,-0.002354488,4.664753e-05,9.754758,0.1452442,1.25001
-0.03030308,-0.007257167,0.0001715885,9.653676,0.1421914,1.349927
-0.0108454,-0.002768012,-0.0001119474,9.754757,0.1452437,1.34999
-0.03012951,-0.006860086,-0.0008293069,9.653675,0.1421911,1.450073
-0.01269949,-0.002224019,-3.239289e-05,9.754757,0.1452435,1.45001
-0.02876101,-0.007947783,0.0001085097,9.653675,0.1421911,1.549927
-0.01074543,-0.002312963,-0.0001597053,9.754757,0.1452435,1.54999
-0.03120034,-0.006309927,-0.0004085012,9.653676,0.1421914,1.650073
-0.0114134,-0.002780103,0.0003435065,9.754757,0.1452437,1.65001
-0.02988943,-0.007531568,9.869149e-05,9.653676,0.1421938,1.74993
-0.01132008,-0.002393872,-0.0002765282,9.754758,0.1452441,1.74999
-0.03007825,-0.00697044,-2.482996e-05,9.653678,0.142195,1.850078
-0.01103523,-0.002983279,0.0004448363,9.754759,0.1452446,1.850011
-0.03070285,-0.007149958,8.654123e-05,9.653674,0.1422019,1.949947
-0.01275468,-0.00223266,-1.756924e-05,9.754759,0.1452461,1.949995
-0.02947209,-0.007229652,0.0005485973,9.653671,0.1422061,2.050107
-0.01118969,-0.003037217,4.527309e-05,9.754758,0.145248,2.050023
-0.03065441,-0.006784087,5.57736e-06,9.653648,0.1422257,2.150004
-0.01272235,-0.002235194,-3.171163e-05,9.754752,0.1452534,2.150018
-0.02953521,-0.007244075,0.001443561,9.653617,0.142248,2.250189
-0.01041381,-0.003177033,-0.0002525722,9.754739,0.1452622,2.25006
-0.03006267,-0.005486399,-0.001538631,9.653519,0.1423225,2.350152
-0.01276327,-0.0023031,-7.457835e-06,9.754707,0.1452856,2.350081
-0.02834547,-0.007818257,0.0002065524,9.653355,0.1424506,2.450408
-0.009825567,-0.002926815,-0.000277722,9.754653,0.1453322,2.450163
-0.02761842,-0.005480452,2.588534e-05,9.653029,0.1427787,2.550567
-0.0127768,-0.002820618,0.0002444359,9.75454,0.145436,2.550289
-0.0295701,-0.00844389,0.002023978,9.65261,0.1434313,2.651192
-0.01018068,-0.002922027,0.001379671,9.754322,0.1456585,2.650647
-0.03584143,-0.00732031,0.006906368,9.652006,0.1446552,2.752088
-0.01604516,-0.00278621,0.0007813833,9.753887,0.1462462,2.751363
-0.1365654,-0.005432313,0.0157577,8.650089,0.1445939,2.85446
-0.1236161,-0.003353824,-0.01652919,8.74998,0.1442773,2.855365
-0.1756117,-0.02105457,0.002204391,8.624788,0.1733766,2.978948
-0.156003,0.00184327,-0.0001641475,8.775518,0.171259,2.979931
-0.1132227,-0.005021177,0.01354902,8.850029,0.1441851,2.855614
-0.1008092,-0.003454896,-0.01428048,8.950051,0.1441831,2.855593
-0.1521743,-0.01583976,-4.977831e-05,8.824434,0.1711562,2.979966
-0.1244493,-0.001250759,-0.0002432366,8.975567,0.1711533,2.979969
-0.09090551,-0.004723176,0.01116558,9.050131,0.1442866,2.855318
-0.07788187,-0.003130946,-0.01134578,9.150075,0.1446543,2.854409
-0.1235438,-0.01469936,0.0004512284,9.024488,0.1712551,2.979935
-0.09319748,-0.001632076,-0.0006939252,9.175221,0.1733489,2.978942
-0.07073521,-0.004899945,0.009146365,9.250182,0.1451028,2.853187
-0.05532916,-0.001743909,-0.009883847,9.350391,0.1453271,2.85297
-0.08306271,-0.02319297,0.003185047,9.224012,0.1736585,2.978734
-0.06408263,0.007592953,-0.0003725163,9.376017,0.1736737,2.978725
-0.04796212,-0.004394512,0.007307855,9.45058,0.1454683,2.853773
-0.03503444,-0.002815552,-0.007760328,9.550735,0.1457591,2.854282
-0.0635132,-0.01186862,0.00171998,9.424812,0.1733745,2.978927
-0.04147887,-0.003207543,0.0002446229,9.575651,0.1713501,2.979852
-0.02853531,-0.004953898,0.004413012,9.651309,0.1462928,2.854065
-0.01324482,-0.006071286,-0.002569337,9.752978,0.1473679,2.853127
-0.03982637,-0.01250175,0.0005867997,9.624701,0.1713606,2.979833
-0.01303935,-0.007302823,0.0003760811,9.775539,0.1720742,2.978097
-0.004792802,-0.07104224,-0.008875428,9.855689,0.7497423,2.855513
-0.0009631892,-0.06473476,0.0003844486,9.828903,0.6244338,2.979972
-0.0128144,-0.09232929,-0.001162493,9.828914,0.7755397,2.979987
-0.004552388,-0.09007209,-0.009405429,9.855839,0.9498903,2.855687
0.001582986,-0.09061619,-0.0002047256,9.828916,0.8244389,2.979989
-0.01337649,-0.1165649,-0.0008318959,9.82892,0.9755471,2.979992
-0.00467489,-0.1096357,-0.01096072,9.855864,1.149959,2.855706
0.003570627,-0.115894,-0.0003909079,9.828921,1.024445,2.979992
-0.01431616,-0.1413114,-0.00113713,9.828918,1.175551,2.979992
-0.00468609,-0.1283742,-0.01205315,9.855825,1.349995,2.855579
0.003958597,-0.1408477,-0.0009093687,9.828914,1.22445,2.97999
-0.01090066,-0.164217,-0.0008748673,9.828768,1.375581,2.979941
-0.004718422,-0.1469596,-0.01368472,9.855504,1.549984,2.854615
0.01181705,-0.1638479,-0.0002573884,9.828548,1.424507,2.979864
-0.02487269,-0.176179,-0.003390321,9.827781,1.575586,2.979387
-0.004421248,-0.1628017,-0.01403757,9.855776,1.749976,2.855418
0.01395316,-0.1768611,0.004612369,9.827182,1.62478,2.979139
-0.01254526,-0.2073698,0.000236062,9.828761,1.775523,2.979941
-0.004230239,-0.177998,-0.0151406,9.855751,1.950004,2.855324
0.004631935,-0.2047625,-0.0008687264,9.828836,1.824442,2.979965
-0.0104591,-0.2260546,0.001354583,9.828477,1.975616,2.979849
-0.01932492,-0.1896111,0.007096951,9.760497,2.050004,2.857725
-0.02868941,-0.1934866,-0.00932257,9.658755,2.149789,2.861596
0.004975495,-0.1994048,-0.00654806,9.759987,2.14996,2.857212
-0.003324302,-0.1977321,0.00102085,9.646757,2.04899,2.957214
-0.001129381,-0.1936223,5.512006e-05,9.752695,2.049922,2.954307
-0.02297239,-0.207002,-0.007527796,9.646414,2.150998,2.957155
-0.02466184,-0.1989745,-0.007594889,9.751627,2.149929,2.953983
-0.003131867,-0.2160831,-0.01830999,9.855755,2.750002,2.855355
0.01299984,-0.2550122,-0.0004632141,9.828886,2.624454,2.979977
-0.008144598,-0.2698745,0.0006379139,9.828483,2.775615,2.979852
-0.002885032,-0.2184683,-0.01957065,9.855165,2.94994,2.853603
0.01601528,-0.2567417,1.391924e-05,9.827834,2.824489,2.979599
-0.01738884,-0.2608483,-0.001592843,9.825771,2.975496,2.978415
-0.001890023,-0.2137882,-0.01918539,9.85562,3.150012,2.85501
0.03647457,-0.2443335,0.01080162,9.826449,3.024927,2.978773
-0.01674733,-0.2686113,-0.001920022,9.828463,3.175488,2.979836
-0.001041418,-0.2052737,-0.01971101,9.855647,3.349969,2.855096
0.01632457,-0.2599951,0.0003941142,9.828683,3.224431,2.97991
-0.003000261,-0.247036,0.001159109,9.82793,3.375578,2.979639
-0.006016314,-0.207364,0.005259319,9.760391,3.450035,2.857651
0.0159093,-0.1941046,-0.01063473,9.658677,3.54986,2.861589
0.02457028,-0.1932907,-0.007358666,9.76015,3.550017,2.857413
0.03150089,-0.2170202,0.007617754,9.646703,3.449007,2.957206
0.02458028,-0.2073417,0.007297551,9.752476,3.450016,2.954293
0.01007262,-0.2071913,-0.001286248,9.646474,3.55102,2.957165
0.003060082,-0.2017349,-0.0005296463,9.752071,3.550027,2.954099
0.002442007,-0.1620508,0.002342535,9.760157,3.850132,2.857483
0.03822306,-0.1416611,-0.01343391,9.658182,3.950074,2.861428
0.03046111,-0.1349306,-0.007797266,9.760078,3.950132,2.857501
0.04749111,-0.1716946,0.01280548,9.646498,3.849045,2.957154
0.03716195,-0.1608671,0.008616167,9.752374,3.850044,2.954191
0.03086719,-0.1439574,0.001911685,9.646553,3.951075,2.957138
0.01280101,-0.14128,0.0005017969,9.752406,3.950035,2.954238
0.003082564,-0.09463745,-0.01527972,9.855203,4.150439,2.854604
0.03041398,-0.1561835,0.005523314,9.827082,4.024789,2.979107
0.003378425,-0.1092688,5.778812e-05,9.828299,4.175636,2.979772
-0.001254829,-0.001217309,7.351122e-05,9.890073,0.109842,2.911697
-0.01113083,-0.01112593,1.536554e-05,9.829589,0.1703506,2.929699
-0.01219272,-0.0006252508,-0.000546178,9.811626,0.1099353,2.990176
-0.0006283695,-0.01215561,0.0005951401,9.89007,0.1883258,2.990157
-0.01145509,-0.0009450732,0.001552691,9.826479,0.1217689,2.926645
-0.0009908959,-0.01133544,-0.001498202,9.878216,0.173361,2.926652
-0.0009333053,-0.000850865,-5.784726e-05,9.888245,0.111714,2.988295
-0.008004338,-0.2024611,-0.01367047,9.878711,2.124033,2.92678
-0.01519516,-0.2164977,-0.02566375,9.83064,2.174997,2.930525
-0.02336723,-0.1909395,-0.00213842,9.826338,2.123996,2.978742
-0.0009217579,-0.2398208,-0.001507159,9.889407,2.187533,2.989507
-0.02857757,-0.1819386,-0.0325812,9.831171,2.125054,2.931081
-0.006317786,-0.2455371,-0.04433428,9.878253,2.17546,2.925872
-0.006535427,-0.1847409,-0.005334379,9.890138,2.11118,2.990251
0.00357946,-0.1875871,-0.02297557,9.879232,3.475635,2.927892
0.03417296,-0.2254262,0.04858363,9.832544,3.425019,2.932475
0.01374977,-0.2268517,0.005839228,9.87763,3.424722,2.977796
0.005211421,-0.1834032,0.0005122867,9.827412,3.475651,2.979261
0.009744438,-0.2450953,0.04616007,9.879063,3.424288,2.927489
0.02267553,-0.1800343,0.02497577,9.831892,3.475046,2.931836
0.008467942,-0.194194,0.004021485,9.890416,3.488714,2.990551
0.004408195,-0.1429648,0.00247808,9.879257,3.875549,2.927484
0.0296141,-0.1727383,0.03690389,9.83228,3.825067,2.932177
0.009504219,-0.1729759,0.007580955,9.877475,3.825361,2.977638
0.01632913,-0.1335209,0.002192147,9.82701,3.875543,2.979303
0.01283212,-0.1923542,0.03665934,9.878923,3.824815,2.927132
0.01601202,-0.1351063,0.0119138,9.832633,3.875007,2.932537
0.007173235,-0.13133,0.002180101,9.877786,3.875023,2.977916
-0.000726009,-0.1491793,-0.005677335,9.878967,3.924225,2.927203
-0.004696325,-0.1486509,-0.02672667,9.832055,3.975005,2.931952
0.009024889,-0.1447045,-0.003480359,9.826728,3.924174,2.979013
0.003650122,-0.160417,0.0006288136,9.890472,3.988671,2.990619
-0.00278903,-0.1301816,-0.02063834,9.832334,3.924956,2.932235
0.001638506,-0.1687016,-0.03499525,9.879287,3.975576,2.928104
0.009863781,-0.13954,0.004558494,9.877513,3.924615,2.97767
-0.1564306,-0.005683666,0.001673528,8.550008,0.2461155,0.04524858
-0.1740991,-0.03893767,-0.01021137,8.449007,0.3525203,0.04269573
-0.1553974,-0.02397799,-1.677773e-05,8.551023,0.3525229,0.04269686
-0.1706741,0.0002219385,-0.001863557,8.450038,0.2387501,0.1415788
-0.1509489,-0.02696809,0.009940832,8.550005,0.2387542,0.1415797
-0.1596357,-0.04420761,-0.004881422,8.450244,0.3404234,0.1380293
-0.1471718,-0.02538421,0.01391763,8.549893,0.3404411,0.1380401
-0.008537268,-0.04366412,0.001054318,9.854567,0.3521498,0.04272001
-0.006436,-0.009161134,0.0004368505,9.854636,0.2457332,0.1434154
-0.004214386,-0.02928864,0.002892499,9.856954,0.347919,0.1407994
-0.003964775,-0.0692715,0.0091909,9.855334,0.551759,0.04120504
-0.001340414,-0.02578407,0.003927862,9.858445,0.4487436,0.1393106
-0.009315172,-0.04966987,0.003819292,9.859533,0.5492991,0.1384851
-0.003693511,-0.0979905,0.009757812,9.855513,0.7511721,0.04082766
-0.003386821,-0.04469323,0.009383323,9.860179,0.6495501,0.1381074
-0.01279477,-0.0752857,0.002665086,9.860519,0.7497097,0.1378638
0.002958012,-0.121533,0.01857084,9.855644,0.951192,0.04080391
-0.01113949,-0.06222895,0.00977385,9.860651,0.8498127,0.1377543
-0.01751825,-0.09956746,0.00218174,9.860729,0.9498829,0.1376981
0.004584162,-0.1449886,0.02172334,9.85567,1.151214,0.04079648
-0.01345301,-0.09131582,0.01174766,9.860751,1.049938,0.1376821
-0.02026144,-0.1224456,0.002632427,9.86077,1.149956,0.1376687
0.007461157,-0.1656434,0.02510772,9.855662,1.351223,0.04079287
-0.01337049,-0.1179327,0.01329799,9.860771,1.24999,0.137667
-0.02277473,-0.1442988,0.003129901,9.860772,1.349985,0.1376645
0.006587899,-0.1849001,0.02452875,9.855602,1.551233,0.04079044
-0.01676462,-0.1420703,0.01493427,9.860766,1.450008,0.1376664
-0.02369972,-0.1655181,0.002460494,9.860748,1.55,0.1376696
0.01286226,-0.1895618,0.02833546,9.855284,1.751227,0.04080806
-0.003617115,-0.167274,0.005082489,9.860717,1.650026,0.1376797
-0.02583008,-0.1817352,0.001575381,9.860637,1.750039,0.1377297
0.01424302,-0.19146,0.0411029,9.856948,1.94835,0.04224066
-0.02252534,-0.1871506,0.005522802,9.860465,1.850092,0.1378524
-0.02716112,-0.1975766,-0.003715197,9.859999,1.950165,0.1383226
0.0120658,-0.2188962,0.01880905,9.855477,2.149156,0.04468742
0.002551237,-0.2058147,-0.01225761,9.859142,2.05007,0.1394263
-0.001477313,-0.1942221,0.007131289,9.857704,2.149359,0.141551
0.002458976,-0.2018785,0.002078601,9.756941,2.249104,0.04408052
-0.02167171,-0.2194892,0.008546586,9.648631,2.350936,0.04249189
-0.02517465,-0.2103176,0.007177545,9.754827,2.349989,0.04498433
-0.01385539,-0.1973624,-0.01012379,9.66186,2.250258,0.137054
-0.01958249,-0.1950038,-0.01001594,9.763366,2.250109,0.1399575
-0.02863109,-0.2050062,0.01174731,9.660697,2.349886,0.1375861
0.01081712,-0.2049233,0.007138039,9.762041,2.35009,0.1410124
-0.0024379,-0.1789279,-0.01984175,9.880537,2.275472,0.06916929
-0.008409999,-0.1998858,0.009849287,9.880396,2.22236,0.01966602
-0.01685312,-0.1969641,0.0001637834,9.830729,2.275477,0.01946618
0.0138611,-0.2085478,-0.02252558,9.837184,2.225224,0.06332354
-0.01024239,-0.2190743,-0.05734649,9.881311,2.223596,0.06798942
-0.01172256,-0.1726963,0.007006294,9.83562,2.275272,0.06472788
-0.007531696,-0.1729855,-0.006317705,9.879455,2.27476,0.02052508
0.001831236,-0.216875,-0.001005957,9.754154,2.450042,0.04518704
-0.01519635,-0.2276661,0.00755801,9.647604,2.551018,0.04265348
-0.02117536,-0.220233,0.006232028,9.75396,2.550019,0.045232
-0.00415617,-0.2082699,-0.007865366,9.660051,2.45023,0.1378365
-0.02021413,-0.2104717,-0.005620719,9.761522,2.450078,0.1413769
-0.02317001,-0.2143769,0.01192263,9.659775,2.549825,0.1379256
0.01199267,-0.2179985,0.00701262,9.761334,2.550002,0.1414943
0.001895754,-0.1964204,-0.01741218,9.879942,2.475552,0.07048637
-0.0003317539,-0.2272346,-0.002280001,9.878763,2.425004,0.02108705
-0.008961158,-0.2079888,-0.002488448,9.828983,2.475562,0.02000154
0.0278971,-0.2171341,-0.045304,9.834249,2.425031,0.06585555
0.00460383,-0.2509297,-0.03666848,9.879963,2.424483,0.07042757
-0.001941948,-0.1844826,-0.00761778,9.834161,2.475027,0.06591349
-0.004149453,-0.1969073,-0.005149682,9.878735,2.475028,0.02110746
0.005200345,-0.2256102,-0.0008701092,9.753907,2.650003,0.04524561
-0.01133029,-0.2328073,0.006654709,9.647476,2.751005,0.04266823
-0.01888896,-0.2266402,0.00585674,9.753885,2.750002,0.04524854
0.002595868,-0.2160489,-0.007896068,9.659655,2.650198,0.1379622
-0.01764108,-0.2198346,-0.004627261,9.761265,2.650028,0.1415337
-0.01809291,-0.2198561,0.01231142,9.659607,2.749809,0.1379751
0.014237,-0.2248568,0.007623211,9.761239,2.749982,0.1415456
0.009985632,-0.2286019,-0.001743676,9.753879,2.849999,0.04524953
-0.01226192,-0.2326131,0.005937612,9.647461,2.951005,0.04267041
-0.01164985,-0.2287437,0.002778724,9.753878,2.950002,0.04525002
0.01023778,-0.2208376,-0.009067653,9.659588,2.850193,0.1379803
-0.01494654,-0.2245069,-0.004252435,9.761229,2.850021,0.1415491
-0.01040175,-0.2215415,0.009662198,9.659576,2.94981,0.1379834
0.01696863,-0.2255944,0.006289147,9.761225,2.94998,0.1415505
0.004493371,-0.2075125,-0.01315331,9.879924,2.875541,0.07051933
0.0009225078,-0.2414924,-0.002188495,9.878715,2.82498,0.02111638
-0.006874128,-0.2192455,-0.001081665,9.828922,2.875551,0.02001383
0.03136363,-0.2322847,-0.05008802,9.834101,2.82499,0.06595231
0.006689765,-0.2644,-0.03579842,9.879925,2.82446,0.07051885
0.001811862,-0.1958415,-0.01350137,9.834093,2.875012,0.06595535
-0.0006629162,-0.2138209,-0.003855411,9.878715,2.87502,0.02111657
0.0179048,-0.2269119,-0.003704119,9.753877,3.049999,0.04525026
-0.006311919,-0.2295171,0.004437672,9.647458,3.151006,0.04267142
-0.00737641,-0.2251941,0.002083239,9.753876,3.150002,0.04525045
0.01813287,-0.2195747,-0.01106965,9.65957,3.050195,0.1379848
-0.0133868,-0.2247651,-0.004490242,9.761222,3.050021,0.141551
-0.002426032,-0.2178886,0.009784524,9.659559,3.149816,0.1379885
0.02085559,-0.2208202,0.006394481,9.761219,3.149981,0.1415514
0.004912029,-0.2052322,-0.01186249,9.879924,3.075541,0.07051915
0.001690007,-0.2431301,-0.001835394,9.878715,3.02498,0.0211164
-0.002442837,-0.2175201,-0.001903236,9.828921,3.075551,0.02001379
0.03093229,-0.2315011,-0.0498582,9.8341,3.02499,0.0659525
0.008898418,-0.2632128,-0.03416716,9.879925,3.024459,0.07051879
0.0005873557,-0.194862,-0.005597434,9.834093,3.075012,0.06595543
0.001038493,-0.2200222,-0.002377721,9.878715,3.07502,0.02111653
0.02296285,-0.220489,-0.004718387,9.753875,3.249999,0.04525057
0.00103344,-0.2215539,0.003888672,9.647452,3.351008,0.04267341
-0.002893104,-0.2151494,0.001699423,9.753874,3.350003,0.0452511
0.02566261,-0.2139183,-0.009819064,9.65955,3.250202,0.1379905
-0.009507468,-0.2191433,-0.003941785,9.761215,3.250023,0.1415519
0.006466881,-0.2089559,0.01029647,9.659528,3.34983,0.1379991
0.02426905,-0.2104607,0.007065882,9.761209,3.349987,0.1415533
0.005819083,-0.1978185,-0.01457045,9.879924,3.27554,0.07051854
0.002454859,-0.2373965,-0.001897916,9.878715,3.22498,0.02111629
-0.001899548,-0.2104666,-0.001549253,9.828921,3.275551,0.02001372
0.03257891,-0.2271691,-0.04899157,9.8341,3.22499,0.0659522
0.01003091,-0.2583008,-0.03418143,9.879925,3.224459,0.07051833
0.003516775,-0.1886278,-0.00949329,9.834092,3.275012,0.06595504
0.00137432,-0.2116595,-0.002628272,9.878715,3.27502,0.02111634
0.02683107,-0.2080736,-0.004786201,9.753872,3.450001,0.04525175
0.009327676,-0.2066093,0.001753467,9.647439,3.551016,0.0426782
0.001733413,-0.1985473,0.00166482,9.753869,3.550007,0.04525345
0.03414795,-0.2017174,-0.007550865,9.659509,3.450217,0.1380041
-0.003603661,-0.2068377,-0.002855465,9.761201,3.450034,0.1415554
0.01559599,-0.1942846,0.01093289,9.65946,3.549862,0.1380248
0.02666388,-0.1931076,0.00837003,9.761186,3.550006,0.1415617
0.006805824,-0.1836653,-0.02074682,9.879924,3.47554,0.07051686
0.003323882,-0.2240398,-0.002385663,9.878715,3.42498,0.02111601
-0.00345093,-0.1965142,-0.001120795,9.828921,3.475551,0.02001358
0.03393016,-0.2179348,-0.04699254,9.834099,3.42499,0.06595151
0.01066286,-0.2480735,-0.03561542,9.879925,3.424459,0.07051711
0.008537942,-0.1757605,-0.01920989,9.834091,3.475013,0.06595443
0.0008011525,-0.1897987,-0.004131444,9.878715,3.47502,0.02111612
0.03102685,-0.1884359,-0.005265115,9.753863,3.650009,0.04525624
0.0199146,-0.180686,-0.0008430259,9.647402,3.751038,0.04269125
0.007687178,-0.1746326,0.0003707587,9.753853,3.750021,0.04526187
0.04370263,-0.1833319,-0.006395024,9.65941,3.650253,0.138039
-7.743759e-05,-0.1878616,-0.00103717,9.761166,3.650063,0.1415711
0.02672435,-0.1719554,0.0114027,9.659286,3.749933,0.1380877
0.02865538,-0.1675355,0.008122472,9.761123,3.750054,0.1415921
0.007715531,-0.1631158,-0.02236334,9.879923,3.675545,0.07051533
0.004191306,-0.2057028,-0.002256892,9.878714,3.62498,0.02111585
-8.901185e-05,-0.1768878,-0.001640343,9.82892,3.675552,0.02001374
0.03363991,-0.1989498,-0.04414057,9.834097,3.624994,0.06595123
0.0111497,-0.2280779,-0.03380156,9.879924,3.624461,0.070515
0.01061326,-0.1579985,-0.01633294,9.834088,3.675019,0.0659553
0.002105724,-0.1717504,-0.003574987,9.878714,3.675021,0.02111617
0.03467972,-0.1595858,-0.008016679,9.753836,3.850032,0.04527164
0.03159466,-0.1440045,-0.002091696,9.647309,3.9511,0.04273735
0.01302944,-0.1432092,-0.001082564,9.753799,3.950063,0.04529033
0.05394319,-0.1588569,-0.003675498,9.659148,3.850334,0.1381301
0.003371586,-0.1621237,-0.002446783,9.761052,3.850132,0.1416244
0.03826762,-0.1417631,0.01349064,9.658818,3.950103,0.1382527
0.03059843,-0.1345281,0.006507491,9.760893,3.950152,0.1416823
0.004875174,-0.1422615,0.0009189712,9.879921,3.875562,0.07052116
0.005898505,-0.1782048,-0.001971839,9.878714,3.824983,0.02111702
0.02089943,-0.1402301,-0.003896613,9.828918,3.875558,0.02001592
0.03094351,-0.1770859,-0.0430997,9.834089,3.825007,0.06595632
0.01032496,-0.196693,-0.03162687,9.879922,3.824474,0.07051621
0.02432734,-0.132843,-0.02119851,9.834075,3.875038,0.06596582
0.009599039,-0.1367979,0.0005866165,9.878714,3.875026,0.02111813
0.03868977,-0.125844,-0.00894646,9.753738,4.050106,0.04532631
0.04297219,-0.1083878,-0.005046004,9.647237,4.151218,0.04299762
0.01528437,-0.1002256,-0.002703916,9.753636,4.150208,0.04540982
0.05874657,-0.1290419,0.005129099,9.658429,4.05057,0.1383996
0.01734677,-0.1306174,-0.002085445,9.7606,4.050266,0.1417715
0.05074074,-0.104563,0.01585946,9.657584,4.150684,0.1387907
0.02178237,-0.09856147,0.008606769,9.759995,4.150408,0.1419266
0.006311957,-0.1111472,-0.001845064,9.879908,4.075597,0.0705573
0.005870579,-0.1436205,-0.001343891,9.878711,4.024992,0.02112266
0.02095911,-0.1050103,-0.005457949,9.828903,4.075575,0.0200262
0.03212368,-0.140876,-0.02403862,9.834049,4.025035,0.06598624
0.008468101,-0.1577669,-0.01787549,9.879913,4.024503,0.07053841
0.02337265,-0.101729,-0.01254965,9.83401,4.075082,0.06601225
0.005888792,-0.1077166,0.0007729079,9.87871,4.075036,0.02112656
-0.03643025,-0.007380255,-0.007372296,9.652356,0.1446045,0.2475787
-0.01613386,-0.002863314,-0.0008081249,9.75434,0.1461451,0.2481193
-0.02972261,-0.008580902,-0.002028765,9.652725,0.1434142,0.3486549
-0.01011128,-0.002916064,-0.001367795,9.754449,0.1456472,0.3491591
-0.006153961,-0.04092985,0.005676536,9.856455,0.3475456,0.2440077
-0.004031965,-0.00691061,0.003656622,9.854497,0.2453771,0.348371
-0.00830313,-0.0310011,0.002563463,9.856832,0.3471099,0.3469722
-0.005643928,-0.02947493,-0.0008304021,9.857274,0.3467591,0.4486914
-0.003340446,-0.01014696,0.0003697033,9.854663,0.2450921,0.5497068
-0.007551344,-0.02939765,0.0001193918,9.857548,0.3464555,0.5493197
-0.005994814,-0.030021,-0.001782675,9.857665,0.3462962,0.6497619
-0.003382967,-0.008781546,8.926843e-05,9.854723,0.2449966,0.7499288
-0.007413924,-0.02901523,-0.0001605526,9.857736,0.3461987,0.7497864
-0.005640577,-0.03120459,-0.000488087,9.857758,0.3461675,0.8499894
-0.004127043,-0.009994897,0.00077857,9.854737,0.2449771,0.9499771
-0.005784677,-0.03162607,0.001725093,9.857777,0.3461443,0.9498917
-0.007321677,-0.0295954,5.308777e-05,9.857781,0.3461416,1.050053
-0.003212336,-0.01151186,3.75435e-05,9.854741,0.2449767,1.149989
-0.005581525,-0.03167414,-0.0005096684,9.857788,0.3461376,1.149921
-0.007310768,-0.02974738,0.0001037089,9.857789,0.3461397,1.25007
-0.002740265,-0.01244143,-1.177874e-05,9.854741,0.2449784,1.34999
-0.005758666,-0.03184823,-4.073201e-05,9.857791,0.3461396,1.349927
-0.006826465,-0.03003031,0.0003061954,9.857792,0.3461406,1.450072
-0.002532326,-0.01272257,-5.317898e-05,9.854742,0.2449789,1.54999
-0.0067448,-0.02997276,1.757069e-05,9.857792,0.3461406,1.549927
-0.006537172,-0.03026717,0.0001218463,9.857791,0.3461397,1.650072
-0.002958768,-0.01047434,-0.00014002,9.854741,0.2449779,1.74999
-0.007100705,-0.02976513,-0.0001444055,9.857789,0.3461398,1.74993
-0.005359951,-0.03151938,0.0001401336,9.857788,0.3461377,1.850078
-0.002898406,-0.01091248,7.024875e-05,9.854739,0.2449766,1.949995
-0.007217807,-0.02958176,-9.652918e-05,9.857781,0.3461416,1.949946
-0.00543431,-0.03108782,-0.0008789478,9.857776,0.3461444,2.050106
-0.002442014,-0.01285318,0.0001805352,9.854732,0.2449828,2.150017
-0.006716389,-0.0300754,-0.0002983049,9.857757,0.3461675,2.150004
-0.006811791,-0.02989998,-0.000442333,9.857734,0.3461992,2.250189
-0.002274888,-0.01312039,-2.771983e-05,9.8547,0.2450282,2.350081
-0.006002106,-0.03046202,0.001057775,9.85766,0.3462985,2.350154
-0.007403751,-0.02884177,-0.0002744687,9.857532,0.346466,2.450416
-0.002968681,-0.01279636,-0.0004863509,9.854555,0.2452126,2.550293
-0.005117857,-0.02759697,0.0001448476,9.857205,0.3467996,2.55059
-0.008237366,-0.0304689,-0.002330984,9.856556,0.3472317,2.651247
-0.002817057,-0.0165425,-0.001066142,9.853753,0.2459065,2.751386
-0.007209421,-0.03553056,-0.006880633,9.855345,0.3478608,2.752187
-0.1763012,-0.02592535,-0.01126683,8.349994,0.2404865,2.856728
-0.1712092,-0.02581163,-0.01461869,8.349842,0.3416848,2.861355
-0.1816235,-0.004024822,-0.002052253,8.350012,0.2491122,2.953697
-0.1815774,-0.02365856,0.0002077432,8.351014,0.3540593,2.957061
-0.1514154,-0.02447534,-0.01105912,8.549996,0.2401602,2.857041
-0.1594573,-0.04531684,0.005730378,8.450244,0.3416771,2.861353
-0.1470839,-0.02672482,-0.01290096,8.549862,0.3414803,2.86145
-0.1693121,-0.03039072,0.008699969,8.449993,0.2491119,2.953697
-0.1577576,-0.00651997,-0.001355465,8.55006,0.2485538,2.953917
-0.1732909,-0.04158017,0.009444366,8.449004,0.3540547,2.957057
-0.1542991,-0.02081786,0.0007007844,8.551014,0.3537735,2.957102
-0.1269115,-0.02405848,-0.008773908,8.750007,0.2390866,2.858132
-0.1357841,-0.04277472,0.004596079,8.650272,0.3411103,2.861649
-0.123689,-0.02570034,-0.0124717,8.749928,0.340854,2.861782
-0.1433035,-0.0304226,0.007184684,8.650063,0.2473549,2.954298
-0.1320253,-0.00892047,-0.0002879623,8.749983,0.2465091,2.954626
-0.1475101,-0.03785269,0.009470656,8.649013,0.3532879,2.957181
-0.1294281,-0.02201126,0.001161944,8.751018,0.3528868,2.957246
-0.05600078,-0.0126307,-0.005863917,9.350366,0.2410866,2.85696
-0.07244863,-0.03678044,-0.002326579,9.250733,0.3422486,2.861281
-0.05648134,-0.02858046,-0.009917066,9.350742,0.3430217,2.860936
-0.07359034,-0.02243166,0.005001011,9.250007,0.2484902,2.953932
-0.05963669,-0.01036886,0.001763532,9.350176,0.2485413,2.953863
-0.07844613,-0.03526088,0.005394282,9.249105,0.3537763,2.957061
-0.05821697,-0.02317291,0.003285464,9.351033,0.3537224,2.956886
-0.03779349,-0.01341341,-0.005973705,9.551264,0.2421934,2.857495
-0.04876639,-0.03127944,-0.004614498,9.45142,0.3435667,2.860748
-0.03778178,-0.02601782,-0.009607164,9.552326,0.3449857,2.859944
-0.04957279,-0.01958244,0.003616053,9.450082,0.2474,2.954026
-0.03827926,-0.009921189,2.392272e-05,9.550152,0.246619,2.95413
-0.05324351,-0.02995794,0.004141826,9.44874,0.3530073,2.956656
-0.04077136,-0.02670158,0.0005453755,9.548961,0.3502172,2.955527
-0.01280566,-0.01252051,-0.0005534062,9.75529,0.2446689,2.855452
-0.02943415,-0.02958959,-5.903497e-05,9.654074,0.3459907,2.858985
-0.01400538,-0.03046492,-0.004736538,9.756906,0.3473438,2.857012
-0.02893545,-0.01724519,-4.707158e-05,9.650812,0.2466723,2.953806
-0.01300177,-0.01270499,-4.367037e-05,9.752737,0.2472708,2.952736
-0.0334654,-0.03375946,-0.0004305654,9.648848,0.3512259,2.955927
-0.01664437,-0.02978678,3.682879e-05,9.753424,0.3491779,2.953809
-0.01327118,-0.03761525,0.005606383,9.758063,0.4487152,2.857761
-0.03013353,-0.04870303,0.004586378,9.656979,0.5486148,2.86103
-0.009191117,-0.04975419,-0.0001784824,9.75927,0.5493941,2.858074
-0.02523199,-0.04194441,-0.0007516277,9.650075,0.4510824,2.955583
-0.009966952,-0.03837657,-0.0001196744,9.75374,0.4498256,2.954237
-0.02911347,-0.05334586,-0.004339057,9.647665,0.5512959,2.956777
-0.01861887,-0.04930999,-0.003430687,9.753786,0.5499913,2.954462
-0.02027141,-0.1383414,0.006922305,9.760904,1.449996,2.858142
-0.0329809,-0.1471375,-0.005931083,9.659198,1.549757,2.861832
0.0009299544,-0.1531667,-0.004413573,9.76065,1.549954,2.85789
-0.01580047,-0.1447148,-0.0007058558,9.647151,1.448985,2.957278
-0.003756001,-0.1438398,0.0006555417,9.753384,1.449972,2.954568
-0.02992471,-0.1605883,-0.007588724,9.646993,1.550995,2.957253
-0.0229483,-0.1523551,-0.006550118,9.752788,1.549992,2.954401
-0.02080462,-0.2015742,0.006512401,9.759988,2.250034,2.857213
-0.02612622,-0.2052497,-0.01056515,9.658995,2.349791,2.861727
0.01076351,-0.2118111,-0.006156425,9.760502,2.349989,2.857729
-5.791986e-05,-0.2100821,0.002709593,9.646415,2.248999,2.957155
0.003662513,-0.2034692,0.001781611,9.751628,2.250069,2.953983
-0.01875695,-0.2191143,-0.009100796,9.646763,2.351006,2.957215
-0.02544138,-0.2128165,-0.006508416,9.752698,2.350076,2.954308
-0.01951696,-0.2132295,0.004512988,9.760944,2.450003,2.858164
-0.02249445,-0.2141335,-0.01174553,9.659405,2.549798,2.861936
0.01188576,-0.2203424,-0.00729103,9.761106,2.549969,2.858328
0.003425448,-0.2204719,0.003054783,9.647135,2.448989,2.957276
0.003765942,-0.2186553,0.0003680269,9.753539,2.449973,2.954617
-0.01507059,-0.227221,-0.007920623,9.647309,2.550999,2.957303
-0.02081259,-0.221215,-0.006650556,9.753779,2.54999,2.954702
-0.01700903,-0.2213097,0.004673869,9.761107,2.650027,2.858333
-0.01786079,-0.2197891,-0.01224504,9.659287,2.749811,2.861879
0.01474472,-0.2256157,-0.007258401,9.760953,2.749992,2.85818
0.008328749,-0.2287086,0.00344367,9.647312,2.648999,2.957304
0.006408846,-0.2258644,0.000876247,9.75377,2.650006,2.954706
-0.01060138,-0.2323318,-0.006786557,9.647151,2.751009,2.957279
-0.01811244,-0.226592,-0.005653434,9.753543,2.750027,2.954624
-0.01301569,-0.2259021,0.005546925,9.76054,2.850004,2.857773
-0.01140312,-0.2216214,-0.01096835,9.658856,2.949802,2.861651
0.01399593,-0.2256252,-0.008283642,9.760111,2.949967,2.857351
0.01225288,-0.2326124,0.00463297,9.646815,2.848991,2.957224
0.01194115,-0.2276779,0.0020228,9.752738,2.849918,2.954328
-0.01209375,-0.2336325,-0.006092688,9.646545,2.951001,2.957177
-0.01532378,-0.2258547,-0.004789243,9.75182,2.949956,2.954072
-0.01149546,-0.2246112,0.006979739,9.760273,3.050052,2.857511
-0.002738159,-0.2182542,-0.01010701,9.659099,3.149809,2.861791
0.01950456,-0.2222377,-0.007786924,9.760736,3.149986,2.857977
0.01573262,-0.23232,0.005135715,9.646644,3.049004,2.957193
0.01628696,-0.2247935,0.006156101,9.752178,3.050081,2.95416
-0.006598597,-0.2306206,-0.004956195,9.646951,3.151006,2.957247
-0.009579122,-0.2253379,-0.002638181,9.753191,3.150022,2.954497
-0.01090501,-0.2191709,0.005413908,9.760924,3.250023,2.858171
0.006447436,-0.2088951,-0.01036281,9.659103,3.34983,2.861801
0.02339886,-0.2106839,-0.006445351,9.760774,3.349986,2.858026
0.02046448,-0.2272635,0.006770551,9.647108,3.248998,2.957273
0.02121705,-0.2189615,0.005428416,9.753543,3.249997,2.954635
0.00235266,-0.2228506,-0.003597592,9.646993,3.351011,2.957254
-0.003111231,-0.216571,-0.001218801,9.75326,3.349987,2.954527
-0.000991863,-0.1882517,0.003426105,9.760071,3.65007,2.85734
0.02752759,-0.1714161,-0.01065448,9.658476,3.749917,2.861512
0.02729291,-0.1680223,-0.008834795,9.760081,3.750047,2.857369
0.03958151,-0.1990057,0.009472439,9.646409,3.649016,2.957153
0.02883241,-0.188332,0.007628655,9.751995,3.649983,2.954104
0.01899919,-0.1802716,0.001248871,9.646428,3.75103,2.957151
0.008289861,-0.1770927,-6.685408e-05,9.752084,3.750043,2.954129
0.01796971,-0.1304189,0.00165467,9.759993,4.050304,2.857616
0.05100168,-0.1045572,-0.01590201,9.657142,4.150676,2.860966
0.02231932,-0.09890024,-0.008984374,9.759554,4.150482,2.857607
0.05698984,-0.1387102,0.0090351,9.646623,4.049145,2.957106
0.04081485,-0.1253793,0.008975103,9.752757,4.050155,2.954315
0.04312445,-0.1089456,0.005015892,9.646717,4.151169,2.956912
0.01602667,-0.09979325,0.002729256,9.753028,4.150212,2.95437
-0.1494776,-0.004127596,-0.002565103,8.475542,0.1200924,0.07051583
-0.1849463,-0.004486798,-0.001858638,8.42498,0.1212893,0.02111182
-0.1521506,-0.01232187,-0.004247508,8.47555,0.171081,0.02000533
-0.1848093,-0.03167372,-0.04305656,8.42499,0.1659083,0.06595775
-0.2054276,-0.01099132,-0.0294966,8.424458,0.1200915,0.07051561
-0.1437696,-0.01465532,-0.01627577,8.475013,0.1659159,0.06596085
-0.1546479,-0.004241533,-0.0009579028,8.47502,0.1212891,0.02111187
-0.1600171,0.002719204,0.004206709,8.524457,0.1200923,0.07051559
-0.1688796,-0.003384239,-0.0005817899,8.57502,0.1212893,0.02111161
-0.1559327,0.002960316,0.005195729,8.52445,0.171081,0.02000525
-0.1668426,0.004509201,0.0268781,8.575012,0.1659088,0.06595743
-0.1869754,-0.0007656369,0.02023122,8.575541,0.1200917,0.07051463
-0.1407452,0.008537726,0.02292685,8.524989,0.1659157,0.06596053
-0.155073,0.0002508536,0.0002985621,8.52498,0.121289,0.0211119
-0.001364439,-0.00212036,0.001243413,9.877949,0.1221242,0.07321982
-0.009184288,-0.002241753,-3.073348e-05,9.826733,0.1221408,0.02199169
-0.0009926872,-0.008236485,-0.0007853619,9.879085,0.1762517,0.02086457
-0.012774,-0.01619083,0.002802685,9.83399,0.16715,0.0661025
-0.01316974,0.000566109,0.00123509,9.828554,0.1207188,0.07139439
0.0006819252,-0.01503281,0.002673796,9.88002,0.1720154,0.0698038
0.0001194907,-0.0008284092,-0.000504976,9.876703,0.1237454,0.02325122
-0.0004476607,-0.0003577795,0.001500025,9.878569,0.1215827,0.1231165
-0.009121504,-0.007764637,0.001310257,9.83378,0.1669724,0.1194161
-0.009081252,0.0009316763,-0.002399549,9.828995,0.1203357,0.1740368
0.000242218,-0.006830928,0.0005807023,9.879864,0.1709149,0.1727695
-0.008720396,0.000141361,0.001450945,9.82989,0.1209022,0.122528
-0.0006376725,-0.007155669,0.0007159637,9.879928,0.1711441,0.120246
-0.001119565,-0.0002802217,-0.0004631479,9.878678,0.1213542,0.1739146
-0.008708161,-0.2264521,0.01363661,9.879933,2.524465,0.07050595
-0.01802552,-0.2210418,0.0007745725,9.82895,2.524454,0.02000883
-0.000864963,-0.2465164,-0.0006336888,9.878718,2.575021,0.02111559
-0.008371788,-0.239724,0.02322937,9.834118,2.575013,0.06594505
-0.02960062,-0.1955161,0.04056002,9.834128,2.524997,0.0659359
-0.006154021,-0.2677245,0.02183705,9.879929,2.575543,0.0705146
-0.008875493,-0.2126535,-0.0003843455,9.878724,2.524983,0.0211137
-0.00803224,-0.2329814,0.01331141,9.879924,2.724459,0.07051924
-0.01832293,-0.2273688,0.001070241,9.828923,2.724449,0.02001356
-0.0001330155,-0.2517156,-0.0004667663,9.878715,2.77502,0.02111633
-0.008138645,-0.2468359,0.02385896,9.834102,2.77501,0.06595232
-0.03079596,-0.2003964,0.04160439,9.834097,2.724988,0.0659555
-0.004678086,-0.2746411,0.02265906,9.879926,2.775541,0.07051889
-0.008334885,-0.2195212,-0.0004824473,9.878715,2.72498,0.0211164
-0.007364348,-0.2340866,0.01345271,9.879924,2.924459,0.07051933
-0.01303776,-0.2298688,0.002721228,9.828922,2.924449,0.02001383
0.0004653241,-0.2523265,-0.0003295918,9.878715,2.97502,0.02111641
-0.01024263,-0.2443128,0.0267252,9.8341,2.97501,0.06595248
-0.02379325,-0.2039323,0.03455227,9.834093,2.924988,0.06595537
-0.00306507,-0.2736536,0.02274549,9.879925,2.975541,0.07051882
-0.004116339,-0.2239859,-0.0002421002,9.878715,2.92498,0.02111657
-0.006442755,-0.2312163,0.01232995,9.879924,3.124459,0.07051918
-0.006635546,-0.2296442,0.002670526,9.828921,3.124449,0.02001378
0.001146604,-0.2481798,-0.0004349486,9.878715,3.17502,0.02111633
-0.009356489,-0.2408012,0.02556078,9.8341,3.17501,0.06595228
-0.02229243,-0.2009043,0.0342447,9.834093,3.124988,0.06595537
-0.001859761,-0.2693839,0.02246128,9.879925,3.17554,0.0705184
-0.002268419,-0.2203502,-0.000793908,9.878715,3.12498,0.02111651
-0.005408838,-0.2220765,0.01056941,9.879924,3.324458,0.07051831
-0.006006459,-0.2191737,0.002827524,9.828921,3.324449,0.02001368
0.002042484,-0.2371716,-0.00061152,9.878715,3.37502,0.02111605
-0.008094468,-0.2301488,0.02616317,9.834099,3.37501,0.06595179
-0.02166071,-0.1911656,0.03459642,9.834092,3.324988,0.06595486
-0.001193956,-0.2579352,0.02150687,9.879925,3.37554,0.07051737
-0.002305758,-0.211107,-0.0008726441,9.878715,3.32498,0.02111636
-0.00416991,-0.2056614,0.008281533,9.879924,3.524459,0.07051652
-0.01110662,-0.1971473,0.002881452,9.828921,3.524449,0.0200135
0.002819162,-0.2196933,-0.0005461221,9.878714,3.57502,0.02111585
-0.005373113,-0.2119202,0.02721924,9.834097,3.575013,0.06595155
-0.02055115,-0.1744349,0.03292029,9.834091,3.524989,0.06595411
-0.0002318059,-0.2376934,0.02261473,9.879924,3.575541,0.0705155
-0.003898165,-0.1940804,-0.0008882589,9.878715,3.52498,0.02111608
-0.002910956,-0.1815102,0.006250504,9.879923,3.724465,0.07051499
-0.007588113,-0.1756692,0.00359261,9.82892,3.724451,0.02001381
0.003877867,-0.1915956,-0.0005410737,9.878714,3.775023,0.02111661
-0.002500868,-0.1860188,0.02705317,9.834091,3.775025,0.06595573
-0.01567044,-0.155134,0.02889211,9.834087,3.724997,0.06595519
0.001967408,-0.2090388,0.02254264,9.879923,3.775551,0.07051603
-0.002089972,-0.1695431,-0.001735189,9.878714,3.724981,0.02111628
-0.003083374,-0.1411926,0.01969622,9.879919,3.924486,0.07052325
0.007017902,-0.1483608,0.003634579,9.828917,3.924457,0.02001708
0.004242247,-0.1544358,-0.000879348,9.878712,3.97503,0.0211211
-0.002393112,-0.145091,0.02299065,9.834061,3.975054,0.06597884
-0.002224575,-0.131556,0.01706068,9.83407,3.925017,0.06596873
0.0007239155,-0.1705087,0.02007665,9.879917,3.975578,0.07053274
0.002545447,-0.1397533,0.002751892,9.878713,3.924987,0.02111903
0.001938393,-0.1051601,0.008326382,9.879901,4.12452,0.07056939
0.006545573,-0.106516,0.002974492,9.828897,4.124481,0.02003088
0.005469071,-0.1105353,-0.0005248966,9.878704,4.175046,0.0211365
0.002689906,-0.1080633,0.007530756,9.833925,4.175132,0.06606701
0.003555351,-0.09858359,0.005733355,9.833985,4.125059,0.0660274
0.001364111,-0.1206202,0.006455134,9.879891,4.175618,0.07060334
0.002493968,-0.1102274,0.0003684355,9.878708,4.124999,0.02112968
-0.0007496931,-0.0004033258,0.0003564828,9.878688,0.1211764,0.2746749
-0.009040854,0.0003689645,-0.0008957633,9.828921,0.1201879,0.2235539
-0.0007550268,-0.008377014,-0.0011629,9.879847,0.1707989,0.222748
-0.0141114,-0.01430242,0.001612943,9.833748,0.1661976,0.273922
0.0004057213,-0.0003951926,-0.002171645,9.878666,0.1212346,0.2243311
-0.008047963,-0.0009515696,-0.0008613212,9.828934,0.1201021,0.2750372
0.0005145637,-0.01325893,0.002464847,9.879843,0.1707041,0.2745793
-0.0005826618,0.000124193,0.001989874,9.878702,0.1211577,0.3247914
-0.008469326,-0.008586872,0.0003231898,9.833748,0.1661676,0.3242744
-0.007651734,0.0006023843,-0.001232109,9.828987,0.1200608,0.3753819
-0.000679747,-0.006746397,0.0005274782,9.879856,0.1706404,0.3752326
-0.0076977,0.0008541174,0.002195074,9.828959,0.1200769,0.3241616
-0.0002902668,-0.007309226,0.0001372723,9.879854,0.1706861,0.323869
-0.0003368723,0.000409303,-0.0009019653,9.878709,0.121142,0.3749209
-0.0006392349,-0.0003667786,0.000738941,9.878717,0.1211347,0.4749873
-0.007448408,-0.0001168693,0.0005840296,9.828994,0.1200559,0.4243543
0.0007559219,-0.009356437,-0.002199647,9.879868,0.1706358,0.4242548
-0.01003753,-0.01115025,-0.0002801012,9.833819,0.1660326,0.4748833
-0.0005375387,-0.0004051026,-0.000139869,9.878713,0.121138,0.4249225
-0.008471524,0.0008353027,-0.001158774,9.829009,0.1200552,0.4754822
0.0007873652,-0.008938438,0.002081344,9.879876,0.1706142,0.4754398
0.0002369827,0.0001018852,-7.133441e-05,9.878719,0.1211326,0.5249585
-0.008495305,-0.008729121,0.0003892052,9.833821,0.1660242,0.5248667
-0.007266167,0.0007166999,0.0001127924,9.829023,0.1200503,0.5755153
0.0007296737,-0.007782865,0.001413155,9.879887,0.1705993,0.5755041
-0.006398082,-0.0008892089,0.000555636,9.829012,0.120052,0.5244107
-0.0007585635,-0.006521667,-0.0003197583,9.879881,0.17061,0.5243835
-0.0005214021,-0.0002214387,0.001142546,9.878722,0.1211312,0.5750067
-0.0006048553,-1.373081e-05,-2.608042e-06,9.878725,0.1211292,0.6750139
-0.008559665,0.000518267,0.001059164,9.829026,0.1200485,0.6244322
-0.0008452902,-0.006387619,-0.0003181549,9.87989,0.1705972,0.6244274
-0.01124343,-0.009784755,0.00133952,9.833845,0.1659865,0.675
9.257484e-05,-0.000521149,-0.0001139216,9.878724,0.1211303,0.6249704
-0.006468445,-0.000878317,-0.0003814087,9.829031,0.1200479,0.6755299
0.0005424887,-0.009077169,0.001182645,9.87989,0.1705923,0.6755275
-0.0004369987,-0.0004568451,0.001478126,9.878726,0.1211288,0.7249754
-0.008070864,-0.007623719,-0.0001169897,9.833847,0.1659849,0.7249466
-0.007101104,0.0009340644,-0.001242063,9.829036,0.1200458,0.7755374
-7.91495e-05,-0.006021737,0.0009342332,9.879893,0.1705885,0.7755368
-0.006765118,0.0005361995,0.002136266,9.829033,0.120047,0.7244434
0.0001920335,-0.006620033,0.0002340081,9.879891,0.1705914,0.7244429
-0.000575008,-8.157689e-05,0.0001345282,9.878727,0.1211282,0.7750173
-0.000482564,-0.0002557538,-6.045482e-05,9.878728,0.1211281,0.8750191
-0.007290174,-0.0001172338,0.000435753,9.829036,0.1200454,0.8244501
-0.0006367084,-0.006727059,-0.0005606588,9.879893,0.1705884,0.8244505
-0.01133523,-0.01034709,0.0006487921,9.833854,0.1659778,0.8750232
-5.664234e-05,-0.0001165326,-0.000561096,9.878727,0.1211281,0.8249781
-0.006943835,-0.0005088032,-0.0006087265,9.829037,0.1200459,0.8755422
0.0006750708,-0.008948164,0.0006622645,9.879893,0.1705886,0.8755417
-0.0005842596,-0.0003662032,0.0008748398,9.878728,0.1211281,0.9249793
-0.009172252,-0.008824559,-0.0004420028,9.833854,0.1659779,0.9249651
-0.006934997,-2.438254e-05,-0.0001954002,9.829038,0.1200449,0.975544
-0.0008569281,-0.006407059,0.0005396868,9.879894,0.1705883,0.9755435
-0.007382385,0.0001915144,0.001198712,9.829037,0.1200457,0.9244531
0.000477435,-0.007519555,-1.50526e-05,9.879893,0.1705888,0.9244536
-0.0002663726,-0.0001005418,9.02752e-05,9.878728,0.1211279,0.9750199
-5.218937e-05,-6.379936e-05,0.0001086208,9.878728,0.1211282,1.07502
-0.008894765,0.0007542694,0.0006470942,9.829038,0.1200449,1.024455
0.0006783163,-0.00856265,-0.001019491,9.879894,0.1705886,1.024455
-0.009638639,-0.009666383,-0.0001499199,9.833855,0.165977,1.075029
-0.000670728,-0.0008692432,-0.0001189099,9.878728,0.121128,1.02498
-0.006759939,-0.0007043034,-0.0005961493,9.829036,0.1200456,1.075545
-0.0007413877,-0.006627343,0.0005569783,9.879893,0.1705897,1.075545
-0.000585071,-0.0007420841,-0.0002028593,9.878728,0.1211282,1.12498
-0.009515861,-0.0100883,0.0005696076,9.833855,0.1659772,1.124969
-0.006448945,-0.0008657339,-0.0005038762,9.829037,0.1200448,1.175545
0.000203097,-0.007188138,0.0005707226,9.879894,0.1705894,1.175545
-0.008397216,0.0006944684,0.001065495,9.829036,0.1200456,1.124455
0.0003932147,-0.008114445,-0.001002433,9.879893,0.1705899,1.124456
-0.0001717528,-0.0001731339,0.0001034875,9.878728,0.1211281,1.17502
-0.0003495052,-0.0001236773,-0.0001710163,9.878728,0.1211283,1.27502
-0.008242191,0.000531686,0.001446475,9.829037,0.1200449,1.224455
0.0008187979,-0.00793233,-0.0003938391,9.879894,0.1705896,1.224456
-0.009431398,-0.009177645,-0.0009110034,9.833855,0.1659773,1.27503
-0.0007131505,-0.000569353,0.0005241282,9.878728,0.1211281,1.22498
-0.007707761,0.0003003471,-0.001110003,9.829036,0.1200456,1.275545
-0.0008116753,-0.006545054,0.0005152187,9.879893,0.1705907,1.275545
-0.0004019384,-0.0007106171,-0.001014977,9.878728,0.1211283,1.32498
-0.009388514,-0.01040224,0.0001245666,9.833855,0.1659775,1.32497
-0.006530214,-0.0008748172,-0.0005410576,9.829036,0.1200449,1.375545
0.0004814197,-0.008255161,0.001725605,9.879894,0.17059,1.375544
-0.008177697,0.0005277545,0.0001823027,9.829036,0.1200457,1.324455
0.0006222284,-0.008305324,-0.001754411,9.879893,0.1705907,1.324455
-0.0004451219,-0.0002439008,0.0004426563,9.878728,0.1211282,1.37502
-0.0007127013,-0.000336286,-0.001090837,9.878728,0.1211284,1.47502
-0.008489478,0.0004380691,0.001776261,9.829036,0.1200449,1.424455
-0.0007309629,-0.006643815,-0.000564611,9.879894,0.1705901,1.424456
-0.010563,-0.009158459,-0.0002183587,9.833855,0.1659776,1.47503
-0.000359724,-0.0005042742,0.0004171778,9.878728,0.1211282,1.42498
-0.008036136,0.000407889,-0.001818803,9.829035,0.1200457,1.475545
0.0003041875,-0.007684637,-9.510122e-06,9.879893,0.1705909,1.475545
-0.0001204843,-0.0003516187,-0.0003559088,9.878728,0.1211284,1.52498
-0.009063932,-0.009219613,-0.001282389,9.833855,0.1659776,1.52497
-0.008102385,0.0005763472,-0.0008817142,9.829036,0.1200449,1.575545
0.0005764187,-0.008257168,0.001013256,9.879894,0.1705901,1.575544
-0.006660731,-0.0006395858,0.0005321281,9.829035,0.1200457,1.524455
3.518985e-05,-0.007335313,-0.001545741,9.879893,0.170591,1.524455
-0.0005690969,-0.0009468516,-0.0001117602,9.878728,0.1211282,1.57502
-0.0007106519,-0.0009156065,0.000289087,9.878728,0.1211284,1.67502
-0.006484158,-0.0008675877,0.0005158585,9.829036,0.1200449,1.624455
-0.0002489295,-0.006889575,-0.0007590397,9.879894,0.17059,1.624456
-0.009989947,-0.01029695,0.0005356954,9.833855,0.1659775,1.67503
-0.0002747834,-0.0002326833,0.0003865188,9.878728,0.1211282,1.62498
-0.008648985,0.0005628543,-0.0005155352,9.829035,0.1200457,1.675545
0.0008390109,-0.008305565,0.001138171,9.879893,0.1705906,1.675545
-0.0005841687,-0.0001853036,0.000576021,9.878728,0.1211284,1.72498
-0.01011404,-0.008483928,7.865061e-05,9.833855,0.1659774,1.72497
-0.008167762,0.0003306099,-0.001424075,9.829037,0.1200449,1.775545
-0.0007635619,-0.006549257,0.0005363928,9.879894,0.1705896,1.775544
-0.007343496,-0.0002287504,0.000830454,9.829035,0.1200456,1.724455
0.0003796185,-0.007328604,4.772184e-05,9.879893,0.1705906,1.724455
-0.0003788784,-0.0005305286,-0.0003204614,9.878728,0.1211281,1.77502
-0.0005446031,-0.0009407435,0.00070362,9.878728,0.1211282,1.87502
-0.006428812,-0.0008715834,0.0004792913,9.829037,0.1200448,1.824455
7.946953e-05,-0.007814948,-0.001859597,9.879894,0.1705894,1.824455
-0.00936947,-0.01018294,0.0005193427,9.833855,0.1659772,1.875031
-0.0004532682,-0.000278132,-0.0006586726,9.878728,0.1211281,1.82498
-0.007914961,0.0006579569,-0.0001533491,9.829036,0.1200456,1.875545
0.001156875,-0.008753323,0.001705384,9.879893,0.1705899,1.875544
-0.0005807104,-0.0002213176,0.0009140967,9.878728,0.1211282,1.92498
-0.01044295,-0.008994019,0.0003521263,9.833855,0.165977,1.924971
-0.00862867,0.0004700315,-0.001071175,9.829037,0.120045,1.975545
-0.0006750934,-0.006634592,0.0005696408,9.879894,0.1705886,1.975544
-0.007389327,-0.0002430554,0.0008977213,9.829036,0.1200456,1.924455
0.0002403859,-0.007148123,0.0003915106,9.879893,0.1705897,1.924455
-0.0004465388,-0.0004907517,-0.0001713323,9.878728,0.1211279,1.97502
-0.0001301521,-0.0003736882,0.0002061783,9.878728,0.1211281,2.075021
-0.007699562,0.0003435528,-0.0001522238,9.829038,0.1200449,2.024456
0.0002097565,-0.008004962,-0.001479648,9.879894,0.1705884,2.024456
-0.008627034,-0.009211054,0.0002615434,9.833854,0.1659779,2.075035
-0.0005687262,-0.000771058,-0.0008401839,9.878728,0.1211279,2.02498
-0.006384741,-0.0008753383,-0.0005300326,9.829037,0.1200457,2.075547
-0.0001621342,-0.006885746,0.0005640556,9.879893,0.1705888,2.075546
-0.0007917279,-0.0009590437,0.000281798,9.878728,0.1211282,2.124981
-0.01105833,-0.01088713,-0.000129226,9.833854,0.1659779,2.124977
-0.007102296,-0.0004515097,-0.0007998598,9.829036,0.1200454,2.17555
-0.0008219563,-0.00646294,0.000497274,9.879893,0.1705885,2.175549
-0.009259936,0.0007146122,0.001157604,9.829037,0.1200459,2.124458
0.000785388,-0.008836196,-0.0004569314,9.879893,0.1705887,2.124458
-8.875582e-06,-0.0001464085,-5.601627e-06,9.878727,0.1211281,2.175022
-0.0001480254,-0.0001841438,-0.0005865171,9.878726,0.1211289,2.275024
-0.007419492,0.0008441237,0.001065812,9.829036,0.1200458,2.224462
0.000645447,-0.007170004,-0.0009691576,9.879893,0.1705886,2.224463
-0.007797823,-0.00793521,0.0002804881,9.833847,0.1659849,2.27505
-0.0007514926,-0.0005672015,-0.0001043111,9.878727,0.1211283,2.224983
-0.006607417,2.591717e-05,-0.001319851,9.829033,0.120047,2.275556
-0.0006712384,-0.006418023,0.0004232466,9.879891,0.1705915,2.275555
-0.0005228127,-0.0002059929,-0.0001880991,9.878725,0.1211294,2.324985
-0.01062455,-0.009631776,3.747809e-05,9.833845,0.165987,2.324994
-0.008466778,0.0006966693,-0.001139681,9.829026,0.1200486,2.375565
0.000807475,-0.008590313,0.001695615,9.879889,0.1705971,2.375564
-0.00695096,-0.0004830052,0.0006156297,9.829031,0.120048,2.324469
0.0006488007,-0.008426017,-0.001681946,9.87989,0.1705925,2.324469
-0.000734962,-0.0005910343,0.0004087486,9.878724,0.1211303,2.375028
-0.0004764965,-0.000330913,0.00024698,9.878718,0.1211319,2.475034
-0.006424125,-0.0008045906,0.0004929299,9.829023,0.1200504,2.42448
-0.0008389857,-0.006412271,-0.0005468643,9.879887,0.1706,2.42448
-0.009124128,-0.008716179,-0.0004243057,9.833817,0.1660239,2.475093
2.633365e-05,9.651616e-05,-0.0001240804,9.878722,0.1211311,2.42499
-0.007001941,0.0003255229,-0.0002725908,9.829011,0.1200521,2.475581
0.0006614398,-0.007358819,0.0005885825,9.87988,0.1706099,2.475582
-0.0002199344,-0.0003283059,0.0001500019,9.878716,0.121134,2.524998
-0.009121132,-0.009556848,-0.0003008427,9.833807,0.1660359,2.525049
-0.008708643,0.0008724841,-0.001067467,9.828983,0.1200615,2.575619
0.0005066415,-0.008114232,0.0001761862,9.87987,0.1706404,2.57562
-0.007386882,-4.602833e-05,0.001184886,9.829004,0.1200561,2.524503
-0.0008647486,-0.006584435,-0.0006464903,9.879875,0.1706168,2.524499
-0.0008201202,-0.0008297412,-0.0005034615,9.878711,0.1211394,2.575048
-0.0001649894,-0.0002108634,0.0006758984,9.878683,0.1211724,2.675108
-0.007425307,0.0002439775,9.277921e-05,9.828961,0.1200732,2.624566
0.0008984159,-0.008163024,-0.0005334202,9.879859,0.1706654,2.624562
-0.009083782,-0.008590365,-8.278094e-05,9.833636,0.1662107,2.675378
-0.0005015729,-0.0007144253,-0.0004124551,9.878703,0.1211484,2.625025
-0.006966249,-0.001011147,-0.0003286007,9.828895,0.1200997,2.675742
-0.0002568449,-0.007563034,0.0007788024,9.879834,0.1707402,2.675743
-0.0009474277,-0.001270973,0.0003353571,9.878636,0.1212265,2.725147
-0.01243139,-0.01297286,-5.029847e-05,9.833504,0.1663511,2.72551
-0.007602017,-0.0009948837,-0.0006928336,9.828545,0.1203221,2.776093
-0.0009848697,-0.007563745,0.0008163061,9.879616,0.1711397,2.776105
-0.01074151,0.0006512481,0.001651969,9.828782,0.1201565,2.724787
0.0003662901,-0.009541281,-0.0008738667,9.87978,0.1708682,2.724785
-0.0001994058,-0.0001447012,3.545943e-05,9.878508,0.1213683,2.775335
-0.1885985,0.007598543,-0.02523397,8.374976,0.1698551,2.930006
-0.2075132,-0.001428006,-0.001457501,8.387517,0.1106634,2.989435
-0.2168246,-0.0001946341,-0.03940199,8.375499,0.121949,2.925261
-0.1467995,-0.001372396,-0.01075314,8.475468,0.1219212,2.925361
-0.1856403,-0.03685607,0.04357308,8.425025,0.1698549,2.930005
-0.1800894,-0.003704624,0.005547592,8.412483,0.1106636,2.989436
-0.1432104,-0.009570496,-0.0004487864,8.475482,0.1750176,2.978104
-0.1996501,-0.01260207,0.05169649,8.424502,0.1219493,2.925263
-0.1450729,-0.02306565,0.0198884,8.474938,0.1697839,2.930085
-0.1667597,-0.001799559,0.001338094,8.487505,0.1106454,2.989458
-0.1460327,0.0009310026,-0.01888829,8.524519,0.1217928,2.925693
-0.1635996,0.01257589,-0.0305974,8.574928,0.1688794,2.931008
-0.1716979,-0.002824482,0.001156844,8.588819,0.109866,2.990254
-0.1466539,-0.00802658,-0.003039641,8.524502,0.1747082,2.978237
-0.1850866,-0.001328279,-0.03454379,8.575959,0.1213128,2.926729
-0.1378275,0.00200041,-0.018255,8.524966,0.1695258,2.930356
-0.1585244,-0.003585897,0.001972134,8.512456,0.1106162,2.989491
-0.0006870833,-0.0005580463,-7.413195e-05,9.877384,0.1225086,2.875485
-0.00865411,0.0001328391,0.001646662,9.828069,0.1207165,2.825173
0.0002179874,-0.008444251,-0.001004674,9.87923,0.1716542,2.825199
-0.009185961,-0.008806144,0.0001264363,9.831117,0.1687967,2.877947
-0.001199517,-0.001195381,0.0002171452,9.878183,0.1217121,2.825335
-0.007110103,-0.001513429,-2.379415e-05,9.827958,0.1219154,2.875674
-0.001517531,-0.00714015,0.0001123785,9.87805,0.171818,2.875704
-0.001346055,-0.02090574,-2.402374e-05,9.87922,0.2748057,2.928348
-0.007423249,-0.0134208,0.001680997,9.831107,0.2220966,2.931211
-0.001295719,-0.01520247,0.0002954355,9.877374,0.2245398,2.977491
-0.007989785,-0.02190714,-0.001184888,9.828022,0.2749163,2.979295
-0.001385721,-0.01364965,9.49697e-05,9.878031,0.2242977,2.92819
-0.01010862,-0.01927165,-0.0007004629,9.832472,0.2734218,2.932581
-0.001881909,-0.02013467,-9.557224e-05,9.878171,0.2746775,2.978292
-0.002952981,-0.02437754,-0.001731672,9.879606,0.3239,2.928864
-0.0142996,-0.0367754,-0.004426924,9.833508,0.3744953,2.933625
-0.00726693,-0.02485567,-0.001569664,9.828492,0.3239774,2.979689
-0.002622593,-0.03566442,-0.0005088963,9.878621,0.3748577,2.978781
-0.01116611,-0.02234278,-0.002302509,9.833135,0.3239815,2.933256
-0.002017884,-0.04187762,-0.003754442,9.879763,0.3752114,2.929136
-0.002379208,-0.0245183,-0.0008743144,9.878495,0.3246726,2.978637
-0.001502778,-0.03970553,0.002928769,9.879859,0.475419,2.929342
-0.00157969,-0.04055781,0.005974557,9.833641,0.4246152,2.933758
-0.002233727,-0.04030384,-0.0002121954,9.87867,0.4248948,2.978833
-0.006455823,-0.03999596,0.0005223922,9.828879,0.475491,2.979937
-0.001030509,-0.04561233,0.004180275,9.879823,0.4242417,2.929263
-0.004914069,-0.0356141,0.003289046,9.83377,0.4748327,2.93387
-0.00135747,-0.04064072,0.000342645,9.878691,0.4749759,2.978854
-0.000498592,-0.1924296,-0.01617064,9.878715,2.275969,2.926774
0.02445908,-0.214863,0.04814708,9.830643,2.225002,2.930521
0.005383147,-0.2097515,0.005176543,9.889407,2.212467,2.989507
-0.0115715,-0.1886616,0.0005153173,9.826345,2.276001,2.978738
0.006660932,-0.2409527,0.05514794,9.878256,2.224538,2.925866
0.0009599589,-0.1841419,0.01239486,9.831174,2.274945,2.931078
0.004939984,-0.1992096,0.004209648,9.890138,2.288821,2.990252
-0.008298546,-0.2127354,-0.01645145,9.878912,2.324788,2.927104
-0.01376359,-0.2245733,-0.03009242,9.833242,2.37492,2.933134
-0.01652614,-0.2022078,-0.006238526,9.826656,2.32479,2.978945
-0.0008496452,-0.2365914,0.0005606686,9.878191,2.374887,2.978339
-0.01887462,-0.1896234,-0.02516969,9.832303,2.324968,2.932213
-0.008169733,-0.2553336,-0.01828175,9.87953,2.375489,2.928317
0.0005513739,-0.2197922,0.002676283,9.877461,2.325214,2.977608
0.001273796,-0.1951603,0.02087822,9.879859,2.47551,2.929288
0.0274976,-0.2208364,0.04532381,9.83375,2.424928,2.933646
-0.0002609988,-0.2300747,0.002783329,9.878534,2.424886,2.978694
-0.01028147,-0.2076655,0.001696221,9.828748,2.475516,2.979936
0.005808276,-0.2507918,0.03709394,9.879774,2.424394,2.928998
-0.003646035,-0.1843011,0.007808435,9.833949,2.474978,2.933856
-0.004987949,-0.1971217,0.005596998,9.878647,2.474984,2.978815
-0.008497599,-0.2275242,-0.01278895,9.87989,2.524447,2.929399
-0.008698065,-0.2403337,-0.0232292,9.834075,2.575007,2.933987
-0.01993634,-0.2217457,-0.001175742,9.828849,2.524437,2.979969
-0.0007958116,-0.2479621,0.0005779463,9.8787,2.575017,2.978874
-0.03239225,-0.1961424,-0.04166226,9.834037,2.524974,2.933949
-0.00571374,-0.2680195,-0.02165202,9.879902,2.575539,2.929441
-0.009251257,-0.2144269,0.0002947702,9.878687,2.524968,2.978859
0.003350637,-0.1736397,-0.006623676,9.878726,3.675753,2.92648
0.03546585,-0.1986043,0.04553129,9.831624,3.625025,2.931519
-4.900399e-05,-0.2032941,0.003516856,9.890379,3.611309,2.990509
-0.003093884,-0.1632241,-0.003448035,9.826033,3.675763,2.978757
0.006999811,-0.2185818,0.04924646,9.879113,3.624434,2.927535
0.0232768,-0.1519372,0.019795,9.831826,3.675043,2.931728
0.002456972,-0.1787999,0.0006011724,9.877162,3.675397,2.977302
-0.0006084291,-0.1729311,-0.004159822,9.878735,3.724239,2.926543
-0.01144507,-0.1782846,-0.02970818,9.831782,3.774976,2.931671
0.01250012,-0.1713223,-0.003785471,9.826076,3.724214,2.978778
0.004309222,-0.2021766,0.001611084,9.890425,3.788665,2.990558
-0.01000332,-0.1460491,-0.03313176,9.831872,3.724949,2.931768
0.001746723,-0.2053168,-0.03089106,9.879174,3.775538,2.927757
3.017754e-05,-0.1691347,-0.002582443,9.877178,3.724582,2.977328
-0.1603563,-0.02746437,0.03591969,8.624967,0.1677206,2.932186
-0.1590265,-0.008533256,0.005814313,8.625211,0.122548,2.977607
-0.1275187,-0.0164725,0.002400458,8.675511,0.1721903,2.979593
-0.1738141,-0.01260443,0.02878401,8.624779,0.1211093,2.927098
-0.1277764,-0.00796877,-0.001213753,8.674886,0.1218095,2.978336
-0.1255916,-0.003062969,-0.0003836845,8.675484,0.120473,2.928313
-0.1250859,-0.01664989,0.015485,8.674924,0.1668058,2.933136
-0.1419804,-0.003118504,0.000603309,8.774984,0.1213516,2.978811
-0.1358025,-0.006419493,-0.003571391,8.724384,0.1715286,2.979845
-0.1311812,-0.001447112,-0.002731096,8.724885,0.1214643,2.97869
-0.1331909,0.004541451,-0.01187178,8.724393,0.1202222,2.928997
-0.1412687,0.004909204,-0.02270935,8.774981,0.1660885,2.933884
-0.1597457,-0.001087233,-0.01829732,8.77551,0.1201344,2.92929
-0.1190863,0.005434551,-0.0224354,8.724927,0.1663015,2.933664
-0.08789819,0.002987559,-0.00219045,9.211182,0.1098627,2.99025
-0.05984893,-0.00922453,-0.0008488071,9.275484,0.1745665,2.97828
-0.07058538,-0.0008131421,0.0007425039,9.287536,0.110593,2.989504
-0.06456382,-0.00251132,-0.004029168,9.275513,0.121749,2.925812
-0.08249927,-0.02177897,0.0165099,9.225102,0.1688683,2.931064
-0.09240512,-0.002806836,0.02317918,9.224071,0.1212921,2.926753
-0.05670758,-0.01474983,0.00359067,9.275063,0.1694502,2.93049
-0.06170299,-0.002231585,0.00270006,9.388825,0.1098652,2.990251
-0.06138562,-0.01068262,-0.0002063676,9.324544,0.1745725,2.978278
-0.06738212,-0.002133544,0.001108728,9.31247,0.1105937,2.989507
-0.05895627,-0.003472485,0.001355957,9.324598,0.1217577,2.925803
-0.06236597,0.003972806,-0.008049952,9.375031,0.1689491,2.930985
-0.06494389,-0.001383207,-0.007515188,9.37604,0.1213193,2.926708
-0.05318345,-0.004687192,-0.004957682,9.325056,0.169464,2.930473
-0.05976879,-0.004410344,0.002392871,9.425233,0.1225517,2.977592
-0.04060547,-0.01177685,0.002020376,9.475542,0.1722064,2.979556
-0.04403912,-0.003211172,-0.0003727595,9.474916,0.1218214,2.978313
-0.04290191,-0.003013503,0.001573272,9.475583,0.120516,2.928201
-0.05753276,-0.0132533,0.009927893,9.425058,0.1678589,2.932107
-0.06454595,-0.003091216,0.008146807,9.424855,0.121136,2.92703
-0.04129311,-0.01110987,0.004653425,9.475087,0.1670544,2.933003
-0.04058488,-0.002388416,0.000393688,9.575066,0.1213932,2.978756
-0.04080631,-0.006390837,-0.001044555,9.524445,0.1715669,2.979796
-0.04178284,-0.001536372,3.0126e-05,9.524928,0.1214857,2.978658
-0.04058985,-0.0005909935,-0.003191491,9.524507,0.1202828,2.928856
-0.04171063,-0.002108158,-0.005484648,9.575343,0.1665385,2.93361
-0.04547561,-0.0008871305,-0.003733319,9.575708,0.1202242,2.92907
-0.03676947,-0.003959293,-0.003890784,9.525101,0.1666109,2.933497
-0.03519518,-0.002831407,0.0006482542,9.625122,0.1214004,2.978748
-0.02384563,-0.007164387,0.001520082,9.676007,0.1715381,2.97968
-0.02355944,-0.002275559,0.0008934297,9.675309,0.1215133,2.978625
-0.02316977,-0.002970274,0.00144483,9.676057,0.1203992,2.928837
-0.03708043,-0.01538276,0.005152964,9.625473,0.166581,2.933578
-0.04223324,-0.002038649,0.004105746,9.624755,0.1202474,2.929057
-0.02225232,-0.01126377,0.002181101,9.675982,0.1669057,2.933247
-0.01355985,-0.0077823,-0.001607289,9.777836,0.1688885,2.931221
-0.01535822,-0.001209798,-0.0002815555,9.775407,0.1226235,2.977499
-0.02229485,-0.007748737,0.001101186,9.725067,0.1719912,2.979295
-0.01372211,-0.001213706,-0.0001958945,9.775586,0.1219684,2.928193
-0.02007496,-0.00187792,6.549398e-05,9.725294,0.1218333,2.978293
-0.02131015,-0.001052264,-0.0003373916,9.725123,0.1207836,2.928344
-0.01962775,-0.009686518,0.0005504601,9.72653,0.1675459,2.932586
-0.001594884,-0.1477715,0.002338593,9.878558,1.425066,2.978715
-0.007223704,-0.132756,0.002906025,9.827994,1.475567,2.97966
-0.008295633,-0.1152997,0.002022876,9.87826,1.475133,2.978411
-0.0007174929,-0.1290408,0.0201013,9.879609,1.475575,2.928515
0.01530028,-0.1440793,0.03305997,9.833796,1.425043,2.933729
0.002455289,-0.170857,0.03277592,9.879809,1.424519,2.929082
-0.007712637,-0.1226284,0.002528966,9.833407,1.475054,2.933344
-0.01450607,-0.1471842,0.0003899374,9.827134,1.524227,2.979151
0.0009517306,-0.1895652,0.001607396,9.890487,1.588674,2.990631
-0.005831885,-0.1429477,0.005438038,9.877678,1.524697,2.977853
-0.004961795,-0.1566259,-0.004810338,9.879104,1.524262,2.927647
-0.01683575,-0.1707445,-0.02656177,9.832218,1.574992,2.932173
-0.02861932,-0.1324409,-0.0288827,9.832672,1.524986,2.932618
-0.004049206,-0.1881416,-0.03818295,9.87935,1.575568,2.928293
0.03044175,-0.2272573,0.0485213,9.834071,2.624995,2.933993
0.0001755674,-0.2373922,0.002660602,9.878701,2.624983,2.978872
-0.009572075,-0.2151553,0.001859388,9.82885,2.675563,2.979963
0.005687885,-0.2603444,0.03730858,9.879906,2.624459,2.929441
-0.003552342,-0.205525,0.005669356,9.87869,2.675032,2.978855
0.003369213,-0.203085,0.01893672,9.879901,2.675551,2.929398
0.001024477,-0.1913638,0.01443497,9.834026,2.675027,2.933964
-0.01781842,-0.2258518,-0.0008759975,9.828749,2.72448,2.979932
-0.000517909,-0.2517224,-0.0001069397,9.878536,2.775113,2.978696
-0.007760553,-0.2207317,0.0001757602,9.878649,2.725015,2.978813
-0.008226974,-0.2319114,-0.01326283,9.879867,2.724493,2.929289
-0.00951882,-0.2452607,-0.02425244,9.833753,2.77507,2.933657
-0.02930023,-0.2000339,-0.04004644,9.833941,2.72502,2.933868
-0.005415718,-0.2724123,-0.02027932,9.879777,2.775605,2.929004
-0.0015379,-0.241114,0.0006796961,9.878196,2.825112,2.978342
-0.003307383,-0.2129551,0.001699835,9.826692,2.875202,2.978956
-0.006118549,-0.2090441,0.004437704,9.877472,2.874782,2.977618
0.002483401,-0.2021933,0.03127806,9.878926,2.875209,2.927143
0.03139497,-0.2325262,0.04899983,9.833251,2.825076,2.933155
0.006578396,-0.2649489,0.04066254,9.879538,2.824506,2.928331
-0.001731271,-0.1940986,0.01333779,9.832332,2.875022,2.93226
-0.02012058,-0.2197597,-0.003035792,9.826447,2.923986,2.978773
0.004005285,-0.2629417,0.001992187,9.889514,2.987498,2.989627
-0.007301931,-0.210952,-0.005853943,9.890145,2.911176,2.990261
-0.007027177,-0.2337586,-0.01566579,9.878747,2.924016,2.926877
-0.01246623,-0.2430646,-0.02678322,9.830875,2.974975,2.930803
-0.02614633,-0.2074376,-0.03550748,9.831259,2.925036,2.931189
-0.0003362233,-0.2744611,-0.04491106,9.878382,2.975487,2.926194
0.01135196,-0.219134,0.01244712,9.889696,3.012633,2.989816
-0.0003731013,-0.2093573,-0.001629375,9.826655,3.075803,2.978961
0.003474301,-0.2150094,-0.007201303,9.877461,3.075228,2.977611
-0.001818511,-0.2146425,-0.01585866,9.87892,3.075773,2.927117
0.03079668,-0.2436275,0.04997394,9.831293,3.025003,2.931223
0.00953799,-0.265472,0.05844596,9.87874,3.024922,2.926891
0.01639971,-0.2037403,0.01972103,9.832283,3.074968,2.932203
-0.01212555,-0.2193479,-0.007075238,9.827813,3.124418,2.9796
0.0003817418,-0.2493981,-0.001062989,9.87853,3.174929,2.978682
0.003091313,-0.1997134,-0.001023538,9.878195,3.124845,2.978337
-0.007541079,-0.2253744,-0.02331081,9.879546,3.124413,2.928309
-0.008871216,-0.2375085,-0.02826817,9.833708,3.174951,2.933633
-0.01545924,-0.1999892,-0.02843347,9.833246,3.124923,2.933166
-0.0003350672,-0.2726577,-0.03103489,9.87978,3.175476,2.928982
0.003247632,-0.2362034,0.002033381,9.878629,3.224956,2.978788
0.01444406,-0.2043377,0.003800091,9.828694,3.275566,2.979914
0.004477407,-0.2091757,0.0005020278,9.878633,3.275041,2.978792
0.002514572,-0.2007908,-0.005656637,9.879857,3.275555,2.92923
0.03091624,-0.2315993,0.04993682,9.833886,3.224971,2.93382
0.0117898,-0.2541056,0.03367808,9.879854,3.224443,2.929218
0.01234857,-0.1898574,0.01560274,9.833888,3.275028,2.933828
0.03231981,-0.141696,0.02274233,9.832599,4.025062,2.932516
0.008948413,-0.1431421,0.004646168,9.877657,4.025303,2.977825
0.0215768,-0.1046714,0.005039606,9.827896,4.075563,2.979612
0.009767037,-0.1586732,0.02020521,9.879056,4.024806,2.927575
0.005774026,-0.111067,-0.001146115,9.878227,4.074939,2.97837
0.006136861,-0.110597,0.002461351,9.879555,4.075577,2.928383
0.02321932,-0.1060409,0.01169638,9.833225,4.075039,2.933168
0.006778144,-0.1060709,-0.003002931,9.828343,4.124459,2.979794
0.005578927,-0.1111263,0.000372008,9.878471,4.175112,2.978612
0.002835733,-0.1114095,-2.766649e-05,9.878487,4.124952,2.978633
0.000727507,-0.1068925,-0.006913838,9.879726,4.124506,2.928827
0.003737941,-0.1098805,-0.007001159,9.833437,4.17519,2.933412
0.002675824,-0.09874469,-0.006385473,9.833527,4.125055,2.933483
0.001912794,-0.1222172,-0.006326945,9.879707,4.175682,2.928755
-0.004357419,-0.004427495,-1.095187e-05,9.867096,0.132822,2.940319
-0.003716759,-0.0005349527,0.0007560726,9.86554,0.1094215,2.912724
-0.0005212157,-0.003811425,-0.0007550206,9.890523,0.1342188,2.912778
-0.001233865,-0.00119305,2.427207e-05,9.8895,0.1103982,2.938156
-0.004665251,-0.004717091,5.062171e-05,9.868126,0.1317785,2.914399
-0.003623547,-0.00094941,-0.0007330087,9.865288,0.110059,2.938806
-0.001000098,-0.003500912,0.000716041,9.889882,0.1344788,2.938827
-0.004834457,-0.003757831,-0.0009442206,9.840193,0.1329,2.967215
-0.01243849,-0.00592508,3.408903e-05,9.812609,0.1344644,2.990589
-0.01259915,-0.001094272,0.002440563,9.81266,0.1094898,2.965802
-0.006172354,-0.0009965798,3.025394e-05,9.838053,0.1104942,2.989626
-0.01085904,-0.004753707,0.0001035013,9.814281,0.1318838,2.968242
-0.005070422,-0.001631036,0.0007538012,9.838678,0.1101247,2.965548
-0.005016838,-0.00453126,0.0005320946,9.838665,0.1346897,2.989949
-0.003741294,-0.00473741,0.0008525935,9.867087,0.159727,2.967205
-0.005614625,-0.01250732,5.083691e-05,9.865538,0.1873521,2.990582
-0.001153287,-0.01261013,-0.002461654,9.890517,0.1872333,2.965778
-0.0009628931,-0.006352827,2.077366e-05,9.889508,0.1618714,2.989596
-0.001655849,-0.005121735,-0.0008007165,9.889881,0.1611843,2.965522
-0.004332607,-0.01118437,-0.0001545064,9.868108,0.1856404,2.968233
-0.004494169,-0.00493919,-0.0004685237,9.865303,0.1612852,2.989943
-0.003609796,-0.003609374,6.719042e-05,9.866512,0.1334091,2.966654
-0.000968707,-0.0009177519,-6.135119e-05,9.888943,0.110946,2.963312
-0.004339165,-0.001028655,-0.0001179022,9.863147,0.1109919,2.989097
-0.00101423,-0.004588632,9.058857e-05,9.888976,0.136736,2.989061
-0.00448305,-0.0006161855,0.0001487485,9.864212,0.1102247,2.964461
-0.0006732518,-0.0044341,-0.0001639704,9.889714,0.1355781,2.96443
-0.00432356,-0.004146368,-9.865459e-06,9.864251,0.1356878,2.989826
-0.01797834,-0.2178095,-0.01757792,9.86737,2.16256,2.967545
-0.003221294,-0.2620669,-0.004376168,9.864233,2.187854,2.99018
-0.002180324,-0.2668634,0.0006359563,9.890141,2.187852,2.964511
0.001190711,-0.2094179,-0.000906758,9.889474,2.16254,2.98958
-0.008417108,-0.2230499,-0.02640407,9.890225,2.16227,2.964681
-0.001175435,-0.2463574,-0.00047779,9.867231,2.187524,2.967409
-0.02364951,-0.2252907,-0.009799643,9.864396,2.162269,2.990266
-0.004120843,-0.1210707,-0.01205618,9.869212,3.962466,2.969381
-0.01858139,-0.1651728,-0.002305738,9.866331,3.988239,2.991102
0.0002381363,-0.1658176,-0.02446297,9.89101,3.988216,2.96673
-0.001218874,-0.1164829,-0.002867526,9.890468,3.961348,2.990614
-0.005439223,-0.1681948,-0.01263889,9.86924,3.987512,2.969416
-0.003351962,-0.1137655,-0.01445504,9.891027,3.961908,2.966677
-0.007525592,-0.1137336,-0.005576403,9.866285,3.961867,2.991116
-0.1821038,-0.004892092,0.002118781,8.350004,0.2461148,0.04524873
-0.1818271,-0.02471732,0.0003895026,8.351012,0.3525206,0.04269643
-0.176642,-0.02881748,0.01089596,8.349991,0.2387505,0.1415806
-0.1711915,-0.02547685,0.01480027,8.349853,0.340427,0.1380355
-0.1318287,-0.007545574,0.0005293438,8.75002,0.2461199,0.04525004
-0.1480712,-0.03735987,-0.009019174,8.649023,0.3525255,0.04269721
-0.1298839,-0.0228688,-0.0005952917,8.751052,0.3525343,0.04270031
-0.1453313,-0.00111186,-0.001757297,8.650061,0.2387587,0.1415796
-0.1263313,-0.02489136,0.008464194,8.750043,0.2387705,0.1415842
-0.1361306,-0.04209824,-0.004007511,8.650297,0.340448,0.1380347
-0.1239207,-0.02533811,0.01283029,8.749983,0.3404974,0.1380611
-0.1068976,-0.009856275,-0.0002288832,8.950056,0.2461335,0.04525585
-0.1241144,-0.03689285,-0.008385322,8.849069,0.3525424,0.04270227
-0.1043403,-0.02215673,-0.001476213,8.951138,0.3525671,0.04270812
-0.1217467,-0.002200569,-0.001731914,8.85012,0.2387859,0.1415889
-0.1017854,-0.02282089,0.00684724,8.950137,0.2388262,0.1416053
-0.1134843,-0.04029145,-0.002924539,8.850415,0.3405269,0.1380557
-0.1004873,-0.0263082,0.01113336,8.950182,0.3406521,0.1381077
-0.08280099,-0.01045227,-0.0005990388,9.15017,0.246179,0.04527161
-0.1004219,-0.03483087,-0.007583945,9.049212,0.3525896,0.0427139
-0.08007735,-0.02245356,-0.00185079,9.15141,0.3526567,0.0427236
-0.0976519,-0.003450583,-0.00145399,9.050258,0.2388849,0.1416221
-0.07933128,-0.02025823,0.006132128,9.150346,0.2390319,0.1416556
-0.09127343,-0.03784503,-0.001244391,9.050686,0.3407492,0.1381021
-0.07874023,-0.02630669,0.01096823,9.150649,0.3410752,0.1381977
-0.05913549,-0.01044713,-0.001637806,9.35058,0.2463316,0.04529832
-0.07842247,-0.03478479,-0.005640782,9.249691,0.352717,0.04273693
-0.05892003,-0.02262971,-0.003255066,9.352325,0.3528647,0.04275739
-0.07562166,-0.009344716,-0.001068239,9.250561,0.2392846,0.1416814
-0.0560524,-0.01182954,0.005168991,9.350851,0.2398155,0.1417043
-0.07156843,-0.03636631,0.002138837,9.251356,0.3413643,0.1381888
-0.05609899,-0.02767428,0.01052235,9.351862,0.3421396,0.1383474
-0.03792101,-0.01052346,-0.000465788,9.552299,0.2466351,0.045332
-0.05433641,-0.03026766,-0.004890384,9.451365,0.3529849,0.04278126
-0.03904529,-0.02584185,-0.002694136,9.555265,0.3530353,0.04285381
-0.05078576,-0.009029451,-4.386185e-05,9.451505,0.2406646,0.1416687
-0.03770523,-0.01219229,0.006020051,9.552838,0.2417938,0.1416573
-0.04794297,-0.03114568,0.0052034,9.453315,0.3428681,0.1383202
-0.03753685,-0.02613007,0.01193949,9.555492,0.3444419,0.1385665
-0.01795064,-0.01312486,-0.0003127735,9.757146,0.2463684,0.04540237
-0.03535114,-0.02819066,-0.002896634,9.655972,0.3526742,0.04282424
-0.01149869,-0.02861781,-0.001659737,9.759159,0.3502472,0.04338473
-0.03102115,-0.01259974,-0.004073248,9.655158,0.2427122,0.1416264
-0.01208938,-0.01222794,-0.0001742218,9.759005,0.2439301,0.1413753
-0.0306047,-0.03123802,4.261483e-05,9.658725,0.3452598,0.1383074
-0.009925099,-0.0295459,0.004075904,9.763026,0.3465986,0.1378341
-0.01755297,-0.1571212,0.007669118,9.759744,2.048241,0.04246447
-0.02872892,-0.1971924,0.0130059,9.652456,2.150181,0.04182056
0.009972428,-0.1969513,0.005952812,9.758258,2.148992,0.04370832
-0.01664868,-0.1719308,-0.01037932,9.665475,2.050241,0.1348927
-0.02329211,-0.1632845,-0.005845652,9.767864,2.050133,0.1361473
-0.04028018,-0.1921647,0.01392631,9.663686,2.149941,0.1360876
0.02432983,-0.1912701,0.002126271,9.765699,2.150053,0.1380104
0.002843881,-0.2030442,-0.01901352,9.879921,2.675539,0.070518
0.0001432122,-0.235874,-0.002545906,9.878715,2.62498,0.02111477
-0.009110168,-0.213857,-0.001882419,9.828924,2.675553,0.0200112
0.03068737,-0.2260162,-0.04887115,9.834114,2.624991,0.06595256
0.005434459,-0.2598022,-0.03758015,9.879923,2.624463,0.07051629
-0.0005859429,-0.1910085,-0.0109734,9.834102,2.675014,0.06595802
-0.003894131,-0.2039188,-0.005413081,9.878715,2.67502,0.02111515
-0.1781786,-0.00767452,0.05528671,8.349926,0.1380333,0.2431331
-0.2032126,0.02174196,0.01279077,8.350808,0.1216921,0.3451917
-0.1675016,0.0009305734,-0.06899947,8.450073,0.1380334,0.2431302
-0.1537749,-0.006914938,0.04992138,8.549934,0.1380348,0.2431276
-0.1899548,-0.03270339,-0.02150387,8.449194,0.1216922,0.3451876
-0.1754282,0.01972074,0.01128738,8.550836,0.1216917,0.3451967
-0.1432267,0.000798768,-0.06226866,8.65009,0.1380363,0.2431246
-0.13047,-0.006111066,0.04439112,8.74997,0.1380408,0.2431262
-0.1626272,-0.02996693,-0.01982762,8.649242,0.1216925,0.3451989
-0.1482951,0.01742052,0.009714984,8.75093,0.1216922,0.3452391
-0.120017,0.0008066171,-0.05582469,8.850154,0.1380472,0.2431333
-0.1079122,-0.004917406,0.03802755,8.950077,0.1380671,0.243158
-0.1359115,-0.02681587,-0.01796832,8.849387,0.1216964,0.3452744
-0.1222023,0.01488499,0.008104344,8.951067,0.1217163,0.3453229
-0.09808494,0.001092327,-0.04773358,9.050311,0.1381111,0.24321
-0.0886721,-0.003378576,0.03081635,9.150295,0.1382407,0.2433401
-0.1104425,-0.02270371,-0.01604923,9.049453,0.1217565,0.3454016
-0.09907217,0.01336156,0.004719469,9.15028,0.1219755,0.3450946
-0.07933233,-0.0009435123,-0.02467832,9.250696,0.1384818,0.2438819
-0.06868282,0.01063209,-0.00332373,9.350737,0.1390217,0.2449143
-0.09414972,-0.01489728,-0.01891811,9.247047,0.1223352,0.345733
-0.04966766,-0.002375553,-0.02885896,9.343618,0.1226953,0.3456032
-0.05165242,-0.003270984,-0.01622832,9.451325,0.1408398,0.2462605
-0.04299498,0.004588394,0.002912779,9.551595,0.1432045,0.2471493
-0.04407925,-0.02019101,-0.01791753,9.445539,0.1303228,0.353831
-0.03165438,0.004867251,-0.00508066,9.552582,0.140274,0.3480477
-0.001969437,-0.05668705,0.006657978,9.860712,0.5486657,0.2414058
0.001945918,-0.02862778,0.0155642,9.86005,0.4473311,0.3458964
-0.0197674,-0.04576195,0.02066588,9.869997,0.5543793,0.3516037
0.001409083,-0.07979831,0.005615792,9.863158,0.7493266,0.2388171
-0.0004132293,-0.04551398,0.04468954,9.877606,0.6563348,0.3430556
-0.01310788,-0.09599717,0.01391872,9.877962,0.7529393,0.3431045
0.008531776,-0.09590573,0.03224308,9.863554,0.9497058,0.238118
0.01295442,-0.09770083,-0.004331643,9.878321,0.8497298,0.3424484
-0.02057636,-0.1097074,0.01463459,9.87854,0.9505439,0.3427565
0.009118629,-0.1143167,0.0347825,9.863623,1.149855,0.2380443
0.01496608,-0.1184528,-0.006923475,9.878581,1.048943,0.3426793
-0.02364613,-0.1324823,0.01636448,9.878602,1.150606,0.342633
0.01097847,-0.1309963,0.03691746,9.863633,1.349919,0.2380359
0.01783245,-0.1411592,-0.008530908,9.878606,1.249079,0.3425996
-0.02574839,-0.1548993,0.01792266,9.878606,1.350749,0.3425603
0.01199627,-0.1468196,0.04027245,9.863625,1.549942,0.2380435
0.02033733,-0.1631004,-0.009982096,9.878606,1.449174,0.3425585
-0.02734309,-0.1761927,0.01912142,9.878604,1.5508,0.3425507
0.01427111,-0.1609672,0.04032571,9.863584,1.749967,0.2381009
0.02262852,-0.183801,-0.01110262,9.878602,1.649208,0.3425608
-0.02854277,-0.1958632,0.02002498,9.878595,1.750822,0.3425873
0.01427741,-0.1732731,0.04447212,9.863331,1.950037,0.2385565
0.02447551,-0.2022762,-0.01265891,9.878581,1.84923,0.3426659
-0.0295673,-0.2137869,0.02086441,9.878544,1.950846,0.3428661
0.00993773,-0.1879041,0.06609927,9.86264,2.14976,0.2404782
0.02600766,-0.2198143,-0.01265033,9.878489,2.049226,0.3432463
-0.03060826,-0.2287078,0.0238685,9.878426,2.150812,0.3438244
0.00746546,-0.1989403,0.07201142,9.862107,2.349855,0.2424929
0.0269801,-0.2334353,-0.01343624,9.878367,2.249189,0.3444231
-0.03080361,-0.2411142,0.02473424,9.878329,2.350808,0.3448515
0.007149913,-0.2083707,0.07179837,9.861964,2.549937,0.243073
0.02872551,-0.244557,-0.01467053,9.878312,2.449195,0.3450753
-0.0304426,-0.2507945,0.02434746,9.878307,2.550813,0.345164
0.007520289,-0.2132307,0.07228863,9.861951,2.749928,0.2431247
0.0301376,-0.2522498,-0.01581046,9.878305,2.64919,0.3451907
-0.02994891,-0.2565483,0.02388923,9.878304,2.750807,0.3451966
0.008065177,-0.2139753,0.07206376,9.861949,2.949926,0.2431262
0.03137818,-0.2558089,-0.01692161,9.878304,2.849186,0.3451964
-0.02913306,-0.2576981,0.02284958,9.878304,2.950804,0.3451944
0.008339001,-0.2105746,0.07055975,9.861948,3.149925,0.2431233
0.03248029,-0.2548925,-0.01818682,9.878304,3.049185,0.3451912
-0.02797604,-0.2533854,0.02105808,9.878304,3.150808,0.3451903
0.008580748,-0.202225,0.06714973,9.861946,3.349931,0.243118
0.03341646,-0.2480608,-0.01953903,9.878304,3.249193,0.3451863
-0.02638786,-0.2426978,0.01900199,9.878305,3.350835,0.3451953
0.008547029,-0.1881274,0.06150991,9.861939,3.549965,0.2431171
0.03417603,-0.2340359,-0.0207782,9.878304,3.449241,0.3451975
-0.02428857,-0.224708,0.01640197,9.878304,3.550928,0.3452377
0.007532054,-0.1695923,0.0543675,9.861912,3.750066,0.2431504
0.03446231,-0.2126392,-0.02159501,9.878299,3.649384,0.3452729
-0.02176127,-0.1998248,0.01316251,9.878279,3.751064,0.3453216
0.007176712,-0.1468396,0.04918707,9.861736,3.950271,0.2433412
0.03210227,-0.1854316,-0.02210335,9.878239,3.849449,0.3454006
-0.02058346,-0.1740168,0.007747871,9.878019,3.950277,0.3450971
-0.01651163,-0.121613,-0.008389913,9.860921,4.150685,0.2449748
0.02435821,-0.1613321,-0.03416613,9.877656,4.047045,0.3457438
0.005238897,-0.0856208,-0.05223524,9.877276,4.143613,0.3456352
-0.005439855,0.002020155,0.006183268,9.453783,0.122564,0.4561597
-0.03645756,0.009291005,-0.006909226,9.553989,0.1383169,0.4489734
-0.009742481,0.005826534,0.002942748,9.453676,0.1221826,0.5528811
-0.03560991,0.008832827,0.001580967,9.555068,0.1377091,0.549261
0.00239459,-0.0005628882,-0.008732239,9.877482,0.5461577,0.4554043
0.009504384,-0.03536035,-0.0008194704,9.862311,0.4448476,0.5489534
0.005514839,-0.01117666,-0.001090818,9.877823,0.5462625,0.5526334
-0.01280135,0.005978649,0.001833481,9.454317,0.1218173,0.649695
-0.03998073,0.01036511,0.0003692398,9.555632,0.1374576,0.6496518
-0.01345277,0.00473158,-0.001488542,9.454017,0.1215956,0.7505419
-0.03984987,0.009951696,0.001905716,9.555781,0.1373105,0.7497134
0.005648659,-0.0115526,0.0008393806,9.878184,0.545642,0.6496206
0.01048016,-0.03728479,-0.001264642,9.862696,0.4441348,0.7496856
0.002201767,-0.01504397,0.0003275407,9.878406,0.5459477,0.7505209
-0.01335434,0.00410723,-0.001005106,9.454097,0.1215549,0.8489304
-0.03776242,0.01057062,0.0004059312,9.555842,0.1372675,0.8498927
-0.01377071,0.004073163,-0.001306477,9.454147,0.1215338,0.9506128
-0.03952127,0.009480258,0.002344161,9.555873,0.1372406,0.9498738
0.004785851,-0.01245121,0.00097269,9.878447,0.5458681,0.8489261
0.009967456,-0.03581267,-0.002090453,9.862765,0.4440401,0.9498707
0.0009508621,-0.01647302,-0.000103847,9.878468,0.5458165,0.9506102
-0.01409309,0.004105435,-0.002732069,9.454183,0.1215294,1.049069
-0.03974126,0.0104662,0.0009112864,9.555883,0.137235,1.050003
-0.01632632,0.001609923,-8.788682e-05,9.454225,0.1215292,1.150755
-0.03747185,0.009741604,0.0006431498,9.555887,0.1372274,1.149937
0.004003388,-0.01197875,-0.0002269898,9.878473,0.5457796,1.049069
0.009970702,-0.03625328,-0.0008088888,9.862778,0.4440247,1.149936
0.00081558,-0.01665591,-7.893691e-06,9.878473,0.5457371,1.150754
-0.01317545,0.004804489,-0.0005579586,9.454229,0.1215282,1.249161
-0.04102508,0.009608591,0.001197358,9.555886,0.1372261,1.250039
-0.01704049,0.001074827,-0.0001040249,9.45424,0.1215284,1.350801
-0.03722192,0.01035792,0.0003447996,9.555885,0.1372234,1.349953
0.004610115,-0.01175783,-0.001438832,9.878474,0.5457331,1.249161
0.01034319,-0.0371046,-0.0004519778,9.862782,0.4440272,1.349952
0.0007033124,-0.01699948,4.285295e-05,9.878474,0.5457214,1.3508
-0.0126285,0.005177511,0.001145095,9.454239,0.1215282,1.449187
-0.04122903,0.009928177,0.0002874687,9.555884,0.1372231,1.450045
-0.01673953,0.001493802,-0.000229772,9.454239,0.1215282,1.550813
-0.03720256,0.01069169,0.0001716381,9.555884,0.1372231,1.549955
0.005107805,-0.01272656,-0.005025891,9.878474,0.5457225,1.449187
0.01082885,-0.03926149,-0.0008407526,9.862782,0.4440284,1.549953
0.005567402,-0.01176086,0.004604793,9.878474,0.5457224,1.550812
-0.0151641,0.003358296,0.00294314,9.45424,0.1215284,1.649199
-0.03842782,0.009243867,-0.001795238,9.555885,0.1372234,1.650047
-0.01276709,0.004520666,0.002362796,9.454229,0.1215282,1.75084
-0.03722486,0.01086627,0.0001702327,9.555886,0.137226,1.749961
0.000748581,-0.01698326,-7.782553e-05,9.878474,0.5457214,1.6492
0.01081914,-0.0381395,1.613767e-05,9.862779,0.4440261,1.74996
0.004347514,-0.01143605,0.001252143,9.878474,0.5457328,1.750839
-0.01317131,0.005132527,-0.002397059,9.454225,0.1215292,1.849245
-0.04001152,0.009474259,-0.0008652219,9.555887,0.1372274,1.850062
-0.0172734,0.001143035,-0.0002455287,9.454183,0.1215294,1.950931
-0.03723752,0.01088284,8.484765e-05,9.555883,0.1372349,1.949997
0.0007963257,-0.01677276,-9.291785e-06,9.878473,0.5457366,1.849246
0.01106721,-0.03709579,1.710191e-05,9.86277,0.444029,1.949995
0.004087873,-0.01160937,0.0008208461,9.878473,0.5457785,1.95093
-0.01265998,0.005043709,0.003748167,9.454147,0.1215338,2.049387
-0.04072119,0.009517837,-0.003001225,9.555872,0.1372406,2.050126
-0.01348536,0.0042146,-0.0005877017,9.454096,0.1215547,2.151068
-0.03707272,0.01079487,-0.0001258917,9.55584,0.1372671,2.150105
0.0008848782,-0.01675846,0.0001186745,9.878468,0.5458146,2.049388
0.009742535,-0.04066626,-0.0001396076,9.862738,0.4440721,2.150104
0.005007683,-0.01175609,0.0009379178,9.878447,0.5458659,2.151069
-0.01307698,0.0048378,0.001637468,9.454017,0.1215955,2.249455
-0.04079814,0.009905614,-0.002550998,9.555779,0.1373103,2.250283
-0.01252244,0.005836039,-0.001660449,9.454316,0.1218171,2.350297
-0.039548,0.01023407,0.0001944498,9.555625,0.1374564,2.350336
0.001458476,-0.01606497,7.059089e-05,9.878406,0.5459465,2.249459
0.009927104,-0.0405472,0.0003743771,9.862548,0.4442887,2.350341
0.00497606,-0.01180983,0.001205547,9.878185,0.5456485,2.350304
-0.009835592,0.005773484,-0.00254404,9.453673,0.1221824,2.447095
-0.03559291,0.008804154,-0.001584478,9.555057,0.137709,2.450712
-0.005388062,0.001995043,-0.005957279,9.453777,0.1225673,2.543766
-0.03636408,0.009161364,0.006692939,9.553956,0.1383151,2.550947
0.002032611,-0.0149037,-0.0008981461,9.877819,0.5462923,2.447118
0.009009502,-0.0351681,-0.004248159,9.861689,0.4459636,2.550998
0.002053719,-0.00524998,0.0004814747,9.877437,0.5461912,2.543833
-0.2031967,0.02176417,-0.01311874,8.350811,0.121729,2.654158
-0.1779255,-0.007067069,-0.05836385,8.349921,0.1382951,2.755399
-0.1898839,-0.03271965,0.0215182,8.449191,0.1217281,2.654162
-0.1755769,0.01967905,-0.01144985,8.550842,0.1217204,2.654272
-0.1673415,0.001217241,0.06941547,8.450074,0.1382888,2.755399
-0.1539933,-0.006157268,-0.05282289,8.549946,0.13824,2.75568
-0.1626042,-0.02999332,0.01987066,8.649243,0.1217097,2.654466
-0.1484845,0.01738134,-0.009808647,8.750932,0.1216999,2.654599
-0.1431867,0.0009835587,0.06192235,8.650103,0.1381567,2.756158
-0.1308822,-0.005962852,-0.04566144,8.749971,0.1380921,2.756561
-0.135949,-0.02681324,0.01795081,8.849386,0.1217012,2.654649
-0.122294,0.01490894,-0.008192082,8.951066,0.1217222,2.654602
-0.1200095,0.000912092,0.0557614,8.850152,0.1380764,2.756738
-0.1081823,-0.004957712,-0.03785968,8.950073,0.1381021,2.756718
-0.110479,-0.02265146,0.01597829,9.049448,0.1217665,2.654446
-0.09906998,0.01343622,-0.004822265,9.150276,0.1219944,2.654601
-0.0981551,0.001080066,0.04772763,9.050298,0.1381739,2.756496
-0.08872913,-0.003539308,-0.0306148,9.150261,0.1383675,2.755999
-0.09412302,-0.0147909,0.0187726,9.247036,0.122363,2.653828
-0.05039015,-0.002365481,0.02840339,9.343602,0.1227237,2.653958
-0.07919926,-0.0007747644,0.02469231,9.250653,0.1386725,2.7551
-0.06886857,0.01059799,0.003127557,9.350687,0.1392063,2.754065
-0.044126,-0.01996791,0.01790845,9.445513,0.1303452,2.645892
-0.03172878,0.004904344,0.004888482,9.552515,0.1402868,2.651766
-0.05169885,-0.00353009,0.01622131,9.451227,0.1409555,2.753053
-0.04259162,0.004419759,-0.00309667,9.551396,0.1432593,2.75247
-0.01960449,-0.04486569,-0.01921338,9.869674,0.554464,2.646153
0.004088537,-0.04262782,0.00346732,9.85678,0.4485457,2.752761
-0.002997045,-0.05129425,-0.01611067,9.85915,0.5487614,2.753706
-0.013118,-0.09587322,-0.01536966,9.877662,0.7529544,2.654264
0.01087358,-0.06935717,-0.003139562,9.860967,0.6493133,2.755075
-0.001125041,-0.07587819,-0.02176766,9.861506,0.7493338,2.756117
-0.02072093,-0.1097345,-0.01630309,9.87824,0.9505489,2.654599
-0.002268993,-0.08594367,0.02799001,9.861745,0.849723,2.756663
0.002363184,-0.09302271,-0.04495777,9.861873,0.9496993,2.756795
-0.02375051,-0.132387,-0.01849875,9.8783,1.150615,2.65472
-0.003966684,-0.1025468,0.03551812,9.861916,1.049929,2.756846
0.002434983,-0.112079,-0.05141113,9.861934,1.14985,2.756862
-0.02593567,-0.154627,-0.02034254,9.878301,1.350759,2.654739
-0.004021745,-0.1218122,0.0402598,9.861936,1.250034,2.756841
0.00332577,-0.1302051,-0.05617274,9.861927,1.349912,2.756762
-0.02759759,-0.1757254,-0.0218315,9.878293,1.550807,2.654619
-0.004360574,-0.1397468,0.04697021,9.861899,1.450063,2.756591
0.003563233,-0.1480292,-0.06170224,9.861869,1.549926,2.756424
-0.02877684,-0.1953583,-0.02286191,9.878299,1.750817,2.654693
-0.004779125,-0.1566911,0.04937542,9.86188,1.650084,2.756471
0.004250669,-0.1641369,-0.06511557,9.861915,1.749933,2.756645
-0.02970042,-0.2131248,-0.02367931,9.878297,1.950813,2.654641
-0.004822803,-0.1726074,0.05400674,9.861926,1.850075,2.756699
0.004959622,-0.1788202,-0.06667902,9.861902,1.949925,2.756556
-0.03022725,-0.2285763,-0.02427587,9.87828,2.150813,2.654357
-0.003575751,-0.1871634,0.06033329,9.861838,2.050056,2.7562
0.00525197,-0.1914186,-0.07037005,9.861772,2.149917,2.755846
-0.03034502,-0.2415563,-0.02401381,9.878289,2.350815,2.654495
-0.00385016,-0.1985145,0.0635977,9.861772,2.250083,2.755847
0.006111831,-0.2022582,-0.06899274,9.861838,2.349944,2.756204
-0.03029128,-0.2511102,-0.02401162,9.878301,2.55081,2.654726
-0.003461158,-0.2087979,0.06672602,9.861904,2.450075,2.75657
0.006791696,-0.2098045,-0.07077422,9.861932,2.549926,2.756741
-0.02996796,-0.2567329,-0.02387033,9.878298,2.750806,2.654657
-0.003478531,-0.2147549,0.06960176,9.861932,2.650073,2.756745
0.007274256,-0.2141221,-0.07124517,9.861905,2.749923,2.756586
-0.02917598,-0.2577239,-0.02309307,9.878283,2.950806,2.654423
-0.003397041,-0.2173251,0.0715334,9.861845,2.850055,2.756254
0.007510301,-0.2139617,-0.07352877,9.861792,2.949919,2.755978
-0.02792009,-0.2535687,-0.0209953,9.878293,3.15081,2.654581
-0.003922517,-0.2157376,0.07301979,9.861811,3.050084,2.75608
0.007492529,-0.2110322,-0.07084091,9.861872,3.149935,2.756404
-0.02640755,-0.2428566,-0.01917652,9.878295,3.350836,2.654594
-0.003935144,-0.2103558,0.07228894,9.861901,3.250071,2.756568
0.008703686,-0.2022721,-0.06890745,9.861879,3.349928,2.756457
-0.02432704,-0.2248252,-0.01665632,9.878283,3.550931,2.654346
-0.003829699,-0.1987981,0.07367811,9.861827,3.450082,2.756177
0.008149828,-0.1879804,-0.06397132,9.861784,3.549966,2.755952
-0.02175423,-0.2000766,-0.0133417,9.878258,3.751069,2.654248
-0.00334294,-0.1819476,0.07361944,9.861771,3.650149,2.755894
0.007233908,-0.1696282,-0.05638992,9.86176,3.750067,2.755912
-0.02061769,-0.1742251,-0.007864848,9.878002,3.950297,2.654568
-0.002422004,-0.159927,0.06987584,9.861732,3.850304,2.755958
0.006940213,-0.146822,-0.04949538,9.861618,3.950285,2.755933
0.005031433,-0.08600076,0.05312405,9.877268,4.143795,2.654122
-0.00167771,-0.132684,0.03871883,9.861398,4.050727,2.755527
-0.01668963,-0.1220463,0.008459974,9.860855,4.15087,2.754537
-0.1018663,-0.02331308,-0.006775719,8.9501,0.2389817,2.858292
-0.1134014,-0.04044473,0.002991614,8.850344,0.3407362,2.861872
-0.1004516,-0.02638767,-0.01108664,8.950063,0.3408613,2.861831
-0.1193734,-0.02727492,0.00587813,8.850009,0.2462536,2.954707
-0.1069684,-0.01026671,0.0003996228,8.950041,0.2462473,2.954694
-0.1241638,-0.03661339,0.008557817,8.849021,0.352716,2.957283
-0.1044183,-0.02216013,0.001438042,8.951057,0.3527423,2.957283
-0.07913398,-0.02166315,-0.005710999,9.150182,0.2397886,2.857628
-0.09137024,-0.03776408,0.001228756,9.050495,0.3411077,2.861753
-0.07900792,-0.02612358,-0.01091323,9.150278,0.3416831,2.861493
-0.09527199,-0.02381085,0.005749842,9.05006,0.2465003,2.954602
-0.082815,-0.009485791,0.0003089895,9.149985,0.247368,2.954281
-0.100766,-0.03463243,0.00733065,9.049071,0.3529449,2.95725
-0.08021857,-0.02272474,0.001535409,9.151089,0.3533567,2.95716
-0.01187287,-0.05559935,0.004165227,9.760151,0.6496544,2.858188
-0.03381408,-0.07208346,0.002034821,9.65858,0.7492903,2.8617
-0.009230805,-0.07465629,-0.001046282,9.760685,0.7497185,2.858282
-0.02137263,-0.05999089,-0.003248671,9.647324,0.6489906,2.957061
-0.01070833,-0.05936775,-0.001742367,9.753713,0.6499029,2.95463
-0.032348,-0.07737675,-0.005448118,9.647274,0.7509017,2.957234
-0.02202087,-0.07136305,-0.004552804,9.753783,0.7499298,2.95469
-0.01781199,-0.07741227,0.004777942,9.760942,0.8498082,2.858337
-0.03345194,-0.09050148,-0.001687829,9.659212,0.9495226,2.861901
-0.002564418,-0.09428901,-0.001585839,9.761084,0.9498289,2.858383
-0.01966199,-0.08010614,-0.00198134,9.647337,0.8489119,2.957273
-0.010112,-0.08209544,-0.0008684721,9.753835,0.8499429,2.954712
-0.03107878,-0.09769036,-0.007066654,9.647385,0.9509395,2.957302
-0.0226048,-0.09231054,-0.005646609,9.753864,0.9499645,2.954725
-0.0195586,-0.09748176,0.004922431,9.76114,1.049911,2.858403
-0.03399676,-0.1102512,-0.003583577,9.659421,1.149653,2.861963
-0.0006155595,-0.1154701,-0.001977318,9.76117,1.149911,2.858414
-0.01807426,-0.1020093,-0.001797403,9.647409,1.048948,2.957309
-0.009336086,-0.1041184,-0.0004306669,9.753876,1.049973,2.954731
-0.03125697,-0.1186614,-0.007731541,9.647419,1.150973,2.957316
-0.02393633,-0.1134507,-0.005424927,9.753877,1.149988,2.954734
-0.02049894,-0.1186831,0.006396561,9.76116,1.249978,2.858398
-0.03353061,-0.129054,-0.004689107,9.6594,1.349728,2.861943
0.001836539,-0.134364,-0.001871135,9.761098,1.349959,2.858333
-0.01754413,-0.1239172,-0.0007945083,9.647396,1.248975,2.957313
-0.006188556,-0.1245647,0.0002585547,9.753854,1.249995,2.954727
-0.0296456,-0.1390739,-0.008236045,9.647318,1.350992,2.957304
-0.02414419,-0.1330364,-0.005287337,9.753749,1.350006,2.954697
-0.02472207,-0.1563635,0.007022566,9.760755,1.650032,2.857991
-0.03168039,-0.1639774,-0.006643677,9.659337,1.749779,2.861906
0.004060742,-0.1705931,-0.002925234,9.761004,1.749971,2.858231
-0.01091466,-0.165143,0.00136604,9.647042,1.648996,2.95726
-0.002551371,-0.1601085,0.001751784,9.753044,1.650054,2.954453
-0.02627002,-0.1782009,-0.007998789,9.647211,1.751,2.957289
-0.0253526,-0.1699744,-0.005158719,9.753601,1.749993,2.954645
-0.02425338,-0.173619,0.006526906,9.761069,1.850021,2.858291
-0.03020848,-0.1793765,-0.007952879,9.659252,1.949797,2.861863
0.007355657,-0.1856319,-0.003370527,9.760931,1.949989,2.858153
-0.008072928,-0.1819057,0.001362235,9.647263,1.848996,2.957297
-0.001979935,-0.1782888,0.0008504066,9.753732,1.850003,2.954687
-0.02333923,-0.1934709,-0.008755122,9.647117,1.951006,2.957273
-0.02502186,-0.1852068,-0.005013921,9.753527,1.950023,2.954613
-0.1965947,-0.003559472,-0.0006427801,8.37502,0.1212893,0.02111186
-0.1934818,0.003794027,0.02674424,8.375011,0.1659084,0.06595807
-0.2170171,-0.0006003608,0.02231089,8.375542,0.1200916,0.07051573
-0.1263451,-0.003694988,-0.0008680677,8.675542,0.1200926,0.07051426
-0.1584484,-0.004388067,-0.001326116,8.62498,0.1212893,0.02111159
-0.130692,-0.01266482,-0.003188199,8.675551,0.1710812,0.02000509
-0.1614034,-0.02773175,-0.03730399,8.624992,0.1659086,0.06595685
-0.1787706,-0.009803487,-0.0265728,8.624458,0.1200916,0.07051433
-0.1230468,-0.01756267,-0.01946255,8.675015,0.1659167,0.06596016
-0.1286468,-0.005179142,0.00142454,8.67502,0.1212891,0.02111167
-0.1329694,0.003407959,0.007578081,8.724458,0.1200925,0.07051374
-0.1418655,-0.003182042,-0.0005148764,8.775021,0.1212895,0.02111145
-0.1319152,-0.002962853,0.004002233,8.724451,0.1710811,0.02000503
-0.1377962,0.005166559,0.025348,8.775017,0.1659103,0.06595706
-0.1572991,-0.000814187,0.01765007,8.775543,0.1200919,0.07051278
-0.1187542,0.003019743,0.01561723,8.724992,0.1659164,0.06595946
-0.1339397,-0.0007656229,0.001426431,8.72498,0.1212891,0.02111171
-0.1042609,-0.003618769,-0.0004093266,8.875547,0.120093,0.07051274
-0.132915,-0.004250926,-0.001191276,8.824981,0.1212894,0.02111148
-0.1060146,-0.01388818,-0.00302589,8.875554,0.1710815,0.02000509
-0.1359028,-0.0243809,-0.03178241,8.824998,0.1659098,0.06595611
-0.1506169,-0.008962802,-0.02391066,8.824461,0.120092,0.07051233
-0.1001815,-0.01804766,-0.01827238,8.875024,0.1659192,0.06596076
-0.1039012,-0.006245727,0.001279977,8.875021,0.1212892,0.02111186
-0.107398,0.00300894,0.009167789,8.924465,0.1200933,0.07051243
-0.1155008,-0.002970401,-0.0003764781,8.975023,0.1212895,0.02111231
-0.1084901,-0.005374265,0.003001483,8.924454,0.1710814,0.02000517
-0.1112184,0.004016742,0.02134617,8.975033,0.1659154,0.06596014
-0.128649,-0.001140769,0.01588657,8.975554,0.1200928,0.07051329
-0.0969387,0.001018688,0.01313004,8.925003,0.1659188,0.06595982
-0.1073477,-0.001045915,0.001826917,8.924982,0.1212892,0.02111198
-0.08360329,-0.003500039,5.298101e-05,9.075566,0.1200947,0.07051821
-0.1078805,-0.003938023,-0.001008392,9.024985,0.1212895,0.02111274
-0.08266272,-0.01511361,-0.002903138,9.075564,0.1710832,0.02000657
-0.1094573,-0.0210427,-0.02618841,9.025017,0.1659149,0.0659592
-0.1217643,-0.007630491,-0.020591,9.024474,0.1200933,0.07051354
-0.07885693,-0.01732005,-0.01519075,9.075052,0.1659292,0.06596868
-0.08013337,-0.006891524,0.0009225173,9.075027,0.1212893,0.02111388
-0.08292388,0.002132806,0.01247651,9.124488,0.120096,0.07052004
-0.08953823,-0.002757445,-0.0003191411,9.175033,0.1212899,0.02111635
-0.08524829,-0.006600564,0.001982968,9.124468,0.1710831,0.02000745
-0.08613425,0.002237998,0.0171259,9.175079,0.1659385,0.06597697
-0.1009104,-0.0007211863,0.01405291,9.175584,0.1200966,0.07052873
-0.07616489,-0.0008747371,0.01060839,9.125035,0.1659304,0.06596852
-0.08032333,-0.001923246,0.002078244,9.124989,0.1212894,0.02111465
-0.06442838,-0.003502602,-0.0006656328,9.275607,0.1201032,0.0705498
-0.08327439,-0.00326074,-0.0006730572,9.224997,0.12129,0.02111771
-0.06249517,-0.012975,-0.003080504,9.275607,0.1710924,0.02001224
-0.08398796,-0.02026317,-0.01477658,9.225068,0.1659426,0.06597785
-0.09467149,-0.005211741,-0.01088831,9.224508,0.1200993,0.07053302
-0.05929136,-0.01521948,-0.008332897,9.275125,0.1659789,0.06599935
-0.0629245,-0.003546044,0.0008254307,9.275042,0.1212904,0.02112056
-0.06211539,-0.001130115,0.004760842,9.324531,0.1201082,0.07055756
-0.06453265,-0.002991475,-0.0003082225,9.375061,0.1212927,0.02112603
-0.06192287,-0.004608504,0.001756077,9.324527,0.171092,0.02001548
-0.06235287,-0.0001940637,0.006396369,9.375213,0.1660423,0.06602279
-0.07013538,-0.001108344,0.004743076,9.375637,0.1201146,0.07058078
-0.0561988,-0.002143815,0.004001501,9.325118,0.1659911,0.06600124
-0.06362973,-0.00127883,0.0003480196,9.325009,0.1212906,0.02112266
-0.0435647,-0.00316071,-0.0006421002,9.475696,0.1201356,0.07062796
-0.05874407,-0.002952907,-0.0007895438,9.425035,0.121292,0.02112968
-0.04122159,-0.01183622,-0.002075984,9.475851,0.1711243,0.02002389
-0.05809915,-0.01470724,-0.01031223,9.425235,0.1660621,0.06602544
-0.06703255,-0.003233596,-0.008444271,9.424564,0.1201224,0.07059278
-0.03990825,-0.01277074,-0.005762753,9.475415,0.1661643,0.06606964
-0.04247175,-0.003574609,0.0003088011,9.475105,0.1212956,0.02113494
-0.04067499,-0.0009908299,0.003900717,9.524659,0.1201458,0.07065472
-0.0405741,-0.002403866,-0.0003114491,9.575251,0.1213044,0.0211603
-0.04051926,-0.006240899,0.0007342767,9.524901,0.1711108,0.02003413
-0.041123,-0.001684769,0.006543529,9.575915,0.1662867,0.06614614
-0.04519369,-0.0007445428,0.004294379,9.575886,0.1201656,0.07072412
-0.03664365,-0.004497164,0.004158716,9.525517,0.1661792,0.0660751
-0.0398723,-0.00149583,0.0006512219,9.525111,0.1212942,0.02114357
-0.02282217,-0.003104209,-0.001680435,9.676504,0.120244,0.07092244
-0.03523366,-0.002688312,-0.0005064339,9.62538,0.1213066,0.021212
-0.02333896,-0.007241466,-0.001611076,9.677544,0.1711242,0.02009079
-0.03727663,-0.01529941,-0.00445242,9.626294,0.166293,0.06617037
-0.04288136,-0.001858385,-0.004445799,9.624998,0.1201849,0.07082534
-0.02224002,-0.01132867,-0.002035339,9.677226,0.1664942,0.06625834
-0.02214968,-0.002199782,-0.0009003685,9.675757,0.1213577,0.02127082
-0.02130431,-0.0009220854,-0.0006656852,9.726023,0.1203632,0.07090885
-0.01394985,-0.001779503,-0.0005410465,9.776957,0.1216342,0.02139062
-0.02232354,-0.006975655,-0.001080507,9.727572,0.171142,0.02010337
-0.01489914,-0.006944296,0.002417115,9.780753,0.1670068,0.06625817
-0.01525418,-0.001000206,0.00018137,9.777491,0.1209165,0.07004543
-0.01992976,-0.007961856,0.0002311801,9.728426,0.1666025,0.06625312
-0.01979778,-0.001495517,-0.0002081118,9.726191,0.1214407,0.0212735
-0.009300425,-0.2134114,0.01513577,9.880162,2.324512,0.06992868
-0.02762754,-0.2029874,-7.219694e-05,9.829734,2.324512,0.0198005
-0.002011121,-0.2379663,-0.0002821028,9.878829,2.37508,0.02103454
-0.00777265,-0.2294798,0.02615211,9.834418,2.375092,0.06573165
-0.03009793,-0.1896807,0.03567169,9.83478,2.325148,0.06543946
-0.008656616,-0.2558531,0.02569195,9.880013,2.375595,0.07029183
-0.01299743,-0.1938043,-0.001982905,9.879,2.325084,0.02089338
-0.003282239,-0.04632013,-0.001852321,9.879872,0.5243598,2.929371
-0.01212945,-0.05767088,-0.009478828,9.833937,0.5749258,2.933943
-0.01182324,-0.0419253,-0.001836773,9.828898,0.5244173,2.979951
-0.002662412,-0.05958025,-0.000640886,9.878702,0.574999,2.978873
-0.0127392,-0.03962886,-0.006297632,9.833828,0.5248215,2.933898
-0.00297237,-0.06620899,-0.007864747,9.879879,0.5754694,2.929408
-0.003403124,-0.04378347,0.0005030399,9.878699,0.5249503,2.978864
8.904234e-05,-0.1739388,0.03059531,9.878912,2.075212,2.927104
0.02517478,-0.2009454,0.04330194,9.83324,2.025079,2.933132
-0.00339116,-0.2054939,0.0001256201,9.878191,2.025113,2.978338
-0.006810258,-0.1808378,0.002483557,9.826655,2.07521,2.978945
0.003366592,-0.2282169,0.03436549,9.87953,2.024511,2.928316
-0.004284467,-0.1655445,0.012687,9.832302,2.075032,2.932213
-0.009087384,-0.1813278,0.002614796,9.877461,2.074786,2.977608
-0.002604377,-0.186399,-0.042632,9.878742,3.524816,2.926637
-0.008975202,-0.2049998,-0.02349589,9.831882,3.574947,2.931772
-0.0046126,-0.1873786,-0.004435547,9.826187,3.524807,2.978773
-0.0004545421,-0.2339227,0.000199969,9.877171,3.574621,2.977321
-0.008042982,-0.1791133,-0.02114191,9.831936,3.525096,2.931856
-0.003981461,-0.2421299,-0.01707353,9.878706,3.575225,2.926556
0.01138828,-0.1894424,0.003321308,9.877208,3.525415,2.977352
-0.1336207,-0.004088721,0.001124153,8.824968,0.1213122,2.978857
-0.1077414,-0.01199649,0.002938837,8.875551,0.1711154,2.979976
-0.1059315,-0.005307653,-0.001394521,8.875018,0.1212985,2.978871
-0.1045841,-0.003781865,0.00115476,8.87554,0.120094,2.929444
-0.1355934,-0.02562187,0.03259055,8.824978,0.1659908,2.933974
-0.1510068,-0.009212792,0.02308408,8.824452,0.1201053,2.929403
-0.101457,-0.01726785,0.01800063,8.875018,0.1659519,2.933996
-0.1157198,-0.002963095,0.0004518806,8.975035,0.1213138,2.978859
-0.1088275,-0.005356709,-0.003040161,8.924452,0.1711141,2.979976
-0.1107706,-0.0009671911,-0.001243176,8.924984,0.1212985,2.978872
-0.1081029,0.002917038,-0.007951285,8.924471,0.120094,2.929444
-0.1117411,0.004280389,-0.02218858,8.97504,0.1659656,2.933953
-0.1286328,-0.001192521,-0.01508493,8.975563,0.1201101,2.929403
-0.0974638,0.0009893993,-0.01251272,8.925,0.1659453,2.933993
-0.1083708,-0.003858239,0.0008995137,9.025019,0.1213541,2.978815
-0.08352678,-0.01289446,0.003321435,9.075624,0.1715231,2.979845
-0.08288608,-0.00554018,-0.001486543,9.075119,0.1214646,2.978691
-0.08379282,-0.003962796,0.0003834816,9.075625,0.1202236,2.928996
-0.1105038,-0.02076512,0.02615338,9.025043,0.1660545,2.933859
-0.1229469,-0.007591881,0.01988519,9.024504,0.1201423,2.929292
-0.07946014,-0.01771899,0.01686021,9.075102,0.1662791,2.933642
-0.09289971,-3.734989e-05,-0.0003823989,9.174795,0.1225393,2.977606
-0.08334014,-0.005500955,-0.002199993,9.124496,0.1721817,2.979591
-0.08603154,-0.0006724279,-0.001759902,9.12512,0.1218073,2.978336
-0.08257271,0.002501196,-0.009035419,9.124541,0.1204698,2.928313
-0.08508803,0.0001355019,-0.01365033,9.175073,0.1677255,2.9322
-0.09938749,0.0008517555,-0.01238729,9.175249,0.1210931,2.927091
-0.07818166,-0.001774008,-0.008410389,9.125107,0.1667906,2.933129
0.001153819,-0.06087955,0.006966423,9.833971,0.6249021,2.93396
-0.002684852,-0.06367517,-0.0001736127,9.878706,0.6249617,2.978874
-0.00561857,-0.06048801,0.00172982,9.828905,0.6755343,2.979975
-0.001398231,-0.0692905,0.005150242,9.879893,0.6243839,2.929419
-0.001330218,-0.06284748,0.000442081,9.87871,0.6750044,2.978875
-0.00192338,-0.06027462,0.003529157,9.879905,0.675483,2.929441
-0.003852894,-0.05493133,0.003303006,9.834011,0.674956,2.93399
-0.01420626,-0.06421025,-0.002875893,9.82891,0.7244321,2.97998
-0.002664415,-0.08421115,-0.0004531547,9.878709,0.7750086,2.978883
-0.003452889,-0.06458894,0.001068571,9.878711,0.7249658,2.978877
-0.003964077,-0.0685557,-0.002273191,9.879908,0.7244069,2.929449
-0.01541362,-0.08228797,-0.0107451,9.834075,0.7749661,2.934009
-0.01538968,-0.05996837,-0.008180054,9.834034,0.7249262,2.933995
-0.004553693,-0.09359031,-0.008372404,9.879905,0.775499,2.929467
-0.002325507,-0.08684665,0.000325802,9.87871,0.8249705,2.978884
-0.008529458,-0.0801447,0.001326755,9.828919,0.8755431,2.97999
-0.00317898,-0.07440717,0.003536025,9.87871,0.8750129,2.978886
0.0001883792,-0.07716749,0.01213333,9.879908,0.8755146,2.929479
0.00521666,-0.08246221,0.01874239,9.834085,0.8249481,2.934011
-0.0005557689,-0.09770573,0.0158345,9.879907,0.824421,2.929471
-0.003125661,-0.07148595,0.007945559,9.834092,0.8749815,2.934018
-0.01671424,-0.08352457,-0.001603781,9.82892,0.9244436,2.979991
-0.002691767,-0.1086515,-0.0003187516,9.878711,0.9750165,2.978887
-0.007649411,-0.08084277,0.0004192138,9.878711,0.9249747,2.978886
-0.004993303,-0.08933705,-0.004669283,9.87991,0.9244366,2.929481
-0.013765,-0.1064764,-0.01851011,9.834109,0.9749907,2.934028
-0.02046568,-0.07644254,-0.01924186,9.834096,0.9249614,2.934019
-0.006116314,-0.1196534,-0.01648434,9.879911,0.975527,2.929485
-0.002217967,-0.1097719,0.0005315026,9.878711,1.024977,2.978887
-0.008261899,-0.1003068,0.001796973,9.828922,1.075548,2.979992
-0.003476298,-0.09389416,0.003592435,9.878711,1.075019,2.978888
0.0009694656,-0.09596615,0.01308099,9.879911,1.075536,2.929485
0.008427216,-0.1032555,0.02422506,9.83411,1.024974,2.934027
5.278595e-05,-0.1227666,0.02016312,9.879912,1.024448,2.929485
-0.00329904,-0.08893493,0.007339708,9.834105,1.075001,2.934027
-0.01733878,-0.1060511,-0.001324483,9.828921,1.124448,2.979992
-0.002567197,-0.1316299,-0.0002755746,9.87871,1.17502,2.978887
-0.008044241,-0.1019369,0.0006028882,9.878711,1.124979,2.978887
-0.005789348,-0.1105369,-0.006384802,9.879911,1.124455,2.929484
-0.0144235,-0.1301532,-0.0206555,9.834111,1.175005,2.934027
-0.02316443,-0.09585473,-0.02358408,9.834104,1.12498,2.934025
-0.006584925,-0.1457571,-0.01847322,9.879911,1.17554,2.929482
-0.001938453,-0.1319839,0.0006046692,9.878709,1.224981,2.978885
-0.0072967,-0.1201171,0.002248835,9.828899,1.275555,2.979985
-0.002712467,-0.1154864,0.002968359,9.878704,1.275024,2.978879
0.00173852,-0.1151783,0.01090163,9.879905,1.275546,2.929459
0.01164628,-0.1242839,0.02965939,9.834105,1.224988,2.93402
0.001166228,-0.1465089,0.02283869,9.87991,1.224459,2.929476
-0.00370927,-0.1066072,0.005041465,9.834085,1.275015,2.934004
-0.01542575,-0.1289697,-0.00157617,9.828863,1.324462,2.979974
-0.002321357,-0.1529442,0.0006320197,9.878657,1.375052,2.978823
-0.0074147,-0.1239604,0.0003267157,9.878691,1.324992,2.978864
-0.006664358,-0.1312427,-0.007304679,9.879895,1.324469,2.929419
-0.01581823,-0.1498047,-0.02262727,9.833978,1.375037,2.933906
-0.02333204,-0.1152004,-0.02634798,9.834051,1.325,2.933971
-0.008118444,-0.168438,-0.01638237,9.879876,1.375563,2.929316
0.002867992,-0.1752423,0.003508241,9.87769,1.625297,2.977859
0.00670083,-0.1462292,0.0001919682,9.828002,1.675533,2.979651
0.001789439,-0.1531745,-0.002254932,9.878261,1.674914,2.978411
-0.0002023705,-0.1516738,-0.006506392,9.879601,1.675506,2.92852
0.01312176,-0.1645415,0.03254813,9.832716,1.62502,2.932662
0.003678296,-0.1858376,0.03210149,9.879102,1.624771,2.927678
-0.003441758,-0.1449173,-0.001230563,9.833389,1.674952,2.933323
-0.007018972,-0.1759971,-0.004113108,9.828543,1.724392,2.979866
-0.002032358,-0.1928189,-0.0001222977,9.878652,1.774989,2.978821
-0.003480054,-0.171494,-0.00236916,9.878557,1.724896,2.978716
-0.01050723,-0.1694204,-0.01677775,9.879803,1.724407,2.929073
-0.01367551,-0.1886814,-0.02150274,9.833972,1.774983,2.933881
-0.02190678,-0.1523454,-0.03091357,9.833797,1.72494,2.933722
-0.006866777,-0.2133829,-0.01949847,9.879866,1.775516,2.929307
-0.001149751,-0.1921344,0.0009847462,9.878682,1.824973,2.978854
-0.001326459,-0.1715935,0.004240267,9.828831,1.875559,2.979962
-0.0006011074,-0.1788118,0.001469269,9.878681,1.875029,2.978852
0.002306864,-0.1680941,0.001841747,9.879884,1.87555,2.929378
0.02002916,-0.1798218,0.04312382,9.834033,1.824983,2.93394
0.003305543,-0.2055601,0.02721447,9.879887,1.824453,2.929386
-0.005089803,-0.1554882,-0.002201487,9.834019,1.875022,2.933929
-0.01475227,-0.2039061,-0.0242133,9.833747,1.975071,2.933643
-0.009152928,-0.1900122,-0.002584022,9.828741,1.924482,2.979933
-0.002191995,-0.2102796,-0.00045896,9.878534,1.975114,2.978693
-0.008470829,-0.2295424,-0.01954907,9.879773,1.975606,2.928994
-0.003552485,-0.181496,0.0003163232,9.878645,1.925015,2.978812
-0.008317265,-0.1876459,-0.01196879,9.879856,1.924489,2.929279
-0.02161578,-0.1696984,-0.02863212,9.833941,1.92502,2.933847
-0.01206065,-0.2283872,-0.02209967,9.833348,3.375065,2.933276
0.001670372,-0.2214251,-0.002920873,9.828502,3.324507,2.979848
-0.001558035,-0.2385057,0.0008203877,9.87824,3.375141,2.978388
-0.001506362,-0.2576147,-0.0201026,9.879591,3.375583,2.928443
0.001369232,-0.2101954,-0.002217804,9.878544,3.325065,2.978697
-0.007172229,-0.2137351,-0.02710932,9.879794,3.324517,2.929028
-0.01525425,-0.198003,-0.02637487,9.833736,3.32504,2.933673
-0.02323692,-0.1894302,-0.01175533,9.867759,2.137623,2.967934
-0.005054094,-0.1870444,0.02081083,9.890726,2.111735,2.96583
0.002573214,-0.188227,-0.009511452,9.865509,2.111693,2.990787
-0.001818954,-0.1890737,-0.001389161,9.88968,2.137359,2.989797
-0.01044717,-0.1857636,0.008744314,9.868529,2.112608,2.968674
-0.002297249,-0.1923377,-0.006694609,9.8904,2.137687,2.965138
-0.0176609,-0.198902,-0.004960996,9.864832,2.137677,2.990446
0.009409445,-0.1734231,-0.01274096,9.869166,3.462524,2.969345
0.0009053219,-0.2026054,-0.02795831,9.890982,3.48828,2.966479
0.001013012,-0.1667414,-0.0003964175,9.890452,3.46138,2.990589
-0.01000136,-0.2008121,0.0009947886,9.86611,3.48831,2.99105
0.00864701,-0.1624804,0.001341647,9.866247,3.461922,2.991095
-0.0006200428,-0.1605538,-0.01094758,9.891024,3.461953,2.966624
0.001976814,-0.2127384,-0.01819593,9.869058,3.487587,2.969225
-0.2286474,-0.000409949,-0.004130303,8.387839,0.1359832,2.990116
-0.2327841,0.00158569,-0.005868438,8.387842,0.1099372,2.964272
-0.1802413,0.0006964691,-5.306167e-05,8.3625,0.1106599,2.989438
-0.1961448,0.003546568,-0.01502194,8.362257,0.1099105,2.964257
-0.1915732,0.02071904,-0.00937266,8.36226,0.1359929,2.99014
-0.1857842,0.01616012,-0.01912987,8.362496,0.1329535,2.967155
-0.2156736,-0.003262243,-0.005028238,8.387507,0.1329578,2.967155
-0.2102658,-0.02566933,0.01052138,8.41216,0.1359837,2.990117
-0.213877,-0.008546656,0.02515311,8.412158,0.1099385,2.964273
-0.1530773,0.001091103,0.004096499,8.4375,0.1106591,2.989435
-0.1512747,-0.004673537,0.005688345,8.437737,0.1099053,2.964255
-0.1523148,-0.0186832,0.01245446,8.437505,0.1329599,2.967162
-0.2021276,-0.0351439,0.02907129,8.412493,0.1329574,2.967154
-0.1542894,-0.003008432,0.001543487,8.437744,0.1359918,2.990138
-0.16215,-0.0006851235,-0.009171705,8.487829,0.1099215,2.964342
-0.1625017,0.0007182771,-0.002121546,8.462493,0.1106544,2.98944
-0.156554,0.005441898,-0.01046003,8.462254,0.1099008,2.964271
-0.1409735,-0.007125252,-0.01278306,8.462481,0.1329447,2.967179
-0.1653384,-0.006504095,0.002627281,8.487826,0.1359236,2.990136
-0.1454168,-0.01377727,-0.008064531,8.487485,0.1328981,2.96722
-0.1616822,-0.004990336,-0.002920753,8.462247,0.135978,2.990143
-0.1773005,-0.0001563873,-0.02042706,8.588263,0.109289,2.965826
-0.1449018,-0.002590119,0.002582122,8.562639,0.1103254,2.989795
-0.1464779,0.0001227619,-0.01671287,8.562313,0.1096119,2.965123
-0.1567651,-0.002103416,-0.001852995,8.56237,0.1322542,2.967905
-0.1741111,0.01486494,-0.003030077,8.588306,0.1345031,2.990791
-0.1456518,0.01449926,-0.00263058,8.562317,0.1351849,2.990444
-0.1827732,0.00134808,-0.006348284,8.58739,0.1314882,2.968667
-0.1543403,-0.003863313,0.002425003,8.512134,0.1098956,2.964435
-0.1446614,-0.0024901,0.002669103,8.537456,0.1105351,2.989574
-0.1442376,-0.005611867,-0.00156481,8.53772,0.1097918,2.964648
-0.1440502,-0.011886,0.0009482546,8.537433,0.1326538,2.967492
-0.1573883,-0.01716091,0.004890853,8.512133,0.1358405,2.990164
-0.1446274,-0.02092267,0.005606732,8.512455,0.1328205,2.967304
-0.1415504,-0.00324936,0.005576142,8.537726,0.1356344,2.990258
0.02591303,-0.241863,0.01422869,9.864233,2.212146,2.99018
0.01073273,-0.2479325,0.02357885,9.89014,2.212149,2.964511
0.00569166,-0.1850861,0.004634057,9.889472,2.237459,2.989585
0.03282951,-0.2378457,0.03490538,9.867233,2.212475,2.967406
0.006371198,-0.1811018,-0.007123072,9.890217,2.237734,2.964686
0.02062276,-0.1916436,0.01715137,9.867382,2.237438,2.967532
0.004241,-0.180525,0.01114997,9.864392,2.237728,2.990269
0.002283804,-0.2084715,-0.02148743,9.890726,2.288265,2.96583
0.006965862,-0.1916095,0.006194774,9.889678,2.262642,2.989801
-0.01642883,-0.2049579,0.002958761,9.865509,2.288308,2.990786
0.0003302385,-0.1914055,-0.02004867,9.890392,2.262309,2.965143
0.000563827,-0.1854902,-0.003157708,9.867772,2.262379,2.967921
-0.0149566,-0.1880048,0.0008819904,9.864829,2.262325,2.990448
-0.00480256,-0.2118101,-0.01168389,9.868532,2.287392,2.968671
0.03274908,-0.2146487,0.006114992,9.865975,3.611726,2.991019
0.004500623,-0.1577879,0.01131493,9.890384,3.638661,2.990512
-0.003609453,-0.1584261,0.009828053,9.865972,3.638142,2.991038
0.005686316,-0.1703957,0.005727236,9.868932,3.63755,2.969101
0.006495532,-0.1957324,0.02838759,9.890944,3.611749,2.966328
0.02067826,-0.2229795,0.01724245,9.868921,3.612452,2.96911
0.003091556,-0.1510731,0.001197512,9.890966,3.638116,2.966318
-0.01539766,-0.1999514,-0.003664616,9.866151,3.788234,2.991059
0.0002305129,-0.200981,-0.02166274,9.890984,3.788207,2.966525
-0.00298073,-0.1630122,-0.004026766,9.890408,3.761323,2.99054
-0.003519837,-0.2031833,-0.007861667,9.869066,3.787505,2.96927
-0.00645594,-0.1569187,-0.007121334,9.866059,3.761835,2.991061
-0.003214997,-0.1723085,-0.007157709,9.868999,3.762426,2.969194
-0.004126093,-0.1581391,-0.01001453,9.890989,3.761864,2.966421
-0.09141543,-0.02248979,-0.0003993287,9.211695,0.1344913,2.990785
-0.06729815,-0.000477838,0.003333549,9.23736,0.1103221,2.989799
-0.06482653,-0.004768258,0.001440086,9.237677,0.1351704,2.990446
-0.06469285,-0.002572779,0.0005462041,9.237631,0.1322234,2.967911
-0.08445923,-0.001402604,0.01626086,9.211746,0.1092742,2.965826
-0.09625345,-0.005238454,0.003756844,9.212618,0.131468,2.968666
-0.06282361,0.0004989647,0.007557564,9.2377,0.109607,2.965137
-0.06635752,0.001345309,-5.547474e-05,9.262543,0.1105277,2.989582
-0.0717552,-0.0004424514,0.0005377583,9.287858,0.1357643,2.990175
-0.06879191,-0.001956356,-0.002570945,9.262274,0.1356067,2.990265
-0.06434464,0.0004493444,-0.007592127,9.262572,0.1326085,2.967517
-0.07070306,0.000947741,-0.00626633,9.287866,0.1098572,2.964499
-0.06819113,0.001363056,-0.0002227547,9.262276,0.1097812,2.96468
-0.06291265,-0.004496046,-0.006264136,9.287537,0.1327488,2.96738
-0.06465402,0.006475807,0.0005537218,9.388313,0.1344992,2.990789
-0.05572498,0.0009198378,0.002510051,9.362645,0.1103222,2.989796
-0.05221291,0.005471618,0.0005421161,9.362324,0.1351719,2.990445
-0.05362068,-0.001626529,0.0001551186,9.36239,0.1322407,2.967912
-0.0669586,-0.00266189,-0.01214835,9.388285,0.1092881,2.965813
-0.05804681,-0.0001840574,-0.0008236318,9.36233,0.1096089,2.965127
-0.06874591,0.001087596,-0.003606639,9.387412,0.1314863,2.968659
-0.05572464,-0.001121909,0.002940977,9.337464,0.1105268,2.98958
-0.0667838,-0.009554837,0.003583592,9.312147,0.1357664,2.990178
-0.05607954,-0.0007049987,0.002456652,9.337736,0.1356061,2.990265
-0.05577615,-0.007358453,0.002450071,9.337455,0.132622,2.967519
-0.06906193,-0.001782814,0.003805082,9.312167,0.1098628,2.964501
-0.05842419,-0.002007277,0.001962457,9.337741,0.1097816,2.964671
-0.06136027,-0.01024572,0.001939781,9.312489,0.1327468,2.967377
-0.02988472,-0.1956724,-0.003769082,9.866389,1.588245,2.991112
-0.001330439,-0.1342963,-0.004097513,9.890493,1.561358,2.990635
-0.01727785,-0.136884,-0.008978943,9.866391,1.561888,2.991132
-0.01086313,-0.147962,-0.01051754,9.869288,1.562485,2.96949
-0.003777155,-0.1884713,-0.02300617,9.891036,1.588214,2.966788
-0.004408912,-0.1254835,-0.01911301,9.891059,1.561923,2.966783
-0.01305332,-0.1920842,-0.01036048,9.869293,1.587513,2.96948
0.002600898,-0.286688,-0.000497843,9.86454,2.987843,2.99028
0.001193053,-0.2373511,0.0005619783,9.889513,2.962517,2.989632
-0.02756485,-0.252858,-0.01152138,9.864518,2.96225,2.990307
-0.01748185,-0.2440955,-0.01916656,9.86751,2.962533,2.96765
0.0008213745,-0.2893346,0.0002100594,9.890238,2.98784,2.964841
-0.00662819,-0.2528877,-0.02273702,9.890255,2.962247,2.964825
0.009152355,-0.268501,0.006300019,9.867508,2.987468,2.967661
0.003285727,-0.2100957,-0.009961358,9.865534,2.911688,2.990794
-0.003071781,-0.2149165,-0.0008324825,9.889695,2.937349,2.989821
-0.01986054,-0.2203757,-0.006259896,9.864886,2.937664,2.990465
-0.02483216,-0.211847,-0.01538226,9.867834,2.937605,2.967977
-0.006020678,-0.2145152,0.02271467,9.890734,2.911731,2.965858
-0.009250844,-0.2108713,0.008760469,9.86856,2.912601,2.968699
-0.002561002,-0.2209418,-0.003747393,9.890409,2.937681,2.965207
0.02945149,-0.2608434,0.02147119,9.864911,3.012225,2.990437
0.002660036,-0.1715603,0.003069961,9.89015,3.038795,2.990266
0.008314809,-0.1824213,0.01242894,9.865538,3.038191,2.990813
0.01385457,-0.2131012,0.008351753,9.868554,3.0374,2.968708
0.01676969,-0.2678522,0.02910149,9.89039,3.012214,2.965227
0.03891537,-0.2630323,0.03946487,9.867829,3.012395,2.96799
0.0107252,-0.183066,-0.0001960805,9.890752,3.038147,2.965861
-0.2635349,-0.005523064,0.003105559,7.750002,0.2461434,0.04526906
-0.255642,-0.05900475,-0.002634675,7.700018,0.4961299,0.09344738
-0.2561296,-0.08149819,-0.0006891723,7.700037,0.6962412,0.08999882
-0.252668,-0.1122639,6.335363e-05,7.700059,0.8972864,0.08849666
-0.2486797,-0.1384699,-0.0001315133,7.70008,1.098351,0.08797356
-0.24328,-0.1677492,4.207169e-05,7.700099,1.299004,0.08776515
-0.2367493,-0.1954087,-4.285396e-05,7.700115,1.499379,0.08766672
-0.2287974,-0.2242083,4.533218e-06,7.700128,1.699604,0.08761676
-0.2193423,-0.252604,-1.150718e-05,7.700137,1.899743,0.08759001
-0.2082794,-0.2815147,3.960397e-06,7.700142,2.099832,0.08757543
-0.1954646,-0.310542,5.600757e-06,7.700145,2.29989,0.08756773
-0.1808816,-0.3399663,1.622121e-05,7.700144,2.499928,0.08756467
-0.1644561,-0.3698403,1.585873e-05,7.70014,2.699954,0.08756528
-0.1463178,-0.4010212,2.352524e-05,7.700134,2.899972,0.08757052
-0.1265752,-0.433355,-8.538658e-05,7.700123,3.099984,0.0875822
-0.1056658,-0.4689595,-8.749695e-05,7.700109,3.299994,0.08760439
-0.0836703,-0.506503,-0.0004275793,7.700093,3.500003,0.08764302
-0.06437443,-0.5531654,-7.80043e-05,7.700075,3.70001,0.0877035
-0.0460203,-0.5996104,-0.0007098827,7.700053,3.900004,0.0877945
-0.04430421,-0.6670472,-0.0007097111,7.700027,4.099973,0.08792491
-0.2568748,-0.009736968,0.06743098,7.749927,0.1380494,0.2431459
-0.2585511,-0.01411752,0.0009085462,7.700015,0.2493408,0.3097557
-0.2590812,-0.05334128,7.158002e-05,7.700083,0.4643243,0.2906386
-0.2563788,-0.07908191,-0.001706204,7.700182,0.6784033,0.2832974
-0.2529829,-0.110593,0.0004188204,7.700294,0.8872537,0.2796384
-0.2488704,-0.1377386,-0.0004322719,7.700403,1.092291,0.2779985
-0.2434476,-0.1671498,0.0001015826,7.700501,1.295218,0.2772213
-0.2368823,-0.1950826,-0.0001105293,7.700583,1.496965,0.2768296
-0.2289024,-0.2239602,8.958821e-06,7.700647,1.698039,0.2766227
-0.2194308,-0.2524412,-3.268897e-05,7.700692,1.898719,0.27651
-0.208341,-0.2813926,3.721405e-07,7.700721,2.099159,0.2764484
-0.1954987,-0.3104441,1.356739e-06,7.700734,2.299448,0.2764165
-0.1808623,-0.339883,2.398504e-05,7.70073,2.499639,0.2764048
-0.1643573,-0.3697367,3.476382e-05,7.700712,2.699767,0.2764103
-0.1460522,-0.4010007,7.99935e-05,7.700677,2.899854,0.2764357
-0.1261914,-0.4332367,-2.415702e-05,7.700625,3.099914,0.276491
-0.1053791,-0.4697293,9.421132e-05,7.700553,3.299955,0.2765942
-0.0838442,-0.5058965,-0.0002223035,7.700463,3.499981,0.2767685
-0.06620944,-0.5549477,0.0002263935,7.700358,3.699988,0.2770342
-0.04655923,-0.5989021,-0.0002312412,7.700248,3.899965,0.2774007
-0.04412627,-0.6677102,0.0002323984,7.700159,4.099897,0.2778657
-0.2562959,-0.01558556,-0.0035855,7.700033,0.2107482,0.5124106
-0.2586083,-0.0438544,0.002054449,7.700177,0.4283152,0.4944663
-0.2565415,-0.07693501,-0.001210839,7.700427,0.652453,0.4890438
-0.2532544,-0.1070543,0.0002422718,7.700719,0.8703971,0.4848955
-0.2489998,-0.1364917,-0.0003335802,7.701005,1.08162,0.4823901
-0.2435503,-0.165848,5.728419e-05,7.70126,1.288363,0.4810407
-0.2369034,-0.1944401,-0.0001259886,7.701472,1.492503,0.480304
-0.2288831,-0.2234037,-4.624642e-07,7.701637,1.695107,0.4798952
-0.2193683,-0.2520882,-4.011908e-05,7.701756,1.896783,0.4796666
-0.2082491,-0.2811027,2.430641e-06,7.701829,2.097879,0.4795405
-0.1953853,-0.3102222,-1.987221e-06,7.701862,2.298603,0.4794767
-0.1807305,-0.3396916,1.10026e-05,7.701856,2.499084,0.4794556
-0.1642149,-0.3695537,-4.500431e-06,7.701809,2.699406,0.4794721
-0.1458894,-0.4008449,8.867797e-06,7.70172,2.899623,0.4795328
-0.1260081,-0.4329961,-0.0001009129,7.701585,3.099769,0.4796592
-0.1053236,-0.469681,7.965272e-05,7.7014,3.299865,0.4798874
-0.08345296,-0.5053611,-2.778638e-05,7.701167,3.499917,0.4802637
-0.06637204,-0.554917,0.0002400701,7.700894,3.699919,0.4808239
-0.04615634,-0.5979133,0.0001552091,7.700604,3.899852,0.4815675
-0.04598643,-0.6683518,0.000515727,7.700359,4.099694,0.4824501
-0.2597904,-0.01518564,0.0008223231,7.700047,0.1973961,0.70065
-0.2588524,-0.04281472,0.0001028821,7.700276,0.4051566,0.6962373
-0.2568684,-0.0734586,-0.0001019104,7.700701,0.629729,0.6926825
-0.2535799,-0.1051856,-4.339047e-06,7.701229,0.8523235,0.6895399
-0.2492447,-0.134854,-0.0001958163,7.701761,1.069016,0.6870342
-0.243724,-0.1647674,3.614247e-05,7.702237,1.27991,0.6853783
-0.2369954,-0.1937162,-9.029835e-05,7.702632,1.486842,0.6844044
-0.2289164,-0.2228569,-2.223381e-06,7.702939,1.691318,0.6838366
-0.219348,-0.2517141,-3.144756e-05,7.703159,1.89425,0.6835096
-0.2081866,-0.2807965,7.017245e-06,7.703297,2.096189,0.683327
-0.1952922,-0.3099841,6.164521e-06,7.703359,2.297481,0.6832351
-0.1806121,-0.3394991,2.032503e-05,7.703348,2.498344,0.6832069
-0.1640895,-0.3693941,5.936766e-06,7.703264,2.698923,0.6832352
-0.1457393,-0.4007863,1.265209e-05,7.703102,2.899312,0.6833299
-0.1259035,-0.4328708,-0.0001039261,7.702856,3.099571,0.6835207
-0.1056543,-0.4701464,6.721477e-05,7.70252,3.299736,0.6838583
-0.08352551,-0.5052934,-9.997525e-05,7.702096,3.499822,0.6844037
-0.06600256,-0.554735,0.0001570443,7.701603,3.699822,0.6851993
-0.04585059,-0.598213,-8.950253e-05,7.701089,3.899711,0.686228
-0.04181109,-0.6658383,0.000231989,7.700658,4.099469,0.6873989
-0.2595807,-0.01273778,-0.00122225,7.70006,0.1920732,0.8983426
-0.2588627,-0.04039259,0.0003297415,7.700366,0.3939558,0.8972181
-0.2568868,-0.07147192,-0.0004979925,7.700951,0.615531,0.8953451
-0.2537526,-0.102503,0.0001176814,7.701711,0.8380338,0.8930642
-0.2493822,-0.1332175,-0.0002885375,7.70251,1.057277,0.8911406
-0.2438339,-0.1633394,-2.906637e-05,7.703241,1.27145,0.8895879
-0.2370302,-0.1927907,-0.0001038463,7.70385,1.481005,0.888538
-0.2288947,-0.2221458,-2.873131e-05,7.704322,1.687339,0.8879042
-0.2192731,-0.2512198,-3.396943e-05,7.704659,1.891559,0.8875325
-0.2080717,-0.2804065,7.050356e-06,7.70487,2.094382,0.8873235
-0.1951479,-0.3096778,1.714785e-05,7.704966,2.296275,0.8872187
-0.1804465,-0.3392356,3.510176e-05,7.704952,2.497545,0.8871881
-0.1639075,-0.3691565,3.135629e-05,7.704827,2.698399,0.8872231
-0.1455322,-0.400591,3.235895e-05,7.704585,2.898972,0.8873349
-0.1256952,-0.4325737,-6.502681e-06,7.704216,3.099353,0.8875562
-0.1058049,-0.4702757,9.7999e-05,7.703715,3.299594,0.8879421
-0.08322922,-0.5048452,3.05933e-05,7.703087,3.499719,0.8885584
-0.06671121,-0.5552965,0.000158388,7.702363,3.699722,0.8894483
-0.04590998,-0.5975832,4.500936e-05,7.701617,3.899575,0.8905704
-0.04456903,-0.6673849,0.0005328439,7.700986,4.09926,0.8917637
-0.2596933,-0.01303565,0.000172395,7.700072,0.190403,1.098861
-0.2589552,-0.04027066,6.693557e-05,7.700438,0.389151,1.09827
-0.2569903,-0.07065289,2.145937e-05,7.701149,0.608066,1.097222
-0.2538841,-0.1014902,0.0001084246,7.702093,0.8290809,1.095892
-0.2495344,-0.1319966,-6.278748e-05,7.703118,1.048493,1.094507
-0.2439669,-0.1624222,-5.331948e-05,7.704086,1.264293,1.093388
-0.2371064,-0.1920922,-5.395891e-05,7.704907,1.47587,1.092488
-0.228917,-0.2216009,4.516281e-06,7.705543,1.683808,1.091896
-0.2192483,-0.2508309,-4.876551e-06,7.705995,1.88916,1.091553
-0.2080093,-0.2800989,2.327815e-05,7.706278,2.092764,1.091362
-0.1950602,-0.3094361,3.383323e-05,7.706407,2.295192,1.091267
-0.1803418,-0.3390391,5.03244e-05,7.70639,2.496826,1.09124
-0.1637985,-0.369001,5.26254e-05,7.706228,2.697926,1.091273
-0.1454216,-0.4004716,2.99213e-05,7.705912,2.898665,1.091376
-0.1256073,-0.4324335,4.872834e-05,7.705431,3.099155,1.091579
-0.1058056,-0.4703135,5.55799e-05,7.704778,3.299466,1.091934
-0.0832502,-0.50478,7.295839e-05,7.703967,3.499627,1.092505
-0.06688954,-0.5554818,3.586909e-05,7.703033,3.69963,1.093313
-0.04601526,-0.5976084,5.113935e-05,7.702074,3.899456,1.094264
-0.04427032,-0.6672165,4.330594e-05,7.7013,4.099131,1.095173
-0.2595775,-0.01253386,-0.0002424285,7.70008,0.1898738,1.299524
-0.2588981,-0.03973312,5.784126e-06,7.700484,0.3871919,1.299205
-0.2569539,-0.07006861,-0.0001373799,7.701274,0.6045338,1.298706
-0.2539042,-0.1006385,5.738866e-05,7.702335,0.8244905,1.298083
-0.2495732,-0.1311651,-2.885041e-05,7.703505,1.043433,1.297418
-0.2440289,-0.1615805,-1.708329e-05,7.704635,1.259579,1.296766
-0.2371468,-0.191511,-8.435819e-05,7.705618,1.472206,1.296261
-0.2289209,-0.2211749,-1.956808e-05,7.706386,1.68129,1.295863
-0.2192178,-0.2505292,1.779005e-05,7.706928,1.887465,1.295635
-0.2079552,-0.2798576,3.897563e-05,7.707266,2.091624,1.295514
-0.1949896,-0.3092386,5.42253e-05,7.70742,2.294428,1.295455
-0.1802654,-0.3388611,7.012526e-05,7.707403,2.496318,1.295439
-0.163716,-0.3688617,9.227561e-05,7.707214,2.697591,1.29546
-0.1453412,-0.4003049,6.72156e-05,7.706844,2.898446,1.295525
-0.1255222,-0.4323068,0.0002517651,7.706281,3.099013,1.295655
-0.1053887,-0.469889,8.03763e-05,7.705522,3.299374,1.295894
-0.08314936,-0.5046893,0.0003304097,7.704573,3.499554,1.29628
-0.06675741,-0.5553898,4.738117e-05,7.703488,3.69956,1.296785
-0.04593731,-0.5973933,0.0004429154,7.702396,3.899397,1.297314
-0.04483633,-0.6674498,-0.0001081493,7.701521,4.099069,1.29778
-0.257005,-0.07006779,9.290642e-06,7.701317,0.6034976,1.499996
-0.2539485,-0.1006173,1.192946e-05,7.702416,0.823085,1.499995
-0.2496182,-0.1310128,1.395555e-05,7.703635,1.041842,1.499993
-0.2440788,-0.1613412,1.873859e-05,7.70482,1.257952,1.499992
-0.2371972,-0.1913191,2.398699e-05,7.705863,1.470863,1.499992
-0.2289591,-0.2210871,3.126053e-05,7.706685,1.680357,1.499992
-0.2192449,-0.2504625,3.908924e-05,7.707264,1.886845,1.499992
-0.2079741,-0.2797991,4.811949e-05,7.707623,2.091209,1.499993
-0.1950051,-0.3091822,6.354772e-05,7.707787,2.29415,1.499994
-0.180287,-0.3388015,7.940963e-05,7.70777,2.496132,1.499995
-0.1637462,-0.368838,0.000105753,7.707572,2.697468,1.499996
-0.1454139,-0.4001472,7.518689e-05,7.707183,2.898364,1.499996
-0.1255518,-0.4323471,0.0003196484,7.706588,3.098957,1.499997
-0.104507,-0.4687058,-4.346772e-05,7.705781,3.299325,1.499998
-0.08321022,-0.5049084,0.0003391674,7.704784,3.499512,1.499998
-0.06487169,-0.5537855,-0.0002330631,7.70365,3.699537,1.499998
-0.04582592,-0.597653,0.000357458,7.702506,3.899374,1.499998
-0.04268202,-0.6659283,-0.0003596736,7.701592,4.099042,1.499999
-0.2539102,-0.1006334,-3.628526e-05,7.70233,0.8244884,1.701907
-0.2495833,-0.1311584,5.572717e-05,7.703497,1.043433,1.702569
-0.2440419,-0.1615713,5.485452e-05,7.704626,1.259579,1.70322
-0.2371658,-0.1914991,0.0001312414,7.705607,1.472207,1.703723
-0.2289444,-0.2211598,8.136647e-05,7.706376,1.68129,1.704121
-0.2192503,-0.2505123,6.082821e-05,7.706919,1.887465,1.70435
-0.2079958,-0.2798329,5.727177e-05,7.707257,2.091624,1.704473
-0.1950418,-0.3092085,6.749964e-05,7.707413,2.294428,1.704533
-0.1803408,-0.3388154,8.02e-05,7.707398,2.496318,1.704551
-0.1638153,-0.3688719,9.610301e-05,7.70721,2.69759,1.704531
-0.1455057,-0.4000803,6.744448e-05,7.706842,2.898445,1.704468
-0.1256411,-0.4323955,0.0002184429,7.706279,3.099011,1.704339
-0.1043936,-0.4682865,-6.239526e-05,7.705519,3.299371,1.704101
-0.0832019,-0.5050922,0.0005649153,7.704569,3.499548,1.703716
-0.06524256,-0.5540126,-0.0003140731,7.703481,3.699549,1.703212
-0.04602765,-0.5975842,0.000252603,7.702384,3.899379,1.702682
-0.04537426,-0.6676176,-0.0004731178,7.701502,4.099042,1.702217
-0.2495534,-0.1319829,8.768292e-05,7.703104,1.048495,1.905482
-0.2439906,-0.1624032,8.695751e-05,7.70407,1.264295,1.906599
-0.2371416,-0.192069,9.643763e-05,7.704889,1.475872,1.907497
-0.2289606,-0.2215708,5.098498e-05,7.705526,1.683809,1.908089
-0.2193081,-0.2507978,7.239881e-05,7.705979,1.88916,1.908433
-0.2080863,-0.2800534,5.974006e-05,7.706264,2.092765,1.908626
-0.1951611,-0.3093813,6.966888e-05,7.706396,2.295192,1.908722
-0.1804861,-0.3389677,7.465368e-05,7.706382,2.496826,1.908751
-0.1639891,-0.3690314,8.091091e-05,7.706222,2.697925,1.908719
-0.1457213,-0.4001675,5.834357e-05,7.705908,2.898663,1.908617
-0.1258967,-0.4326089,0.000137551,7.705427,3.099151,1.908415
-0.1047944,-0.4679798,-2.440898e-05,7.704774,3.299459,1.908062
-0.08329135,-0.5055607,0.0005590254,7.70396,3.499616,1.907491
-0.06247512,-0.5507928,-0.0006733628,7.703021,3.699611,1.906684
-0.04585199,-0.5981393,0.0003407958,7.702053,3.899425,1.905734
-0.04158419,-0.6652412,-0.0007620478,7.701266,4.099082,1.904826
-0.2438679,-0.1633138,5.991763e-05,7.70322,1.271454,2.110401
-0.2370825,-0.1927587,0.000140105,7.703828,1.481008,2.11145
-0.2289591,-0.2221046,7.721461e-05,7.7043,1.68734,2.112084
-0.2193629,-0.251174,9.255747e-05,7.70464,1.89156,2.112456
-0.2081844,-0.2803453,6.429844e-05,7.704854,2.094383,2.112666
-0.1952972,-0.3096063,6.554508e-05,7.704953,2.296275,2.112773
-0.1806522,-0.3391577,6.24866e-05,7.704942,2.497545,2.112805
-0.1641812,-0.36921,5.179499e-05,7.70482,2.698398,2.112771
-0.1459408,-0.4002969,3.267298e-05,7.70458,2.89897,2.11266
-0.126127,-0.4327675,2.911388e-05,7.704212,3.099349,2.11244
-0.105078,-0.4679603,-0.0001068243,7.70371,3.299587,2.112054
-0.08353465,-0.5057129,3.396073e-05,7.703079,3.499706,2.111439
-0.06266849,-0.5504538,-0.0005257472,7.70235,3.6997,2.11055
-0.04614496,-0.5981941,6.246242e-05,7.701593,3.899537,2.10943
-0.04191212,-0.6649434,-0.0007797305,7.700948,4.0992,2.108238
-0.2370586,-0.1936745,0.0001192809,7.702611,1.486845,2.315587
-0.2289935,-0.2228054,4.074682e-05,7.702919,1.69132,2.316155
-0.2194568,-0.2516572,7.552695e-05,7.703141,1.894251,2.316482
-0.2083229,-0.2807237,4.7688e-05,7.703282,2.09619,2.316666
-0.1954749,-0.3099012,5.394312e-05,7.703347,2.297481,2.316759
-0.1808612,-0.3394267,4.842624e-05,7.703339,2.498344,2.316788
-0.1644208,-0.3694602,3.618439e-05,7.703258,2.698922,2.316761
-0.1462188,-0.4005433,2.563223e-05,7.703098,2.89931,2.316667
-0.1264353,-0.4330931,2.033534e-05,7.702852,3.099567,2.316476
-0.1054534,-0.4682182,-6.172453e-05,7.702516,3.29973,2.316139
-0.08398349,-0.5062744,8.3837e-05,7.702091,3.499811,2.315595
-0.06326738,-0.5506805,-0.0002992043,7.701593,3.699802,2.3148
-0.04649251,-0.5989595,0.0005826771,7.70107,3.899676,2.313772
-0.03993731,-0.6635067,-0.0005307132,7.700627,4.099411,2.312604
-0.2289735,-0.2233462,2.711023e-05,7.701622,1.695109,2.5201
-0.2194975,-0.2520242,7.003601e-05,7.701742,1.896784,2.520329
-0.208409,-0.2810232,3.516275e-05,7.701819,2.097879,2.520455
-0.1955995,-0.3101321,4.091117e-05,7.701854,2.298603,2.52052
-0.1810153,-0.3396308,3.391777e-05,7.70185,2.499084,2.520541
-0.1646001,-0.3696385,2.513566e-05,7.701805,2.699406,2.520526
-0.1464193,-0.4006746,2.276214e-05,7.701717,2.899622,2.520465
-0.1266274,-0.4331966,1.466734e-05,7.701583,3.099767,2.520339
-0.1056729,-0.4681464,-2.326503e-05,7.701398,3.29986,2.520111
-0.08417997,-0.5062684,2.272392e-05,7.701164,3.499909,2.519735
-0.06354189,-0.5500129,-0.0001738714,7.700888,3.699905,2.519175
-0.0463808,-0.5986592,0.000198365,7.700594,3.899826,2.518433
-0.03815625,-0.6611976,-0.0006100876,7.700344,4.099651,2.517552
-0.2195682,-0.252371,4.984495e-05,7.700686,1.89872,2.723488
-0.2085102,-0.2813084,2.227254e-05,7.700716,2.09916,2.72355
-0.1957278,-0.3103478,1.991356e-05,7.700729,2.299448,2.723582
-0.1811632,-0.3398308,2.657587e-06,7.700728,2.499639,2.723594
-0.1647654,-0.3698147,-3.476782e-05,7.70071,2.699767,2.723589
-0.1466064,-0.4008628,-5.838611e-05,7.700676,2.899853,2.723564
-0.1268407,-0.4334287,-0.000109494,7.700624,3.099912,2.723508
-0.1059231,-0.4684411,-5.962698e-05,7.700552,3.299953,2.723405
-0.08452268,-0.5066825,-4.731056e-05,7.700461,3.499977,2.723231
-0.06397996,-0.5506496,-0.0001875046,7.700356,3.699981,2.722966
-0.04720786,-0.5995081,0.00026338,7.700246,3.899952,2.7226
-0.03937349,-0.6625939,7.356139e-05,7.700158,4.099875,2.722136
-0.2084567,-0.2814285,1.569619e-06,7.700141,2.099832,2.912424
-0.1957044,-0.3104433,-1.337365e-06,7.700144,2.29989,2.912432
-0.1811931,-0.3399269,-1.002459e-05,7.700143,2.499928,2.912435
-0.1648797,-0.3699216,-2.552028e-05,7.70014,2.699954,2.912435
-0.1468733,-0.4009885,-3.037744e-05,7.700133,2.899972,2.912429
-0.1272818,-0.4334987,-1.901124e-05,7.700123,3.099984,2.912418
-0.1066292,-0.4684781,0.0001123973,7.700109,3.299994,2.912396
-0.0848429,-0.5069806,0.000223686,7.700093,3.500002,2.912357
-0.06412461,-0.5504422,0.0002800371,7.700076,3.700008,2.912297
-0.04671619,-0.5997749,0.0008755574,7.700054,3.900001,2.912206
-0.03724849,-0.6599061,0.0008733558,7.70003,4.099967,2.912076
-0.2479039,-0.03496199,-0.005481968,7.849998,0.2461354,0.04526422
-0.2287422,-0.05707615,-0.002663967,7.900029,0.4960938,0.09343666
-0.2287917,-0.07895649,-0.000665135,7.900062,0.6962043,0.08998688
-0.2253314,-0.1085099,3.927263e-05,7.900097,0.89725,0.08848313
-0.221208,-0.1337186,-0.0001255455,7.900131,1.09832,0.08795846
-0.2157475,-0.1617345,3.806301e-05,7.900161,1.298981,0.0877485
-0.2090879,-0.1881102,-4.122752e-05,7.900185,1.499364,0.08764895
-0.2010433,-0.21544,4.669903e-06,7.900204,1.699595,0.08759823
-0.1914179,-0.2422754,-1.251489e-05,7.900216,1.899739,0.087571
-0.1801353,-0.2694856,2.595418e-06,7.900224,2.09983,0.08755621
-0.1669763,-0.2966978,3.874444e-06,7.900227,2.299889,0.08754856
-0.151759,-0.3243563,1.48206e-05,7.900226,2.499929,0.0875457
-0.13441,-0.352577,2.10886e-05,7.90022,2.699955,0.08754692
-0.1148114,-0.3819073,3.314733e-05,7.900209,2.899974,0.08755315
-0.09252446,-0.41298,-8.543466e-05,7.900194,3.099987,0.08756683
-0.06720064,-0.4474845,-6.951686e-05,7.900172,3.299999,0.08759354
-0.03964822,-0.4861906,-0.0001604904,7.900146,3.500012,0.08764138
-0.01132837,-0.5324322,-0.0001381807,7.900116,3.700025,0.08772371
0.0189052,-0.5889467,-0.000614397,7.900053,3.900003,0.08788024
0.04131305,-0.6618906,-0.0001632867,7.899765,4.099732,0.08825109
-0.245884,0.0001769171,-0.08517225,7.850071,0.1380453,0.2431441
-0.2312317,-0.01349453,0.0009595479,7.900025,0.2493024,0.3097314
-0.2317568,-0.0516317,-2.957992e-05,7.900136,0.4642169,0.2906
-0.2290254,-0.07650878,-0.001616483,7.900302,0.6782518,0.28325
-0.2256076,-0.1068983,0.0003839708,7.900484,0.8870924,0.2795808
-0.2213719,-0.132991,-0.000408605,7.900659,1.092151,0.2779319
-0.2158775,-0.1611529,9.308841e-05,7.900813,1.295114,0.2771474
-0.2091855,-0.1877933,-0.0001052009,7.900938,1.496897,0.2767506
-0.2011095,-0.2151997,6.967429e-06,7.901032,1.698,0.2765402
-0.191471,-0.2421161,-3.682768e-05,7.901098,1.898699,0.2764257
-0.180156,-0.269363,-5.448348e-06,7.901138,2.099151,0.2763636
-0.1669699,-0.2965915,-8.119701e-06,7.901155,2.299446,0.2763321
-0.1516924,-0.3242485,1.462897e-05,7.901149,2.499642,0.2763216
-0.134221,-0.3524367,3.08519e-05,7.901121,2.699774,0.2763297
-0.1143742,-0.3818194,7.490705e-05,7.901069,2.899864,0.2763603
-0.0918599,-0.4128608,1.821175e-06,7.900988,3.099928,0.2764257
-0.06727305,-0.4472739,0.0001103863,7.900877,3.299974,0.2765484
-0.03992901,-0.4858562,0.0001130621,7.900731,3.500006,0.2767626
-0.01209191,-0.5325342,0.0005073436,7.900551,3.700016,0.2771143
0.01556728,-0.5903958,-7.378736e-05,7.900339,3.899978,0.2776732
0.03923984,-0.6636193,-0.0005081811,7.900105,4.099839,0.2785634
-0.2294411,-0.01506859,-0.003437642,7.900052,0.2106982,0.5123942
-0.2313729,-0.04245302,0.00199384,7.900291,0.4281338,0.4944181
-0.229207,-0.07444396,-0.001151505,7.900706,0.6521355,0.4889598
-0.2258559,-0.1034605,0.0002371878,7.901182,0.8700325,0.4847826
-0.221472,-0.1317631,-0.0003065867,7.90164,1.081296,0.4822533
-0.2159265,-0.1598748,6.209676e-05,7.902039,1.28812,0.4808867
-0.2091478,-0.1871462,-0.0001117078,7.902364,1.492344,0.4801383
-0.2010202,-0.2146397,6.817769e-06,7.90261,1.695015,0.479723
-0.1913363,-0.2417458,-3.718522e-05,7.902782,1.896736,0.479491
-0.1799881,-0.2690493,-8.932243e-08,7.902887,2.09786,0.4793641
-0.1667785,-0.2963373,-1.312585e-05,7.902932,2.298601,0.4793014
-0.1514842,-0.3240116,-5.163481e-06,7.902919,2.499093,0.4792836
-0.1339997,-0.3521999,-2.483616e-05,7.902848,2.699423,0.4793063
-0.1141513,-0.3815695,-2.405901e-05,7.902714,2.899647,0.4793791
-0.09161181,-0.4125361,-6.715333e-05,7.902508,3.099802,0.4795279
-0.0670612,-0.4468695,5.374262e-05,7.902222,3.299906,0.4797989
-0.03964859,-0.485292,-1.998457e-07,7.901847,3.499965,0.4802585
-0.01168756,-0.5316713,0.0002947253,7.901384,3.699962,0.4809845
0.01670757,-0.5891257,0.0003438508,7.900845,3.899845,0.4820608
0.0410682,-0.6623365,0.001061871,7.900276,4.09953,0.4835856
-0.23253,-0.0147062,0.0008493482,7.900075,0.1973323,0.7006342
-0.2316051,-0.04143386,9.919064e-05,7.900452,0.4048993,0.6961888
-0.2295096,-0.07103524,-6.538336e-05,7.901152,0.6292439,0.6925868
-0.2261619,-0.1016361,2.452497e-06,7.902012,0.8517337,0.6893987
-0.2216781,-0.1301555,-0.0001713299,7.902863,1.068477,0.6868579
-0.2160475,-0.1588131,4.394973e-05,7.903609,1.279504,0.6851757
-0.2091706,-0.186425,-7.831817e-05,7.904215,1.486576,0.6841849
-0.2009735,-0.2140866,3.309942e-06,7.904675,1.691164,0.6836077
-0.1912314,-0.2413495,-3.271783e-05,7.904996,1.894173,0.6832764
-0.1798354,-0.268708,-1.209764e-06,7.905193,2.096161,0.6830931
-0.1665945,-0.2960526,-1.329976e-05,7.905278,2.297481,0.6830032
-0.1512735,-0.323752,-4.083632e-06,7.905257,2.498362,0.6829802
-0.1337743,-0.3519604,-2.294234e-05,7.90513,2.698953,0.6830184
-0.1139392,-0.3813913,-2.12351e-05,7.904886,2.899354,0.6831316
-0.09143622,-0.412353,-6.807426e-05,7.904511,3.099626,0.6833571
-0.06701045,-0.4468356,4.913375e-05,7.903989,3.299805,0.6837587
-0.03997396,-0.4855981,-6.051546e-05,7.90331,3.499898,0.6844234
-0.01179092,-0.5320111,0.0001612367,7.902482,3.699882,0.6854427
0.01483737,-0.5898355,-4.450307e-05,7.901544,3.899691,0.6868897
0.04066799,-0.6623144,0.0004799105,7.900587,4.099205,0.6887385
-0.2324039,-0.01235265,-0.001153498,7.900097,0.1919961,0.8983301
-0.2316276,-0.03911071,0.0003330693,7.900597,0.3936349,0.8971776
-0.2295356,-0.06911238,-0.0004558964,7.901556,0.6149063,0.8952624
-0.2263124,-0.0990297,0.0001270089,7.902789,0.8372472,0.8929356
-0.2217773,-0.1285526,-0.000259663,7.904067,1.056536,0.8909726
-0.2160967,-0.1574146,-1.655845e-05,7.905213,1.270885,0.8893914
-0.2091317,-0.1855047,-8.627302e-05,7.906147,1.480637,0.888323
-0.2008601,-0.2133727,-1.721806e-05,7.906855,1.687129,0.8876792
-0.1910584,-0.2408364,-2.890986e-05,7.907349,1.891457,0.887303
-0.1796151,-0.268288,3.023329e-06,7.907653,2.094347,0.8870936
-0.1663445,-0.2957011,2.780694e-07,7.907786,2.296279,0.8869915
-0.1510051,-0.3234252,9.984645e-06,7.907759,2.497574,0.8869671
-0.1334929,-0.3516357,-1.059638e-06,7.907569,2.698445,0.8870141
-0.1136465,-0.3810524,2.553506e-06,7.907204,2.899034,0.8871484
-0.0911071,-0.4119293,-1.025538e-05,7.906641,3.099432,0.8874114
-0.06676289,-0.4463909,7.448744e-05,7.905859,3.29969,0.8878741
-0.03972136,-0.4851568,7.076455e-05,7.90485,3.499823,0.8886293
-0.01157619,-0.5313139,0.0003308159,7.903636,3.699803,0.889768
0.0151078,-0.5893755,0.0003509009,7.902284,3.899535,0.8912703
0.03988828,-0.6613353,0.001117823,7.901001,4.098981,0.8929292
-0.2324442,-0.01262655,0.0001884514,7.900115,0.1903158,1.098852
-0.2316952,-0.03895988,7.747461e-05,7.900712,0.3887842,1.098242
-0.2296015,-0.06829,3.874159e-05,7.901871,0.6073427,1.097164
-0.2264187,-0.09802909,0.0001171879,7.903399,0.8281523,1.0958
-0.2218931,-0.1273555,-4.81177e-05,7.905036,1.047598,1.094383
-0.2161841,-0.1565141,-4.515412e-05,7.906557,1.2636,1.093241
-0.2091454,-0.1848124,-4.746501e-05,7.907819,1.475418,1.092326
-0.2008053,-0.2128253,7.08064e-06,7.908775,1.683554,1.091725
-0.190949,-0.2404307,-8.206229e-06,7.90944,1.88904,1.091378
-0.1794664,-0.2679521,1.301067e-05,7.909848,2.092727,1.091187
-0.1661635,-0.2954198,1.042239e-05,7.910028,2.295202,1.091095
-0.150809,-0.3231706,1.926854e-05,7.909996,2.496866,1.091074
-0.1332914,-0.3514002,1.257268e-05,7.90975,2.697986,1.091119
-0.1134464,-0.3808366,6.472763e-06,7.909272,2.898744,1.091243
-0.09093601,-0.4117213,-4.906762e-06,7.908533,3.099255,1.091487
-0.06666034,-0.4462278,-2.101989e-05,7.907508,3.299586,1.09192
-0.03968009,-0.4850878,1.547835e-05,7.906196,3.499756,1.092632
-0.01174252,-0.531232,2.42079e-05,7.904629,3.699716,1.093636
0.01435406,-0.5893911,2.568193e-05,7.902943,3.899442,1.094803
0.03951713,-0.6611199,8.828333e-05,7.901414,4.098884,1.095937
-0.2323855,-0.01215903,-0.0002273243,7.900127,0.1897806,1.299519
-0.2316611,-0.03846759,9.658763e-06,7.900784,0.3867985,1.299191
-0.2295757,-0.06773555,-0.0001244285,7.90207,0.6037536,1.298677
-0.2264309,-0.09720415,6.04015e-05,7.903783,0.8234807,1.298036
-0.2219098,-0.1265442,-2.141752e-05,7.905649,1.042448,1.297354
-0.2162167,-0.1556956,-1.543235e-05,7.907425,1.258806,1.296688
-0.2091489,-0.1842415,-8.448224e-05,7.90894,1.4717,1.296174
-0.2007592,-0.2124032,-2.242808e-05,7.910099,1.681009,1.295771
-0.190862,-0.2401219,1.088308e-05,7.9109,1.887336,1.295541
-0.1793499,-0.2676941,2.493713e-05,7.911388,2.091588,1.29542
-0.1660303,-0.2951972,2.917313e-05,7.911604,2.294445,1.295363
-0.1506679,-0.3229572,3.837611e-05,7.91157,2.496367,1.295351
-0.1331487,-0.3511923,4.577328e-05,7.911283,2.697662,1.29538
-0.1132831,-0.3806138,3.8081e-05,7.910722,2.898537,1.295459
-0.09075736,-0.4115026,6.23977e-05,7.909852,3.099127,1.295618
-0.06639946,-0.4459466,-7.227876e-05,7.908648,3.299511,1.295922
-0.03923633,-0.4845471,4.876918e-05,7.907108,3.499691,1.296399
-0.01137908,-0.5308858,-0.0002618447,7.905296,3.699675,1.296982
0.01495934,-0.5888582,-2.999998e-05,7.903388,3.899406,1.297586
0.03976311,-0.6609189,-0.0006317138,7.901688,4.098837,1.298145
-0.2596667,-0.01268021,8.770043e-06,7.700082,0.1897411,1.5
-0.232411,-0.01228236,6.053113e-06,7.90013,0.1896459,1.499999
-0.2589653,-0.03984478,9.589484e-06,7.7005,0.3866549,1.499998
-0.2316973,-0.03854298,7.074232e-06,7.900809,0.3862531,1.499998
-0.2296001,-0.06771311,6.28923e-06,7.902136,0.6026997,1.499995
-0.2264632,-0.09717498,9.362678e-06,7.903911,0.8220497,1.499992
-0.221946,-0.126391,9.659596e-06,7.905855,1.040829,1.49999
-0.2162583,-0.1554638,1.384743e-05,7.907718,1.257152,1.499989
-0.2091923,-0.1840573,1.623759e-05,7.909327,1.470338,1.499988
-0.2007873,-0.2123189,2.16649e-05,7.91057,1.680067,1.499988
-0.1908761,-0.2400529,2.571991e-05,7.911426,1.886713,1.499989
-0.179358,-0.2676311,3.073532e-05,7.911945,2.091173,1.49999
-0.1660293,-0.2951373,3.83136e-05,7.912176,2.294169,1.499991
-0.1506733,-0.3228958,4.920004e-05,7.912142,2.496185,1.499992
-0.1331693,-0.3511468,6.62085e-05,7.911841,2.697543,1.499994
-0.1133092,-0.3805581,5.771967e-05,7.91125,2.89846,1.499995
-0.0908963,-0.4115563,8.843814e-05,7.910328,3.099073,1.499996
-0.06635874,-0.445885,-0.0001064894,7.909053,3.299456,1.499997
-0.03899795,-0.4841258,3.946794e-05,7.907429,3.499668,1.499997
-0.01125211,-0.5308439,-0.0003523967,7.905526,3.69966,1.499997
0.01578887,-0.5877663,-6.465734e-05,7.903536,3.899387,1.499998
0.03995605,-0.660928,-0.0007641803,7.901773,4.098811,1.499998
-0.259581,-0.01253358,0.0002529265,7.70008,0.1898737,1.700476
-0.2323908,-0.01215762,0.00023177,7.900126,0.1897806,1.70048
-0.2589018,-0.03973247,7.595724e-06,7.700483,0.387191,1.700792
-0.2316658,-0.03846749,-9.783228e-07,7.900782,0.3867982,1.700805
-0.2569592,-0.07006595,0.0001520471,7.701272,0.6045321,1.701287
-0.229583,-0.0677331,0.0001335902,7.902064,0.603753,1.701314
-0.2264391,-0.0972009,-4.492599e-05,7.903774,0.82348,1.701949
-0.2219222,-0.1265398,4.008288e-05,7.905637,1.042449,1.702626
-0.2162314,-0.1556905,4.340618e-05,7.907409,1.258806,1.70329
-0.2091699,-0.1842341,0.000116469,7.908922,1.471701,1.703802
-0.2007836,-0.2123936,6.665933e-05,7.910082,1.68101,1.704206
-0.1908967,-0.2401108,4.205499e-05,7.910884,1.887337,1.704437
-0.1793964,-0.2676777,3.604736e-05,7.911374,2.091588,1.70456
-0.1660886,-0.2951822,4.614682e-05,7.911592,2.294445,1.704619
-0.1507507,-0.3229326,5.70208e-05,7.911561,2.496366,1.704634
-0.1332659,-0.351185,7.983732e-05,7.911277,2.697661,1.704608
-0.1133987,-0.3805683,7.307866e-05,7.910718,2.898536,1.704531
-0.09101258,-0.4115946,0.0001068551,7.909848,3.099123,1.704374
-0.06630245,-0.4458586,-6.342127e-05,7.908643,3.299505,1.704071
-0.03880403,-0.4840484,3.159714e-05,7.907102,3.499682,1.703596
-0.01082138,-0.5306986,-0.0005378091,7.905285,3.699659,1.703012
0.01697264,-0.5873857,-8.653611e-05,7.903369,3.899379,1.702409
0.04063522,-0.6611572,-0.000867189,7.901656,4.098795,1.70185
-0.2597008,-0.01303254,-0.0001547971,7.700072,0.1904031,1.901139
-0.2324487,-0.01262223,-0.0001758665,7.900114,0.1903161,1.901147
-0.2589627,-0.04026555,-5.086229e-05,7.700436,0.3891512,1.901727
-0.2317023,-0.0389553,-6.637235e-05,7.900708,0.3887857,1.901753
-0.2570006,-0.07064571,-5.139048e-06,7.701143,0.6080663,1.902773
-0.2296129,-0.06828375,-2.794834e-05,7.901861,0.6073454,1.902827
-0.2538964,-0.10148,-8.654497e-05,7.702083,0.8290821,1.9041
-0.2264332,-0.09802152,-9.978109e-05,7.903381,0.8281561,1.904186
-0.2219156,-0.1273455,6.532946e-05,7.905011,1.047602,1.905598
-0.216211,-0.1565023,7.052785e-05,7.906526,1.263604,1.906738
-0.2091846,-0.1847972,7.596262e-05,7.907786,1.475421,1.907652
-0.2008506,-0.2128059,3.19403e-05,7.908743,1.683556,1.908253
-0.1910136,-0.2404089,5.192758e-05,7.909412,1.889041,1.908601
-0.1795519,-0.2679217,3.86685e-05,7.909824,2.092728,1.908794
-0.1662735,-0.2953927,5.191726e-05,7.910008,2.295202,1.908889
-0.1509693,-0.3231252,5.858562e-05,7.909981,2.496865,1.908912
-0.1335144,-0.3513856,8.265474e-05,7.909739,2.697985,1.90887
-0.1136877,-0.3807511,7.468687e-05,7.909264,2.898741,1.908748
-0.09135312,-0.4118379,0.0001163365,7.908526,3.09925,1.908506
-0.06664452,-0.446041,-3.122507e-05,7.907501,3.299577,1.908073
-0.03946912,-0.4845951,-1.993287e-05,7.906185,3.49974,1.907363
-0.0111465,-0.5307656,-0.0006956767,7.90461,3.699688,1.906359
0.0178459,-0.5864469,-0.0003648102,7.902908,3.899393,1.905192
0.04039979,-0.6610325,-0.001450175,7.901354,4.098803,1.904058
-0.2595861,-0.0127388,0.001226703,7.70006,0.1920737,2.101656
-0.2324096,-0.01235307,0.00114492,7.900095,0.1919972,2.101667
-0.25887,-0.04039431,-0.0003133854,7.700363,0.3939584,2.102779
-0.2316365,-0.03911287,-0.0003223044,7.900592,0.3936405,2.102816
-0.2568999,-0.07146532,0.00050982,7.700944,0.6155367,2.10465
-0.2295536,-0.06910683,0.0004604616,7.901542,0.6149166,2.104727
-0.2537687,-0.1024917,-9.894799e-05,7.701698,0.8380407,2.106928
-0.2263335,-0.09902256,-0.0001121822,7.902765,0.8372585,2.10705
-0.2494099,-0.133199,0.0003096332,7.702492,1.057283,2.10885
-0.2218122,-0.1285405,0.0002737987,7.904034,1.056545,2.109011
-0.216138,-0.1573998,4.103888e-05,7.905174,1.270891,2.110589
-0.209192,-0.1854854,0.0001111382,7.906107,1.480641,2.111657
-0.2009283,-0.2133472,5.253863e-05,7.906816,1.687131,2.112301
-0.1911567,-0.2408075,6.727654e-05,7.907314,1.891458,2.112679
-0.179741,-0.2682459,4.048877e-05,7.907624,2.094348,2.11289
-0.1665049,-0.2956668,5.002243e-05,7.907763,2.296279,2.112995
-0.1512323,-0.3233698,5.133169e-05,7.907741,2.497573,2.113022
-0.1337982,-0.3516249,6.74801e-05,7.907556,2.698444,2.112977
-0.1139902,-0.3809676,5.583577e-05,7.907195,2.899031,2.112844
-0.09165006,-0.4120804,6.769069e-05,7.906634,3.099426,2.112583
-0.06691,-0.4462381,-4.756779e-05,7.905851,3.29968,2.112121
-0.03979279,-0.484872,-8.053623e-05,7.904838,3.499804,2.111367
-0.0115464,-0.5310488,-0.0004555925,7.903615,3.699768,2.110229
0.01747912,-0.5868433,-0.0005595607,7.902244,3.899472,2.108727
0.03973848,-0.661234,-0.001339039,7.900928,4.098874,2.107069
-0.2598122,-0.01517325,-0.0007890602,7.700046,0.1973982,2.299348
-0.2325295,-0.01468831,-0.0007988022,7.900073,0.1973366,2.29936
-0.2588638,-0.04280365,-8.751482e-05,7.700272,0.4051636,2.303758
-0.2316087,-0.04141849,-8.439119e-05,7.900446,0.4049133,2.303801
-0.2568892,-0.07344921,0.0001165557,7.700693,0.62974,2.307311
-0.229529,-0.0710262,7.672151e-05,7.901137,0.629264,2.3074
-0.2536006,-0.1051674,2.207775e-05,7.701216,0.8523342,2.310453
-0.2261866,-0.1016217,1.435542e-05,7.901986,0.8517517,2.310587
-0.2492795,-0.134829,0.0002135596,7.701743,1.069023,2.312957
-0.2217195,-0.1301368,0.0001848362,7.902829,1.068489,2.313127
-0.243765,-0.1647342,-1.12029e-05,7.702216,1.279915,2.314613
-0.2160942,-0.1587914,-2.120913e-05,7.90357,1.279512,2.314809
-0.209242,-0.186399,9.850337e-05,7.904174,1.48658,2.315799
-0.2010531,-0.2140534,2.569285e-05,7.904636,1.691167,2.316377
-0.1913494,-0.2413128,5.989735e-05,7.904962,1.894175,2.31671
-0.1799868,-0.2686584,3.410225e-05,7.905165,2.096162,2.316895
-0.1667893,-0.2960142,4.726895e-05,7.905256,2.297481,2.316987
-0.1515515,-0.3236916,4.581121e-05,7.905241,2.498361,2.317012
-0.1341391,-0.3519477,6.018855e-05,7.905118,2.698952,2.316975
-0.1143776,-0.3812979,5.215911e-05,7.904877,2.899351,2.316863
-0.09207181,-0.4124634,8.267913e-05,7.904504,3.099621,2.316639
-0.06739458,-0.4466501,8.39636e-06,7.903982,3.299795,2.316238
-0.04042068,-0.4853808,3.883755e-05,7.9033,3.499881,2.315573
-0.01224675,-0.5315802,-0.0002035864,7.902464,3.699849,2.314555
0.01630295,-0.5874832,-0.0001242393,7.90151,3.899629,2.313109
0.03884781,-0.6616313,-0.0007142098,7.900524,4.099097,2.311263
-0.2562711,-0.01558752,0.003556177,7.700032,0.2107538,2.487586
-0.2293923,-0.01507119,0.003365392,7.900051,0.2107113,2.487595
-0.2586133,-0.04387124,-0.002026403,7.700174,0.4283295,2.505528
-0.2313797,-0.04249192,-0.001950958,7.900285,0.4281673,2.505564
-0.2565581,-0.0769271,0.001215198,7.700421,0.652469,2.510949
-0.2292275,-0.07443929,0.001149367,7.900692,0.6521696,2.511024
-0.2532747,-0.1070409,-0.0002277772,7.700709,0.8704095,2.515098
-0.2258856,-0.1034555,-0.0002207594,7.90116,0.8700563,2.515205
-0.2490389,-0.1364652,0.0003445907,7.700991,1.081628,2.517604
-0.221525,-0.1317446,0.0003142,7.901612,1.08131,2.517736
-0.2435949,-0.1658103,-3.848929e-05,7.701244,1.288368,2.518954
-0.2159842,-0.1598528,-4.31316e-05,7.902009,1.288128,2.519103
-0.2369775,-0.1943939,0.0001459448,7.701456,1.492505,2.519691
-0.2092355,-0.1871213,0.0001261827,7.902333,1.492348,2.519852
-0.2011181,-0.2146047,1.434442e-05,7.902581,1.695017,2.520268
-0.1914813,-0.2417065,5.548295e-05,7.902757,1.896737,2.520501
-0.1801647,-0.2689932,2.228493e-05,7.902867,2.097861,2.520629
-0.1670082,-0.2962974,3.521599e-05,7.902916,2.298601,2.520693
-0.1518004,-0.3239527,3.264926e-05,7.902907,2.499092,2.520712
-0.1343996,-0.3521968,4.469584e-05,7.90284,2.699422,2.52069
-0.114646,-0.3815063,4.344784e-05,7.902708,2.899645,2.520618
-0.09230419,-0.412664,6.950538e-05,7.902504,3.099798,2.52047
-0.06763124,-0.4467749,2.910675e-05,7.902218,3.2999,2.520199
-0.04059686,-0.4855304,1.042197e-05,7.901842,3.499953,2.51974
-0.01238708,-0.531524,-0.0001786406,7.901374,3.699937,2.519014
0.01654553,-0.5875354,-0.0003358772,7.900826,3.899799,2.517939
0.03977362,-0.6613241,-0.0009861344,7.900241,4.099446,2.516417
-0.2586371,-0.01415887,-0.0008714021,7.700017,0.2493625,2.690247
-0.231215,-0.01374804,-0.0007269153,7.900022,0.249352,2.690235
-0.2590656,-0.05329519,-6.134809e-05,7.70008,0.4643498,2.709353
-0.2317123,-0.05156063,5.210047e-05,7.900131,0.4642901,2.709365
-0.2564138,-0.07908341,0.001706774,7.700179,0.6784218,2.716697
-0.2290438,-0.07652937,0.001620399,7.900293,0.6782992,2.716734
-0.2530058,-0.1105656,-0.0004100627,7.700288,0.8872647,2.720358
-0.2256349,-0.1068732,-0.000369598,7.900472,0.8871168,2.720411
-0.2489153,-0.1377082,0.0004375619,7.700396,1.092297,2.721999
-0.2214273,-0.1329686,0.0004118601,7.900644,1.092162,2.722063
-0.2434945,-0.1671055,-9.069119e-05,7.700494,1.295221,2.722776
-0.2159336,-0.1611219,-7.856672e-05,7.900797,1.29512,2.722848
-0.2369607,-0.1950312,0.0001221022,7.700576,1.496966,2.723168
-0.209274,-0.1877626,0.0001142251,7.900921,1.4969,2.723246
-0.2289966,-0.2238974,7.460825e-06,7.70064,1.69804,2.723375
-0.2012102,-0.2151612,7.193242e-06,7.901017,1.698001,2.723456
-0.1916247,-0.2420713,4.715955e-05,7.901085,1.8987,2.723571
-0.1803438,-0.2693036,2.039826e-05,7.901128,2.099151,2.723634
-0.167213,-0.2965501,2.07626e-05,7.901147,2.299447,2.723666
-0.1520261,-0.3241888,2.680661e-06,7.901144,2.499642,2.723677
-0.1346347,-0.3524281,-2.194682e-05,7.901117,2.699773,2.723669
-0.1149059,-0.3817527,-6.385672e-05,7.901066,2.899863,2.723639
-0.09258279,-0.4129448,-1.08441e-05,7.900986,3.099926,2.723574
-0.06793602,-0.4471439,-1.830838e-05,7.900875,3.299971,2.723451
-0.04095579,-0.4859754,-8.136137e-05,7.900729,3.499999,2.723237
-0.01273288,-0.5322275,-0.0001719571,7.900548,3.700003,2.722885
0.01586976,-0.5885548,0.0001620218,7.900334,3.899954,2.722327
0.03833513,-0.6627281,0.0007065717,7.900097,4.099793,2.721439
-0.2517105,-0.0003616065,0.00268593,7.850029,0.2388498,2.858354
-0.2556262,-0.05899199,0.002617773,7.70002,0.496151,2.906551
-0.2287773,-0.05717382,0.002653609,7.900028,0.4961673,2.906546
-0.2561574,-0.08149404,0.0006941088,7.700037,0.6962536,2.91
-0.2288048,-0.07897552,0.000678559,7.900059,0.6962442,2.910007
-0.2526855,-0.1122404,-6.217325e-05,7.700058,0.8972922,2.911503
-0.2253699,-0.1084958,-3.249101e-05,7.900093,0.8972661,2.911515
-0.2487265,-0.1384398,0.000132088,7.700079,1.098353,2.912026
-0.2212727,-0.1336984,0.0001270922,7.900126,1.098326,2.912041
-0.2433248,-0.167704,-3.892391e-05,7.700098,1.299004,2.912235
-0.2158122,-0.1617047,-2.996819e-05,7.900156,1.298983,2.912251
-0.2368324,-0.1953562,4.474603e-05,7.700114,1.49938,2.912333
-0.2091863,-0.1880836,4.280192e-05,7.900181,1.499365,2.91235
-0.228896,-0.2241437,-1.465835e-06,7.700126,1.699604,2.912383
-0.2011551,-0.215401,-1.795279e-06,7.900199,1.699596,2.912401
-0.219488,-0.2525311,1.442385e-05,7.700135,1.899743,2.91241
-0.191588,-0.2422297,1.230024e-05,7.900213,1.899739,2.912428
-0.1803341,-0.2694249,-1.202432e-06,7.900221,2.09983,2.912443
-0.1672332,-0.2966539,-3.622277e-06,7.900225,2.299889,2.912451
-0.1521036,-0.3243013,-1.357721e-05,7.900224,2.499929,2.912454
-0.1348215,-0.3525711,-2.540445e-05,7.900219,2.699955,2.912453
-0.1153327,-0.3818645,-4.163075e-05,7.900209,2.899973,2.912447
-0.09323804,-0.4130725,5.838107e-05,7.900193,3.099987,2.912433
-0.06796562,-0.4474722,9.116346e-05,7.900172,3.299998,2.912406
-0.04087034,-0.4865601,0.0001223557,7.900146,3.50001,2.912359
-0.01243419,-0.5326383,0.0001901191,7.900115,3.700021,2.912276
0.01709283,-0.5887254,0.0003262939,7.900053,3.899996,2.91212
0.0405896,-0.6612845,-0.0004567228,7.899771,4.099718,2.91175
-0.3040059,0.001002528,0.0005026954,7.775551,0.1710874,0.02000953
-0.247683,-0.002371617,0.02320353,7.749986,0.1441631,0.1442865
-0.2879082,-0.02224871,4.529324e-05,7.824449,0.1710862,0.02000864
-0.233834,-0.00612569,-0.02243972,7.850012,0.1441562,0.1442827
-0.2336655,-0.006173241,0.0224943,7.850017,0.144166,2.855694
-0.287853,-0.02271932,-0.0001668175,7.824449,0.1710902,2.97999
-0.2476181,-0.002366227,-0.02317633,7.749991,0.1441614,2.855708
-0.2761454,0.004804532,-0.01278574,7.72446,0.1200845,2.929474
-0.2351638,-0.04945918,0.006347659,7.850202,0.340587,2.861891
-0.2481186,-0.03488068,0.005344683,7.850005,0.2461627,2.954729
-0.258052,-0.04347951,0.0106733,7.849001,0.3525923,2.957282
-0.266546,-0.02502309,0.0007809116,7.751005,0.3525571,0.04271747
-0.2476568,-0.02587799,0.01746391,7.749818,0.3405505,0.1381021
-0.2589008,-0.03401154,0.0136399,7.749981,0.238835,0.1416399
-0.293007,0.02589881,0.01707044,7.750808,0.1216974,0.3452043
-0.2578097,-0.04321189,-0.01084653,7.848997,0.3525489,0.04271291
-0.235279,-0.04956745,-0.006636222,7.850197,0.3405224,0.1380869
-0.2516241,-9.3731e-05,-0.002576884,7.850021,0.2388144,0.1416272
-0.2355986,-0.005818325,0.003050283,7.950001,0.2461273,0.04525829
-0.2375836,-0.02468728,0.0008261812,7.951006,0.3525392,0.04270756
-0.2305211,-0.03243543,0.01314982,7.949981,0.2387896,0.1416087
-0.2212474,-0.02555736,0.01654849,7.949824,0.3404922,0.1380714
-0.2774455,-0.03885896,-0.02503922,7.849188,0.1216962,0.345203
-0.2296451,-0.009092288,0.06397547,7.949927,0.1380407,0.2431413
-0.26217,0.02479452,0.01578269,7.950806,0.1216948,0.3452007
-0.2930189,0.02591451,-0.01708779,7.750808,0.1216994,2.654791
-0.2568606,-0.009702165,-0.06728655,7.749925,0.13806,2.756851
-0.2774747,-0.03883086,0.02499927,7.849187,0.1216974,2.654779
-0.2622068,0.0248448,-0.01585871,7.950806,0.1216973,2.65474
-0.2459474,0.0001081474,0.08557516,7.850073,0.1380519,2.756827
-0.229532,-0.009111118,-0.06353883,7.94993,0.1380564,2.756756
-0.2588834,-0.03395639,-0.01373692,7.749979,0.2388585,2.858372
-0.2475821,-0.02576784,-0.01764898,7.749822,0.3405927,2.861902
-0.2637765,-0.005442684,-0.003275808,7.750001,0.2461571,2.954728
-0.2668442,-0.02527589,-0.0008804594,7.75101,0.3525832,2.95729
-0.2812557,-0.000676555,0.0248674,7.775011,0.1659281,0.06597302
-0.2404902,0.02026956,0.03734342,7.724987,0.1659388,0.06597771
-0.2684755,0.01131305,0.002266944,7.72445,0.1710877,0.02001039
-0.26183,0.003383725,-0.002475919,7.72498,0.1212913,0.02111417
-0.2758699,0.004753412,0.01284072,7.724458,0.1200989,0.07052173
-0.2857245,-0.004173352,-0.001107063,7.77502,0.1212912,0.02111371
-0.3126446,-0.0005910688,0.0228435,7.775542,0.1200971,0.07052063
-0.2612893,-0.04244429,-0.05387502,7.824989,0.1659242,0.06597025
-0.2230282,-0.007268345,-0.01932218,7.875542,0.1200955,0.07051922
-0.2663129,-0.005124361,-0.003164464,7.82498,0.1212908,0.0211133
-0.2333341,0.001582581,-0.001728796,7.87555,0.1710841,0.02000788
-0.2933739,-0.01314951,-0.04056817,7.824458,0.120096,0.07051977
-0.2139862,-0.009928426,-0.01640875,7.875013,0.1659273,0.0659703
-0.2283212,-0.001442376,-0.00443775,7.87502,0.12129,0.02111305
-0.2231784,-0.007482853,0.02044521,7.875544,0.1200989,2.929469
-0.2611637,-0.04247785,0.05377321,7.82499,0.1659304,2.934025
-0.2660988,-0.005106139,0.003318558,7.82498,0.1212919,2.978885
-0.2335351,0.002518495,0.001675351,7.875553,0.1710946,2.979988
-0.2937862,-0.01313419,0.04120689,7.824459,0.1200967,2.929476
-0.2138397,-0.009634876,0.01678578,7.875016,0.1659407,2.934017
-0.2271251,-0.001259651,0.004838004,7.875022,0.1212933,2.978883
-0.2403798,0.0209665,-0.03800536,7.724987,0.1659331,2.934026
-0.2684776,0.01178104,-0.002067429,7.724448,0.1710857,2.979981
-0.2620027,0.003746785,0.002441074,7.72498,0.121288,2.978881
-0.3040126,0.0006521047,-0.0004214359,7.775549,0.1710889,2.979987
-0.2815363,-0.0008079042,-0.02475493,7.775011,0.1659321,2.934029
-0.2859148,-0.004174834,0.001135318,7.77502,0.1212904,2.978884
-0.313086,-0.0004162535,-0.02257245,7.775545,0.120092,2.929477
-0.2204289,-0.03400094,-0.005569458,8.049999,0.2461213,0.04525369
-0.194229,-0.03426484,-0.006503207,8.25,0.2461156,0.04524946
-0.2025186,-0.05508642,-0.002709115,8.100051,0.496049,0.09342153
-0.1775765,-0.05298395,-0.002726258,8.300095,0.4960263,0.09341256
-0.2023455,-0.07639761,-0.0006430954,8.100107,0.6961537,0.08996997
-0.1770047,-0.07387546,-0.0005886626,8.300189,0.696126,0.08996158
-0.1989081,-0.1047196,1.72863e-05,8.100164,0.8971989,0.08846433
-0.1738425,-0.1010065,2.010292e-05,8.300281,0.8971708,0.08845567
-0.1947939,-0.1289132,-0.0001187595,8.100217,1.098276,0.08793746
-0.1697111,-0.1241796,-0.0001076231,8.300365,1.098252,0.0879281
-0.1893353,-0.155654,4.033133e-05,8.100263,1.298948,0.08772519
-0.1645455,-0.1497575,3.364047e-05,8.300433,1.298931,0.08771507
-0.1827704,-0.1807108,-3.764669e-05,8.100299,1.499342,0.08762388
-0.1579227,-0.1735772,-4.169471e-05,8.300483,1.499332,0.08761314
-0.1747807,-0.2065525,7.748436e-06,8.100325,1.699581,0.0875718
-0.1502215,-0.1979228,2.302072e-06,8.300518,1.699575,0.08756059
-0.1652006,-0.2317057,-1.531432e-05,8.100342,1.89973,0.08754387
-0.1407515,-0.2214039,-2.729065e-05,8.300538,1.899727,0.08753248
-0.1539564,-0.2570088,5.481022e-06,8.100352,2.099825,0.08752878
-0.1297948,-0.2448805,-6.438246e-06,8.300548,2.099824,0.08751716
-0.140671,-0.2820303,1.173072e-06,8.100355,2.299887,0.08752101
-0.1165701,-0.2678288,-1.366418e-05,8.300549,2.299887,0.08750973
-0.1252228,-0.3071966,1.230981e-05,8.100353,2.499928,0.08751827
-0.1011266,-0.2906995,-1.0848e-05,8.300544,2.499929,0.08750733
-0.1073263,-0.3324291,1.157609e-05,8.100344,2.699956,0.08752015
-0.08290183,-0.3132979,-1.673016e-05,8.300532,2.699958,0.08750973
-0.08661756,-0.3583076,-1.521887e-05,8.10033,2.899976,0.08752758
-0.06107176,-0.3363836,-0.0001334063,8.300512,2.899979,0.08751819
-0.06188294,-0.3854518,-0.0001417274,8.100307,3.099992,0.08754387
-0.03457955,-0.3602845,-0.0001457593,8.300481,3.099997,0.08753661
-0.0335255,-0.4150739,-1.665919e-05,8.100275,3.300007,0.08757594
-0.002895687,-0.3858339,-0.0002247415,8.300436,3.300019,0.08757346
-0.0005914798,-0.4484311,-0.00038454,8.100233,3.500027,0.0876361
0.03632107,-0.4144813,-0.0006042143,8.300374,3.500053,0.08764593
0.0368251,-0.489097,-0.0005004489,8.100182,3.700057,0.08775068
0.0862335,-0.449402,-0.0007673176,8.300293,3.700117,0.08779505
0.0809129,-0.5435909,-0.0011241,8.100065,3.900044,0.08800971
0.1539238,-0.4969821,-0.0008125833,8.300129,3.900177,0.0881656
0.1245505,-0.6191751,0.004715884,8.099394,4.09949,0.08877194
0.2497585,-0.5671227,0.00864741,8.299365,4.09966,0.0892872
-0.2048266,-0.0129076,0.000952234,8.100048,0.2492541,0.3097
-0.1793918,-0.01233694,0.001127284,8.300101,0.2492303,0.3096872
-0.2052099,-0.04992663,-0.0001778491,8.100237,0.4640734,0.2905478
-0.1798156,-0.04825836,-0.0002951862,8.300419,0.4639991,0.2905193
-0.2025369,-0.07390564,-0.001549201,8.100507,0.6780418,0.283183
-0.1771758,-0.07132319,-0.00145486,8.300853,0.6779309,0.2831462
-0.1991385,-0.1031616,0.0003534527,8.100796,0.8868644,0.279499
-0.1739939,-0.09953133,0.0002892132,8.301308,0.8867435,0.2794551
-0.1949226,-0.1281793,-0.0003839794,8.101069,1.09195,0.277837
-0.1697683,-0.123472,-0.0003952127,8.301723,1.091846,0.2777879
-0.1894332,-0.155079,0.0001035393,8.101302,1.294962,0.2770419
-0.1645207,-0.1492061,3.260556e-05,8.302066,1.294888,0.2769886
-0.1828266,-0.1803998,-9.502703e-05,8.101486,1.496793,0.2766373
-0.1579089,-0.1732718,-0.0001215553,8.302327,1.496748,0.2765811
-0.1748073,-0.2063108,1.338113e-05,8.101622,1.697934,0.2764221
-0.1501627,-0.1976783,-1.24896e-05,8.302511,1.697911,0.2763647
-0.1652087,-0.2315448,-3.979232e-05,8.101713,1.898661,0.2763049
-0.1407215,-0.2212352,-7.061989e-05,8.302629,1.898651,0.2762474
-0.1539307,-0.2568763,-2.170636e-07,8.101767,2.09913,0.2762415
-0.1296877,-0.2447317,-2.366033e-05,8.302693,2.099128,0.276185
-0.1406168,-0.2819214,-1.224714e-05,8.101787,2.299437,0.2762103
-0.1164527,-0.2677048,-4.306188e-05,8.302715,2.299439,0.2761552
-0.1250999,-0.3070884,9.295619e-06,8.101778,2.49964,0.2762011
-0.1009003,-0.2905684,-3.372159e-05,8.302698,2.499646,0.2761479
-0.1070209,-0.3323221,1.971125e-05,8.101737,2.699777,0.2762121
-0.08243981,-0.3132429,-3.596917e-05,8.302643,2.699787,0.2761617
-0.08600731,-0.3582953,3.307356e-05,8.101663,2.899874,0.2762485
-0.06058359,-0.3363171,-0.0001314815,8.302544,2.899889,0.2762031
-0.06165456,-0.3852077,-4.536745e-05,8.101547,3.099945,0.2763252
-0.03445167,-0.3600574,-0.0001263817,8.302387,3.099971,0.2762894
-0.0333899,-0.414845,0.0001870305,8.101383,3.300003,0.2764712
-0.002803265,-0.3858432,-9.854932e-05,8.302159,3.300048,0.2764556
-0.0006054462,-0.4480908,0.0001460387,8.10116,3.500053,0.2767361
0.03623377,-0.4146589,-0.0001781203,8.301838,3.500134,0.2767675
0.03678798,-0.4899794,0.000585964,8.100868,3.700087,0.2772064
0.08609492,-0.4511225,0.0004298589,8.301403,3.70024,0.277357
0.08044391,-0.5449904,0.0001024776,8.100484,3.900062,0.2780653
0.1505981,-0.4983811,0.0009828228,8.300804,3.90034,0.2785436
0.1256107,-0.6245149,0.0003747794,8.099937,4.099824,0.2797521
0.2483687,-0.5715676,0.00482825,8.299859,4.100233,0.2811857
-0.2032299,-0.01455071,-0.003377746,8.100105,0.2106299,0.5123724
-0.1782584,-0.0141166,-0.0031624,8.300224,0.2105984,0.5123658
-0.2049142,-0.04099545,0.001906294,8.100505,0.4278843,0.4943515
-0.1795991,-0.03966741,0.001858353,8.300883,0.4277645,0.4943175
-0.2026998,-0.07190055,-0.001112383,8.101171,0.6516929,0.4888409
-0.1773227,-0.06944765,-0.001044722,8.301936,0.6514719,0.488773
-0.1993754,-0.09979428,0.0002233518,8.10192,0.8695169,0.4846212
-0.1740858,-0.09627327,0.0002256508,8.303094,0.8692579,0.4845289
-0.1949795,-0.1269514,-0.0002787575,8.102626,1.080829,0.4820577
-0.1697088,-0.1222772,-0.0002669445,8.304159,1.080604,0.481949
-0.1894479,-0.1538116,7.771395e-05,8.10323,1.287762,0.4806661
-0.1643187,-0.1479328,5.244975e-05,8.305043,1.287603,0.4805469
-0.1827118,-0.179743,-8.791572e-05,8.103709,1.492099,0.4799008
-0.1576501,-0.1725553,-9.19488e-05,8.305721,1.492004,0.4797764
-0.1746375,-0.205725,2.327458e-05,8.104063,1.694862,0.4794753
-0.1498355,-0.1970224,1.625192e-05,8.306205,1.694815,0.4793489
-0.164982,-0.2311422,-2.689286e-05,8.104303,1.896647,0.4792384
-0.1403464,-0.2207801,-4.579993e-05,8.306522,1.89663,0.4791128
-0.1536607,-0.2565186,1.563855e-05,8.104446,2.097812,0.4791098
-0.1292593,-0.2443099,1.496623e-06,8.306703,2.097812,0.4789867
-0.1403304,-0.2816125,-8.935466e-06,8.104504,2.298579,0.4790479
-0.1160267,-0.2673201,-3.740358e-05,8.306771,2.298589,0.4789282
-0.1248,-0.3067786,-6.620921e-06,8.104483,2.499089,0.4790335
-0.1004776,-0.2901626,-4.529555e-05,8.306739,2.499106,0.4789182
-0.1067152,-0.3319938,-3.678031e-05,8.104383,2.699433,0.479063
-0.08204526,-0.3128008,-9.601404e-05,8.306606,2.699458,0.4789539
-0.08569954,-0.35791,-4.639329e-05,8.104194,2.899671,0.4791489
-0.06022601,-0.3357862,-0.0001417827,8.306354,2.899709,0.4790501
-0.061314,-0.3847037,-9.763518e-05,8.103898,3.099843,0.4793226
-0.03414892,-0.3593879,-0.0002094966,8.305956,3.099902,0.4792438
-0.03305587,-0.414123,-2.789599e-06,8.103477,3.29997,0.479643
-0.002568189,-0.3849195,-0.0001792729,8.305372,3.300067,0.4796047
-9.426698e-05,-0.4470571,-3.931164e-05,8.102907,3.50006,0.4802031
0.03639675,-0.4133498,-0.0001894038,8.304558,3.500224,0.480253
0.03740887,-0.4880253,0.0003396478,8.102167,3.700087,0.4811432
0.08627319,-0.4487642,0.000316247,8.303465,3.700371,0.4813935
0.0816211,-0.5416677,0.0006560264,8.101227,3.899962,0.4826902
0.1516274,-0.4943504,0.0009777415,8.302023,3.900431,0.4834113
0.1272901,-0.6190194,0.003053041,8.100021,4.099442,0.4852237
0.2476106,-0.5645496,0.003700871,8.300042,4.100037,0.4869561
-0.205977,-0.01424287,0.0007833908,8.100156,0.1972447,0.7006144
-0.1805481,-0.01386744,0.001001136,8.300338,0.1972063,0.700611
-0.205109,-0.04002024,3.399245e-05,8.10078,0.4045439,0.6961222
-0.1798143,-0.03871978,0.0001036874,8.301349,0.4043809,0.696089
-0.2029433,-0.06854715,-6.567989e-05,8.101897,0.6285668,0.6924515
-0.1774943,-0.06613879,1.261056e-05,8.303097,0.6282456,0.6923746
-0.1995812,-0.09800246,-1.443887e-05,8.10324,0.8509005,0.6891976
-0.174286,-0.09455151,1.629133e-05,8.305154,0.8505065,0.6890829
-0.195105,-0.1253497,-0.0001485371,8.104547,1.067702,0.6866056
-0.1697206,-0.1207369,-0.0001289777,8.307114,1.067355,0.6864667
-0.1894588,-0.1527477,5.444804e-05,8.105672,1.278904,0.6848856
-0.1642231,-0.1469019,4.288243e-05,8.308756,1.278664,0.684733
-0.1826295,-0.1790055,-6.161749e-05,8.106565,1.486165,0.6838706
-0.1573964,-0.1718332,-6.678482e-05,8.31002,1.48603,0.6837122
-0.1744795,-0.205151,1.603742e-05,8.107226,1.690908,0.6832794
-0.1495165,-0.196431,1.037049e-05,8.310926,1.690847,0.6831205
-0.1647673,-0.2307039,-2.78071e-05,8.107677,1.894024,0.6829414
-0.1399852,-0.2202941,-4.464244e-05,8.311526,1.89401,0.6827849
-0.1533926,-0.2561197,7.101755e-06,8.107948,2.096082,0.6827563
-0.1288314,-0.2438328,-1.107758e-05,8.311875,2.096093,0.6826038
-0.1400331,-0.2812571,-1.772459e-05,8.108061,2.297447,0.6826681
-0.1155855,-0.2668602,-5.069527e-05,8.312016,2.297472,0.6825204
-0.1244795,-0.3064336,-1.95783e-05,8.108029,2.498358,0.6826503
-0.1000095,-0.289684,-6.329271e-05,8.31197,2.498392,0.6825089
-0.1063874,-0.3316609,-5.506913e-05,8.10785,2.698973,0.682699
-0.08158752,-0.3123115,-0.0001224195,8.311735,2.69902,0.6825666
-0.08537724,-0.3576352,-8.174449e-05,8.107506,2.899396,0.6828319
-0.05978688,-0.3353093,-0.0001757378,8.31128,2.899462,0.6827145
-0.06100655,-0.384424,-0.0001691121,8.106967,3.099695,0.6830945
-0.03375851,-0.3588646,-0.0002776395,8.310555,3.099795,0.6830048
-0.03278164,-0.4140649,-0.0001516277,8.106198,3.299909,0.6835673
-0.00226902,-0.3845457,-0.0002929534,8.309488,3.300065,0.6835324
7.881431e-05,-0.4470513,-0.0003798422,8.105165,3.500044,0.6843703
0.03631289,-0.4128736,-0.000459345,8.308009,3.500299,0.6844485
0.0376476,-0.4887626,-0.0003021302,8.103847,3.700065,0.6856639
0.08591482,-0.4487741,-0.0001749685,8.306057,3.700484,0.6859811
0.08175518,-0.5417813,-0.001058204,8.102239,3.899846,0.6876393
0.1488733,-0.4937621,-0.0002614949,8.3036,3.900482,0.6884053
0.1286334,-0.6205725,-0.0001865775,8.100379,4.099084,0.6903437
0.2441815,-0.5643595,0.0006776435,8.300672,4.099901,0.6917942
-0.2056212,-0.01191945,-0.00111509,8.1002,0.1918902,0.8983133
-0.1806454,-0.01175774,-0.001008221,8.300431,0.1918439,0.8983067
-0.2050556,-0.03772036,0.0003129061,8.101022,0.393191,0.8971215
-0.1797728,-0.03668453,0.0003419945,8.301748,0.3929922,0.8970924
-0.202913,-0.06665222,-0.0004257194,8.102542,0.6140339,0.8951451
-0.1774979,-0.0643849,-0.0003746622,8.304111,0.6136357,0.8950796
-0.1996928,-0.09543303,0.0001260225,8.104462,0.8361375,0.8927521
-0.1742833,-0.0920898,0.0001382008,8.307033,0.8356441,0.8926512
-0.1951353,-0.1237546,-0.0002300699,8.106418,1.055476,0.8907328
-0.1696048,-0.1191979,-0.0002111778,8.309952,1.055043,0.8906082
-0.1894433,-0.151366,5.555125e-07,8.108144,1.270057,0.8891115
-0.164009,-0.1455366,-1.762491e-05,8.312469,1.269771,0.8889768
-0.1824827,-0.1780762,-6.583095e-05,8.109523,1.480071,0.8880168
-0.1571007,-0.1708701,-6.150051e-05,8.314423,1.479925,0.8878806
-0.1742423,-0.2044154,2.127371e-06,8.110543,1.686777,0.8873585
-0.1490828,-0.1956698,6.065167e-06,8.315825,1.686727,0.8872256
-0.164462,-0.230155,-1.747115e-05,8.11124,1.891255,0.8869759
-0.1394959,-0.2196927,-2.107762e-05,8.316755,1.89126,0.8868482
-0.1530364,-0.2556476,1.519906e-05,8.111659,2.094242,0.8867651
-0.128289,-0.2432892,8.194004e-06,8.3173,2.094275,0.8866428
-0.1396525,-0.2808381,-3.069442e-06,8.111838,2.296236,0.8866653
-0.115035,-0.266344,-2.423959e-05,8.317528,2.296283,0.8865491
-0.1240812,-0.3060202,-9.320652e-06,8.111797,2.497572,0.8866472
-0.09945748,-0.2891479,-3.878321e-05,8.317472,2.49763,0.886538
-0.1059882,-0.3312407,-4.181509e-05,8.111531,2.698475,0.8867064
-0.08106444,-0.3117322,-9.126277e-05,8.317126,2.698547,0.886607
-0.08498317,-0.3571874,-7.569041e-05,8.111015,2.899096,0.8868637
-0.05930055,-0.3346588,-0.0001346237,8.316446,2.899193,0.8867803
-0.06061339,-0.3839191,-0.0001256141,8.110205,3.09953,0.88717
-0.03334711,-0.358106,-0.0001968456,8.315351,3.09967,0.8871162
-0.03243743,-0.4135223,-0.0001388072,8.109048,3.299833,0.8877146
-0.0020009,-0.3836686,-0.0001949738,8.313738,3.300047,0.8877189
0.0004454949,-0.4464405,-0.0002105683,8.107502,3.500017,0.8886249
0.03627038,-0.4118208,-0.0001842712,8.311506,3.500354,0.8887466
0.03789224,-0.4881521,-0.0001429804,8.105565,3.700035,0.8900377
0.08518515,-0.4475193,-2.513465e-05,8.308622,3.700558,0.8903624
0.08174603,-0.5407334,-0.0003011447,8.103307,3.899729,0.891945
0.1464712,-0.4919361,7.394055e-05,8.305192,3.900515,0.8925577
0.1279171,-0.6196114,0.00017411,8.100936,4.098957,0.894091
0.2361449,-0.562507,0.000744417,8.301463,4.099946,0.8950608
-0.2058536,-0.01222732,0.0001897801,8.100234,0.1901958,1.09884
-0.1804244,-0.0119137,0.0002090305,8.300496,0.1901437,1.098833
-0.2051317,-0.03759875,5.73719e-05,8.101208,0.3882767,1.098203
-0.1798267,-0.03639292,0.0001132418,8.302047,0.3880527,1.098182
-0.2029562,-0.06583854,4.915398e-05,8.10304,0.6063335,1.097082
-0.1774015,-0.06352639,7.741125e-05,8.304876,0.605886,1.097037
-0.199727,-0.09445588,0.0001117309,8.105412,0.8268457,1.09567
-0.1742819,-0.09112725,0.0001421247,8.308473,0.8262954,1.095601
-0.1951879,-0.1225713,-3.27991e-05,8.107915,1.046325,1.094208
-0.1695688,-0.1180673,-1.976251e-05,8.312199,1.045857,1.094124
-0.1894454,-0.1504698,-3.762144e-05,8.110204,1.262592,1.093033
-0.1639121,-0.1446613,-3.150668e-05,8.31554,1.262309,1.092947
-0.1823994,-0.1773764,-3.995931e-05,8.11207,1.474732,1.092097
-0.1568689,-0.170181,-3.827852e-05,8.318197,1.474617,1.092018
-0.1740781,-0.2038535,1.254066e-05,8.113454,1.683132,1.091485
-0.1487676,-0.1950994,1.123662e-05,8.320109,1.683121,1.091416
-0.1642404,-0.2297171,-8.088536e-06,8.114394,1.888801,1.091134
-0.139127,-0.2192205,-1.820472e-05,8.321369,1.888843,1.091074
-0.152767,-0.2552689,1.158843e-05,8.114959,2.092605,1.090942
-0.1278712,-0.2428464,-3.817839e-06,8.322107,2.092671,1.090889
-0.1393563,-0.2805012,-4.81305e-06,8.115204,2.295156,1.090853
-0.1145993,-0.2659159,-3.032538e-05,8.322421,2.295231,1.090805
-0.1237668,-0.3056981,-1.499009e-05,8.115156,2.496869,1.090838
-0.09900616,-0.2887045,-4.47457e-05,8.322358,2.496952,1.090797
-0.1056699,-0.3309355,-4.546781e-05,8.114811,2.698028,1.090894
-0.08061785,-0.3112697,-8.577912e-05,8.32191,2.698126,1.090861
-0.08466974,-0.3569033,-9.08305e-05,8.114134,2.898823,1.091039
-0.05886683,-0.3341796,-0.00012547,8.321016,2.898949,1.09102
-0.06031823,-0.3836663,-0.0001400224,8.113063,3.099377,1.091324
-0.03295039,-0.3576003,-0.0001703744,8.319561,3.099553,1.091329
-0.03216912,-0.4133598,-0.0001982156,8.11153,3.299761,1.091838
-0.001642309,-0.3831861,-0.0001814998,8.317399,3.300022,1.091893
0.0006786528,-0.4463462,-0.0002671864,8.109499,3.499986,1.092687
0.03651613,-0.4113309,-0.0001822657,8.314432,3.500379,1.092825
0.03803443,-0.4881396,-0.0002862375,8.107011,3.69999,1.093877
0.08521081,-0.4470807,-0.0001585314,8.310718,3.700599,1.094126
0.08192894,-0.5406234,-0.0003175883,8.104231,3.899707,1.095252
0.1458673,-0.4915421,-0.0002066228,8.306499,3.900588,1.095643
0.1283826,-0.6195369,4.368467e-05,8.101455,4.098916,1.096627
0.2352039,-0.5617495,-0.0001594098,8.302145,4.099987,1.097197
-0.2055485,-0.01174588,-0.000210013,8.100254,0.1896524,1.299513
-0.1804426,-0.01153334,-0.0001888398,8.300532,0.1895969,1.299509
-0.2050214,-0.03708364,1.118777e-05,8.101324,0.386254,1.299171
-0.1797899,-0.03606731,1.942907e-05,8.302228,0.3860161,1.299159
-0.2028962,-0.06527874,-0.0001120795,8.10335,0.6026662,1.298634
-0.1773956,-0.06307018,-9.802789e-05,8.305346,0.6021935,1.298611
-0.1997155,-0.09362991,5.997701e-05,8.106005,0.8220628,1.297968
-0.1742294,-0.09035376,5.897889e-05,8.30936,0.8214887,1.297933
-0.1951649,-0.121764,-1.378273e-05,8.108858,1.041052,1.297264
-0.169461,-0.1172974,-6.196507e-06,8.313605,1.040582,1.297223
-0.1894383,-0.1496701,-1.443045e-05,8.111535,1.257691,1.29658
-0.163812,-0.1438886,-4.028525e-06,8.317524,1.257443,1.296543
-0.1823469,-0.1768061,-8.592332e-05,8.11378,1.470941,1.296055
-0.1567403,-0.1696097,-5.827961e-05,8.320748,1.470887,1.296031
-0.1739619,-0.2034256,-2.097947e-05,8.115466,1.680547,1.295646
-0.1485373,-0.1946731,8.730012e-06,8.3231,1.680593,1.295637
-0.1640745,-0.2293916,7.449321e-06,8.116603,1.887078,1.295414
-0.138845,-0.218869,2.891795e-05,8.324631,1.887165,1.295415
-0.1525666,-0.254984,2.010959e-05,8.11728,2.09146,1.295294
-0.127556,-0.2425178,3.441559e-05,8.325521,2.09156,1.295301
-0.1391392,-0.2802425,9.379755e-06,8.117575,2.294399,1.295239
-0.1142739,-0.2655919,1.606579e-05,8.325902,2.294502,1.295251
-0.1235395,-0.3054386,-2.641223e-06,8.117524,2.496375,1.295231
-0.09867588,-0.2883601,1.805529e-06,8.325836,2.496482,1.295247
-0.1054415,-0.3306803,-2.284892e-05,8.117122,2.697713,1.295267
-0.08029786,-0.3108967,-2.211838e-05,8.325313,2.697832,1.295288
-0.0844415,-0.3566312,-7.668044e-05,8.116324,2.898629,1.29536
-0.05855316,-0.333759,-5.467952e-05,8.324255,2.898777,1.295388
-0.0600909,-0.3833859,-9.242343e-05,8.115049,3.099265,1.295545
-0.03264861,-0.3571344,-4.763477e-05,8.322506,3.099468,1.295586
-0.03191266,-0.4130425,-0.0002224798,8.113222,3.299705,1.295905
-0.001337895,-0.3826424,-6.789192e-05,8.319886,3.29999,1.295966
0.0008996202,-0.4459388,-0.0002859816,8.110832,3.499947,1.296458
0.03678977,-0.410704,1.503663e-05,8.316352,3.500383,1.296547
0.03829174,-0.4876235,-0.0004747482,8.107963,3.699989,1.297114
0.08546093,-0.4464943,-7.944038e-05,8.312061,3.700643,1.297243
0.08203954,-0.540039,-0.0003385628,8.104835,3.899699,1.297799
0.1460745,-0.4908888,-9.309549e-05,8.307331,3.900623,1.297987
0.1282532,-0.6186188,-0.0004451195,8.101796,4.098896,1.298465
0.2356479,-0.5617105,-0.0004866857,8.302583,4.100006,1.298727
-0.2058104,-0.01189787,3.736217e-06,8.100261,0.1895149,1.499999
-0.1803467,-0.01159449,6.878002e-07,8.300543,0.1894585,1.499999
-0.2051145,-0.03719023,4.970431e-06,8.101363,0.3856966,1.499997
-0.1797884,-0.03599847,4.868757e-06,8.302287,0.3854544,1.499996
-0.2029269,-0.06526735,2.844316e-06,8.103453,0.6015863,1.499993
-0.1773257,-0.06297737,1.438118e-07,8.3055,0.6011061,1.499991
-0.1997335,-0.09361654,5.381472e-06,8.106202,0.8205957,1.499989
-0.1742271,-0.09031873,5.177546e-06,8.309651,0.8200158,1.499985
-0.1951852,-0.1216203,3.657128e-06,8.109173,1.039394,1.499986
-0.1694677,-0.1171552,4.768261e-07,8.314071,1.038928,1.49998
-0.1894578,-0.1494501,6.443873e-06,8.111983,1.256002,1.499984
-0.1638212,-0.1436862,4.044554e-06,8.318193,1.255776,1.499978
-0.1823761,-0.1766292,5.289144e-06,8.114372,1.469556,1.499983
-0.1567518,-0.1694467,-9.72611e-07,8.321638,1.469536,1.499976
-0.1739724,-0.2033442,8.634697e-06,8.116183,1.679593,1.499983
-0.1485224,-0.1945985,3.353883e-06,8.324178,1.679668,1.499976
-0.1640657,-0.2293172,6.27109e-06,8.1174,1.886451,1.499984
-0.1388043,-0.2187843,-1.555959e-06,8.325822,1.88656,1.499978
-0.1525425,-0.2549154,1.07015e-05,8.118123,2.091044,1.499986
-0.1274952,-0.2424267,2.745466e-06,8.326773,2.091161,1.499981
-0.1391063,-0.2801782,6.266045e-06,8.118438,2.294124,1.499988
-0.1142016,-0.2654915,4.008849e-07,8.327182,2.29424,1.499984
-0.1235012,-0.3053771,-1.904908e-06,8.118388,2.496195,1.49999
-0.09859271,-0.288248,5.96277e-07,8.327117,2.496312,1.499987
-0.1054018,-0.330649,-1.254954e-05,8.117965,2.697597,1.499992
-0.08020759,-0.3107866,4.528595e-06,8.326568,2.697725,1.499989
-0.08440085,-0.3566121,-6.43235e-05,8.117121,2.898556,1.499993
-0.05844735,-0.3336338,-9.878151e-06,8.325447,2.898713,1.499991
-0.06005616,-0.3834791,-7.277192e-05,8.115765,3.099216,1.499994
-0.03253182,-0.3570454,2.197117e-05,8.323578,3.099429,1.499993
-0.03182944,-0.4131661,-0.0002491646,8.113825,3.299655,1.499995
-0.00116091,-0.3824875,-2.837857e-05,8.320769,3.299952,1.499994
0.0009463318,-0.4462062,-0.0002015149,8.111298,3.49994,1.499996
0.03709549,-0.4106425,0.0001056151,8.317015,3.500388,1.499995
0.03856961,-0.4878902,-0.0003998697,8.108286,3.699982,1.499997
0.08592911,-0.4463461,-2.380807e-05,8.312515,3.70065,1.499996
0.08221296,-0.5405333,5.855784e-05,8.105035,3.899687,1.499997
0.1471159,-0.4909777,-4.622878e-05,8.307606,3.900623,1.499997
0.1285325,-0.6187412,9.811609e-05,8.1019,4.098875,1.499997
0.2380706,-0.5620929,-0.0007819015,8.302719,4.099996,1.499998
-0.205559,-0.01174413,0.000215497,8.100254,0.1896524,1.700486
-0.180462,-0.01152985,0.0001839978,8.30053,0.1895971,1.700489
-0.2050244,-0.03708454,-3.472132e-06,8.101321,0.3862542,1.700824
-0.1797947,-0.03606864,-2.404888e-05,8.302222,0.3860167,1.700832
-0.2029038,-0.06527837,0.0001172437,8.103341,0.6026659,1.701352
-0.1774067,-0.06307065,9.512986e-05,8.305332,0.6021941,1.70137
-0.1997217,-0.09362909,-5.080249e-05,8.10599,0.8220625,1.70201
-0.1742381,-0.09035356,-5.715973e-05,8.309335,0.8214891,1.702036
-0.1951771,-0.1217635,2.166143e-05,8.108836,1.041053,1.702708
-0.1694756,-0.1172991,6.554398e-06,8.31357,1.040584,1.702737
-0.1894519,-0.1496698,2.89988e-05,8.111508,1.257692,1.703388
-0.1638287,-0.1438912,1.207131e-05,8.317482,1.257445,1.703411
-0.182368,-0.1768044,9.708694e-05,8.113751,1.470942,1.703911
-0.1567666,-0.1696112,5.790357e-05,8.320701,1.470889,1.70392
-0.1739841,-0.2034242,4.172856e-05,8.115437,1.680548,1.70432
-0.1485608,-0.1946751,2.447295e-06,8.323055,1.680594,1.704314
-0.1641057,-0.2293907,8.820492e-06,8.116576,1.887079,1.704554
-0.1388773,-0.2188709,-2.801691e-05,8.324591,1.887166,1.704541
-0.1525997,-0.2549868,4.225146e-06,8.117258,2.09146,1.704677
-0.1275857,-0.242518,-2.321929e-05,8.325487,2.091561,1.70466
-0.1391809,-0.2802571,2.83029e-06,8.117557,2.294399,1.704736
-0.114309,-0.2655968,-1.248936e-05,8.325876,2.294502,1.704717
-0.1235901,-0.3054587,-4.443396e-06,8.11751,2.496375,1.704749
-0.09870945,-0.2883576,-1.089194e-06,8.325816,2.496481,1.704727
-0.1055031,-0.3307458,-1.346906e-05,8.117112,2.697711,1.704717
-0.08032843,-0.3109077,2.540842e-05,8.325299,2.69783,1.704691
-0.08451088,-0.3566889,-7.696595e-05,8.116316,2.898627,1.704627
-0.05855162,-0.3337351,2.35242e-05,8.324245,2.898775,1.704596
-0.06016486,-0.3835773,-0.0001202953,8.115043,3.099261,1.704444
-0.03260634,-0.3571545,6.478628e-05,8.322499,3.099463,1.7044
-0.03186757,-0.4131634,-0.0004009898,8.113216,3.299698,1.704086
-0.001127777,-0.382532,-3.15162e-05,8.319878,3.299983,1.704022
0.0009271812,-0.44612,-0.0003759957,8.110824,3.499936,1.703534
0.03741211,-0.4106322,0.0001393357,8.316342,3.50037,1.703443
0.03862393,-0.4873881,-0.0009928487,8.107948,3.699969,1.702879
0.08679962,-0.446154,-0.0001630402,8.312045,3.700623,1.702748
0.08238091,-0.5398709,-0.0008091988,8.104809,3.899665,1.702193
0.1495994,-0.4907116,5.584896e-05,8.307302,3.900589,1.702005
0.1285143,-0.6167872,-0.001420594,8.101748,4.09884,1.701527
0.2447768,-0.5623596,-0.0008994597,8.302532,4.099953,1.701265
-0.20586,-0.01222613,-0.0001730106,8.100233,0.1901965,1.901158
-0.180433,-0.01191692,-0.0002241138,8.300493,0.1901447,1.901163
-0.2051456,-0.03759958,-4.571718e-05,8.101201,0.3882797,1.90179
-0.1798396,-0.03639423,-0.0001164321,8.302034,0.3880568,1.901808
-0.2029705,-0.06583786,-4.324224e-05,8.103022,0.6063388,1.902904
-0.1774191,-0.06352278,-7.999301e-05,8.304846,0.6058934,1.902942
-0.1997451,-0.09445514,-0.0001017512,8.105381,0.8268525,1.904308
-0.1742986,-0.09112729,-0.0001351978,8.308421,0.826304,1.904367
-0.1952122,-0.1225681,3.744141e-05,8.107872,1.046332,1.905763
-0.1695959,-0.1180639,1.921732e-05,8.312129,1.045865,1.905833
-0.1894723,-0.1504677,4.799711e-05,8.110153,1.262598,1.906935
-0.1639399,-0.1446636,4.276534e-05,8.315457,1.262315,1.907005
-0.182439,-0.1773714,4.706533e-05,8.112015,1.474736,1.907869
-0.1569176,-0.1701792,3.438289e-05,8.31811,1.474621,1.907931
-0.1741178,-0.2038501,1.531792e-06,8.113401,1.683134,1.908482
-0.1488077,-0.1951006,-4.257414e-06,8.320025,1.683123,1.908535
-0.1642964,-0.2297163,1.484637e-05,8.114347,1.888802,1.908835
-0.1391849,-0.2192232,1.071625e-05,8.321295,1.888844,1.908882
-0.152827,-0.2552761,3.652812e-06,8.114919,2.092606,1.90903
-0.1279232,-0.2428481,6.266147e-06,8.322046,2.092672,1.909073
-0.1394352,-0.2805352,8.143744e-06,8.115172,2.295156,1.909125
-0.1146643,-0.2659299,2.186512e-05,8.322374,2.295231,1.909163
-0.1238648,-0.305748,-6.447913e-07,8.115132,2.496868,1.909144
-0.09907089,-0.2887077,3.163731e-05,8.322323,2.496952,1.909179
-0.1057924,-0.3310884,-6.628821e-06,8.114794,2.698026,1.909091
-0.08068596,-0.3113052,6.159554e-05,8.321885,2.698124,1.90912
-0.08481935,-0.3570729,-7.05393e-05,8.114121,2.898819,1.908949
-0.05889321,-0.3341551,5.526107e-05,8.320999,2.898945,1.908965
-0.0604802,-0.384156,-0.0001129225,8.113053,3.09937,1.908666
-0.03293219,-0.3576766,9.461551e-05,8.319549,3.099546,1.908659
-0.03220389,-0.4137818,-0.0004240286,8.11152,3.299749,1.908154
-0.001437013,-0.3830235,-5.645664e-05,8.317387,3.300009,1.908096
0.0006655864,-0.4472769,-0.0005234573,8.109485,3.499966,1.907305
0.03714196,-0.4113816,-5.276087e-06,8.314416,3.500357,1.907164
0.03852488,-0.4886363,-0.001363679,8.106986,3.699954,1.906115
0.0864793,-0.446403,-0.0005109306,8.310689,3.70056,1.905863
0.08262472,-0.5418575,-0.001776574,8.104182,3.899641,1.90474
0.1494755,-0.4914632,-0.0002456611,8.306444,3.90052,1.904346
0.1291764,-0.6191245,-0.00293111,8.101362,4.098801,1.903363
0.2409451,-0.5604566,-0.001302117,8.302041,4.099874,1.902792
-0.205675,-0.01192117,0.001127296,8.100198,0.1918925,2.101681
-0.1807085,-0.01174444,0.00100328,8.300427,0.1918469,2.101685
-0.2050735,-0.03773338,-0.0002923985,8.101011,0.3932002,2.102868
-0.1797931,-0.03667253,-0.0003597282,8.301728,0.3930041,2.102891
-0.2029368,-0.06665681,0.000430162,8.102516,0.61405,2.104837
-0.1775425,-0.06437931,0.0003641689,8.304065,0.6136558,2.104893
-0.1997136,-0.09543652,-0.0001164426,8.104418,0.8361548,2.107224
-0.1743118,-0.09209189,-0.000136218,8.306956,0.8356646,2.107312
-0.1951707,-0.123754,0.0002330599,8.106359,1.055489,2.109239
-0.1696541,-0.1191964,0.0002050564,8.30985,1.055059,2.109348
-0.1894775,-0.1513653,1.126348e-05,8.108076,1.270065,2.110857
-0.1640571,-0.145546,2.7297e-05,8.312352,1.269781,2.110974
-0.1825418,-0.1780716,7.142156e-05,8.109451,1.480077,2.111951
-0.1571778,-0.1708777,5.633644e-05,8.314304,1.479932,2.112069
-0.1743019,-0.204414,1.268445e-05,8.110475,1.68678,2.112611
-0.1491492,-0.1956787,3.129546e-06,8.315713,1.686731,2.112726
-0.164551,-0.2301543,2.291765e-05,8.11118,1.891257,2.112996
-0.1395938,-0.2197008,1.337661e-05,8.316657,1.891262,2.113109
-0.1531279,-0.2556584,5.954767e-07,8.111609,2.094243,2.113211
-0.1283713,-0.2432931,-2.003283e-06,8.317221,2.094276,2.113321
-0.1397722,-0.2808867,3.712661e-06,8.111799,2.296237,2.113315
-0.1151389,-0.2663681,1.437602e-05,8.317468,2.296284,2.113422
-0.1242267,-0.306096,-6.099e-06,8.111768,2.497572,2.113337
-0.09955836,-0.289163,2.32189e-05,8.317428,2.497629,2.11344
-0.10617,-0.3314576,-1.404499e-05,8.11151,2.698473,2.113281
-0.08117541,-0.3118027,5.372895e-05,8.317096,2.698545,2.113376
-0.08521198,-0.3574436,-6.648244e-05,8.111001,2.899091,2.113126
-0.05938064,-0.3346801,5.179273e-05,8.316425,2.899188,2.113206
-0.06087803,-0.3845917,-0.000122294,8.110194,3.099522,2.112822
-0.03340591,-0.3582965,7.235016e-05,8.315337,3.099662,2.112873
-0.03262669,-0.4141578,-0.0003760052,8.109037,3.299819,2.112278
-0.001943624,-0.3836633,-5.969809e-05,8.313725,3.300031,2.112271
0.0002486986,-0.4477346,-0.0005767421,8.107487,3.499992,2.111368
0.03653177,-0.4122251,-0.0001667231,8.311488,3.500326,2.111243
0.03806151,-0.489158,-0.001288786,8.105536,3.699989,2.109956
0.08536653,-0.44729,-0.0007301543,8.308589,3.700506,2.109626
0.08180469,-0.5422539,-0.001930963,8.103248,3.899642,2.108048
0.1471703,-0.4927083,-0.001091039,8.305126,3.900421,2.107429
0.1272158,-0.6205204,-0.002818401,8.100819,4.0988,2.105901
0.2339521,-0.5615015,-0.001978033,8.30133,4.099781,2.104926
-0.2059788,-0.01423878,-0.0006957757,8.100153,0.1972529,2.299373
-0.1805599,-0.01387712,-0.001111026,8.300333,0.1972178,2.299369
-0.2051506,-0.04002797,-1.600689e-05,8.100767,0.4045684,2.303858
-0.1798595,-0.03873158,-8.798457e-05,8.301324,0.4044143,2.30388
-0.2029724,-0.06855776,7.780321e-05,8.101866,0.6285988,2.307524
-0.1775392,-0.06611991,-3.906054e-05,8.303039,0.6282868,2.307588
-0.1996137,-0.09800554,2.351568e-05,8.10319,0.8509276,2.310777
-0.1743211,-0.09455117,-4.13641e-06,8.30506,0.8505396,2.310876
-0.1951516,-0.1253453,0.00014802,8.104482,1.06772,2.313368
-0.1697783,-0.1207274,0.000124901,8.306994,1.067376,2.313489
-0.1895023,-0.1527447,-4.625333e-05,8.105599,1.278915,2.315087
-0.1642696,-0.1469055,-1.866443e-05,8.308623,1.278677,2.315221
-0.1827013,-0.1789985,6.270557e-05,8.10649,1.486172,2.316103
-0.1574888,-0.1718327,6.146713e-05,8.309886,1.486037,2.316242
-0.174547,-0.2051475,-7.585965e-06,8.107156,1.690911,2.316695
-0.1495898,-0.1964364,-1.307132e-07,8.310802,1.690852,2.316837
-0.164871,-0.2307026,2.344724e-05,8.107616,1.894027,2.317036
-0.1401023,-0.2203008,2.904292e-05,8.311419,1.894012,2.317178
-0.1534973,-0.256135,8.841499e-07,8.107898,2.096083,2.317225
-0.1289227,-0.2438392,1.294727e-05,8.31179,2.096094,2.317366
-0.140177,-0.2813235,1.15076e-05,8.108023,2.297447,2.317317
-0.1157102,-0.2668975,3.392812e-05,8.311952,2.297472,2.317456
-0.124656,-0.3065409,5.062958e-06,8.108001,2.498357,2.317338
-0.1001346,-0.2897166,4.283069e-05,8.311925,2.498392,2.317473
-0.1066143,-0.3319451,4.546094e-06,8.10783,2.698971,2.317292
-0.08173757,-0.3124162,7.447666e-05,8.311704,2.699018,2.31742
-0.0856735,-0.3579962,-2.43761e-05,8.107492,2.899392,2.317161
-0.05992335,-0.3353682,9.060509e-05,8.31126,2.899458,2.317275
-0.06135487,-0.3853017,-2.725921e-05,8.106957,3.099689,2.316899
-0.03390378,-0.3591148,0.0001313767,8.31054,3.099787,2.316987
-0.03314011,-0.4150222,-0.0001973976,8.106189,3.299896,2.316427
-0.002405229,-0.384606,4.764547e-05,8.309476,3.300051,2.31646
-0.0002910219,-0.4489377,-0.0002161475,8.105152,3.50002,2.315624
0.0361121,-0.4133992,7.235168e-05,8.307994,3.500271,2.315543
0.03748067,-0.4907371,-0.0006974234,8.103823,3.700019,2.31433
0.08496279,-0.4486666,-0.000418599,8.30603,3.70043,2.314007
0.08132412,-0.5443567,-0.0007729819,8.102188,3.899756,2.312355
0.1465181,-0.4945587,-0.000611924,8.303544,3.900377,2.311579
0.1267768,-0.623311,-0.001780097,8.100271,4.098915,2.30965
0.2327792,-0.5632297,-0.001321667,8.300553,4.099707,2.308185
-0.2034169,-0.01459769,0.0033933,8.100103,0.2106603,2.487595
-0.1785085,-0.01401528,0.003200914,8.300218,0.210648,2.487575
-0.2049306,-0.04108318,-0.001822765,8.100491,0.4279531,2.505608
-0.179625,-0.03958824,-0.001963967,8.300854,0.4278681,2.505616
-0.2027568,-0.07191901,0.001122939,8.101141,0.6517552,2.511127
-0.1774222,-0.06945233,0.001027109,8.301875,0.6515587,2.511175
-0.1993972,-0.0998156,-0.0002085696,8.101876,0.8695559,2.515355
-0.1741337,-0.09626411,-0.0002205589,8.303002,0.8693089,2.515432
-0.1950306,-0.1269527,0.0002766278,8.102571,1.080851,2.517922
-0.1697986,-0.1222653,0.0002584504,8.304047,1.08063,2.518016
-0.1894795,-0.1538088,-6.965179e-05,8.103169,1.287773,2.519316
-0.1643863,-0.1479478,-2.468006e-05,8.304922,1.287616,2.519419
-0.1827935,-0.1797378,8.967839e-05,8.103648,1.492105,2.520082
-0.1577658,-0.1725786,9.441541e-05,8.305602,1.492012,2.520191
-0.1747138,-0.2057255,-1.821444e-05,8.104006,1.694865,2.520509
-0.149932,-0.1970414,-5.780937e-06,8.306095,1.694819,2.520621
-0.1651124,-0.2311403,2.039424e-05,8.104254,1.896649,2.520748
-0.1405146,-0.2207961,2.795313e-05,8.306429,1.896632,2.520862
-0.1537865,-0.2565314,-8.648689e-06,8.104407,2.097813,2.520878
-0.1293764,-0.2443157,4.18741e-06,8.30663,2.097813,2.520993
-0.1405032,-0.2816842,4.106713e-06,8.104475,2.298579,2.520943
-0.116192,-0.2673658,2.38381e-05,8.306718,2.29859,2.521056
-0.1250085,-0.3068981,1.557515e-06,8.104462,2.499089,2.520959
-0.1006296,-0.2902075,3.293861e-05,8.306703,2.499106,2.521071
-0.1069842,-0.3323043,1.029992e-05,8.104369,2.699432,2.520931
-0.0822311,-0.312936,6.286335e-05,8.306582,2.699457,2.521038
-0.0860498,-0.3583139,7.656821e-06,8.104184,2.899669,2.520847
-0.06041179,-0.3359029,9.230064e-05,8.306339,2.899706,2.520944
-0.06173565,-0.3856271,2.469063e-05,8.103891,3.099838,2.520674
-0.03437067,-0.3597294,0.0001242594,8.305946,3.099896,2.520751
-0.03355662,-0.4151628,-5.11362e-05,8.103471,3.299961,2.520354
-0.002841633,-0.3851622,8.67447e-05,8.305364,3.300056,2.52039
-0.0006686215,-0.4490345,-5.050074e-05,8.102899,3.500042,2.519793
0.03577188,-0.4141023,5.178166e-05,8.304548,3.500202,2.519741
0.03700306,-0.4902997,-0.0002714543,8.102153,3.70005,2.518853
0.08480914,-0.449095,-0.0003020926,8.30345,3.700325,2.518597
0.08088308,-0.5441137,-0.0005211881,8.101197,3.899889,2.517305
0.1474986,-0.4954309,-0.001151955,8.301992,3.900335,2.516573
0.1259246,-0.623597,-0.001956809,8.099955,4.099296,2.514771
0.2342659,-0.5640392,-0.003663399,8.299973,4.099843,2.513015
-0.2046812,-0.01346053,-0.0005150848,8.100018,0.2494371,2.690083
-0.1792517,-0.01190173,-0.001661387,8.300076,0.2496187,2.689778
-0.2054009,-0.04998973,0.0001615483,8.100217,0.4642738,2.709349
-0.1800276,-0.04838717,0.0004460125,8.300389,0.4643555,2.709284
-0.2025748,-0.07399556,0.001579319,8.100485,0.6781444,2.716781
-0.1772381,-0.07124163,0.001358153,8.300807,0.678088,2.716793
-0.1991774,-0.1031805,-0.0003491318,8.100769,0.88691,2.720485
-0.1740503,-0.0995296,-0.0002588491,8.301245,0.8868081,2.720518
-0.1949818,-0.1281791,0.0003788394,8.101036,1.091969,2.722153
-0.1698679,-0.1234404,0.0003769967,8.301649,1.091872,2.722195
-0.1894642,-0.155069,-9.944896e-05,8.101266,1.29497,2.72295
-0.1645636,-0.1491999,1.670856e-06,8.301987,1.294899,2.722997
-0.1829061,-0.1803936,9.457903e-05,8.101452,1.496797,2.723356
-0.158,-0.1732842,0.0001215935,8.30225,1.496753,2.723405
-0.1748789,-0.206314,-1.157563e-05,8.10159,1.697936,2.723572
-0.1502629,-0.1976493,2.275094e-05,8.302442,1.697914,2.723623
-0.1653447,-0.2315384,3.080635e-05,8.101687,1.898662,2.72369
-0.1408978,-0.2212445,5.394344e-05,8.302572,1.898652,2.723742
-0.1540535,-0.2568878,5.674778e-06,8.101746,2.09913,2.723754
-0.129795,-0.2447314,3.159714e-05,8.30265,2.099129,2.723806
-0.1407957,-0.2819976,8.056782e-06,8.101772,2.299437,2.723786
-0.1166209,-0.2677568,3.807577e-05,8.302684,2.29944,2.723839
-0.1253164,-0.3072153,-7.689754e-06,8.101767,2.49964,2.723796
-0.1010571,-0.290618,3.138926e-05,8.302678,2.499646,2.723848
-0.1073031,-0.3326383,-3.093386e-05,8.10173,2.699777,2.723786
-0.08263744,-0.3133809,1.814815e-05,8.302631,2.699787,2.723835
-0.08637534,-0.3587033,-3.159382e-05,8.101658,2.899873,2.72375
-0.06078868,-0.3364236,0.0001075477,8.302536,2.899888,2.723795
-0.06208838,-0.3861,4.301678e-05,8.101544,3.099943,2.723673
-0.03467791,-0.36034,7.36948e-05,8.302382,3.099968,2.723709
-0.03391503,-0.4158235,-7.812532e-05,8.10138,3.299999,2.723528
-0.003045134,-0.38596,5.099545e-05,8.302154,3.300042,2.723543
-0.001110133,-0.4498343,1.894777e-05,8.101157,3.500044,2.723263
0.03577406,-0.4150673,3.667903e-05,8.301834,3.500122,2.72323
0.03658162,-0.4917408,-5.340302e-06,8.100863,3.700068,2.722792
0.08531512,-0.4508802,-0.0003897713,8.301398,3.700213,2.722638
0.07991361,-0.5461055,0.0009727836,8.100475,3.90002,2.721932
0.1485722,-0.4978963,-0.0007439036,8.300794,3.900278,2.721446
0.1244794,-0.6267893,0.001696514,8.099917,4.099735,2.720245
0.2419017,-0.5690492,-0.003689857,8.299841,4.10009,2.718789
-0.2239689,-0.002376532,0.002850828,8.050049,0.2390694,2.858127
-0.1973384,0.0002041565,0.004271753,8.250035,0.2401678,2.857047
-0.2024588,-0.05545398,0.002625337,8.100034,0.4963401,2.90652
-0.1775476,-0.05242096,0.002792867,8.300075,0.4966372,2.906464
-0.2024849,-0.07640921,0.0006484425,8.100097,0.6962587,2.910016
-0.1771905,-0.07395053,0.0005033264,8.300167,0.6963016,2.910014
-0.1989163,-0.104758,-2.742201e-05,8.100153,0.897235,2.911532
-0.173903,-0.1009261,1.952583e-05,8.300254,0.8972264,2.911538
-0.1948641,-0.1289112,0.0001122061,8.100206,1.098287,2.912061
-0.169844,-0.1241601,0.0001063135,8.300334,1.098269,2.912069
-0.1893299,-0.1556515,-4.283806e-05,8.100251,1.298952,2.912274
-0.164607,-0.1497541,6.340639e-06,8.300401,1.298936,2.912283
-0.1828586,-0.1807055,3.205078e-05,8.100288,1.499343,2.912375
-0.1580358,-0.1736172,4.249018e-05,8.300453,1.499334,2.912385
-0.1748521,-0.2065641,-1.26717e-05,8.100315,1.699582,2.912427
-0.1503499,-0.1978931,2.531606e-06,8.300491,1.699576,2.912438
-0.1653521,-0.231695,3.030782e-06,8.100334,1.899731,2.912455
-0.1409943,-0.2214147,1.312791e-05,8.300517,1.899728,2.912466
-0.1540883,-0.257013,-9.514649e-06,8.100346,2.099826,2.912471
-0.1299214,-0.2448707,2.211747e-06,8.300533,2.099825,2.912482
-0.1408623,-0.2821031,-9.454825e-06,8.100351,2.299887,2.912478
-0.1167724,-0.2678795,3.209389e-06,8.300539,2.299888,2.912489
-0.1254498,-0.3073242,-1.556984e-05,8.10035,2.499928,2.912481
-0.101297,-0.2907534,2.476955e-06,8.300538,2.499929,2.912492
-0.1076252,-0.3327372,-1.941773e-05,8.100343,2.699956,2.91248
-0.08311546,-0.3134481,-1.651771e-06,8.300529,2.699958,2.91249
-0.08699813,-0.358717,1.902023e-05,8.100328,2.899975,2.912472
-0.06128528,-0.3365357,0.000107146,8.30051,2.899979,2.912481
-0.06235044,-0.3862587,0.0001421027,8.100306,3.099991,2.912456
-0.03483149,-0.3606342,8.454881e-05,8.300479,3.099997,2.912463
-0.03411004,-0.4159941,9.355271e-05,8.100274,3.300006,2.912424
-0.003128792,-0.3861755,0.0001217643,8.300435,3.300018,2.912426
-0.001307601,-0.4498592,0.0004593159,8.100233,3.500025,2.912364
0.03581809,-0.4152751,0.0003631706,8.300373,3.50005,2.912354
0.03613338,-0.4905198,0.0007564127,8.100182,3.700051,2.912249
0.08559263,-0.4503683,0.0003492458,8.300292,3.700107,2.912204
0.07950028,-0.5441895,0.001778321,8.100065,3.90003,2.91199
0.1516963,-0.4987536,-0.0001810391,8.300129,3.90015,2.911831
0.1241574,-0.619881,-0.003476856,8.099398,4.099456,2.911227
0.2476135,-0.5695193,-0.008698025,8.299368,4.099589,2.910703
-0.2730879,0.001845925,0.0005041877,7.975551,0.1710831,0.02000628
-0.2216581,-0.002616388,0.02214756,7.949986,0.144149,0.1442778
-0.2588639,-0.02003787,0.0001235238,8.024449,0.1710827,0.02000591
-0.2460269,0.002168152,-5.035911e-05,8.175551,0.171082,0.02000536
-0.2079823,-0.005985405,-0.02086156,8.050013,0.144144,0.1442742
-0.196251,-0.002838403,0.02093224,8.149987,0.144141,0.1442721
-0.2333935,-0.01928002,-0.0007533337,8.224449,0.1710819,0.0200053
-0.1829321,-0.005798188,-0.01916711,8.250013,0.1441395,0.1442707
-0.2214181,-0.002619201,-0.02202407,7.950001,0.1441812,2.855626
-0.274769,0.0008938985,0.000538959,7.975565,0.171154,2.979971
-0.1834959,-0.005862833,0.01825823,8.249952,0.1449751,2.853208
-0.2035353,-0.03928595,0.006938976,8.224013,0.1737076,2.978728
-0.2075405,-0.006038062,0.02069804,8.050039,0.1442717,2.855356
-0.1966409,-0.002594756,-0.0211134,8.149919,0.1445937,2.854454
-0.2589086,-0.02144528,0.0007284635,8.024486,0.1712579,2.979935
-0.2278706,-0.005695748,-0.001141333,8.175212,0.1733767,2.978948
-0.2079642,-0.005823505,0.002645647,8.150002,0.2461176,0.04525097
-0.2290973,-0.04168773,-0.01082364,8.048998,0.3525314,0.04270259
-0.2090603,-0.02454547,0.0005793727,8.151008,0.3525253,0.04269933
-0.2236527,0.0003777735,-0.002230139,8.050024,0.2387713,0.1415952
-0.2028755,-0.03071043,0.01214856,8.149984,0.2387597,0.1415875
-0.2092411,-0.0478238,-0.006141052,8.050204,0.3404638,0.1380544
-0.1956966,-0.02546843,0.01544407,8.149833,0.3404439,0.138045
-0.2302803,-0.03256161,-0.01321014,7.949997,0.2388893,2.858305
-0.2212437,-0.0252158,-0.01707889,7.949833,0.3406343,2.861868
-0.235322,-0.004925621,-0.003370759,7.950019,0.2462251,2.95471
-0.238168,-0.02539033,-0.0012111,7.951015,0.3526634,2.957274
-0.2022733,-0.03212728,-0.01139233,8.149982,0.2395381,2.857661
-0.2090249,-0.04788378,0.005799346,8.05022,0.3407996,2.861793
-0.1958206,-0.02466881,-0.01578348,8.149837,0.3411009,2.861644
-0.2202068,-0.03385532,0.005538677,8.050028,0.246497,2.954623
-0.2068581,-0.006101953,-0.002795958,8.149945,0.2473544,2.954297
-0.2292675,-0.04263664,0.009825868,8.049009,0.3528716,2.957244
-0.2109483,-0.02472656,-0.0011187,8.151007,0.3532856,2.957181
-0.1839847,-0.04659029,0.006204132,8.250235,0.3414736,2.861466
-0.1947288,-0.03012223,0.007757577,8.249947,0.2485547,2.953918
-0.2018637,-0.04286024,0.01004311,8.249001,0.3537777,2.957109
-0.1975094,-0.007128765,-0.01596562,8.075542,0.1200929,0.0705171
-0.239271,-0.004862538,-0.002558928,8.02498,0.1212895,0.02111218
-0.2067826,-0.0009861164,-0.002308031,8.07555,0.1710815,0.02000586
-0.2342504,-0.03924744,-0.05022289,8.024989,0.1659121,0.06596109
-0.2634739,-0.01240962,-0.03627111,8.024458,0.1200924,0.07051691
-0.1898905,-0.01060832,-0.01383051,8.075013,0.165918,0.06596319
-0.2071551,-0.002689188,-0.003160633,8.07502,0.1212891,0.02111223
-0.2156461,0.00379362,0.008653683,8.124458,0.1200927,0.07051693
-0.2249068,-0.003759304,-0.0007097808,8.17502,0.1212893,0.02111198
-0.2115887,0.006801615,0.00301471,8.12445,0.1710813,0.0200057
-0.2234901,0.001664538,0.02668392,8.17501,0.1659092,0.06595891
-0.2490054,-0.0009906889,0.02308788,8.175542,0.1200917,0.07051628
-0.1889204,0.01358216,0.02906054,8.124988,0.1659172,0.06596258
-0.2060893,0.0009118062,-0.003043395,8.12498,0.1212891,0.02111217
-0.2458993,0.004347504,-0.01043972,7.924462,0.1201032,2.929452
-0.2531192,0.001115338,-0.02565384,7.975027,0.1659838,2.933966
-0.25439,-0.004064119,0.001002016,7.975033,0.1213135,2.97886
-0.2388218,0.01122986,-0.00193585,7.924455,0.171109,2.979984
-0.2814168,-8.083421e-05,-0.02276471,7.975554,0.1201137,2.929404
-0.2142236,0.01918286,-0.03533663,7.924993,0.1659536,2.934002
-0.2325938,0.003277814,0.002864769,7.924984,0.1212984,2.978877
-0.1728688,-0.001822048,-0.01175442,8.275479,0.1217889,2.925687
-0.207247,-0.03794885,0.04673222,8.225074,0.1688813,2.93101
-0.2143038,0.005115836,-4.094105e-05,8.21118,0.109866,2.990254
-0.1624447,-0.008749839,-0.001553728,8.275498,0.1747058,2.978237
-0.2283635,-0.00627769,0.05285561,8.22404,0.1213137,2.926728
-0.1651208,-0.01851291,0.01221461,8.275036,0.1695292,2.930368
-0.1923861,-0.002169025,0.001595548,8.287545,0.1106137,2.989485
-0.1757112,0.004062331,-0.01880387,8.32453,0.1219164,2.925354
-0.1739506,-0.007268601,-0.002831218,8.32452,0.1750144,2.978103
-0.163344,0.004612778,-0.02398371,8.325061,0.1697859,2.930096
-0.1830609,-0.003220707,0.001926227,8.312495,0.1106425,2.98945
-0.2374541,-0.03925532,0.0505468,8.025026,0.1660793,2.933874
-0.2378809,-0.00472419,0.003173682,8.025016,0.1213533,2.978814
-0.2049248,0.002844409,0.002649694,8.075617,0.1715276,2.979845
-0.2665005,-0.01280367,0.03723384,8.024488,0.1201417,2.929289
-0.2001816,0.0007260769,0.004597303,8.075115,0.1214643,2.97869
-0.1976487,-0.00952096,0.01919459,8.075607,0.120223,2.928994
-0.1911145,-0.01459925,0.02815471,8.075077,0.1662998,2.933659
-0.2012287,-0.04038532,-0.01094127,8.249001,0.3525218,0.04269711
-0.1966225,0.001212842,-0.002176268,8.250029,0.2387529,0.1415826
-0.1839584,-0.04608744,-0.00565039,8.250218,0.3404289,0.1380348
-0.2188432,0.0005154693,-0.08020205,8.050071,0.1380372,0.243139
-0.2034239,-0.008503854,0.06012707,8.149926,0.138035,0.2431371
-0.2473502,-0.03714372,-0.02407338,8.049186,0.1216936,0.3451986
-0.2322498,0.02341743,0.0143606,8.150805,0.1216929,0.3451959
-0.1926742,0.0008156903,-0.07445967,8.25007,0.1380336,0.2431352
-0.2181636,-0.03509764,-0.02291299,8.249185,0.1216925,0.3451927
-0.2473864,-0.03705674,0.02401556,8.049183,0.1217007,2.654644
-0.2322572,0.02349412,-0.01453164,8.150803,0.1217103,2.65447
-0.2188718,0.0002873252,0.08126094,8.05007,0.138085,2.756555
-0.2034557,-0.008542613,-0.05926723,8.149913,0.1381558,2.756148
-0.2181346,-0.03503146,0.02288256,8.249179,0.1217225,2.654277
-0.1928574,0.001031172,0.07386132,8.25006,0.1382463,2.755676
-0.2453312,0.004317756,0.01076157,7.924458,0.1200945,0.07051847
-0.2555303,-0.003935907,-0.0009082437,7.97502,0.1212897,0.02111233
-0.2385738,0.01020696,0.00217779,7.924449,0.1710831,0.02000712
-0.2523555,0.000321911,0.0255929,7.97501,0.1659139,0.06596248
-0.2808701,-0.0005570575,0.02340152,7.975542,0.1200929,0.07051729
-0.2137735,0.01809317,0.03411022,7.924987,0.165924,0.06596773
-0.2330009,0.003032429,-0.002780866,7.92498,0.1212897,0.02111272
-0.1733566,-0.004381596,-0.002940437,8.275542,0.1200924,0.07051653
-0.2122532,-0.004611962,-0.002162731,8.22498,0.1212893,0.02111195
-0.1772358,-0.01320076,-0.003999752,8.27555,0.171081,0.02000547
-0.2098798,-0.03531702,-0.04755772,8.22499,0.1659089,0.06595864
-0.2331905,-0.01182108,-0.03149613,8.224458,0.1200916,0.07051619
-0.1669753,-0.01386057,-0.01477437,8.275013,0.1659159,0.06596154
-0.1838798,-0.003661535,-0.001877626,8.27502,0.121289,0.02111206
-0.1870182,0.003270518,0.006248567,8.324458,0.1200923,0.07051652
-0.1833329,0.001949498,0.005395824,8.32445,0.171081,0.02000543
-0.1641071,0.009035141,0.02435655,8.324988,0.1659157,0.06596129
-0.1791703,-0.0004694026,-0.0009765984,8.32498,0.121289,0.02111204
-0.2238396,-0.003063351,-0.02092812,8.175034,0.1677216,2.932185
-0.242304,2.830882e-05,0.0004682366,8.174789,0.122548,2.977607
-0.1977751,0.01424501,-0.0004603395,8.12449,0.17219,2.979592
-0.2454797,0.002775363,-0.01577098,8.175221,0.1211097,2.927096
-0.2091577,0.01008418,-0.001492378,8.125114,0.1218093,2.978336
-0.212617,0.004664141,-0.006955426,8.124516,0.1204731,2.92831
-0.1913563,0.01741428,-0.03001565,8.125078,0.1668053,2.933134
-0.2225541,-0.03718233,-0.0003184431,8.211694,0.1345032,2.990791
-0.1793556,0.0005394906,0.01018253,8.237361,0.1103254,2.989795
-0.1803096,-0.001007571,-0.0008898053,8.237683,0.1351849,2.990443
-0.1691716,-0.006149287,0.002310686,8.23763,0.132254,2.967905
-0.2028742,-0.001424451,0.034685,8.211736,0.109289,2.965826
-0.1690045,0.003709815,0.008982495,8.237687,0.1096116,2.965123
-0.2298786,-0.01500553,0.01111343,8.212609,0.1314881,2.968667
-0.1864486,0.00177169,-0.009695731,8.28786,0.1098815,2.96443
-0.1852003,0.003112987,-0.000703768,8.262544,0.1105348,2.989573
-0.1950694,-0.003985784,0.0005384427,8.287871,0.1358358,2.990157
-0.1883962,-0.003196459,-0.003360599,8.262274,0.1356341,2.990257
-0.1662075,-0.0004109148,-0.01616212,8.262567,0.1326516,2.967492
-0.1823124,0.004882235,-0.007758304,8.262278,0.1097896,2.964647
-0.168604,-0.01299146,-0.007652769,8.287546,0.1328153,2.967305
-0.1855878,-0.0005291279,0.004003034,8.312174,0.1099038,2.964335
-0.1704559,-0.0004014949,0.00147294,8.337505,0.1106548,2.989441
-0.1865267,-0.01615987,0.003989383,8.312173,0.1359176,2.990127
-0.1780027,-0.002966625,-0.0004482115,8.337754,0.1099019,2.964272
-0.1732495,0.002612313,0.000320383,8.337748,0.1359782,2.990144
-0.1648677,0.004878797,-0.01002684,8.337516,0.1329387,2.967175
-0.1677066,-0.0173366,0.006415782,8.312514,0.1328956,2.967223
0.03514511,0.2379013,0.005686325,0.2461201,5.049996,0.04524955
0.06805278,0.2837075,0.00130729,0.4959794,5.099985,0.09338528
0.09880166,0.2853306,0.0002965404,0.6960435,5.09997,0.08992483
0.1383214,0.2850733,-0.0002927996,0.8970788,5.099952,0.08841011
0.1750952,0.2831989,3.428488e-06,1.098172,5.099937,0.08787847
0.2155073,0.279454,-8.560145e-05,1.298881,5.099925,0.08766976
0.2571716,0.2730191,0.0001585679,1.499328,5.099919,0.08758625
0.2994787,0.2623267,-7.983532e-05,1.699637,5.099919,0.08757712
0.3457427,0.246687,0.0007439168,1.899892,5.099926,0.08764164
0.3866245,0.2236263,-0.0005261371,2.10017,5.09994,0.08783196
0.436379,0.1922566,0.003124964,2.300506,5.09996,0.08836777
0.4620347,0.1533645,-0.007549638,2.500318,5.099988,0.0900614
0.03255088,0.2088109,0.006679049,0.2461129,5.249998,0.04524743
0.06841837,0.249904,0.001454226,0.4959766,5.299981,0.09338536
0.09760032,0.2503412,0.0004527038,0.6960442,5.299956,0.08992258
0.1363603,0.2487334,-0.0002475195,0.8970812,5.299929,0.08840658
0.1714326,0.2456142,5.505143e-05,1.098176,5.299904,0.08787414
0.2095729,0.2405456,-4.553051e-05,1.298887,5.299886,0.08766497
0.2479175,0.2329172,0.0002006437,1.499336,5.299877,0.08758141
0.2858921,0.2214914,-4.052001e-05,1.699649,5.299877,0.08757269
0.3265689,0.2058088,0.0007801047,1.899911,5.299888,0.08763844
0.3604807,0.1840955,-0.0005243444,2.100205,5.299907,0.08783112
0.4029193,0.1561138,0.003189835,2.300577,5.299934,0.0883712
0.418882,0.1217922,-0.007801432,2.500468,5.299965,0.09007107
0.03038194,0.180018,0.006514598,0.2461132,5.449998,0.04524763
0.06761476,0.2158836,0.001570305,0.4960023,5.499977,0.09339443
0.09597623,0.2157797,0.0005304272,0.6960871,5.499936,0.08993164
0.1335788,0.2135079,-0.000231044,0.8971265,5.499893,0.0884167
0.1669478,0.2097496,5.42758e-05,1.098218,5.499855,0.08788589
0.2028719,0.2041393,-4.767138e-05,1.298921,5.499828,0.08767819
0.2381745,0.1962034,0.00018744,1.499364,5.499814,0.08759564
0.2724407,0.1849492,-5.694003e-05,1.699672,5.499814,0.08758728
0.3083907,0.1702834,0.0007769888,1.899933,5.499829,0.087653
0.3369854,0.1505529,-0.0006012887,2.100233,5.499858,0.08784547
0.3735608,0.1265802,0.003266799,2.30062,5.499896,0.08838595
0.3834561,0.09679067,-0.007862142,2.500532,5.499939,0.09008911
0.02865599,0.1531641,0.006333635,0.2461154,5.649999,0.0452482
0.06631567,0.1831487,0.001703036,0.4960726,5.699973,0.09341932
0.09384827,0.1825064,0.0006523327,0.6961943,5.699907,0.08995927
0.1303405,0.1799589,-7.633651e-05,0.8972297,5.699841,0.08845008
0.1621213,0.1760904,0.0001798206,1.098304,5.699785,0.0879251
0.1960967,0.1704588,7.511195e-05,1.298988,5.699744,0.08772199
0.2287848,0.1629237,0.000298116,1.499412,5.699724,0.08764202
0.260038,0.152498,5.959594e-05,1.699706,5.699725,0.08763419
0.2922147,0.1395082,0.0008393827,1.899956,5.699747,0.08769815
0.3168445,0.1222285,-0.0005067309,2.100251,5.699788,0.08788658
0.348798,0.102362,0.003246613,2.300638,5.699844,0.08842103
0.3550889,0.07712634,-0.007517876,2.500555,5.699906,0.09011616
0.02641703,0.1261272,0.00634389,0.2461214,5.850003,0.04525106
0.06543224,0.150335,0.001588884,0.4962418,5.899968,0.09347641
0.09164579,0.1495272,0.0005427324,0.6964208,5.899869,0.09003022
0.1271944,0.1470699,-0.0001896902,0.8974235,5.899776,0.08854066
0.157514,0.143362,3.064911e-05,1.098453,5.899696,0.08803159
0.1897806,0.1382609,-4.284434e-05,1.299094,5.899638,0.08783908
0.2202671,0.1315151,0.0001446886,1.499484,5.899609,0.08776471
0.2490837,0.1223901,-5.388523e-05,1.69975,5.899611,0.08775762
0.2781577,0.1114876,0.0006543394,1.899979,5.899641,0.08781742
0.2999089,0.09702595,-0.0005751143,2.100257,5.899698,0.08799638
0.3281894,0.08102019,0.002891584,2.300632,5.89978,0.08851431
0.3319831,0.06035971,-0.007171442,2.500543,5.899872,0.09018418
0.02434755,0.1002968,0.004571149,0.2461414,6.050014,0.04526165
0.06352133,0.1187443,0.002327421,0.49662,6.099925,0.09363584
0.08968546,0.1188517,0.0009418092,0.6968506,6.099768,0.0902677
0.1242678,0.1163014,0.0003117595,0.8977521,6.099631,0.08884706
0.1533929,0.1134364,0.0004868139,1.098682,6.09952,0.08837904
0.1843306,0.1087759,0.0004093146,1.299245,6.099441,0.08820868
0.2129678,0.1034143,0.0005841174,1.499578,6.099399,0.0881449
0.2400716,0.09573061,0.0004151963,1.699803,6.099404,0.08813859
0.2668978,0.0872943,0.0009631114,1.899997,6.099443,0.08819062
0.2864572,0.07527052,-0.0001983152,2.100244,6.09951,0.08835154
0.3120032,0.06389933,0.002974361,2.300594,6.099629,0.08883022
0.3144459,0.04633191,-0.006457694,2.500491,6.099789,0.09042725
0.0241446,0.07746436,0.003285879,0.2462132,6.250029,0.04529981
0.06430665,0.08613436,0.00181082,0.4972513,6.299528,0.09424403
0.08850457,0.08618593,-0.0008018189,0.6974847,6.299044,0.09119106
0.1218865,0.08410056,-0.001162505,0.8982559,6.298724,0.09000348
0.1500945,0.08188202,-0.001060861,1.099004,6.298577,0.08962404
0.1798611,0.07865712,-0.0008688525,1.299436,6.298467,0.08949537
0.2072842,0.07443764,-0.0008013185,1.49969,6.2984,0.08945136
0.2330368,0.06846401,-0.0007814333,1.699861,6.29842,0.08944391
0.2577567,0.06304778,-0.000405656,1.900005,6.298466,0.08948267
0.2766519,0.05434498,-0.0009397809,2.1002,6.298512,0.08961498
0.2991048,0.04635774,0.001102023,2.300503,6.298668,0.09001096
0.3011572,0.03268932,-0.005815045,2.500476,6.299083,0.09137039
0.02662541,0.05962882,0.003234151,0.2462051,6.449866,0.04553297
0.06108741,0.0583361,0.001240581,0.4979821,6.499304,0.09600051
0.08643217,0.06237707,-0.001038562,0.698485,6.498333,0.09419199
0.1190393,0.058215,-0.001216202,0.8989942,6.497969,0.09345034
0.1466761,0.05748787,-0.001066992,1.099437,6.497942,0.0932239
0.1753001,0.053566,-0.0009235304,1.299666,6.497794,0.09317723
0.2008766,0.0518914,-0.0008778271,1.499822,6.497593,0.09319177
0.226524,0.04733206,-0.0002820413,1.699933,6.497755,0.09315381
0.250329,0.04435897,-0.0007317486,1.899996,6.497819,0.09316353
0.2672563,0.0371974,-0.0007394739,2.100103,6.497616,0.09328092
0.2876775,0.03703709,0.0003273068,2.30031,6.497664,0.09351845
0.2937791,0.02087243,-0.003656207,2.500422,6.498324,0.09435691
0.01322816,0.02298433,-0.0001233937,0.2465953,6.650172,0.04628103
0.04644912,0.03145399,-0.0008751213,0.4510485,6.648581,0.04466006
0.06784383,0.02388969,-0.002912062,0.6489528,6.645975,0.0431013
0.1001605,0.02088236,-0.002646654,0.8488858,6.645644,0.04293703
0.1308334,0.01995719,-0.002451308,1.048932,6.645924,0.04286783
0.1612928,0.021403,-0.001097643,1.248966,6.645971,0.04285515
0.1811998,0.01515383,-0.00311195,1.448973,6.645249,0.0429756
0.2101359,0.012266,0.000369017,1.648987,6.64561,0.04291323
0.2284405,0.01443601,-0.002408238,1.848995,6.646029,0.0428441
0.2499525,0.01065474,-0.0006183316,2.04901,6.645331,0.04295789
0.2614728,0.004631978,-0.003266286,2.249021,6.644794,0.04305102
0.291881,0.02433762,-0.004018682,2.550946,6.646056,0.04315704
0.01491695,0.008018233,-0.0007008203,0.224604,6.826944,0.02236254
0.05020647,-0.003871235,0.0008543484,0.4244065,6.825211,0.0219688
0.07669767,-0.0005166534,0.003867669,0.624402,6.82795,0.02055197
0.110579,-0.004419871,2.45947e-05,0.8241947,6.826922,0.02114669
0.1436044,-0.003487632,0.00554384,1.024395,6.828068,0.02054576
0.1784615,-0.001219978,0.003229341,1.22447,6.82897,0.02024873
0.2033766,-0.01612849,0.001079103,1.424018,6.826489,0.02138917
0.2333226,-0.004692728,0.008359948,1.624768,6.826807,0.0211967
0.2673744,0.003892012,0.001807604,1.824444,6.829037,0.0202295
0.288488,-0.01799306,0.001765427,2.024229,6.826813,0.02119077
0.3025278,-0.0235548,0.005134857,2.22399,6.825441,0.02172248
0.31609,-0.03229796,0.01039045,2.424884,6.826447,0.02139264
0.01768192,0.2857586,-0.003289756,0.2491666,5.099981,0.3096574
0.06239342,0.287059,-0.001809045,0.4637637,5.099934,0.2904396
0.09664211,0.2859941,0.0007039243,0.6775404,5.099858,0.2830162
0.1364514,0.2852557,-0.0009025382,0.8862989,5.099773,0.2792865
0.1741693,0.2834192,-1.346363e-05,1.091454,5.099694,0.2776037
0.2147966,0.279663,-0.0004294877,1.294638,5.099635,0.2768273
0.2566669,0.2732657,-0.0002131256,1.496713,5.099604,0.276505
0.2997566,0.2625561,-0.0004586823,1.698165,5.099606,0.2764801
0.3452162,0.2470445,-0.000241897,1.899302,5.099642,0.2767499
0.3898158,0.2235095,-0.001018289,2.100386,5.09971,0.2774661
0.433792,0.1930414,0.0002751405,2.30175,5.099811,0.2790789
0.4779086,0.1485408,-0.003747708,2.503998,5.099953,0.2827244
0.01752538,0.2518885,-0.003888627,0.2491654,5.299987,0.3096597
0.0618647,0.2526681,-0.001877469,0.4637704,5.299916,0.2904386
0.09560263,0.250835,0.0007893208,0.6775553,5.299788,0.2830081
0.1344491,0.2489741,-0.0008510698,0.8863186,5.299648,0.2792734
0.1705688,0.2458825,3.521594e-05,1.09148,5.299522,0.2775874
0.2089244,0.2408186,-0.0003625762,1.294671,5.299429,0.2768095
0.2474924,0.233197,-0.0001344015,1.496755,5.299382,0.2764872
0.2862597,0.2217717,-0.0003563289,1.698223,5.299384,0.2764639
0.3261114,0.2060862,-8.219496e-05,1.899395,5.299437,0.2767376
0.3638337,0.1842105,-0.0008880446,2.100558,5.299536,0.2774619
0.3999388,0.1562338,0.0007105741,2.302107,5.299673,0.2790885
0.4354272,0.1199409,-0.004249447,2.504775,5.299835,0.282755
0.01735523,0.2181348,-0.003965789,0.2492014,5.500015,0.3096878
0.06097202,0.218531,-0.001745224,0.4639018,5.499892,0.2904751
0.09402488,0.2163035,0.0008626784,0.6777605,5.499674,0.283047
0.1317004,0.2139224,-0.0008074461,0.8865405,5.499445,0.279319
0.1661581,0.2101534,5.09999e-05,1.091684,5.499247,0.2776415
0.2023052,0.2045456,-0.0003467765,1.294844,5.499106,0.2768709
0.237828,0.1965924,-0.0001157583,1.496895,5.499034,0.2765533
0.2729012,0.1853214,-0.0003551303,1.698339,5.499037,0.2765312
0.3079805,0.1705867,-4.653836e-05,1.899507,5.499115,0.2768031
0.3404453,0.150736,-0.0009717148,2.100701,5.499262,0.2775235
0.3704814,0.1265545,0.0007525454,2.302339,5.49946,0.2791455
0.3999872,0.09578779,-0.004616703,2.505179,5.499683,0.2828109
0.01721087,0.1851166,-0.004147081,0.2493077,5.700094,0.3097783
0.05978,0.185299,-0.001574386,0.4642606,5.699853,0.2905695
0.09202817,0.1829523,0.0008360117,0.678265,5.699479,0.2831537
0.1285853,0.1803345,-0.0006434367,0.8870403,5.699116,0.2794531
0.1614277,0.1764464,0.0001267521,1.092112,5.698814,0.2778035
0.1956363,0.1708453,-0.0002257335,1.295178,5.698603,0.2770542
0.2285246,0.1632621,-1.296461e-05,1.49714,5.698498,0.2767484
0.2605476,0.1528485,-0.0002470491,1.698511,5.698503,0.2767274
0.291889,0.1396769,6.472461e-05,1.899628,5.698618,0.2769898
0.3202264,0.1224678,-0.0008790173,2.1008,5.698835,0.2776901
0.3458523,0.101909,0.000928774,2.302449,5.699135,0.2792813
0.3708327,0.0767332,-0.004371942,2.505329,5.699474,0.2829069
0.01688087,0.1525163,-0.004142682,0.2496521,5.900194,0.3099648
0.05863255,0.1530057,-0.001699044,0.4651644,5.899737,0.2907486
0.09007224,0.1503883,0.0007744815,0.679329,5.899132,0.2833865
0.1255826,0.1479984,-0.0007733262,0.8879727,5.89858,0.2797681
0.1569855,0.144211,2.068236e-06,1.092838,5.898134,0.2781868
0.1894525,0.1391129,-0.0003311866,1.295703,5.897832,0.2774839
0.2201163,0.1323036,-0.0001380751,1.497496,5.897686,0.2772018
0.2496382,0.1231872,-0.0003669912,1.698733,5.897695,0.2771827
0.2779577,0.1119921,-7.613231e-05,1.899748,5.897857,0.2774249
0.3030919,0.09759929,-0.0009924346,2.100843,5.898173,0.2780811
0.3255078,0.08074451,0.0007213659,2.302443,5.898629,0.2796009
0.34686,0.06045036,-0.004295211,2.505302,5.899164,0.2831252
0.01579251,0.12015,-0.005051406,0.2509927,6.099683,0.3100344
0.057757,0.121184,-0.0006234604,0.4674411,6.099365,0.2910303
0.08815329,0.1188897,0.0007854823,0.6814494,6.09852,0.2839232
0.1229648,0.1167414,-0.0001045753,0.8895698,6.097725,0.2805379
0.1529558,0.1136969,0.0004369362,1.093955,6.097093,0.2791092
0.1841053,0.1092505,0.0001569235,1.296446,6.096679,0.2784969
0.2129109,0.1037196,0.0002946234,1.497965,6.096483,0.2782582
0.2405773,0.09612898,6.387479e-05,1.698998,6.096497,0.2782418
0.2666499,0.08725396,0.0002096594,1.899852,6.096715,0.2784489
0.2893841,0.0756652,-0.0007879554,2.10081,6.097152,0.2790248
0.3094043,0.06245858,0.0009347121,2.30229,6.097835,0.2803996
0.3282358,0.04681306,-0.004020512,2.505059,6.098695,0.2836925
0.01331179,0.08963453,-0.003316757,0.256459,6.294147,0.3080179
0.05901258,0.089821,-0.0005747975,0.4725343,6.298586,0.2916112
0.08708125,0.08857909,0.0001532239,0.6852847,6.297602,0.2853432
0.1211744,0.08653247,-0.0007892304,0.8920439,6.296454,0.2825238
0.1499723,0.08428048,-0.0001807211,1.095499,6.295586,0.2813974
0.1798745,0.08092556,-0.0002694806,1.297392,6.29505,0.2809435
0.2073013,0.07669328,-0.0002717651,1.498526,6.294802,0.2807769
0.2335051,0.0710104,-0.0004626219,1.699291,6.294826,0.2807611
0.2578311,0.06449938,-0.0003771229,1.899925,6.295088,0.2809132
0.2786862,0.05627212,-0.001135431,2.10067,6.295632,0.2813618
0.2973066,0.04615544,-5.308777e-05,2.301909,6.296609,0.2824624
0.3127919,0.034872,-0.00391284,2.50442,6.298021,0.2852338
0.02245389,0.06354418,-0.003761444,0.2725287,6.492081,0.3035679
0.06109025,0.05614223,0.003649772,0.4833441,6.498366,0.2929522
0.08677983,0.0579981,0.002356256,0.6912824,6.496889,0.2888792
0.1196002,0.05547093,0.002475541,0.8953233,6.49507,0.2871814
0.1477072,0.05461208,0.002469045,1.097355,6.493964,0.2865387
0.1767356,0.05207807,0.001893068,1.298452,6.493348,0.2863316
0.2031081,0.04966005,0.001937084,1.499129,6.493052,0.2862928
0.2284788,0.0456409,0.001806279,1.699592,6.493124,0.2862469
0.2519703,0.04203942,0.000954148,1.899957,6.493385,0.2863152
0.2711905,0.03672919,-0.0003528965,2.100403,6.493884,0.2866211
0.2884329,0.03036726,0.0004062775,2.301214,6.495112,0.2872721
0.3028447,0.02490309,-0.003533035,2.503048,6.497409,0.288946
0.02964457,0.03302389,-0.0008197833,0.2926429,6.704664,0.2968639
0.05879002,0.02634334,0.002493985,0.4953182,6.703498,0.2957798
0.08701806,0.0300924,0.001774394,0.6975297,6.699702,0.2944809
0.1183467,0.02429136,0.0006705979,0.8985821,6.697441,0.2944008
0.1466174,0.0254047,0.001475547,1.099118,6.696642,0.2943539
0.1747659,0.02465197,0.0009431393,1.299431,6.696245,0.2944732
0.2005856,0.02323971,0.00123412,1.499682,6.695987,0.2946821
0.2254713,0.02297108,0.0007868748,1.699869,6.69613,0.2944832
0.2484393,0.02076094,-0.000392745,1.899984,6.696291,0.2944275
0.2665066,0.02234721,-0.001485724,2.100101,6.696438,0.294686
0.2849449,0.01549863,-0.0007939183,2.300295,6.697293,0.2947249
0.2912803,0.01693451,-0.00254553,2.501032,6.699814,0.2946419
0.01690852,0.004885757,-0.001259603,0.2491172,6.852477,0.2494107
0.04614396,-0.001130814,0.003710892,0.4502406,6.854485,0.2496285
0.05994762,0.0006405657,0.001212611,0.6502846,6.852953,0.2486202
0.09819265,-0.004330828,0.001466945,0.8499876,6.851776,0.247825
0.1206489,-0.006404301,0.006930002,1.049839,6.851653,0.2478518
0.1303984,-0.005731967,0.0008034619,1.249881,6.851631,0.2478937
0.1600555,-0.008446849,0.003444899,1.449922,6.851483,0.2485422
0.1857145,-0.01202136,0.01588103,1.649968,6.851552,0.2482211
0.1860792,-0.01092028,-6.935508e-06,1.849999,6.851637,0.2478453
0.2046944,-0.01078399,0.005912843,2.050047,6.851524,0.2484038
0.2333361,-0.01274854,-0.00209779,2.250021,6.851496,0.248673
0.2651038,0.02237102,0.006033663,2.54991,6.852945,0.2485625
0.01818171,0.2816768,0.0010681,0.2104587,5.099968,0.5123349
0.05280425,0.2861809,-0.003165634,0.4272518,5.099862,0.4942037
0.09337696,0.2859769,0.0003206708,0.6505563,5.099671,0.4885611
0.1322639,0.285488,-0.0006747286,0.8681703,5.099449,0.4842402
0.1721174,0.2836958,-0.0001220993,1.079626,5.099245,0.4816311
0.2128654,0.2800265,-0.0003919939,1.286966,5.099093,0.4802845
0.2555488,0.2736781,-0.0002149752,1.491889,5.099012,0.4797037
0.2984706,0.2629835,-0.0004600111,1.695385,5.099016,0.4796849
0.344846,0.2474492,-0.000427962,1.898096,5.099107,0.4802301
0.3873414,0.2237914,-0.0008687151,2.100539,5.09928,0.481546
0.4349656,0.1929035,-0.001611659,2.303311,5.099531,0.4841263
0.4680549,0.1487936,-0.001473705,2.507022,5.099846,0.4885161
0.01812348,0.248683,0.0009525966,0.210465,5.299993,0.5123402
0.05241523,0.2519781,-0.003158511,0.427276,5.299827,0.4942057
0.09243738,0.2509562,0.0003004978,0.650601,5.299505,0.4885519
0.1304322,0.2493404,-0.0006101644,0.8682293,5.299134,0.4842205
0.1686597,0.2462676,-6.446083e-05,1.079699,5.298804,0.4816058
0.2071548,0.2412721,-0.0003053878,1.287054,5.298563,0.480257
0.2465348,0.2336741,-0.0001021923,1.491997,5.298438,0.4796762
0.2851662,0.2222206,-0.0003208462,1.695528,5.298443,0.4796598
0.325943,0.206503,-0.0002009158,1.898318,5.29858,0.4802105
0.3616901,0.1844526,-0.0006465428,2.100941,5.298836,0.4815373
0.4013418,0.1563147,-0.001060738,2.304113,5.299188,0.4841353
0.4267417,0.1198467,-0.001306967,2.508623,5.299583,0.4885128
0.01793258,0.2151514,0.0009945985,0.2105439,5.500078,0.5123889
0.05172338,0.218087,-0.003003061,0.4275611,5.499783,0.4942709
0.09096448,0.2164625,0.0003498201,0.6510794,5.499229,0.4886303
0.1278635,0.2144181,-0.0005534323,0.8687735,5.498623,0.4843168
0.1644111,0.2106104,-3.730164e-05,1.080212,5.4981,0.4817244
0.2007053,0.2050705,-0.0002756226,1.287493,5.497726,0.4803938
0.2370134,0.1971035,-7.026286e-05,1.492354,5.497537,0.4798237
0.271945,0.1857658,-0.0003043152,1.695824,5.497546,0.4798088
0.3078868,0.1709675,-0.0001343573,1.898597,5.49775,0.4803518
0.3383235,0.1508756,-0.0006819364,2.101285,5.498132,0.4816631
0.3718462,0.1265314,-0.0009304916,2.304653,5.498652,0.4842398
0.3909344,0.09540236,-0.001460894,2.509502,5.499224,0.4885809
0.01799299,0.1827205,0.0007280342,0.2107887,5.700264,0.5125263
0.05094824,0.1850556,-0.002833549,0.4283424,5.699692,0.4944303
0.08916599,0.1832816,0.0002767266,0.6522498,5.698745,0.4888282
0.1250629,0.1809305,-0.0004107363,0.8699911,5.697773,0.484575
0.1598775,0.1770335,2.360825e-05,1.081277,5.696966,0.482047
0.1942483,0.1714729,-0.0001682849,1.288336,5.696407,0.4807652
0.2278824,0.1638691,2.458007e-05,1.492975,5.69613,0.4802213
0.2597638,0.1533568,-0.0002015194,1.696259,5.696144,0.480207
0.2918952,0.1401554,-1.287955e-05,1.898902,5.696446,0.4807247
0.3183475,0.1226188,-0.0005763982,2.101529,5.69702,0.4819854
0.3472171,0.1021739,-0.00065813,2.304917,5.697814,0.4844885
0.3625474,0.07619647,-0.001345875,2.509845,5.698705,0.4887386
0.01765499,0.1496089,0.00096415,0.2116374,5.900334,0.5127391
0.05005958,0.1531821,-0.002659183,0.4303419,5.899382,0.494704
0.08744359,0.1505537,0.0003040807,0.6547229,5.897841,0.4892123
0.1223408,0.1487614,-0.0004563975,0.8722619,5.896337,0.4851115
0.1556964,0.1448316,-2.917088e-05,1.083086,5.89513,0.4827267
0.1882846,0.1398075,-0.0002227496,1.289663,5.894325,0.4815442
0.2196279,0.1329302,-3.326706e-05,1.493881,5.893938,0.4810509
0.2490173,0.1236988,-0.0002846167,1.696826,5.893962,0.4810377
0.2779982,0.1124114,-8.589192e-05,1.899208,5.894394,0.4815062
0.3014239,0.09761558,-0.0007075852,2.101646,5.895241,0.4826657
0.3267266,0.08092182,-0.0006755968,2.30492,5.896465,0.4850143
0.3389019,0.05960942,-0.001497747,2.509808,5.897894,0.489072
0.01821132,0.1193407,6.221709e-05,0.2147965,6.098336,0.5126871
0.05081347,0.12151,-0.001943051,0.4354391,6.098419,0.4950562
0.08593414,0.1194793,-7.518484e-05,0.6596657,6.096158,0.4899279
0.1204091,0.1175796,-0.0001317116,0.8761654,6.093896,0.4861865
0.1519,0.1146455,8.248222e-05,1.085868,6.092148,0.4840933
0.183214,0.1102323,-1.468558e-06,1.291535,6.091043,0.4830935
0.2125608,0.1046558,0.0001074868,1.49507,6.090533,0.4826871
0.2400918,0.09687243,-0.0001248624,1.697504,6.090567,0.4826762
0.2666846,0.0880295,-3.351987e-05,1.899485,6.091149,0.4830646
0.2879637,0.07577148,-0.0006427229,2.10159,6.092345,0.4840479
0.3104802,0.06334168,-0.0005518785,2.304593,6.094217,0.4861078
0.3214933,0.04565908,-0.001244658,2.509324,6.096562,0.4897841
0.01547528,0.08656337,0.0006505161,0.2251011,6.285992,0.5119106
0.05298286,0.09272032,-0.00169767,0.4468119,6.296473,0.4955826
0.08568911,0.08884172,0.0001155953,0.6686211,6.293276,0.4913527
0.1190706,0.08809105,-0.0003757038,0.8822454,6.289744,0.4883271
0.1494707,0.08543271,0.0001295139,1.089694,6.287285,0.4867736
0.1792249,0.08204343,-4.413913e-05,1.293907,6.285855,0.4860647
0.207072,0.07766661,4.458333e-05,1.496487,6.285234,0.4857879
0.2332539,0.07166586,-0.000237521,1.69825,6.285276,0.4857802
0.2577738,0.06502493,-0.0001508177,1.899695,6.285982,0.4860527
0.277879,0.05560104,-0.0009611176,2.101293,6.287546,0.4867682
0.2979082,0.04630554,-0.0005666848,2.303753,6.290304,0.4883229
0.3063972,0.03239325,-0.001833542,2.508054,6.294275,0.4912827
0.01306606,0.06095289,-0.002813353,0.2538861,6.486325,0.5043723
0.05990174,0.05790796,0.001748834,0.4688044,6.495069,0.496697
0.0849571,0.06034032,-0.0003478458,0.6820213,6.489134,0.4941357
0.1186993,0.05806295,0.0008496257,0.8899072,6.483375,0.4923784
0.1468681,0.05779937,0.0005673698,1.094103,6.480001,0.4915738
0.1763042,0.05531979,0.0003286948,1.296485,6.478359,0.4912453
0.2029341,0.05255099,0.0002656871,1.497966,6.47772,0.4911326
0.2282555,0.04794067,-0.0001109829,1.69899,6.477763,0.4911217
0.2514448,0.04439998,-0.0003291797,1.899823,6.478468,0.4912488
0.2703232,0.03719044,-0.001455643,2.100752,6.480211,0.4916215
0.2883283,0.0343266,-0.001140572,2.302293,6.483893,0.4924451
0.3008629,0.02124968,-0.001468397,2.505431,6.490399,0.4941763
0.0298546,0.03112448,-0.0006097139,0.2895433,6.705083,0.4992273
0.05935019,0.02782585,0.001681744,0.4913802,6.69969,0.4987552
0.08634135,0.03589333,0.002184346,0.6942552,6.685765,0.4975197
0.1169096,0.03233364,0.0006953613,0.896683,6.675953,0.4966743
0.1468508,0.03233205,0.001691714,1.097883,6.672311,0.4965128
0.1740225,0.0300431,0.001212521,1.298639,6.671002,0.4965199
0.199584,0.02886706,0.001087247,1.49919,6.670572,0.496557
0.2248913,0.02672367,0.0008525056,1.699604,6.670606,0.4965254
0.2466469,0.02470004,0.0004010668,1.899913,6.671063,0.4965198
0.2675549,0.02052474,-0.001297896,2.100171,6.672393,0.4966042
0.2811358,0.01539185,0.000582911,2.300601,6.676138,0.496786
0.287235,0.00507723,-0.005896309,2.502298,6.68615,0.4976064
0.01518938,0.003813124,-0.004053975,0.2492414,6.852907,0.4499585
0.04955129,0.0009679491,0.004204882,0.4497381,6.853514,0.4501026
0.09639391,0.01063182,0.004926415,0.7056043,6.844131,0.5057071
0.1172912,0.00567151,0.004278575,0.9042838,6.837225,0.5037696
0.1462505,0.00839485,0.001895451,1.10011,6.836063,0.5047146
0.1727019,0.008944686,0.004293912,1.299668,6.835648,0.5050587
0.1987172,0.008263913,0.003484419,1.499796,6.835522,0.5051956
0.223004,0.006499634,-0.002949942,1.699949,6.835528,0.5051442
0.2445042,0.006733886,0.002393613,1.900025,6.835659,0.5050472
0.2635202,0.005313445,-0.003269181,2.099519,6.836076,0.5048105
0.2759991,0.01543665,0.007011295,2.295293,6.837241,0.5038646
0.3100088,-0.006876672,-0.01774374,2.494343,6.844111,0.5057355
0.01761129,0.2861203,-0.002286303,0.1970128,5.099957,0.7005745
0.05106345,0.2863617,-0.001352138,0.4035917,5.099787,0.6959692
0.0893484,0.2862296,-0.0007547265,0.6267379,5.099459,0.6921357
0.1296013,0.2857603,-0.0005409505,0.8486226,5.099056,0.6887412
0.1698153,0.2840902,-0.000263301,1.065612,5.098676,0.6860894
0.2114081,0.2805065,-0.0004612683,1.277505,5.09839,0.6844411
0.2544778,0.2742317,-0.0002904624,1.485785,5.09824,0.683704
0.2983985,0.2635178,-0.0005465741,1.691798,5.098247,0.683707
0.3444613,0.2480344,-0.0002305654,1.896463,5.098414,0.6844612
0.3892719,0.2239672,-0.001017093,2.100522,5.098729,0.6861631
0.4344261,0.1935674,0.0002237064,2.304597,5.099164,0.6890289
0.4727668,0.1472394,-0.001406472,2.509115,5.09966,0.6928992
0.01757227,0.2522405,-0.002347702,0.1970239,5.300009,0.7005816
0.05074504,0.2521475,-0.001380842,0.4036344,5.299735,0.6959727
0.08852977,0.2512865,-0.000743399,0.6268202,5.299185,0.692129
0.1278815,0.2497623,-0.0004925352,0.8487377,5.298513,0.688724
0.1665138,0.2468022,-0.0002061652,1.065756,5.297895,0.6860657
0.2058646,0.2418674,-0.0003708117,1.277676,5.297439,0.6844156
0.2456279,0.2342881,-0.0001705836,1.485988,5.297204,0.6836793
0.2852683,0.2227785,-0.000402474,1.692054,5.297214,0.6836851
0.3256471,0.2069989,-1.393975e-05,1.896841,5.297468,0.6844449
0.3638282,0.184612,-0.0008098336,2.101175,5.297944,0.6861587
0.4005657,0.1565455,0.0006550972,2.305808,5.29858,0.68903
0.4319402,0.1188547,-0.001240248,2.51129,5.299259,0.6928851
0.01738468,0.2183224,-0.002223642,0.197138,5.500159,0.7006315
0.05008451,0.2184012,-0.001297081,0.404069,5.499669,0.6960421
0.08717428,0.2169495,-0.0006799753,0.6275982,5.498731,0.6922276
0.1254505,0.2150689,-0.0004547192,0.8496768,5.497631,0.6888565
0.1624433,0.2113553,-0.0001853658,1.066676,5.496647,0.6862338
0.1995973,0.2058592,-0.0003416617,1.278476,5.49594,0.6846147
0.2362735,0.1978655,-0.0001379847,1.48664,5.495581,0.6838958
0.2722145,0.1864449,-0.0003745348,1.692585,5.495596,0.6839021
0.3076688,0.1715059,5.349463e-05,1.897327,5.495981,0.6846458
0.3406381,0.1511012,-0.0008142229,2.101747,5.4967,0.6863297
0.3709867,0.1266368,0.0007825785,2.306649,5.49766,0.6891562
0.3966457,0.09481008,-0.001404617,2.512535,5.498679,0.6929569
0.01763374,0.1853687,-0.002241144,0.1974876,5.700452,0.7007595
0.0494749,0.1854147,-0.001205106,0.4052474,5.699521,0.6962036
0.0856193,0.1838381,-0.0006924347,0.6294813,5.69793,0.6924651
0.1229053,0.1816678,-0.0003331689,0.8517631,5.696164,0.6891875
0.1581476,0.1778529,-0.0001192171,1.068573,5.694637,0.6866601
0.1933603,0.1723366,-0.0002328646,1.280007,5.69357,0.6851175
0.2273244,0.1646757,-2.422656e-05,1.487775,5.693043,0.68444
0.2601689,0.1540739,-0.0002556974,1.693375,5.693069,0.6844454
0.2917755,0.1406301,0.000182924,1.897867,5.693642,0.6851445
0.3206729,0.1228741,-0.000673248,2.102163,5.69473,0.6867443
0.3463504,0.1019358,0.0009829075,2.307073,5.696214,0.6894569
0.3680931,0.07585322,-0.001248146,2.51304,5.69782,0.6931343
0.01726675,0.1517039,-0.00213852,0.1986824,5.900491,0.7009652
0.04879701,0.1538913,-0.001102699,0.4082321,5.899008,0.6964738
0.08413355,0.1513216,-0.0006598099,0.6334186,5.896437,0.6929036
0.1204441,0.1498784,-0.0003785264,0.8556416,5.893678,0.6898273
0.1542569,0.146018,-0.0001888072,1.071804,5.891366,0.6874924
0.1876523,0.1410503,-0.0002823286,1.282421,5.889821,0.6861007
0.2192814,0.1340671,-8.172209e-05,1.489431,5.889087,0.6855024
0.2495475,0.1247628,-0.0003267904,1.694408,5.889131,0.6855065
0.277998,0.113122,8.060068e-05,1.898417,5.889951,0.6861215
0.3036598,0.09819485,-0.0007629957,2.10237,5.891566,0.6875577
0.3259643,0.08072096,0.0008257317,2.307087,5.893873,0.6900477
0.3441995,0.05985999,-0.001373527,2.51299,5.896458,0.6934839
0.01773256,0.1214307,-0.002660523,0.2029028,6.09758,0.7011035
0.05034787,0.1224434,-0.000588243,0.4157319,6.097496,0.6968321
0.08309556,0.1204717,-0.0008061961,0.6411899,6.093671,0.6936555
0.1190688,0.1187918,-7.736421e-05,0.8623148,6.089416,0.6909909
0.150838,0.1159211,1.910373e-05,1.076813,6.085986,0.6890004
0.1828735,0.1115431,6.178723e-05,1.285826,6.083888,0.6878873
0.2124319,0.1058542,0.0002093975,1.491603,6.082934,0.6874192
0.2406941,0.0980329,-2.352302e-05,1.695646,6.082998,0.6874229
0.2668141,0.08869252,0.0002869473,1.898919,6.084091,0.6879061
0.2900701,0.07641854,-0.0004970505,2.102269,6.086366,0.6890569
0.3099852,0.06269835,0.001048814,2.306576,6.089935,0.6911493
0.3263999,0.04586701,-0.0008756091,2.512291,6.094206,0.6941402
0.01363722,0.08879241,-0.002013041,0.2140034,6.284813,0.7006106
0.05269397,0.09395886,-0.0002156676,0.432067,6.294711,0.6973613
0.08330026,0.0901473,-0.000626972,0.6550853,6.288938,0.6949785
0.1181814,0.0899236,-0.0002345769,0.8726756,6.282196,0.6930198
0.1487855,0.08737009,-3.375858e-08,1.083552,6.277565,0.6916889
0.1791248,0.08401426,-3.449608e-05,1.290038,6.274932,0.6909826
0.2071637,0.07949664,6.738477e-05,1.49414,6.273804,0.690689
0.2338516,0.07351045,-0.000176043,1.696994,6.273876,0.690693
0.2579908,0.06617646,9.019662e-06,1.899316,6.275171,0.6910033
0.2795492,0.0570022,-0.0007959634,2.101764,6.27807,0.6917443
0.2974955,0.04590757,0.0003456515,2.305216,6.283187,0.6931466
0.3099893,0.03452837,-0.001345814,2.510495,6.290311,0.6953265
0.01191436,0.06403462,-0.002630397,0.247602,6.483775,0.6996245
0.05999089,0.05831173,0.001430593,0.4610496,6.492583,0.6982494
0.08348077,0.0622917,-0.0004094883,0.6748787,6.48217,0.6969612
0.1184568,0.05998785,0.000555218,0.8849428,6.47205,0.6958988
0.1463376,0.06022497,0.0004150554,1.090842,6.46608,0.6952714
0.1763575,0.0575315,0.0004129736,1.29439,6.46318,0.6949616
0.2031828,0.05471083,0.000439242,1.496675,6.462062,0.6948407
0.2287023,0.05037755,0.0002032827,1.698285,6.462121,0.6948427
0.2517595,0.04575018,0.0002438538,1.899585,6.463374,0.6949813
0.2714984,0.03888086,-0.000374377,2.100953,6.466495,0.6953268
0.289223,0.0337797,0.0006544518,2.303036,6.472936,0.6960022
0.3042081,0.02243372,0.0001331777,2.506871,6.483945,0.6971553
0.03121479,0.03052481,-0.0009213855,0.2884631,6.705004,0.6996685
0.0598363,0.02808298,0.001298804,0.4895703,6.6972,0.6994712
0.08517234,0.03566679,0.0005842382,0.6917455,6.67565,0.6990998
0.116717,0.0343625,3.807667e-05,0.8950182,6.658392,0.6988537
0.1471645,0.03438219,0.0002726632,1.096704,6.651785,0.6987935
0.1747318,0.03189499,-7.62868e-05,1.297819,6.649375,0.6987949
0.2010125,0.03069228,6.243362e-05,1.498657,6.648605,0.6988066
0.2259107,0.02879767,0.0001073039,1.699299,6.648637,0.6988043
0.2475686,0.02581028,-0.0002901422,1.89977,6.649474,0.6988061
0.2688156,0.02198904,-0.0008890764,2.100128,6.651977,0.6988344
0.2814791,0.01397087,-0.0009462537,2.300708,6.658733,0.6989167
0.2855396,0.01257943,-0.002176073,2.503056,6.676201,0.6991838
0.01169158,0.003236863,-0.001109565,0.2494048,6.852893,0.6499788
0.04485373,0.001863208,0.00134538,0.4488004,6.852378,0.6499402
0.09549403,0.0122209,-0.0002335238,0.7034664,6.837253,0.7046575
0.119166,0.006126192,0.001415288,0.9060725,6.822816,0.7067517
0.1473094,0.01010141,0.0008740132,1.100199,6.820625,0.7068589
0.1739969,0.01024036,0.0007474587,1.299486,6.819801,0.7069874
0.2006913,0.009644786,0.0007686223,1.499648,6.819546,0.7070573
0.2244109,0.009579637,0.0003198086,1.699866,6.819553,0.7070546
0.2460362,0.007757348,0.000268509,1.899962,6.819823,0.7069916
0.2654462,0.00850155,-0.0005477542,2.099131,6.820664,0.7068792
0.281944,0.0187423,-0.0006499185,2.293153,6.822859,0.7067785
0.3130406,-0.007082286,0.002762594,2.496265,6.837248,0.7046736
0.01537212,0.2859696,0.0002081937,0.1916021,5.099945,0.8982796
0.04859689,0.2863698,-0.0009987386,0.3919668,5.099715,0.8969901
0.08681276,0.2862352,-0.0001243295,0.6115982,5.09926,0.8948693
0.1261768,0.2859401,-0.0005270585,0.8329812,5.098678,0.8923386
0.1673153,0.2843951,-7.174818e-05,1.052486,5.098105,0.8902639
0.2092164,0.2809522,-0.0003136902,1.268029,5.097663,0.8887361
0.2529774,0.2747659,-0.0003083724,1.479533,5.097429,0.887968
0.2971269,0.2640791,-0.0004626309,1.688095,5.097439,0.8879953
0.3439304,0.2485457,-0.0006198378,1.894778,5.097694,0.8888359
0.3881931,0.2243463,-0.0008016416,2.100355,5.098166,0.8905308
0.4346449,0.1936573,-0.001111862,2.305386,5.098789,0.8929677
0.4707967,0.1474855,-0.0004409781,2.510219,5.099461,0.895751
0.0154118,0.2521079,0.0001427143,0.1916162,5.300013,0.8982813
0.04834974,0.2521599,-0.001007019,0.392025,5.299644,0.896992
0.08607931,0.2513438,-0.0001525789,0.6117172,5.298886,0.8948662
0.1246081,0.2500576,-0.0004935581,0.8331585,5.29792,0.8923297
0.1641714,0.247236,-4.070638e-05,1.052717,5.296986,0.8902518
0.2038659,0.2424325,-0.0002470598,1.268304,5.296278,0.888724
0.2443243,0.2349112,-0.0002107472,1.479848,5.29591,0.8879581
0.2842029,0.2233776,-0.0003338209,1.688474,5.295924,0.8879878
0.3252997,0.2075239,-0.000425657,1.89531,5.296319,0.888833
0.3629334,0.1849289,-0.0005819038,2.101218,5.297043,0.8905311
0.4009526,0.1566869,-0.0007143052,2.306867,5.29798,0.8929678
0.4302516,0.1189486,-0.0001218944,2.512675,5.298938,0.895745
0.0152928,0.2181218,0.0001817931,0.1917556,5.500201,0.8983084
0.0477651,0.2184402,-0.0009420522,0.3925792,5.499549,0.8970471
0.08482855,0.2170051,-0.0001294848,0.6127546,5.498271,0.8949579
0.1223517,0.2154798,-0.0004616793,0.8344792,5.496696,0.8924665
0.1602998,0.211893,-2.872207e-05,1.054071,5.495208,0.8904337
0.1978172,0.2065308,-0.0002209867,1.269513,5.494102,0.8889446
0.2351689,0.1985721,-0.0001812658,1.480836,5.493535,0.8882017
0.2713257,0.1870873,-0.0002985435,1.689263,5.493558,0.8882309
0.3074416,0.1720444,-0.0003511973,1.896005,5.494163,0.8890518
0.3397651,0.1513794,-0.0005460739,2.101992,5.495273,0.8907064
0.3713773,0.126775,-0.0006132724,2.307919,5.496708,0.8930897
0.3945799,0.09475257,-0.0001306259,2.514119,5.49817,0.895815
0.01574244,0.1852145,0.0001092125,0.1921746,5.700555,0.8983828
0.0473052,0.1854715,-0.0008891388,0.3940526,5.699342,0.8971765
0.08345421,0.1839895,-0.0001972307,0.6152286,5.697201,0.8951713
0.1201095,0.1821833,-0.0003952006,0.837388,5.69468,0.8927921
0.1562616,0.1785354,-3.132458e-05,1.056859,5.692358,0.8908703
0.1918601,0.1731454,-0.0001842461,1.27183,5.690675,0.8894739
0.2264621,0.1655096,-0.0001254623,1.482561,5.689835,0.8887853
0.2594967,0.1548069,-0.0002350232,1.690442,5.689876,0.8888107
0.2916904,0.1412569,-0.0002336632,1.896783,5.690786,0.8895681
0.3199626,0.1231865,-0.0004241787,2.102563,5.692485,0.8911154
0.3468304,0.1022065,-0.000382743,2.308462,5.694716,0.8933711
0.3663071,0.07573346,-3.904092e-06,2.514717,5.697019,0.8959753
0.01540039,0.1512002,0.0002048464,0.1935664,5.900611,0.8985347
0.04676676,0.1540663,-0.0008136332,0.3976926,5.898678,0.8974063
0.08218888,0.1513517,-0.0001625875,0.6203066,5.895251,0.895554
0.1179468,0.1505589,-0.0004217552,0.842758,5.891317,0.8933943
0.152706,0.1468418,-7.346403e-05,1.061636,5.887758,0.8916875
0.1864539,0.1419992,-0.0001646651,1.275523,5.885277,0.8904609
0.2186618,0.135015,-7.98311e-05,1.485087,5.884123,0.8898857
0.2490695,0.1255987,-0.0002397136,1.691991,5.884193,0.889906
0.2780008,0.1138495,-0.0002488257,1.897567,5.885486,0.8905368
0.3030485,0.09851671,-0.0004613129,2.102845,5.88804,0.8918795
0.3263861,0.08109453,-0.00039467,2.308478,5.891535,0.8938937
0.3423887,0.05966106,-0.0001657171,2.514653,5.895214,0.8962677
0.016315,0.121134,-0.0002295716,0.1983001,6.097526,0.8987835
0.04887289,0.1225965,-0.0005605851,0.4065892,6.096832,0.8977624
0.0814929,0.1207497,-0.0003579498,0.6301119,6.09175,0.8961749
0.1172492,0.1195995,-0.0002991029,0.8519417,6.085703,0.8944262
0.1496854,0.1170025,-8.486485e-05,1.06907,6.080416,0.893087
0.1820398,0.1127946,-3.078115e-05,1.280654,6.077183,0.8921979
0.2120253,0.1071066,2.24659e-05,1.48835,6.075735,0.8917944
0.2404053,0.09911487,-0.000135544,1.693837,6.075831,0.8918102
0.2668803,0.08970578,-0.0001538243,1.898277,6.077495,0.8922554
0.2896685,0.07687771,-0.000397656,2.102654,6.080991,0.8932285
0.3103978,0.06331795,-0.000183858,2.307809,6.086324,0.8947935
0.3250399,0.04552373,-4.48894e-05,2.513802,6.092307,0.8967614
0.01234397,0.08721111,9.645061e-05,0.2104602,6.284479,0.8991029
0.05167907,0.09461514,-0.0004318064,0.4253765,6.293629,0.898279
0.08236127,0.09023199,-6.809549e-05,0.6472569,6.286031,0.8971107
0.1169556,0.09102268,-0.0002259475,0.865865,6.276767,0.8959356
0.1480994,0.0887193,1.000226e-06,1.078625,6.27018,0.8950685
0.1785424,0.08552547,-5.54251e-05,1.286717,6.266414,0.8945382
0.2068645,0.08095685,-1.404342e-05,1.492032,6.264797,0.894301
0.2336421,0.07470167,-0.0002329146,1.695809,6.264899,0.8943126
0.2579143,0.0673459,-0.0002204672,1.898871,6.266755,0.894582
0.2791812,0.05744905,-0.0006352654,2.101965,6.27089,0.8951721
0.2975959,0.04685584,-0.0004465527,2.30602,6.278032,0.8961655
0.3085737,0.03392536,-0.0005372091,2.511648,6.287523,0.897528
0.01076107,0.06384587,-0.001522567,0.245866,6.483477,0.8994466
0.06063595,0.05859519,0.0006334586,0.457519,6.491186,0.8989602
0.08291152,0.0629931,-0.0001383161,0.6708468,6.478236,0.8983192
0.1180282,0.06141459,0.0002557864,0.8815253,6.46537,0.897717
0.1459077,0.06188427,0.000150264,1.088324,6.457555,0.8973041
0.1760277,0.05926044,0.0001637085,1.292654,6.453665,0.8970699
0.2028459,0.05637363,0.0001286483,1.495551,6.452142,0.8969703
0.2284946,0.05171727,-0.0001505794,1.697633,6.452222,0.8969776
0.2514793,0.04710551,-9.692076e-05,1.899305,6.45393,0.897098
0.2713482,0.03938911,-0.0006002517,2.100989,6.45811,0.8973689
0.2890229,0.03484245,-9.240435e-05,2.303368,6.466476,0.8978437
0.3035596,0.02143025,-0.0005949843,2.507445,6.480237,0.8985484
0.03188321,0.03075518,-0.0001724553,0.2881054,6.704954,0.8998211
0.06035193,0.02813938,0.0006636563,0.4887896,6.696164,0.8996585
0.08550201,0.03697768,0.0006592789,0.6905457,6.67179,0.8994622
0.1164067,0.03572456,0.0004593008,0.8939472,6.651539,0.8993231
0.1470168,0.03597564,0.0005110579,1.095847,6.643387,0.8992685
0.1744484,0.03371476,0.0003261277,1.297184,6.640283,0.8992564
0.2005773,0.03245042,0.0003058221,1.49822,6.639263,0.8992581
0.2256248,0.0297416,-7.566879e-05,1.699023,6.639305,0.8992609
0.2469321,0.02735972,-1.850477e-05,1.899605,6.640418,0.8992693
0.2684793,0.02239622,-0.0008847368,2.100024,6.643645,0.8992992
0.2803135,0.01638705,-0.0005616802,2.300644,6.651973,0.8993759
0.2852849,0.009910661,-0.001942232,2.503115,6.67244,0.8995436
0.01160123,0.002949268,-0.000281599,0.2494961,6.852883,0.8499721
0.0460047,0.001673282,0.0007324304,0.4490775,6.852181,0.849776
0.09590607,0.01282444,0.001040197,0.7043138,6.836076,0.9003985
0.1192104,0.007005753,0.001151201,0.9059946,6.820601,0.9007369
0.1473659,0.010415,0.0009290285,1.100152,6.817769,0.9008513
0.1739257,0.01073897,0.001008222,1.299401,6.816711,0.9009372
0.1996803,0.01014061,0.0008929435,1.499564,6.816382,0.9009868
0.224077,0.009506904,-8.701431e-06,1.699793,6.816392,0.9009873
0.2453502,0.008278224,0.0005223461,1.899874,6.816742,0.9009409
0.2658029,0.008364334,-0.0007008147,2.098979,6.817821,0.9008609
0.280263,0.01844175,0.0007085965,2.293015,6.82066,0.9007512
0.3118605,-0.01007975,-0.002354399,2.495265,6.836079,0.9004146
0.01560282,0.2860915,-0.0007379865,0.1898636,5.099933,1.098817
0.04829926,0.2864346,-0.0005520841,0.3868486,5.099655,1.098111
0.08576996,0.2863284,-0.0004497607,0.6034462,5.0991,1.096887
0.124734,0.2860942,-0.0004194069,0.8230114,5.098371,1.095378
0.1655519,0.2846611,-0.0002073942,1.042588,5.097632,1.093876
0.2078979,0.2813406,-0.0001633343,1.260015,5.097043,1.092799
0.2519766,0.2752353,-0.0001714854,1.474101,5.096725,1.092178
0.2967461,0.2645497,-0.0003552344,1.684968,5.096737,1.092219
0.3436989,0.249001,-0.0002887629,1.893414,5.097078,1.092945
0.3886953,0.2246231,-0.000501115,2.100146,5.097694,1.094238
0.434652,0.1940912,7.230122e-05,2.305755,5.09848,1.095883
0.4719906,0.1474475,-0.0003650743,2.510692,5.099295,1.097587
0.01563046,0.2522113,-0.0007453151,0.1898801,5.300004,1.098816
0.04805543,0.2522481,-0.0005558341,0.3869191,5.299564,1.098112
0.08507744,0.2514879,-0.0004428798,0.6035963,5.298646,1.096887
0.1232406,0.2502976,-0.0003960216,0.8232455,5.297446,1.095376
0.1625224,0.2476177,-0.0001820767,1.042905,5.296241,1.093876
0.2026929,0.2429337,-0.0001169802,1.260397,5.295293,1.092802
0.2434753,0.2354536,-9.854371e-05,1.474529,5.294786,1.092183
0.2839744,0.2238852,-0.0002657436,1.685462,5.294805,1.092227
0.3251754,0.2079474,-0.000148318,1.894071,5.295341,1.092952
0.3635681,0.1851532,-0.0003470559,2.101149,5.296298,1.094244
0.400946,0.1569156,0.0003259471,2.307377,5.297494,1.095886
0.4316246,0.1188358,-0.0002286478,2.513272,5.29868,1.097588
0.01549813,0.2182642,-0.0006948522,0.1900382,5.500206,1.098828
0.0474711,0.2185978,-0.0005188393,0.3875584,5.49944,1.098148
0.08387112,0.2172139,-0.0004164572,0.6048247,5.497907,1.096955
0.121085,0.2158353,-0.0003781706,0.8248705,5.495962,1.095484
0.1588031,0.2124065,-0.0001767294,1.044646,5.494044,1.09403
0.1968073,0.2071628,-0.0001125489,1.262007,5.492549,1.092995
0.2344852,0.1992289,-0.0001008746,1.475853,5.491754,1.092399
0.2712517,0.1876795,-0.000240011,1.686489,5.491788,1.092442
0.307399,0.1725039,-8.162563e-05,1.894938,5.492627,1.093138
0.3405173,0.1516251,-0.0003105622,2.102062,5.494111,1.094385
0.3713882,0.1269342,0.0004141963,2.308547,5.495954,1.095982
0.3962029,0.09469861,-0.000223448,2.514809,5.497771,1.097642
0.01597633,0.185364,-0.0006895486,0.1905019,5.700585,1.098867
0.04704647,0.1856544,-0.0004836296,0.3892248,5.699186,1.098235
0.08259243,0.1842316,-0.0004184637,0.607711,5.696645,1.097111
0.1190158,0.1825778,-0.0003320669,0.8284157,5.693552,1.095732
0.1549538,0.1791324,-0.0001881284,1.048229,5.690558,1.094387
0.1910747,0.1738759,-9.916272e-05,1.265124,5.688241,1.093446
0.225974,0.1662174,-3.834473e-05,1.478195,5.687031,1.092903
0.2595875,0.1554493,-0.0001634743,1.688023,5.687094,1.092938
0.2917296,0.1416956,2.756309e-05,1.895906,5.688393,1.093563
0.3207763,0.1234276,-0.0002057034,2.102739,5.690702,1.094706
0.3468436,0.1022253,0.0005315479,2.309158,5.693569,1.096193
0.3679345,0.0756741,-0.0001428077,2.515453,5.696414,1.09776
0.01563703,0.1513425,-0.0006237103,0.1919884,5.900671,1.098958
0.04654519,0.1543831,-0.0004381057,0.3932392,5.898437,1.098394
0.08141745,0.1516759,-0.0004005712,0.6135277,5.894407,1.097383
0.1170548,0.1511124,-0.0003446987,0.8348954,5.889622,1.096167
0.1517029,0.1475667,-0.0002528609,1.054391,5.885041,1.095042
0.1859163,0.1428731,-0.0001611925,1.270142,5.881603,1.094273
0.2183592,0.1358999,-5.022342e-05,1.481601,5.880004,1.093867
0.2492631,0.1264241,-0.0001901315,1.690028,5.880105,1.093893
0.278101,0.1144323,-2.907034e-05,1.896835,5.881908,1.094362
0.3038448,0.09892503,-0.0002454926,2.103057,5.885373,1.095284
0.3264407,0.08112763,0.0004412358,2.309165,5.889838,1.096564
0.3439743,0.05979105,-0.0002118677,2.515377,5.894321,1.097962
0.01669588,0.1214018,-0.0007264123,0.196919,6.097605,1.099143
0.04882775,0.1229242,-0.0002809378,0.4028039,6.096454,1.098649
0.08090607,0.1211278,-0.0004269255,0.6245227,6.090517,1.097803
0.1167443,0.1200606,-0.0001862429,0.845828,6.083299,1.096841
0.1490538,0.1177518,-0.0001787786,1.063818,6.076657,1.096019
0.1817388,0.1137168,-7.773018e-05,1.276847,6.072472,1.095465
0.2118757,0.107995,5.355306e-06,1.485849,6.070597,1.095198
0.240636,0.0999313,-8.982458e-05,1.692397,6.070723,1.095217
0.267028,0.09024239,5.934947e-05,1.897696,6.072879,1.095533
0.2903914,0.07727841,-0.0001564272,2.102767,6.077363,1.09618
0.3104998,0.06319149,0.000519852,2.308377,6.08395,1.097143
0.3264447,0.04560956,-4.170702e-05,2.514438,6.091049,1.098275
0.01279256,0.08753377,-0.0004612967,0.2094277,6.284524,1.099429
0.05167973,0.09517033,-0.0001846641,0.4226178,6.293086,1.099007
0.08195635,0.09062477,-0.0003125643,0.6433373,6.284368,1.098386
0.11673,0.09161764,-0.0001415564,0.8619133,6.273651,1.097738
0.1477373,0.08951098,-0.0001233666,1.075372,6.265799,1.097222
0.1784265,0.08642218,-0.0001044403,1.284346,6.261232,1.096886
0.2068234,0.08180361,-4.70754e-05,1.490452,6.259254,1.096729
0.2338474,0.07550654,-0.000157873,1.694879,6.259378,1.096742
0.2580184,0.06788671,-4.612116e-05,1.898465,6.261643,1.096932
0.2797044,0.05796853,-0.0003214404,2.10198,6.266629,1.097325
0.2976512,0.04677178,0.0001527669,2.306353,6.275032,1.097938
0.3095803,0.03439367,-0.0002741721,2.512105,6.285885,1.098716
0.01044637,0.06450723,-0.000826559,0.2453413,6.483472,1.099713
0.06075873,0.05888802,0.0003542965,0.4560279,6.490539,1.099424
0.08261255,0.06345912,-0.0002399181,0.6687915,6.476334,1.09907
0.1180517,0.06192017,0.0001506727,0.8795097,6.462067,1.098731
0.1457172,0.06253992,3.869146e-05,1.086669,6.453203,1.098481
0.1760571,0.05992618,0.0001038337,1.291429,6.448693,1.098329
0.2028648,0.05700788,0.0001106995,1.494718,6.446901,1.098262
0.2286677,0.05235005,1.031181e-05,1.697123,6.446995,1.09827
0.2516164,0.04747885,9.121587e-05,1.899053,6.449005,1.098356
0.2717863,0.03978542,-0.0001255974,2.100938,6.453838,1.098538
0.2892881,0.03452705,0.000315759,2.30347,6.463277,1.098837
0.3043707,0.02169249,7.036641e-05,2.507636,6.478416,1.099247
0.03212888,0.03114871,-0.0002815758,0.2879639,6.704924,1.099911
0.06043031,0.02792566,0.0004544724,0.4884248,6.695759,1.099793
0.08536281,0.03715607,1.870129e-05,0.6899452,6.670362,1.099648
0.1164495,0.03612498,0.0001627369,0.8933152,6.64895,1.099535
0.1469167,0.03637934,0.0001064833,1.095292,6.640076,1.099482
0.1745018,0.03413014,5.850624e-05,1.296748,6.636597,1.099463
0.2006495,0.0328263,7.61716e-05,1.497903,6.635426,1.09946
0.2257067,0.03010574,-4.490114e-05,1.698808,6.635475,1.099463
0.2469418,0.02752791,-3.578114e-05,1.899461,6.636754,1.099474
0.2685243,0.02264693,-0.0003447156,2.099919,6.640373,1.099505
0.2803796,0.01599398,-0.0002488172,2.300558,6.64943,1.099575
0.2852068,0.01038567,-0.0005454531,2.503068,6.671055,1.099709
0.01210279,0.002999159,-0.000130626,0.2495149,6.852879,1.049988
0.04784493,0.001683385,-0.0001275517,0.4491677,6.852136,1.049811
0.09577895,0.01265329,6.844253e-05,0.7045573,6.835646,1.099871
0.1195137,0.007339758,0.0004367058,0.9060007,6.819743,1.099858
0.1472646,0.01061527,0.000235677,1.100128,6.816671,1.099896
0.1740239,0.01097806,0.0002665998,1.299356,6.815496,1.09994
0.1997272,0.01034656,0.0002448633,1.499508,6.815126,1.099967
0.2241062,0.009696603,8.367988e-05,1.699732,6.815138,1.099968
0.2454203,0.008433817,0.0001147017,1.899793,6.815533,1.099943
0.2657449,0.008594369,-0.0001366313,2.098864,6.816731,1.099903
0.280829,0.01833887,-1.340302e-05,2.292864,6.819811,1.099868
0.3118489,-0.009312617,0.0002094278,2.494926,6.835652,1.099883
0.01515415,0.2860371,-3.194852e-06,0.1892927,5.099923,1.299501
0.04776172,0.2864139,-0.0001743133,0.3847021,5.099615,1.299125
0.08504709,0.2863326,-2.164241e-05,0.5995051,5.098995,1.298537
0.1236389,0.2861558,-0.0001628639,0.8178169,5.098173,1.297824
0.1643267,0.284799,-7.377044e-05,1.036842,5.097324,1.297106
0.2066125,0.2815841,-7.063347e-05,1.254744,5.096632,1.296483
0.251102,0.2755518,-5.11734e-05,1.470324,5.096249,1.296183
0.2961329,0.2648636,-0.0002074043,1.682931,5.096261,1.296203
0.3433571,0.2492687,-0.0002567483,1.892587,5.096666,1.296622
0.3882771,0.224836,-0.0002421607,2.099976,5.097385,1.297304
0.4347158,0.1942061,-0.0003031038,2.305867,5.09828,1.2981
0.47172,0.1475682,-0.0001565868,2.510875,5.099188,1.298905
0.01520319,0.252143,-3.10205e-05,0.189311,5.299995,1.2995
0.04754759,0.2522188,-0.0001854387,0.3847806,5.299509,1.299125
0.08438963,0.2515001,-3.515126e-05,0.5996762,5.298491,1.298538
0.1222,0.2503918,-0.0001599056,0.8180917,5.297143,1.297826
0.1613807,0.2478084,-7.049176e-05,1.037223,5.295763,1.29711
0.2015228,0.2432462,-5.25196e-05,1.255213,5.294643,1.296491
0.242714,0.2358299,-2.004048e-05,1.470845,5.294022,1.296194
0.2834571,0.22423,-0.0001617923,1.683511,5.294045,1.296214
0.3249244,0.2082196,-0.00018726,1.893322,5.294693,1.296631
0.3632218,0.1853345,-0.0001565852,2.10105,5.295816,1.29731
0.4010593,0.157021,-0.0001887068,2.307554,5.297184,1.298104
0.4313949,0.1189104,-5.00222e-05,2.513506,5.298515,1.298907
0.0150849,0.2181603,-2.363764e-05,0.1894799,5.5002,1.299505
0.0469929,0.2185576,-0.0001728288,0.38547,5.499365,1.299143
0.08322767,0.2172117,-3.387738e-05,0.6010206,5.497676,1.298574
0.1201187,0.2159558,-0.0001555986,0.8199085,5.495501,1.297885
0.1577692,0.2126249,-7.610199e-05,1.039231,5.493307,1.297197
0.1957653,0.2075437,-7.306909e-05,1.257136,5.491529,1.29661
0.2338641,0.1996884,-4.469344e-05,1.472443,5.490524,1.296328
0.2708271,0.1880463,-0.0001378859,1.684715,5.490571,1.296348
0.3072112,0.172778,-0.0001427514,1.894294,5.491617,1.296741
0.3401928,0.1517892,-0.000132489,2.102038,5.493372,1.29739
0.3715018,0.1270412,-0.0001570787,2.308781,5.495482,1.298157
0.3958282,0.09472782,-3.836997e-05,2.515084,5.497521,1.298937
0.0156187,0.185262,-4.336954e-05,0.1899675,5.700587,1.299522
0.04662691,0.185611,-0.0001703884,0.3872432,5.699081,1.299186
0.08202473,0.1842507,-5.625354e-05,0.6041462,5.696303,1.298655
0.1181669,0.1827288,-0.0001442951,0.8238412,5.692865,1.298016
0.1540816,0.1794133,-9.711007e-05,1.043355,5.689454,1.297392
0.1902472,0.1742875,-0.0001053973,1.260902,5.686677,1.296893
0.2254963,0.1666969,-6.622927e-05,1.475325,5.68511,1.296649
0.259264,0.1558919,-0.000117293,1.686481,5.685206,1.296668
0.2916117,0.1420349,-9.017365e-05,1.895362,5.686858,1.296991
0.3205318,0.1236033,-8.23802e-05,2.102766,5.689604,1.297563
0.346994,0.1023725,-8.537196e-05,2.309423,5.692871,1.298268
0.3676132,0.07569609,1.309574e-05,2.515749,5.696045,1.298999
0.01529286,0.1511177,-3.723837e-05,0.1914966,5.900692,1.299562
0.04617913,0.1543447,-0.0001543839,0.3914442,5.898293,1.299264
0.0809382,0.1516227,-5.020092e-05,0.610365,5.893917,1.298794
0.1163647,0.1512735,-0.000138834,0.8309583,5.888645,1.298239
0.1510687,0.1477841,-7.779206e-05,1.050426,5.883488,1.297722
0.1853179,0.1433048,-0.0001065416,1.266916,5.879431,1.297343
0.217987,0.1364294,-7.282835e-05,1.479419,5.877501,1.297152
0.2490043,0.1268769,-0.0001234039,1.688782,5.877629,1.297169
0.2779832,0.1148024,-0.000110106,1.89634,5.879801,1.297408
0.3036155,0.09912301,-0.0001168686,2.103083,5.883837,1.297857
0.3265718,0.08133145,-0.0001050975,2.309424,5.888855,1.298456
0.3436028,0.05980879,-3.407999e-05,2.515664,5.8938,1.2991
0.01653334,0.1212109,-6.74302e-05,0.1964942,6.097662,1.299646
0.04860563,0.1228755,-0.0001083376,0.4013012,6.09626,1.29939
0.08053778,0.1211259,-8.72821e-05,0.6219551,6.089853,1.299001
0.1162961,0.1202307,-9.230473e-05,0.8427901,6.082002,1.298565
0.1486536,0.1180354,-5.553634e-05,1.060989,6.07466,1.298184
0.1813445,0.114173,-5.257464e-05,1.274627,6.069926,1.29792
0.2116225,0.1084862,-4.247918e-05,1.484325,6.067784,1.297791
0.2404509,0.100359,-7.623081e-05,1.691492,6.067928,1.297803
0.2669413,0.0906111,-7.636462e-05,1.897294,6.070386,1.297965
0.2902212,0.07745807,-0.0001095204,2.102748,6.075419,1.298281
0.3106244,0.06341982,-3.869669e-05,2.308582,6.082665,1.298733
0.3261898,0.0455942,9.460633e-06,2.514684,6.09036,1.299249
0.01272436,0.08703189,-0.0001557586,0.2091078,6.284575,1.299773
0.0515588,0.09524226,-8.292069e-05,0.4215226,6.292835,1.29956
0.08174162,0.0905912,-4.279302e-05,0.6415454,6.283551,1.299275
0.116427,0.09186378,-5.358569e-05,0.8599251,6.272113,1.298982
0.1474828,0.08981848,-1.821279e-05,1.073599,6.263613,1.298742
0.1781629,0.08684369,-3.351606e-05,1.282971,6.258605,1.298581
0.2066385,0.08224128,-3.008571e-05,1.489497,6.256419,1.298505
0.2336939,0.07587689,-8.901884e-05,1.694296,6.256556,1.298514
0.2579129,0.0682446,-9.259789e-05,1.898187,6.259054,1.298611
0.27953,0.05811773,-0.0001825733,2.101936,6.264497,1.298804
0.2976904,0.04704924,-0.0001416,2.306466,6.273538,1.299093
0.3092884,0.03428511,-0.0001230296,2.512271,6.285064,1.299447
0.01076983,0.06421231,6.743089e-05,0.2451602,6.483475,1.299892
0.06106083,0.0589545,0.0001254061,0.4554202,6.490263,1.299748
0.08253099,0.0635417,5.704132e-05,0.667843,6.475506,1.299581
0.1179916,0.06218238,8.824402e-05,0.8784852,6.460608,1.299422
0.1455722,0.06285979,5.195976e-05,1.085763,6.451239,1.299303
0.175905,0.06031353,5.434552e-05,1.29072,6.446407,1.299229
0.2027011,0.05739567,3.322817e-05,1.494216,6.444468,1.299196
0.2285381,0.05266518,-3.85014e-05,1.696804,6.44457,1.2992
0.2514645,0.04779837,-3.030463e-05,1.898882,6.446743,1.299245
0.2716882,0.03989938,-0.0001493513,2.100878,6.451911,1.299337
0.2892526,0.03477105,-1.832875e-05,2.303487,6.461862,1.299481
0.3042538,0.02152144,-0.0001252148,2.507692,6.477614,1.299672
0.0323875,0.03088093,-4.86355e-05,0.2879011,6.704907,1.299965
0.0605594,0.02821949,0.0001545705,0.4882556,6.695602,1.299906
0.08534471,0.03729792,8.844653e-05,0.6896629,6.669843,1.299825
0.1164367,0.03636851,0.0001461787,0.8929913,6.648006,1.299757
0.1468488,0.03666492,0.0001334136,1.09499,6.63883,1.299723
0.1743893,0.0344559,0.0001022366,1.296499,6.635174,1.29971
0.200471,0.03315548,7.733532e-05,1.497715,6.633928,1.299706
0.2255526,0.0303286,-2.878694e-05,1.698674,6.633981,1.299708
0.246705,0.02781334,-2.366538e-05,1.899366,6.635343,1.299716
0.2683501,0.02270216,-0.000227088,2.099846,6.639144,1.299737
0.2801753,0.01632863,-0.0001551181,2.300499,6.648506,1.299779
0.285122,0.01008887,-0.0003836758,2.50303,6.670551,1.299856
0.01364663,0.003020609,2.653802e-05,0.2495112,6.852877,1.249998
0.04824996,0.002096171,-0.0004128299,0.449173,6.852123,1.249853
0.09567868,0.0124957,0.0005669098,0.7046099,6.835504,1.299914
0.1196232,0.007430351,0.0003456825,0.9060106,6.819447,1.299877
0.1472397,0.01070453,0.0002297158,1.100123,6.816287,1.299883
0.1739566,0.0110984,0.0002065286,1.299335,6.815065,1.299897
0.1995077,0.01047132,0.0001575757,1.499477,6.814675,1.299908
0.223962,0.009763053,6.810063e-06,1.699692,6.814688,1.299908
0.2451413,0.008571465,5.840131e-05,1.89974,6.815104,1.299899
0.265691,0.008614392,-0.0001937239,2.098789,6.816351,1.299886
0.2804666,0.01851727,4.834782e-05,2.292775,6.819518,1.299882
0.3118783,-0.009526911,-0.0003287665,2.494823,6.835511,1.299919
0.01528354,0.2860664,5.288621e-05,0.1891462,5.099919,1.5
0.04782862,0.2864377,5.085277e-05,0.3841034,5.099601,1.499999
0.08500899,0.2863486,5.496312e-05,0.5983338,5.098959,1.499998
0.1235727,0.2861878,4.316345e-05,0.8162127,5.098105,1.499998
0.1641253,0.2848494,3.817809e-05,1.035027,5.097218,1.499999
0.2063566,0.2816712,3.209851e-05,1.252929,5.096489,1.5
0.2509242,0.2756658,2.711682e-05,1.468973,5.096081,1.500001
0.2961373,0.2649662,2.350541e-05,1.682222,5.096092,1.500003
0.3433358,0.2493585,1.592687e-05,1.892323,5.096522,1.500003
0.3884915,0.2249002,1.68799e-05,2.099902,5.097278,1.500004
0.4347688,0.1943131,3.868553e-06,2.30589,5.098211,1.500003
0.4719761,0.1476117,1.028016e-05,2.510923,5.099151,1.500002
0.0153306,0.2521881,2.867919e-05,0.1891651,5.299991,1.5
0.04760794,0.2522626,3.079486e-05,0.3841845,5.29949,1.499999
0.0843535,0.2515341,3.682312e-05,0.5985128,5.298437,1.499998
0.1221474,0.250446,3.068279e-05,0.8165022,5.297039,1.499998
0.1612019,0.2478814,2.773205e-05,1.035433,5.295599,1.499999
0.2013049,0.2433608,2.321128e-05,1.253433,5.294417,1.5
0.2425659,0.235967,1.762213e-05,1.469531,5.29375,1.500002
0.283486,0.2243527,1.527494e-05,1.682836,5.293773,1.500003
0.3249282,0.2083085,3.554354e-06,1.893083,5.294466,1.500004
0.3634675,0.1853904,8.322097e-06,2.100999,5.295651,1.500005
0.4011143,0.1570853,-1.649196e-05,2.307595,5.297077,1.500005
0.4316769,0.1189243,4.096539e-06,2.513568,5.298458,1.500004
0.01520884,0.218247,2.865735e-05,0.1893374,5.500196,1.5
0.04704355,0.2186351,2.928488e-05,0.3848903,5.499338,1.499999
0.08318953,0.2172775,3.242163e-05,0.5998958,5.497597,1.499999
0.1200779,0.2160461,2.574203e-05,0.8183848,5.495344,1.499999
0.1576152,0.2127307,2.172157e-05,1.037535,5.493057,1.499999
0.1955871,0.2077096,1.816166e-05,1.255479,5.491177,1.500001
0.2337623,0.1998864,1.116342e-05,1.471232,5.490069,1.500002
0.2708881,0.1881938,9.931204e-06,1.684116,5.490122,1.500004
0.307248,0.1728684,-3.61307e-06,1.89409,5.491268,1.500005
0.3404712,0.1518515,3.098641e-06,2.102009,5.493121,1.500006
0.3715774,0.1270854,-2.524503e-05,2.308838,5.495322,1.500006
0.3962021,0.09474963,1.901533e-06,2.515158,5.497436,1.500005
0.01573284,0.1853424,1.25296e-05,0.1898325,5.700585,1.5
0.04666189,0.1856995,1.447651e-05,0.3866976,5.699045,1.499999
0.08199529,0.1843262,1.693897e-05,0.6030992,5.696188,1.499999
0.1181506,0.1828272,1.643673e-05,0.8224466,5.692637,1.499999
0.153982,0.1795143,1.402899e-05,1.041845,5.689088,1.5
0.1901555,0.1744087,1.197073e-05,1.259513,5.686166,1.500001
0.2254324,0.1668674,4.328228e-06,1.474336,5.68445,1.500002
0.2593223,0.1560593,4.619859e-06,1.68596,5.684563,1.500004
0.2916537,0.1421355,-1.119208e-05,1.895175,5.686352,1.500005
0.3208205,0.1236633,-2.22582e-06,2.102752,5.689239,1.500007
0.3470647,0.102365,-3.534317e-05,2.30949,5.692638,1.500007
0.3679925,0.07568766,-1.418209e-06,2.515828,5.695922,1.500006
0.01542247,0.1512968,6.128345e-06,0.1913741,5.900696,1.5
0.04622515,0.1544777,8.636189e-06,0.3909548,5.898245,1.499999
0.08091455,0.1517644,7.889964e-06,0.6094444,5.893758,1.499999
0.1163666,0.1514088,1.044581e-05,0.8297675,5.888329,1.499999
0.1510171,0.1479051,7.550648e-06,1.0492,5.882988,1.5
0.1853119,0.1434514,7.95606e-06,1.26588,5.878745,1.500001
0.2179568,0.1366146,6.991225e-09,1.47869,5.876702,1.500003
0.2490771,0.1270278,1.545897e-06,1.688358,5.87684,1.500004
0.2780323,0.1148895,-1.555928e-05,1.896164,5.879132,1.500005
0.3038855,0.09920756,-5.961137e-06,2.103071,5.883343,1.500006
0.3266381,0.08131354,-4.070805e-05,2.309489,5.888536,1.500007
0.3439749,0.05982493,-3.780013e-06,2.515741,5.89363,1.500006
0.01660191,0.1212247,-1.337932e-06,0.196389,6.097678,1.5
0.04860563,0.1230168,3.427169e-07,0.4008952,6.096199,1.499999
0.08052362,0.1212571,1.521141e-06,0.6212133,6.089646,1.5
0.1163018,0.1203579,5.959462e-06,0.8418744,6.081597,1.5
0.14862,0.1181702,3.067192e-06,1.060105,6.07404,1.5
0.181362,0.1143024,4.736737e-06,1.27391,6.069136,1.500001
0.2116375,0.1086193,-3.348657e-06,1.483819,6.066908,1.500002
0.2405475,0.100485,-1.655512e-06,1.691186,6.067058,1.500003
0.267008,0.09067519,-1.889303e-05,1.897154,6.069611,1.500004
0.2904641,0.07751425,-8.833658e-06,2.10273,6.074813,1.500005
0.3106864,0.06333496,-4.073705e-05,2.308634,6.082261,1.500006
0.3265047,0.04558292,-3.234222e-06,2.514749,6.090142,1.500006
0.01285342,0.0876034,-4.374562e-06,0.2090283,6.284588,1.5
0.05171431,0.09539883,-1.28295e-07,0.4212272,6.292761,1.5
0.08174212,0.0908204,-2.970216e-06,0.6410291,6.283309,1.5
0.1164693,0.09200528,3.501568e-06,0.8593236,6.271655,1.5
0.1474698,0.08996573,-2.240668e-07,1.073042,6.262957,1.5
0.1781998,0.08698331,3.35394e-06,1.282524,6.257811,1.500001
0.206668,0.08236541,-4.820569e-06,1.48918,6.255558,1.500001
0.2337825,0.07599044,-1.995666e-06,1.694099,6.255699,1.500002
0.2579769,0.06830154,-2.087415e-05,1.89809,6.258271,1.500003
0.2797137,0.05819677,-1.138128e-05,2.101914,6.263855,1.500004
0.29774,0.04696962,-4.127634e-05,2.306492,6.27309,1.500004
0.3095207,0.03434592,-4.657478e-06,2.512314,6.284816,1.500004
0.01245251,0.06384067,2.348746e-06,0.2451128,6.483472,1.5
0.06075165,0.05906619,-1.93103e-05,0.4552539,6.490186,1.5
0.08253467,0.06369941,-7.151878e-06,0.6675682,6.475276,1.5
0.1179478,0.06229296,1.12682e-06,0.878174,6.460199,1.5
0.1455604,0.06296539,-2.946332e-06,1.085477,6.45068,1.5
0.1759425,0.06040319,2.79951e-06,1.290491,6.44575,1.5
0.2027361,0.05746868,-6.331573e-06,1.49405,6.443765,1.500001
0.2286167,0.05273983,-7.124217e-06,1.696697,6.44387,1.500001
0.2515449,0.04782151,-2.314158e-05,1.898822,6.446093,1.500001
0.2718447,0.03994873,-1.690007e-05,2.100855,6.451362,1.500002
0.2893344,0.03465081,-3.503821e-05,2.303487,6.461463,1.500002
0.3044085,0.02155804,-1.543131e-06,2.507705,6.477388,1.500002
0.03203765,0.02867337,-1.959727e-05,0.2878831,6.704902,1.5
0.06069828,0.03009019,3.542739e-05,0.4882059,6.695561,1.5
0.08550955,0.03771092,1.778657e-06,0.6895796,6.66971,1.5
0.1164851,0.03652441,2.191061e-06,0.8928922,6.647764,1.5
0.1468462,0.03674028,-5.700632e-06,1.094895,6.638504,1.5
0.1744282,0.03450523,1.523444e-06,1.296419,6.634797,1.5
0.2005109,0.03317408,-4.55653e-06,1.497653,6.633528,1.5
0.2256158,0.03034964,-3.204556e-06,1.698628,6.633582,1.5
0.2467655,0.02778847,-2.279154e-05,1.899333,6.63497,1.5
0.2684235,0.02271732,-1.806306e-05,2.099821,6.638823,1.5
0.2802265,0.01618828,-3.686505e-05,2.300479,6.648268,1.500001
0.2851053,0.01012693,-1.839791e-06,2.503018,6.670421,1.500001
0.01035674,0.001297382,0.000730363,0.2495082,6.852876,1.450002
0.03415117,0.001397496,-0.000421372,0.4491682,6.852119,1.449874
0.09502306,0.01273639,-3.555912e-05,0.7046205,6.835472,1.5
0.1193514,0.007627492,-1.72609e-05,0.9060133,6.819379,1.5
0.1471453,0.01078683,-1.267469e-05,1.100122,6.816196,1.5
0.1739598,0.01115238,4.895305e-06,1.299329,6.814961,1.5
0.1995307,0.01050176,-1.029193e-05,1.499467,6.814566,1.5
0.224011,0.009794472,-1.321992e-05,1.699679,6.814579,1.5
0.2452223,0.00858591,-2.459272e-05,1.899722,6.815001,1.499999
0.2657487,0.008669535,-2.985406e-05,2.098764,6.816261,1.5
0.2805442,0.01852782,-2.441203e-05,2.292748,6.81945,1.5
0.3117927,-0.009408487,-4.820045e-06,2.494797,6.835478,1.5
0.01515206,0.2860103,0.0001367199,0.1892928,5.099923,1.700498
0.04776321,0.2863901,0.0003010219,0.3847022,5.099615,1.700874
0.08503957,0.2863092,0.0001321107,0.5995045,5.098995,1.70146
0.123623,0.2861371,0.0002637937,0.8178164,5.098173,1.702173
0.1643168,0.2847815,0.0001587555,1.036843,5.097324,1.702893
0.2066031,0.2815683,0.0001440912,1.254747,5.096632,1.703517
0.2510959,0.2755348,0.0001098946,1.470328,5.096249,1.70382
0.296123,0.2648469,0.0002626524,1.682937,5.096261,1.703802
0.3433515,0.2492477,0.0002958251,1.892594,5.096666,1.703384
0.388267,0.2248185,0.0002867977,2.099983,5.097385,1.702703
0.4347107,0.1941766,0.0003283278,2.305874,5.09828,1.701907
0.4717141,0.1475553,0.0001935152,2.51088,5.099188,1.701101
0.0152057,0.2521187,0.0001136264,0.1893112,5.299995,1.7005
0.04755521,0.252197,0.000264822,0.3847808,5.299509,1.700874
0.08438898,0.2514773,0.0001100465,0.599676,5.298491,1.70146
0.1221913,0.2503741,0.0002308093,0.8180913,5.297143,1.702172
0.1613743,0.2477916,0.0001320826,1.037225,5.295763,1.702889
0.2015144,0.2432318,0.0001070054,1.255216,5.294643,1.70351
0.242708,0.2358131,6.017215e-05,1.47085,5.294022,1.70381
0.2834445,0.2242159,0.0002002628,1.683518,5.294044,1.703793
0.3249181,0.2081987,0.000202665,1.89333,5.294693,1.703378
0.3632035,0.1853192,0.0001847646,2.101059,5.295816,1.702701
0.4010566,0.1569902,0.0001738152,2.307561,5.297183,1.701907
0.4313765,0.1189023,7.856333e-05,2.513512,5.298515,1.701103
0.01508513,0.2181443,0.0001018983,0.18948,5.5002,1.700495
0.04699606,0.2185412,0.0002481347,0.3854699,5.499364,1.700856
0.08322376,0.2171915,9.77391e-05,0.6010205,5.497676,1.701423
0.1201087,0.2159416,0.0002160938,0.8199084,5.4955,1.702112
0.1577624,0.2126112,0.000125099,1.039232,5.493307,1.702802
0.1957568,0.2075322,0.000115467,1.257139,5.491529,1.703391
0.2338576,0.1996748,7.228728e-05,1.472448,5.490524,1.703676
0.2708137,0.1880348,0.0001653025,1.684721,5.49057,1.70366
0.307206,0.1727619,0.0001443409,1.894302,5.491617,1.70327
0.3401719,0.1517782,0.0001519354,2.102047,5.493372,1.702624
0.3715013,0.1270209,0.0001263673,2.308789,5.495481,1.701858
0.395804,0.09472138,6.431041e-05,2.515091,5.49752,1.701077
0.01562038,0.1852394,8.228927e-05,0.1899677,5.700587,1.700478
0.04663065,0.1855903,0.0002075523,0.3872433,5.699081,1.700813
0.08202582,0.1842257,9.342977e-05,0.604146,5.696302,1.701343
0.1181642,0.1827133,0.0001814823,0.8238411,5.692865,1.701982
0.1540778,0.179399,0.0001279076,1.043356,5.689453,1.702608
0.1902393,0.1742774,0.0001333971,1.260906,5.686677,1.70311
0.2254904,0.1666851,7.992858e-05,1.47533,5.68511,1.703356
0.2592494,0.1558828,0.0001330758,1.686488,5.685206,1.703341
0.2916067,0.1420218,7.691113e-05,1.89537,5.686857,1.703021
0.3205082,0.1235938,9.266943e-05,2.102775,5.689603,1.702452
0.3469965,0.1023545,3.92397e-05,2.309432,5.69287,1.701748
0.3675831,0.07569074,1.089605e-05,2.515756,5.696044,1.701018
0.01529523,0.1511039,6.322676e-05,0.1914967,5.900692,1.700438
0.04618056,0.1543309,0.0001798032,0.391444,5.898293,1.700735
0.08093903,0.1516077,7.448721e-05,0.6103648,5.893917,1.701205
0.1163644,0.1512634,0.0001658731,0.8309586,5.888645,1.70176
0.1510669,0.1477734,9.69799e-05,1.050427,5.883487,1.702279
0.1853114,0.1432976,0.0001270697,1.266919,5.879431,1.70266
0.2179815,0.1364209,7.585588e-05,1.479424,5.877501,1.702853
0.2489893,0.1268696,0.0001309678,1.688788,5.877628,1.702839
0.2779773,0.1147933,8.64447e-05,1.896348,5.8798,1.702603
0.303591,0.09911565,0.0001181985,2.103092,5.883836,1.702157
0.3265751,0.08132517,4.811093e-05,2.309433,5.888854,1.701561
0.3435715,0.0598079,5.136237e-05,2.515672,5.893799,1.700917
0.01653623,0.1212022,6.560319e-05,0.1964942,6.097662,1.700354
0.04860801,0.1228664,0.0001078464,0.401301,6.09626,1.70061
0.0805423,0.1211145,9.169651e-05,0.6219548,6.089853,1.700999
0.1162976,0.1202237,0.0001056267,0.8427909,6.082002,1.701434
0.1486531,0.1180275,6.195425e-05,1.060991,6.07466,1.701816
0.1813381,0.1141683,6.610182e-05,1.27463,6.069926,1.702083
0.2116163,0.1084811,3.505366e-05,1.484329,6.067784,1.702214
0.2404359,0.1003558,7.459832e-05,1.691497,6.067927,1.702203
0.2669355,0.09060638,4.491269e-05,1.897301,6.070385,1.702044
0.2902001,0.07745271,0.000103611,2.102756,6.075417,1.701731
0.3106314,0.06341861,-1.111539e-05,2.308591,6.082662,1.701281
0.3261616,0.04559388,1.477867e-05,2.51469,6.090358,1.700766
0.01271952,0.08703995,0.0001387202,0.2091078,6.284575,1.700227
0.05155766,0.09522334,7.745185e-05,0.4215226,6.292835,1.70044
0.08174477,0.0905836,3.607515e-05,0.6415456,6.283552,1.700725
0.1164293,0.09185832,6.237763e-05,0.8599259,6.272114,1.701018
0.147483,0.0898118,1.497347e-05,1.073601,6.263614,1.701259
0.1781586,0.08684127,4.53424e-05,1.282973,6.258606,1.701421
0.2066338,0.08223839,1.492276e-05,1.4895,6.256419,1.701498
0.2336781,0.07587106,8.434392e-05,1.694299,6.256556,1.70149
0.2579045,0.06824009,5.339677e-05,1.898191,6.259053,1.701395
0.2795098,0.05810929,0.0001672776,2.101942,6.264495,1.701204
0.2976974,0.04705519,8.582071e-05,2.306472,6.273537,1.700917
0.3092684,0.03428613,0.0001407916,2.512277,6.285062,1.700564
0.01073605,0.06420948,-8.238923e-05,0.2451602,6.483475,1.700108
0.06104776,0.0589932,-0.0001510571,0.4554203,6.490263,1.700252
0.08254873,0.0635415,-7.245809e-05,0.6678433,6.475507,1.70042
0.1179941,0.06218064,-8.016887e-05,0.8784861,6.460609,1.700578
0.1455736,0.06285372,-6.326736e-05,1.085764,6.451239,1.700697
0.1759022,0.06031155,-3.73059e-05,1.290722,6.446408,1.700772
0.2026919,0.0573964,-6.368784e-05,1.494217,6.444468,1.700806
0.228521,0.0526645,1.328115e-05,1.696806,6.44457,1.700801
0.2514552,0.04779669,-1.787444e-05,1.898884,6.446742,1.700757
0.2716762,0.03989249,0.0001146437,2.100882,6.451909,1.700667
0.2892672,0.03477721,-2.895766e-06,2.303491,6.461861,1.700524
0.304245,0.02152415,0.0001517931,2.507696,6.477613,1.700334
0.0323999,0.03111206,3.003373e-05,0.2879011,6.704907,1.700035
0.06054991,0.02792829,-0.0001569602,0.4882555,6.695602,1.700094
0.08530387,0.03726264,-0.0001074421,0.6896631,6.669844,1.700175
0.1164274,0.03634601,-0.00013823,0.8929916,6.648007,1.700244
0.1468481,0.0366546,-0.0001512177,1.094991,6.63883,1.700277
0.1743903,0.03445847,-7.797814e-05,1.296499,6.635175,1.700291
0.2004663,0.03315068,-0.0001156876,1.497715,6.633928,1.700294
0.2255339,0.03032136,4.099812e-06,1.698674,6.633981,1.700292
0.2466904,0.02781164,-2.936317e-05,1.899367,6.635343,1.700284
0.2683366,0.02268745,0.000184603,2.099847,6.639144,1.700264
0.2801908,0.01634107,0.0001296079,2.3005,6.648506,1.700222
0.2851286,0.01008364,0.0004117283,2.503032,6.670551,1.700145
0.01173279,0.00188273,0.003355344,0.2495092,6.852877,1.650004
0.03738387,0.001854908,-0.001985075,0.4491696,6.85212,1.649891
0.09592427,0.01251356,-0.000570598,0.7046097,6.835504,1.700087
0.119646,0.007403422,-0.0003423642,0.9060106,6.819448,1.700123
0.1472634,0.01069589,-0.0002599249,1.100123,6.816288,1.700118
0.1739589,0.01110161,-0.0001523519,1.299335,6.815065,1.700103
0.1994897,0.01046465,-0.0002281958,1.499477,6.814675,1.700092
0.2239477,0.009751812,-8.979488e-05,1.699692,6.814688,1.700091
0.2451246,0.008569453,-0.0001183066,1.89974,6.815104,1.7001
0.2656913,0.008600915,0.0001095419,2.098789,6.816351,1.700113
0.2804863,0.01853383,2.714676e-05,2.292775,6.819518,1.700117
0.3118849,-0.009526003,0.0003484082,2.494823,6.835511,1.700081
0.01559556,0.2860359,0.0008891182,0.189864,5.099933,1.901183
0.04827641,0.2863806,0.0006887587,0.386851,5.099655,1.901888
0.08574527,0.2862833,0.0005563704,0.6034507,5.0991,1.903112
0.1247112,0.2860533,0.000512496,0.8230176,5.098371,1.904621
0.1655293,0.2846248,0.0002813205,1.042595,5.097632,1.906124
0.2078751,0.2813073,0.0002292727,1.260023,5.097043,1.907202
0.251962,0.2752023,0.0002212041,1.47411,5.096725,1.907826
0.2967294,0.2645158,0.0004018097,1.68498,5.096736,1.907786
0.3436921,0.2489595,0.0003103519,1.893429,5.097077,1.907062
0.3886839,0.2245883,0.0005306289,2.100162,5.097693,1.90577
0.4346453,0.1940332,-8.564284e-05,2.30577,5.09848,1.904127
0.471989,0.1474317,0.0003760063,2.510703,5.099295,1.902422
0.01562718,0.2521555,0.00079974,0.1898808,5.300005,1.901184
0.04804736,0.2521964,0.0006177785,0.3869216,5.299564,1.901888
0.08506911,0.2514409,0.000502354,0.603601,5.298646,1.903113
0.123229,0.2502567,0.000453595,0.8232522,5.297446,1.904623
0.1625095,0.2475809,0.0002304832,1.042912,5.296241,1.906124
0.2026748,0.2429014,0.0001622532,1.260406,5.295293,1.9072
0.2434626,0.2354206,0.0001277173,1.474539,5.294785,1.907821
0.2839526,0.2238557,0.0002954444,1.685475,5.294804,1.90778
0.3251687,0.2079073,0.0001413405,1.894087,5.295341,1.907058
0.3635405,0.1851245,0.0003621933,2.101167,5.296297,1.90577
0.4009475,0.1568549,-0.0003943179,2.307395,5.297494,1.90413
0.4316054,0.1188248,0.0002345427,2.513287,5.29868,1.90243
0.01549496,0.2182202,0.0007874005,0.1900387,5.500206,1.901171
0.04745717,0.2185559,0.0005979137,0.3875608,5.49944,1.901851
0.08385662,0.2171765,0.0004749565,0.6048292,5.497907,1.903044
0.1210715,0.2158013,0.0004309549,0.8248768,5.495962,1.904515
0.1587887,0.2123751,0.0002160787,1.044653,5.494044,1.90597
0.1967889,0.2071362,0.000148979,1.262015,5.492549,1.907007
0.2344725,0.1992007,0.0001195495,1.475863,5.491753,1.907605
0.2712289,0.1876556,0.00026032,1.686502,5.491787,1.907567
0.3073943,0.1724723,6.080877e-05,1.894954,5.492625,1.906875
0.340487,0.1516035,0.0003181693,2.102082,5.49411,1.905633
0.3713971,0.1268994,-0.0005008655,2.308568,5.495953,1.904041
0.3961753,0.09469336,0.0002314918,2.514826,5.497771,1.902383
0.01597436,0.1853117,0.0007132151,0.1905023,5.700585,1.901133
0.04704447,0.1856037,0.0005103053,0.3892269,5.699185,1.901764
0.08259148,0.1841914,0.0004445573,0.607715,5.696644,1.902888
0.1190099,0.1825441,0.0003591373,0.8284214,5.693551,1.904268
0.1549472,0.1791013,0.0002086419,1.048235,5.690558,1.905613
0.19106,0.173853,0.0001226193,1.265132,5.68824,1.906557
0.2259638,0.1661921,4.422265e-05,1.478204,5.68703,1.907102
0.2595634,0.1554291,0.0001743506,1.688036,5.687092,1.907071
0.2917268,0.1416681,-6.301018e-05,1.895923,5.68839,1.906451
0.3207438,0.1234076,0.0002039709,2.10276,5.6907,1.905315
0.3468614,0.102194,-0.0006407379,2.30918,5.693567,1.903834
0.367912,0.07566389,0.0001465916,2.515472,5.696413,1.902271
0.01563601,0.1513015,0.0006263589,0.1919887,5.900671,1.901042
0.04654285,0.1543449,0.0004527854,0.3932408,5.898437,1.901606
0.08141823,0.1516422,0.0004141554,0.6135308,5.894407,1.902616
0.11705,0.1510887,0.0003657609,0.8349003,5.889623,1.903832
0.1516983,0.147542,0.0002652933,1.054397,5.88504,1.904958
0.1859019,0.142858,0.0001790207,1.270149,5.881602,1.905729
0.2183492,0.1358788,4.955888e-05,1.481609,5.880002,1.906137
0.2492386,0.1264069,0.0001979021,1.69004,5.880102,1.906115
0.2780971,0.1144129,-1.595405e-05,1.896852,5.881904,1.905651
0.3038113,0.09890779,0.0002365204,2.103077,5.885369,1.904735
0.3264593,0.08112071,-0.0005649078,2.309188,5.889835,1.903463
0.3439377,0.05979004,0.0002136801,2.515396,5.894319,1.902071
0.01669845,0.1213606,0.0006989724,0.1969192,6.097605,1.900857
0.04883201,0.1228929,0.0002667951,0.4028051,6.096454,1.901351
0.08091792,0.1210952,0.0004219184,0.6245249,6.090517,1.902196
0.1167456,0.1200422,0.0001962736,0.8458312,6.083299,1.903159
0.1490549,0.1177287,0.0001817733,1.063823,6.076658,1.903982
0.1817271,0.1137084,9.000424e-05,1.276852,6.072472,1.904537
0.2118635,0.1079767,-1.023536e-05,1.485857,6.070596,1.904806
0.2406134,0.09991873,9.284233e-05,1.692407,6.07072,1.904789
0.267025,0.09022621,-0.0001080656,1.897709,6.072874,1.904477
0.2903724,0.07726172,0.0001418559,2.102785,6.077357,1.903836
0.3105316,0.0631922,-0.0006337387,2.308397,6.083945,1.90288
0.326431,0.04560976,4.8764e-05,2.514456,6.091046,1.901754
0.01279589,0.08752285,0.0004260688,0.2094279,6.284524,1.900571
0.05168584,0.09514626,0.0001682443,0.4226184,6.293087,1.900993
0.08196877,0.09060417,0.0003030799,0.6433386,6.284368,1.901614
0.1167332,0.0916119,0.0001521434,0.8619156,6.273652,1.902262
0.1477407,0.08949331,0.0001225678,1.075376,6.2658,1.90278
0.1784156,0.08642639,0.0001151382,1.28435,6.261232,1.903116
0.2068083,0.08177895,4.478279e-05,1.490457,6.259252,1.903273
0.233824,0.07548132,0.0001722515,1.694886,6.259375,1.90326
0.2580093,0.06786887,-5.227631e-06,1.898475,6.261638,1.903072
0.2796883,0.05793825,0.0003040809,2.101993,6.266624,1.902684
0.297683,0.04680353,-0.0002766344,2.306368,6.275027,1.902078
0.3095523,0.03439626,0.0002822973,2.512119,6.285881,1.901305
0.01047095,0.06449148,0.0007857764,0.2453413,6.483472,1.900287
0.06075136,0.05888133,-0.0003588985,0.4560281,6.49054,1.900577
0.08263867,0.06344023,0.0002295923,0.6687922,6.476335,1.900931
0.1180553,0.06191865,-0.0001331111,0.8795112,6.462067,1.90127
0.1457263,0.06252488,-4.2964e-05,1.086671,6.453204,1.90152
0.1760376,0.0599394,-9.076888e-05,1.291431,6.448693,1.901672
0.2028234,0.0569842,-0.00011023,1.49472,6.4469,1.901739
0.2286507,0.05232919,-1.49367e-05,1.697127,6.446992,1.90173
0.2516078,0.04746435,-0.0001477915,1.899059,6.449001,1.901644
0.2718142,0.03975749,8.382186e-05,2.100946,6.453833,1.901465
0.289347,0.0345617,-0.0004089776,2.303479,6.463273,1.90117
0.3043432,0.02170529,-4.710972e-05,2.507645,6.478413,1.900764
0.03212927,0.03119707,0.0002544568,0.2879638,6.704924,1.900089
0.06042127,0.02784584,-0.0005061438,0.4884247,6.695759,1.900208
0.08537859,0.03711736,-4.563184e-05,0.6899454,6.670362,1.900353
0.1164512,0.03612025,-0.000144736,0.8933158,6.64895,1.900466
0.1469327,0.03635797,-0.0001126693,1.095293,6.640076,1.900519
0.1744804,0.03417087,-6.519802e-05,1.296749,6.636597,1.900538
0.2006016,0.03278329,-4.056757e-05,1.497904,6.635426,1.90054
0.2256926,0.03004238,9.264606e-05,1.698809,6.635474,1.900536
0.2469242,0.02751576,-1.087431e-05,1.899463,6.636752,1.900524
0.268553,0.02259231,0.0003112554,2.099922,6.64037,1.900494
0.2804422,0.01610837,0.0001077455,2.300561,6.649428,1.900426
0.2851939,0.01036941,0.000566734,2.503071,6.671053,1.900294
0.01047114,0.001809614,0.0008787734,0.2495135,6.852878,1.85001
0.03259012,0.0009313059,-0.0003530973,0.4491727,6.852127,1.849924
0.09585606,0.01262387,-5.232649e-05,0.7045569,6.835646,1.900129
0.1195249,0.007328786,-0.0003844395,0.9060006,6.819743,1.900142
0.1473149,0.01060106,-0.0002593848,1.100128,6.816671,1.900104
0.1739821,0.01101191,-0.0002281811,1.299356,6.815496,1.90006
0.1995909,0.01031061,-0.0002327353,1.499508,6.815126,1.900033
0.2241179,0.009631176,-0.0001104354,1.699732,6.815138,1.900031
0.2454194,0.008425456,-0.0001886718,1.899794,6.815532,1.900055
0.2658851,0.008548817,2.702534e-05,2.098864,6.816731,1.900096
0.2809257,0.01845413,-4.136228e-05,2.292865,6.81981,1.900131
0.311732,-0.00931853,-0.0001839286,2.494926,6.835652,1.900117
0.01535544,0.2858596,-5.792478e-05,0.1916035,5.099945,2.101718
0.04855779,0.2862747,0.001155158,0.3919726,5.099715,2.103007
0.08676904,0.2861596,0.0002492515,0.6116101,5.09926,2.105129
0.1261342,0.2858769,0.000627159,0.8329955,5.098678,2.107661
0.1672802,0.2843416,0.0001537256,1.052499,5.098105,2.109737
0.2091837,0.2809038,0.0003788974,1.26804,5.097663,2.111266
0.2529535,0.2747143,0.0003585117,1.479546,5.097429,2.112035
0.2970916,0.2640303,0.0005131176,1.688111,5.097438,2.11201
0.3439106,0.2484802,0.0006460069,1.894799,5.097693,2.111171
0.388151,0.2242952,0.0008472407,2.10038,5.098166,2.109479
0.4346204,0.1935616,0.001117421,2.305413,5.098789,2.107046
0.4707761,0.1474596,0.0004935362,2.510244,5.099461,2.104266
0.01542285,0.2520246,-8.078492e-05,0.1916175,5.300013,2.101717
0.0483652,0.2520802,0.001059342,0.3920309,5.299644,2.103006
0.08607835,0.2512721,0.000217407,0.6117292,5.298886,2.105132
0.1245927,0.249999,0.0005504536,0.8331731,5.29792,2.10767
0.1641545,0.2471838,9.243807e-05,1.05273,5.296986,2.109749
0.2038383,0.2423881,0.0002923481,1.268316,5.296278,2.111278
0.2443036,0.2348625,0.0002416977,1.479861,5.295909,2.112046
0.2841571,0.2233362,0.0003690812,1.688491,5.295923,2.112019
0.3252816,0.2074579,0.0004193252,1.895333,5.296318,2.111179
0.3628556,0.1848882,0.0006140382,2.101247,5.297043,2.109487
0.4009412,0.1565746,0.0006532151,2.3069,5.297979,2.107058
0.4301504,0.1189369,0.0001836316,2.512706,5.298938,2.104289
0.0152795,0.2180758,-9.362147e-05,0.1917567,5.500201,2.10169
0.04773702,0.2183893,0.001041418,0.3925844,5.49955,2.102951
0.08480447,0.2169515,0.0002014689,0.6127654,5.498272,2.105041
0.1223265,0.2154348,0.000521573,0.8344928,5.496697,2.107534
0.1602783,0.2118504,7.365256e-05,1.054084,5.495208,2.109568
0.1977878,0.206496,0.0002595912,1.269525,5.494102,2.111058
0.2351484,0.198535,0.0002011619,1.48085,5.493534,2.111803
0.2712753,0.187056,0.000326243,1.689282,5.493556,2.111778
0.3074262,0.1719975,0.0003308045,1.89603,5.49416,2.110963
0.3396801,0.1513489,0.0005724048,2.102026,5.495271,2.109318
0.3713785,0.1267058,0.0005398075,2.307959,5.496706,2.106948
0.394458,0.09474286,0.000205491,2.514156,5.498169,2.104236
0.01574731,0.1851017,-8.664193e-05,0.1921756,5.700555,2.101616
0.04731256,0.1853853,0.0009081696,0.3940569,5.699342,2.102823
0.08345901,0.1839183,0.0002218985,0.6152381,5.697201,2.104829
0.1201038,0.1821338,0.000423823,0.8374001,5.694681,2.107209
0.1562545,0.1784919,5.426748e-05,1.056871,5.692359,2.109132
0.1918369,0.1731148,0.000210089,1.271842,5.690673,2.110529
0.2264461,0.1654765,0.0001316345,1.482574,5.689833,2.11122
0.2594427,0.154784,0.0002532647,1.690461,5.689873,2.111199
0.2916755,0.141216,0.0001974658,1.89681,5.690782,2.110448
0.3198663,0.1231575,0.000441677,2.102599,5.692481,2.108913
0.34684,0.1021455,0.0002881692,2.308506,5.694713,2.106673
0.3661602,0.07572246,7.932851e-05,2.514758,5.697018,2.104086
0.01541451,0.1511346,-0.0001696512,0.1935675,5.900611,2.101464
0.04678014,0.154011,0.0008286588,0.3976973,5.898679,2.102593
0.08219763,0.1513034,0.0001790603,0.6203154,5.895252,2.104446
0.1179467,0.1505283,0.00044438,0.8427688,5.891318,2.106606
0.1527014,0.1468108,8.563338e-05,1.061646,5.887758,2.108314
0.1864331,0.1419805,0.000186837,1.275532,5.885276,2.109542
0.2186487,0.1349942,7.493414e-05,1.485099,5.88412,2.110119
0.2490111,0.1255829,0.0002537714,1.692009,5.884187,2.110102
0.2779815,0.1138252,0.0001996612,1.897593,5.885479,2.109478
0.3029453,0.09849458,0.0004697152,2.102881,5.888034,2.108148
0.3264006,0.08107754,0.0002898575,2.308522,5.89153,2.106152
0.3422384,0.05966387,0.0002350774,2.514696,5.895211,2.103797
0.01633126,0.1210882,0.0001745104,0.1983013,6.097527,2.101216
0.0488961,0.1225537,0.0005305547,0.406594,6.096834,2.102237
0.08152042,0.1207114,0.0003410991,0.63012,6.091752,2.103826
0.1172588,0.1195785,0.0003099552,0.8519501,6.085704,2.105575
0.1496873,0.1169784,8.26363e-05,1.069078,6.080416,2.106914
0.1820249,0.1127825,5.231014e-05,1.280662,6.077181,2.107804
0.2120119,0.1070997,-3.746605e-05,1.48836,6.07573,2.108208
0.2403473,0.0991196,0.0001388595,1.693852,6.075823,2.108194
0.2668594,0.08969419,9.750753e-05,1.8983,6.077484,2.107754
0.2895819,0.07686337,0.0003918267,2.102686,6.080981,2.106793
0.3104304,0.06331362,0.0001006407,2.307849,6.086316,2.105247
0.3249097,0.04553141,0.0001347212,2.513843,6.092302,2.103299
0.01236169,0.08720942,-0.0001395715,0.2104613,6.28448,2.100897
0.05169999,0.09460421,0.0004092316,0.4253798,6.293632,2.101722
0.08238932,0.09021408,4.6425e-05,0.6472622,6.286034,2.102891
0.1169671,0.09102337,0.0002418554,0.8658706,6.276768,2.104066
0.1481005,0.08870379,-1.247793e-05,1.07863,6.27018,2.104933
0.178536,0.08552503,8.702154e-05,1.286723,6.266412,2.105464
0.2068648,0.08096056,-1.18437e-05,1.492039,6.264792,2.1057
0.2335777,0.0746904,0.0002459782,1.69582,6.264889,2.105687
0.2578754,0.06733566,0.0001517759,1.898887,6.266741,2.10542
0.2790888,0.0574133,0.0006150012,2.101989,6.270876,2.104839
0.2976288,0.04688525,0.0003559173,2.306051,6.278021,2.103861
0.3084805,0.03394428,0.0006101808,2.51168,6.287514,2.102517
0.01078569,0.06382493,0.001457059,0.2458667,6.483478,2.100554
0.06064171,0.05859218,-0.0006392653,0.4575207,6.491189,2.101042
0.08294884,0.062976,0.0001180109,0.6708494,6.478239,2.101684
0.1180374,0.06141984,-0.0002174309,0.8815277,6.465371,2.102285
0.1459057,0.06187289,-0.0001816823,1.088326,6.457555,2.102697
0.1760297,0.05924087,-8.017437e-05,1.292657,6.453663,2.102932
0.2028199,0.05641546,-0.0001973405,1.495555,6.452137,2.10303
0.2284208,0.05175251,8.492152e-05,1.697639,6.452212,2.103018
0.2514333,0.04710999,8.100835e-06,1.899315,6.453917,2.102897
0.2712974,0.0393664,0.0004815391,2.101003,6.458097,2.102632
0.2891045,0.03483649,0.0001443975,2.303386,6.466466,2.102167
0.303497,0.02144969,0.0007173911,2.507464,6.480228,2.101474
0.03191785,0.03075055,9.606587e-05,0.2881055,6.704955,2.10018
0.06037307,0.02812806,-0.0006760025,0.4887897,6.696165,2.100344
0.08553938,0.03696286,-0.0006857317,0.6905464,6.671792,2.10054
0.116421,0.0357397,-0.0004017402,0.8939478,6.65154,2.100678
0.1469911,0.03594394,-0.0005539067,1.095847,6.643386,2.100732
0.1744926,0.03374777,-0.0002120532,1.297186,6.640282,2.100746
0.2006286,0.03245586,-0.0003789514,1.498222,6.63926,2.100742
0.2255218,0.0297079,6.002985e-05,1.699026,6.639299,2.100734
0.2468368,0.0273389,-8.650235e-05,1.899609,6.64041,2.100723
0.268372,0.02230499,0.000751344,2.10003,6.643638,2.100697
0.2803793,0.01645352,0.0005914596,2.300651,6.651967,2.100624
0.2853284,0.009905572,0.002067343,2.503122,6.672436,2.100461
0.0105187,0.001604423,3.293227e-05,0.2495106,6.852881,2.050024
0.03197012,0.0008976152,-8.783983e-05,0.4491378,6.852149,2.049978
0.09596474,0.01281124,-0.001028248,0.7043132,6.836076,2.099603
0.1191957,0.007014299,-0.001082276,0.9059945,6.820601,2.099264
0.1473765,0.01038573,-0.001070698,1.100152,6.817769,2.099149
0.1739637,0.01080229,-0.0004789428,1.299402,6.816711,2.099064
0.1995968,0.01010034,-0.001256851,1.499564,6.816381,2.099013
0.2239777,0.009401668,-0.0005235586,1.699794,6.816391,2.09901
0.2452517,0.008244271,-0.0006473879,1.899875,6.816741,2.099054
0.2658267,0.008256792,0.0001944463,2.098981,6.81782,2.099136
0.2804111,0.01860794,0.0001323908,2.293016,6.820659,2.099246
0.3118489,-0.01004594,0.002439788,2.495266,6.836078,2.099584
0.01759676,0.2859996,0.002570429,0.1970173,5.099957,2.299419
0.05101647,0.2862274,0.001558227,0.4036055,5.099787,2.304023
0.08927304,0.2861315,0.0008845952,0.626757,5.099459,2.307858
0.1295396,0.2856752,0.0006422847,0.8486403,5.099056,2.311256
0.1697638,0.2840176,0.0003366092,1.065626,5.098676,2.31391
0.2113596,0.2804412,0.0005218254,1.277517,5.09839,2.31556
0.2544496,0.2741658,0.0003284531,1.485799,5.09824,2.316299
0.2983601,0.263453,0.00059113,1.691815,5.098246,2.316297
0.3444521,0.2479463,0.000221851,1.896489,5.098413,2.315545
0.389241,0.2239011,0.001055443,2.10056,5.098728,2.313847
0.4344231,0.193432,-0.0003216294,2.304646,5.099163,2.310989
0.4727887,0.1472421,0.001438165,2.509169,5.09966,2.307131
0.01757069,0.2521215,0.002255333,0.1970283,5.300009,2.299412
0.05074308,0.2520387,0.001371323,0.4036479,5.299735,2.30402
0.08852499,0.2511873,0.0007914955,0.626839,5.299185,2.307865
0.1278586,0.2496812,0.000531399,0.8487554,5.298514,2.311274
0.1664921,0.2467288,0.0002469576,1.06577,5.297894,2.313934
0.2058286,0.2418075,0.0004080852,1.277689,5.297439,2.315586
0.2456067,0.2342227,0.0001883616,1.486002,5.297203,2.316324
0.2852115,0.2227238,0.0004333846,1.692074,5.297213,2.316321
0.3256413,0.2069087,-2.434979e-05,1.89687,5.297467,2.315566
0.3637472,0.1845599,0.0008389922,2.101218,5.297942,2.313862
0.4005922,0.1563959,-0.0008463224,2.305866,5.298579,2.311007
0.4318685,0.1188616,0.001309406,2.511354,5.299258,2.307178
0.01737936,0.2182406,0.002482032,0.1971409,5.500159,2.299365
0.0500569,0.2183277,0.001435907,0.4040789,5.499669,2.303954
0.08712376,0.2168735,0.0007571368,0.6276134,5.498731,2.307769
0.1254118,0.2150074,0.0005144951,0.8496925,5.497632,2.311142
0.1624112,0.2112947,0.0002231723,1.066689,5.496647,2.313766
0.1995562,0.2058127,0.0003761663,1.278489,5.495939,2.315387
0.2362522,0.1978114,0.0001461259,1.486655,5.49558,2.316108
0.2721545,0.1864027,0.000399041,1.692607,5.495594,2.316106
0.3076682,0.1714435,-0.0001039634,1.89736,5.495978,2.315369
0.3405566,0.1510622,0.000837809,2.101797,5.496697,2.3137
0.3710365,0.1265607,-0.0009988188,2.306718,5.497658,2.310899
0.3965765,0.09481086,0.00149177,2.512613,5.498678,2.307137
0.01763042,0.1852639,0.002238309,0.1974897,5.700452,2.299239
0.04947569,0.1852788,0.001221333,0.405255,5.699521,2.303795
0.08562613,0.1837426,0.0007042321,0.6294943,5.697931,2.307533
0.1228964,0.1815979,0.0003530227,0.8517771,5.696165,2.310812
0.1581403,0.1777895,0.0001345582,1.068585,5.694637,2.313341
0.19333,0.1722971,0.0002530434,1.280019,5.693569,2.314885
0.2273098,0.1646249,2.260626e-05,1.48779,5.69304,2.315564
0.2601042,0.1540407,0.0002755434,1.693397,5.693065,2.315563
0.2917786,0.1405709,-0.0002470476,1.897903,5.693637,2.314872
0.3205797,0.1228346,0.0006888052,2.102218,5.694725,2.31329
0.3464213,0.1018621,-0.001222719,2.307151,5.69621,2.310609
0.3680122,0.0758353,0.001336558,2.513128,5.697817,2.306978
0.01725527,0.1515839,0.00205194,0.1986857,5.900491,2.299031
0.04877902,0.1538043,0.001090636,0.408242,5.899009,2.303523
0.08414226,0.1512457,0.0006606862,0.6334328,5.896439,2.307095
0.1204346,0.1498389,0.0003961412,0.8556553,5.89368,2.310173
0.1542523,0.1459678,0.0001970592,1.071816,5.891366,2.312509
0.1876223,0.1410322,0.0003019965,1.282432,5.889819,2.313902
0.2192664,0.1340252,7.462046e-05,1.489445,5.889082,2.314501
0.2494798,0.1247319,0.0003561609,1.694429,5.889123,2.314501
0.2779946,0.1130812,-0.0001564697,1.898452,5.889941,2.313894
0.3035668,0.09815276,0.0007734366,2.102426,5.891556,2.312476
0.3260391,0.080716,-0.001097153,2.307167,5.893865,2.310021
0.3441117,0.05986991,0.001450273,2.513083,5.896453,2.306636
0.01776493,0.1213116,0.002522505,0.2029068,6.097581,2.298892
0.05039015,0.122371,0.0005145708,0.4157431,6.097499,2.303165
0.08314637,0.1203978,0.00076863,0.6412047,6.093675,2.306344
0.1190831,0.1187667,8.436107e-05,0.8623274,6.089418,2.30901
0.1508492,0.1158739,-2.261825e-05,1.076823,6.085986,2.311001
0.1828493,0.111545,-4.62853e-05,1.285835,6.083887,2.312115
0.212405,0.1058146,-0.000203911,1.491615,6.082928,2.312583
0.2406312,0.0980207,5.726502e-05,1.695664,6.082985,2.312579
0.2668069,0.0886549,-0.0003579556,1.898951,6.084073,2.312103
0.2900209,0.07637088,0.0004998595,2.10232,6.086349,2.31097
0.3101089,0.06270665,-0.001274353,2.306652,6.089922,2.308913
0.3263259,0.04586744,0.0009831633,2.512382,6.094197,2.305974
0.01366996,0.08876987,0.001912965,0.2140071,6.284816,2.299389
0.0527221,0.09395668,0.0001624144,0.4320758,6.294718,2.302641
0.08335099,0.09011921,0.0005946947,0.6550959,6.288945,2.305025
0.1181932,0.08994576,0.0002500008,0.8726846,6.282199,2.306983
0.1488034,0.08732247,-1.865534e-06,1.083559,6.277565,2.308313
0.1790996,0.08408453,3.855011e-05,1.290044,6.274932,2.309021
0.2071332,0.07941792,-4.245076e-05,1.494148,6.273797,2.309312
0.2337855,0.07341631,0.0002908861,1.697008,6.273857,2.309302
0.257951,0.0661264,-8.918821e-05,1.89934,6.275144,2.308993
0.2795132,0.05685357,0.0008114349,2.101804,6.278045,2.308268
0.297611,0.04608294,-0.0006376872,2.305276,6.283167,2.306896
0.3099025,0.03456953,0.001419075,2.510569,6.290296,2.304761
0.0119553,0.0639895,0.002535953,0.2476051,6.483781,2.30038
0.06002494,0.05830365,-0.001461554,0.4610548,6.492594,2.301761
0.08355212,0.06226497,0.0003721517,0.6748846,6.482179,2.303047
0.1184486,0.06002947,-0.0004896621,0.884947,6.472053,2.304104
0.1463908,0.06017634,-0.0004275214,1.090846,6.46608,2.30473
0.1763009,0.05763179,-0.0004037363,1.294394,6.463181,2.305044
0.2029963,0.05464302,-0.0003521994,1.496679,6.462056,2.305161
0.2286665,0.05033299,-0.0001222675,1.698292,6.462099,2.305143
0.2516949,0.04569831,-0.0003367637,1.899599,6.463344,2.304999
0.2716703,0.0387365,0.0002920842,2.100977,6.466468,2.304667
0.2895174,0.03394252,-0.0008795761,2.303071,6.472914,2.304012
0.3040124,0.02251105,5.371198e-05,2.506914,6.483925,2.302884
0.03127645,0.03050061,0.0008467288,0.2884643,6.705008,2.300339
0.05988614,0.02809649,-0.001336299,0.4895715,6.697205,2.300541
0.08526397,0.03565992,-0.0006091355,0.6917474,6.675655,2.300909
0.1167018,0.03438772,5.257352e-05,0.8950192,6.658394,2.301147
0.1472384,0.03423508,-0.0002179866,1.096706,6.651785,2.301206
0.1746798,0.03243812,-0.0002643233,1.297822,6.649377,2.301214
0.2008377,0.03032544,0.0003467554,1.498658,6.648602,2.301197
0.2258637,0.02820612,0.0004396849,1.699301,6.648623,2.301177
0.2474308,0.02576309,0.0002325016,1.899776,6.649455,2.301167
0.2689948,0.02149038,0.0009755372,2.100138,6.651961,2.30115
0.2817474,0.01502061,0.0001296182,2.300721,6.658721,2.30108
0.285406,0.01249243,0.002323565,2.503072,6.67619,2.300819
0.01100718,0.002223485,1.724489e-05,0.2494616,6.852887,2.250034
0.03250252,0.001074913,-0.0001319892,0.4489431,6.852233,2.24996
0.09558863,0.01221742,0.000287865,0.7034651,6.837253,2.295348
0.119011,0.006139079,-0.001260605,0.906072,6.822816,2.293249
0.1478194,0.00997053,-0.0009783209,1.1002,6.820625,2.29314
0.1737367,0.01070252,-0.000764097,1.299487,6.8198,2.293019
0.1995159,0.00936409,-0.0004242059,1.499648,6.819545,2.292946
0.22466,0.008956955,-0.0003374857,1.699866,6.819551,2.292934
0.2460555,0.007703478,-0.0005503724,1.899963,6.81982,2.292991
0.2665651,0.00801433,5.530767e-05,2.099133,6.820661,2.29311
0.2826788,0.0196709,0.0006192002,2.293155,6.822857,2.293216
0.3119905,-0.007199005,-0.002323922,2.496266,6.837247,2.295318
0.01808324,0.2813344,-0.0008489165,0.2104758,5.099968,2.487645
0.05263231,0.2859322,0.00340154,0.4272891,5.099861,2.505776
0.09324177,0.285843,-0.0002075673,0.6505899,5.09967,2.511427
0.1321722,0.2853706,0.0007612108,0.8681922,5.099449,2.515755
0.1720455,0.2836069,0.0001797234,1.079639,5.099245,2.518367
0.212798,0.2799474,0.0004399469,1.286976,5.099092,2.519716
0.2555105,0.2735963,0.0002428504,1.4919,5.099012,2.520298
0.2983909,0.2629062,0.0005011709,1.695401,5.099016,2.520317
0.3448285,0.2473429,0.0004213538,1.898124,5.099106,2.519774
0.3872156,0.223705,0.0009256346,2.100587,5.099279,2.518462
0.4349337,0.1926978,0.001529625,2.303389,5.099529,2.515895
0.4679286,0.1487805,0.001570063,2.50713,5.099844,2.511532
0.01818207,0.2485736,-0.0009453236,0.2104836,5.299993,2.487637
0.052555,0.2518318,0.003104054,0.4273139,5.299827,2.505774
0.09248194,0.2508316,-0.0002657918,0.6506342,5.299505,2.511436
0.1304122,0.249241,0.000635216,0.8682508,5.299134,2.515775
0.1686427,0.2461803,9.288862e-05,1.079713,5.298804,2.518393
0.2071039,0.2412023,0.0003334636,1.287065,5.298562,2.519744
0.2465091,0.2335969,0.0001123677,1.492009,5.298437,2.520326
0.2850661,0.2221605,0.0003523124,1.695547,5.298442,2.520345
0.3259334,0.2063892,0.0001629936,1.89835,5.298579,2.519798
0.3614584,0.1843939,0.000703301,2.100995,5.298835,2.518481
0.4013725,0.1560455,0.0008900518,2.304204,5.299187,2.515908
0.4263455,0.1198605,0.001419036,2.508751,5.299583,2.511584
0.01781726,0.2151895,-0.0008485887,0.2105524,5.500077,2.487603
0.05153735,0.2180686,0.003220929,0.4275821,5.499784,2.505721
0.09086972,0.2163772,-0.000279957,0.6511018,5.49923,2.511364
0.127804,0.214357,0.0006102023,0.8687905,5.498623,2.515681
0.1643666,0.210544,6.667594e-05,1.080224,5.498099,2.518275
0.2006475,0.2050199,0.000304978,1.287503,5.497726,2.519607
0.2369865,0.197047,7.478536e-05,1.492366,5.497536,2.520179
0.2718353,0.1857245,0.0003342913,1.695844,5.497544,2.520197
0.3078795,0.1708918,8.550355e-05,1.898633,5.497747,2.519661
0.3380722,0.1508309,0.000732824,2.101349,5.49813,2.518365
0.371904,0.1263892,0.0007478896,2.304763,5.498649,2.515825
0.3904549,0.0953914,0.001592792,2.509663,5.499222,2.511563
0.01800464,0.1822952,-0.0007032581,0.2107911,5.700264,2.487476
0.05096689,0.1848154,0.002802932,0.4283539,5.699693,2.50557
0.08917418,0.1831375,-0.0002713759,0.6522661,5.698746,2.51117
0.1250603,0.1808403,0.0004213683,0.8700052,5.697773,2.515424
0.1598707,0.1769618,-1.52022e-05,1.081288,5.696966,2.517953
0.194208,0.1714294,0.000185643,1.288346,5.696406,2.519236
0.2278682,0.1638206,-2.801069e-05,1.492987,5.696127,2.519782
0.2596467,0.1533385,0.0002281002,1.69628,5.69614,2.519799
0.2918865,0.1400848,-4.728087e-05,1.898941,5.69644,2.519289
0.3180728,0.1225759,0.0006168654,2.101601,5.697014,2.518048
0.3472926,0.1020413,0.0004506308,2.305041,5.697809,2.51559
0.3620212,0.07617084,0.001474236,2.510026,5.6987,2.511433
0.01767523,0.1494148,-0.0008031636,0.2116481,5.900335,2.487251
0.05014377,0.1530374,0.002644363,0.4303649,5.899384,2.505289
0.08748276,0.1504548,-0.0002917721,0.6547451,5.897843,2.510784
0.1223482,0.1487192,0.0004705007,0.8722773,5.896338,2.514888
0.1556947,0.1447817,3.222293e-05,1.083097,5.895131,2.517274
0.1882479,0.1397854,0.0002460716,1.289672,5.894325,2.518458
0.2196267,0.1329154,1.967615e-05,1.493893,5.893934,2.518952
0.248889,0.1236993,0.0003201961,1.696846,5.893952,2.518967
0.2779711,0.1123795,1.033302e-05,1.899248,5.894381,2.518506
0.3011259,0.09757364,0.0007355294,2.101722,5.895228,2.517368
0.3267982,0.08090587,0.0004421608,2.305051,5.896455,2.515068
0.3383357,0.05960713,0.001602879,2.51,5.897886,2.511111
0.01830631,0.1192768,-0.0002574647,0.214812,6.098339,2.487298
0.05092582,0.1214225,0.001799631,0.4354688,6.098426,2.504935
0.08603941,0.1194057,1.764154e-05,0.659691,6.096165,2.510069
0.1204515,0.1175591,0.0001384389,0.8761809,6.0939,2.513813
0.1519109,0.1146113,-9.71218e-05,1.085878,6.09215,2.515907
0.1832061,0.1102077,2.337263e-05,1.291544,6.091044,2.516909
0.2125688,0.1046785,-0.0001101277,1.495081,6.090528,2.517315
0.2399567,0.09696502,0.0001643499,1.697522,6.090549,2.517323
0.2666398,0.08801298,-4.289723e-05,1.899521,6.091123,2.51694
0.2877217,0.07575089,0.000633181,2.101662,6.092321,2.515979
0.3106087,0.06331106,0.000366333,2.304722,6.094197,2.513969
0.3210572,0.04563638,0.001421297,2.50952,6.096547,2.510397
0.01554906,0.08659619,-0.00077321,0.2251119,6.286,2.488089
0.05306477,0.09274285,0.001623347,0.4468325,6.296492,2.504424
0.08578711,0.08882006,-0.0001573923,0.6686389,6.293292,2.508654
0.1191115,0.08815609,0.0004023499,0.8822566,6.289749,2.511674
0.1494616,0.08540696,-0.0001528026,1.089702,6.287286,2.513227
0.1792409,0.08204189,0.0001013651,1.293914,6.285862,2.513942
0.2071829,0.07774997,-8.192704e-05,1.496494,6.285231,2.514214
0.2330829,0.07170721,0.000358053,1.698263,6.285243,2.514208
0.2576376,0.06499305,3.290969e-05,1.899724,6.285934,2.513933
0.2775774,0.05547036,0.0009400601,2.101351,6.287505,2.513239
0.2980029,0.04633299,0.0003421547,2.303858,6.290271,2.51173
0.3060822,0.03250652,0.001982044,2.50822,6.294242,2.508857
0.01312208,0.06096473,0.002666038,0.2538953,6.486348,2.495647
0.0599661,0.05789889,-0.001796886,0.4688135,6.495109,2.50334
0.08509472,0.06032084,0.0003149287,0.6820321,6.48916,2.505887
0.1187307,0.0581477,-0.0006931789,0.889912,6.483378,2.507623
0.1468114,0.05784026,-0.0006544293,1.094109,6.479999,2.508424
0.1764017,0.05496929,-0.0002304521,1.296491,6.478377,2.508773
0.2029811,0.05297261,-0.0002383026,1.497968,6.477724,2.508877
0.2279999,0.04840174,0.0001424019,1.698996,6.477714,2.508844
0.2512276,0.04442995,0.0001416156,1.899841,6.478395,2.508701
0.2701342,0.03721314,0.0009951079,2.100788,6.480157,2.508357
0.2887315,0.03383158,0.001261407,2.302354,6.483852,2.507568
0.3005401,0.02138426,0.001968462,2.505527,6.490346,2.505877
0.02995933,0.03105837,0.0004277695,0.2895483,6.70511,2.500823
0.05942328,0.02784559,-0.001681942,0.4913815,6.699725,2.501313
0.08651837,0.03597923,-0.002248556,0.6942596,6.685784,2.502515
0.1169973,0.03245799,-0.0004778644,0.8966833,6.675952,2.50332
0.1464175,0.03218366,-0.001779265,1.097886,6.672305,2.503473
0.1744155,0.03006959,-0.001053244,1.298644,6.671019,2.503518
0.2004637,0.02916663,-0.001164135,1.49919,6.670585,2.503477
0.2243274,0.02653363,-0.000208334,1.699605,6.670566,2.50341
0.2461086,0.02443418,-0.0006772612,1.899921,6.671005,2.503387
0.2667288,0.0199033,0.0009853236,2.100185,6.672359,2.503355
0.2813038,0.01571182,-0.0008502245,2.300622,6.676115,2.503203
0.2876895,0.005454679,0.006355809,2.502329,6.686109,2.502363
0.01209583,0.001994971,0.001811182,0.2493226,6.852903,2.450033
0.03332182,0.001461437,-0.0004808236,0.4489552,6.852745,2.449808
0.09665456,0.01071812,-0.004937259,0.7056012,6.844133,2.494323
0.1171334,0.005784013,-0.004237418,0.9042797,6.837225,2.496221
0.1460081,0.008618102,-0.003495539,1.100113,6.836062,2.49526
0.1732347,0.007629516,0.001483506,1.299675,6.83565,2.494985
0.1987751,0.009273065,-0.006412535,1.49979,6.835524,2.494858
0.2223243,0.007306066,-0.002003118,1.699941,6.835522,2.494781
0.2437748,0.006480112,-0.002813509,1.90003,6.835651,2.494855
0.2635916,0.005649895,-0.000978166,2.099525,6.836071,2.495158
0.2769188,0.01374587,0.002047498,2.295296,6.837238,2.496127
0.3096702,-0.006350645,0.01754911,2.494338,6.844107,2.494208
0.01713822,0.285491,0.003712253,0.2492825,5.099958,2.690182
0.06224983,0.2867507,0.002166432,0.4638803,5.099926,2.709498
0.09645776,0.2858548,-0.0007463045,0.6775964,5.099856,2.716966
0.1363515,0.2851231,0.0009762689,0.8863235,5.099772,2.720708
0.1740817,0.2833204,4.919132e-05,1.091465,5.099694,2.722395
0.2147189,0.2795742,0.0004646128,1.294645,5.099635,2.723173
0.2566321,0.2731744,0.00023005,1.49672,5.099604,2.723495
0.2996818,0.2624682,0.0004968408,1.698176,5.099606,2.723521
0.3452314,0.2469194,0.0002150667,1.899325,5.099641,2.723252
0.3897247,0.223407,0.001103297,2.100433,5.099709,2.722539
0.4338637,0.1928122,-0.0004701955,2.301847,5.09981,2.720938
0.4778543,0.1484208,0.004062318,2.504172,5.099951,2.717328
0.01787755,0.2517196,0.003127473,0.2493226,5.300002,2.690107
0.06192521,0.2525696,0.001473734,0.4639043,5.29992,2.709488
0.09566923,0.2506976,-0.0006280561,0.6776121,5.299789,2.716974
0.1344168,0.2488657,0.0008366625,0.8863431,5.299648,2.720722
0.1705494,0.2457817,-2.659401e-06,1.091491,5.299522,2.722412
0.2088668,0.2407397,0.0003809709,1.294678,5.299429,2.723191
0.247474,0.2331072,0.0001407827,1.496762,5.299381,2.723514
0.2861533,0.2217052,0.0003885875,1.698235,5.299383,2.723538
0.3261404,0.2059519,3.357185e-05,1.89942,5.299436,2.723267
0.3636311,0.1841489,0.0009786859,2.100613,5.299535,2.722549
0.4000705,0.1559577,-0.00101081,2.302223,5.299672,2.720946
0.4350357,0.1199665,0.004600105,2.504993,5.299834,2.717348
0.0166046,0.2180465,0.004888091,0.2492349,5.500032,2.690283
0.06087061,0.2184856,0.002046061,0.4639488,5.499901,2.709509
0.09384665,0.2161986,-0.0008771804,0.6777913,5.499676,2.716946
0.1316299,0.2138512,0.0008603365,0.8865568,5.499446,2.720679
0.1660983,0.2100734,-3.555277e-05,1.091693,5.499248,2.722358
0.2022372,0.2044892,0.0003701712,1.29485,5.499106,2.72313
0.2378061,0.1965239,0.0001143596,1.496902,5.499033,2.723448
0.2727873,0.1852747,0.0003856739,1.698353,5.499036,2.723471
0.308018,0.1704994,-1.308767e-05,1.899537,5.499114,2.723203
0.3402368,0.1506804,0.001057902,2.100768,5.49926,2.722494
0.3706589,0.1264263,-0.001089264,2.302484,5.499458,2.720906
0.3995506,0.09576431,0.004986232,2.505463,5.499681,2.717344
0.01744749,0.1849925,0.004164882,0.2492553,5.700103,2.690339
0.05975337,0.1849478,0.001687672,0.4642558,5.699854,2.709453
0.09207112,0.1828174,-0.0008558181,0.6782809,5.69948,2.716847
0.128577,0.1802273,0.0006555016,0.887052,5.699116,2.720546
0.1614239,0.1763586,-0.000119348,1.092119,5.698814,2.722196
0.1955906,0.1708011,0.0002405422,1.295183,5.698603,2.722946
0.2285198,0.1631941,1.09804e-05,1.497147,5.698497,2.723253
0.2604252,0.1528232,0.0002810544,1.698525,5.6985,2.723275
0.2919212,0.1395903,-0.0001266644,1.899661,5.698613,2.723018
0.3199907,0.1224082,0.0009605665,2.100875,5.69883,2.722331
0.3460489,0.1017823,-0.001240144,2.302613,5.69913,2.720781
0.3704094,0.07670154,0.004715702,2.505647,5.699467,2.717273
0.01678784,0.152252,0.003600521,0.2497218,5.900154,2.689948
0.05850157,0.1528087,0.001499475,0.4652332,5.899728,2.709227
0.09010644,0.1502521,-0.0007403383,0.6793631,5.899133,2.716608
0.1255593,0.1479589,0.0007662019,0.8879885,5.898581,2.72023
0.1569862,0.1441381,-5.466807e-07,1.092846,5.898135,2.721813
0.1894026,0.1391,0.0003557976,1.295709,5.897833,2.722517
0.2201158,0.132265,0.0001109823,1.497503,5.897684,2.722799
0.2495048,0.1231766,0.0004203842,1.698748,5.897686,2.722819
0.2779622,0.1119331,-1.126161e-05,1.899781,5.897845,2.722581
0.3028441,0.09750638,0.001062585,2.100922,5.898162,2.72194
0.3256992,0.08074583,-0.001097095,2.302617,5.89862,2.720465
0.3463882,0.06048369,0.004619912,2.50564,5.899155,2.717066
0.0163338,0.1197482,0.004517534,0.2511232,6.099708,2.689788
0.05795243,0.121055,0.0003813637,0.4675469,6.099382,2.708926
0.08835909,0.118762,-0.0008680712,0.6814932,6.09853,2.716069
0.1230147,0.1167366,0.0001141669,0.8895876,6.097728,2.71946
0.1529761,0.1136235,-0.0004524653,1.093963,6.097094,2.720891
0.1840909,0.1092876,-0.0001444046,1.296452,6.096685,2.721505
0.2129097,0.1036632,-0.0002679268,1.497971,6.096482,2.721743
0.2404339,0.09621032,3.473657e-05,1.699011,6.096477,2.721756
0.2666018,0.08717314,-0.0002598906,1.899884,6.096684,2.721551
0.289228,0.07556262,0.0008366507,2.100889,6.097126,2.720991
0.3097584,0.06245496,-0.001177075,2.302467,6.097814,2.719664
0.3278602,0.04681802,0.00432437,2.505421,6.098675,2.716506
0.01345407,0.08964782,0.003050166,0.2565113,6.294176,2.691952
0.05911999,0.08989603,0.000418769,0.4725851,6.298629,2.708394
0.08724088,0.08856602,-0.0002185493,0.6853114,6.29763,2.714665
0.1211999,0.08671495,0.0007809044,0.8920548,6.296455,2.717476
0.1500108,0.08416935,0.0001726366,1.095507,6.295583,2.718601
0.1798366,0.08102685,0.0003769184,1.297399,6.295071,2.719066
0.2073482,0.07668418,0.0001024196,1.498528,6.29481,2.719229
0.2333433,0.07097312,0.0007241369,1.699299,6.294775,2.719222
0.2576439,0.06435484,0.0002473485,1.899952,6.295009,2.719064
0.2785513,0.05568427,0.001167539,2.100736,6.295574,2.718637
0.2976477,0.04656884,-0.0002118399,2.302059,6.296565,2.717581
0.3124032,0.03528643,0.004080252,2.504731,6.297961,2.71492
0.02253999,0.06340771,0.003591633,0.2725607,6.492183,2.696494
0.06124198,0.05617025,-0.003731249,0.4833557,6.498514,2.707139
0.08707195,0.05793722,-0.002532437,0.6912936,6.496961,2.711166
0.1195391,0.05572147,-0.002171899,0.8953229,6.495059,2.712812
0.1476566,0.05448334,-0.00255011,1.097363,6.493936,2.713442
0.1768241,0.05226521,-0.001983477,1.298465,6.493421,2.713714
0.2029388,0.04960848,-0.001596495,1.499123,6.493115,2.713752
0.2282043,0.04608875,-0.001237014,1.699587,6.492988,2.713676
0.2513806,0.04181299,-0.0009292317,1.899979,6.493189,2.713576
0.2716175,0.03620746,0.0001590568,2.100447,6.493781,2.713337
0.2897501,0.03045627,-0.0008924337,2.3013,6.49505,2.712735
0.3022183,0.02540987,0.004272324,2.503227,6.497268,2.711079
0.02984014,0.03296606,0.0007798774,0.292673,6.704857,2.703408
0.0589739,0.02623263,-0.002661748,0.495299,6.703714,2.704505
0.08736468,0.03033645,-0.001923289,0.6975411,6.699784,2.705621
0.118262,0.0250666,-0.0002871647,0.8985681,6.697418,2.705566
0.1466016,0.02452713,-0.001465978,1.099129,6.696572,2.705543
0.1748331,0.02547239,-0.001228921,1.299449,6.696352,2.705672
0.2008421,0.02348374,-0.0007332923,1.499671,6.696128,2.705524
0.2251564,0.02151455,0.0003580315,1.699859,6.695931,2.705255
0.2472356,0.02010599,0.0004517916,1.899997,6.696039,2.705251
0.2666577,0.01789348,0.0007982521,2.10012,6.696349,2.705225
0.2861962,0.01985586,3.515395e-05,2.300327,6.697262,2.705273
0.290874,0.01880411,0.002924106,2.501074,6.699648,2.705192
0.01268482,0.002697734,0.0004816605,0.2491892,6.852876,2.65038
0.04768435,0.002116989,-0.001642978,0.4503143,6.854398,2.650025
0.07133422,-0.004705919,-0.001116564,0.6521577,6.850053,2.651336
0.09027179,-0.003958042,-0.006954945,0.8499665,6.846393,2.657105
0.09595662,-0.001622076,-0.008666048,1.048881,6.845945,2.656771
0.1051137,-0.003161731,-0.007270517,1.248851,6.845866,2.656829
0.1473112,-0.008359209,-0.0009730367,1.448939,6.84583,2.656748
0.139343,-0.006002806,-0.008557082,1.649008,6.845789,2.656462
0.1563461,-0.007175607,-0.008545872,1.84908,6.845802,2.656437
0.157789,-0.008270056,-0.00822847,2.049153,6.845852,2.656462
0.1652674,-0.009297633,-0.006446617,2.248907,6.846065,2.656643
0.2591513,0.04522391,0.009298558,2.54803,6.850003,2.651008
0.06942671,0.2828929,-0.001326555,0.4961703,5.099973,2.906575
0.09838673,0.2853652,-0.0003600312,0.696105,5.099967,2.910067
0.138315,0.2848974,0.0003210362,0.8970991,5.099952,2.911588
0.1749877,0.2831043,1.873254e-08,1.098179,5.099936,2.912121
0.2154213,0.2793571,9.344508e-05,1.298883,5.099925,2.91233
0.2571341,0.2729242,-0.000165783,1.49933,5.099919,2.912414
0.2993526,0.2622322,8.78128e-05,1.699642,5.099919,2.912423
0.3457746,0.2465591,-0.0007926199,1.899904,5.099926,2.912358
0.3863416,0.2234956,0.0005729219,2.100204,5.09994,2.912169
0.4366109,0.1919999,-0.003326938,2.300594,5.09996,2.911637
0.4612923,0.1530303,0.007715543,2.500517,5.099987,2.909961
0.0124099,0.206671,-0.01012075,0.239622,5.250018,2.857565
0.06688663,0.2497258,-0.001560704,0.4962292,5.299987,2.906564
0.09802399,0.2502446,-0.0003521502,0.6961096,5.299957,2.910069
0.1362056,0.2486152,0.000223397,0.8971019,5.299929,2.911592
0.171441,0.2455096,-4.668356e-05,1.098183,5.299904,2.912126
0.209497,0.2404639,4.562256e-05,1.298889,5.299886,2.912335
0.2479021,0.2328231,-0.0002104717,1.499338,5.299877,2.912419
0.2857331,0.2214248,4.734102e-05,1.699654,5.299877,2.912427
0.3266196,0.2056681,-0.0008321255,1.899924,5.299888,2.912362
0.3600188,0.1840354,0.0005746531,2.100246,5.299907,2.912171
0.4032493,0.1557267,-0.003465551,2.300688,5.299934,2.911639
0.4175072,0.1217845,0.008048763,2.500735,5.299964,2.909974
0.008168542,0.1612762,-0.008748094,0.2389355,5.449999,2.85824
0.06805237,0.2163396,-0.001546775,0.4960617,5.49999,2.906601
0.09563356,0.2155185,-0.0005591841,0.6961162,5.499937,2.910066
0.1335631,0.213472,0.0002495325,0.8971377,5.499894,2.911583
0.1668744,0.2096606,-5.696072e-05,1.098222,5.499855,2.912114
0.2027957,0.2040845,5.168325e-05,1.298923,5.499828,2.912322
0.2381525,0.1961388,-0.00019936,1.499366,5.499814,2.912405
0.2722697,0.1849095,6.648483e-05,1.699678,5.499814,2.912413
0.308441,0.1701959,-0.0008344793,1.89995,5.499829,2.912348
0.3364864,0.150497,0.0006516859,2.100284,5.499857,2.912159
0.3739569,0.1264267,-0.003584221,2.300763,5.499896,2.911631
0.3818859,0.09670414,0.008197093,2.500899,5.49994,2.909981
0.008363247,0.1407045,-0.006077402,0.2383637,5.650058,2.858795
0.06667448,0.1823409,-0.001580247,0.4960311,5.699974,2.906596
0.09376692,0.1824412,-0.0006713931,0.6962036,5.699907,2.910042
0.1303559,0.1798173,8.097392e-05,0.8972359,5.699841,2.91155
0.162114,0.176006,-0.0001809222,1.098307,5.699785,2.912075
0.1960458,0.1704171,-7.449209e-05,1.29899,5.699745,2.912278
0.2287861,0.1628512,-0.0003037147,1.499415,5.699724,2.912358
0.2598584,0.1525,-4.402016e-05,1.699712,5.699723,2.912366
0.2922567,0.1394158,-0.0008928945,1.899976,5.699745,2.912303
0.3163495,0.1221699,0.0005618711,2.100309,5.699786,2.912118
0.3491984,0.1022165,-0.003530115,2.3008,5.699841,2.911599
0.35361,0.07706428,0.007839483,2.500962,5.699898,2.909963
0.01097302,0.1235337,-0.007276653,0.2387105,5.850014,2.85847
0.06497995,0.1499018,-0.001720172,0.4963688,5.89995,2.906509
0.09191716,0.1493725,-0.0005626069,0.6964588,5.899868,2.909967
0.1271679,0.1470275,0.0001690685,0.8974359,5.899776,2.911459
0.1575403,0.1432893,-3.476549e-05,1.098457,5.899695,2.911968
0.1897144,0.1382413,4.88004e-05,1.299096,5.89964,2.912161
0.2202897,0.1315246,-0.0001642511,1.499486,5.899609,2.912236
0.2488921,0.1224512,9.091318e-05,1.699757,5.899606,2.912243
0.2781496,0.1114643,-0.0007276844,1.899999,5.899633,2.912184
0.2993589,0.09694081,0.0006314537,2.100319,5.899691,2.912009
0.3285797,0.08106993,-0.003236471,2.300805,5.899774,2.911507
0.330218,0.06027647,0.00749625,2.500969,5.899865,2.909899
0.010228,0.09684744,-0.005721984,0.2396262,6.05012,2.857648
0.06387126,0.1188014,-0.002455449,0.4968226,6.099942,2.906335
0.09002311,0.1186941,-0.0009979788,0.6969026,6.099778,2.909728
0.1243572,0.1162936,-0.0003087541,0.8977673,6.099632,2.911152
0.1534024,0.1133896,-0.0004861515,1.098688,6.099519,2.911621
0.1843591,0.1088381,-0.0004152275,1.299247,6.099448,2.911792
0.2130537,0.1033024,-0.0005372755,1.499579,6.099402,2.911856
0.2398602,0.09601086,-0.0003268434,1.699808,6.099386,2.91186
0.2667968,0.08723343,-0.0009859129,1.900017,6.099415,2.911808
0.2860628,0.07518127,0.0002657359,2.100307,6.09949,2.911652
0.3124742,0.06397476,-0.003220487,2.300777,6.099614,2.911191
0.3135707,0.04608555,0.00670107,2.500968,6.099771,2.909664
0.01185626,0.07932848,-0.002174475,0.2394221,6.250107,2.85815
0.06470275,0.08631559,-0.00196304,0.4973236,6.299577,2.905759
0.08874414,0.08606535,0.0007632869,0.6975116,6.299073,2.908812
0.121968,0.08446135,0.001138675,0.8982633,6.298718,2.909996
0.1501907,0.08178591,0.001085552,1.099008,6.298568,2.910375
0.1797209,0.07857189,0.0009021653,1.299441,6.298499,2.910509
0.2075337,0.07480234,0.0007240381,1.499689,6.29842,2.910552
0.2328875,0.06899106,0.001033122,1.699863,6.298362,2.910548
0.2573817,0.06306249,0.0003440998,1.900023,6.298376,2.910506
0.2762714,0.05393416,0.001003666,2.100254,6.298457,2.910383
0.2994402,0.04617405,-0.001394041,2.300659,6.298631,2.910004
0.3002751,0.03327387,0.005854223,2.500893,6.299013,2.908702
0.01389465,0.05690225,-0.002028677,0.2407412,6.450274,2.858058
0.06128852,0.05836577,-0.001296543,0.4979868,6.499566,2.904059
0.08693268,0.06247641,0.0009181274,0.698491,6.498437,2.905832
0.1191454,0.05822552,0.001375138,0.898987,6.497934,2.906544
0.1462461,0.05768052,0.00111903,1.099445,6.497857,2.906758
0.1757909,0.05382281,0.000793789,1.299682,6.497935,2.906852
0.20154,0.05107156,0.001064679,1.499811,6.497765,2.906846
0.2259571,0.04909698,0.001270712,1.69992,6.497506,2.906794
0.2493686,0.04419107,0.0007682876,1.900013,6.497491,2.90677
0.2666984,0.03675949,0.0009658485,2.100139,6.497497,2.906698
0.289142,0.03689293,-0.001263235,2.300393,6.497619,2.906484
0.2928988,0.02020732,0.003920963,2.500641,6.498105,2.905643
0.01563489,0.03470356,-0.001110586,0.2433413,6.651905,2.856954
0.04868831,0.02752353,-0.008258481,0.4477149,6.653262,2.859788
0.07571234,0.02880465,-0.01003858,0.6489809,6.65317,2.860924
0.1080462,0.02562542,-0.01345314,0.8494368,6.652625,2.861105
0.1366983,0.02339729,-0.01518041,1.04964,6.65238,2.861096
0.1656285,0.02112852,-0.01856111,1.24975,6.652731,2.861323
0.1913463,0.01991628,-0.01946464,1.449844,6.652583,2.861279
0.2151109,0.01546198,-0.015885,1.649896,6.651971,2.860981
0.2381451,0.01346001,-0.02042475,1.849936,6.651902,2.860959
0.2581817,0.007536671,-0.02017814,2.049985,6.651848,2.860903
0.2739105,0.005120018,-0.01678554,2.25006,6.651825,2.860815
0.2911818,-0.002578447,-0.02456896,2.450307,6.652264,2.860777
0.01991131,0.006604188,0.0002283823,0.248878,6.851955,2.852858
0.0501058,0.006302382,-0.0006593322,0.4498234,6.853464,2.853134
0.07721056,0.005895991,-0.01013867,0.6500822,6.853301,2.853345
0.1075623,0.00323291,-0.008986348,0.8498789,6.85285,2.852562
0.1357193,0.001882103,-0.01261429,1.050008,6.852631,2.851883
0.1635099,0.001653654,-0.0127136,1.24994,6.853171,2.853325
0.1896251,5.430082e-05,-0.01940428,1.450008,6.853106,2.853154
0.2149593,-0.001030086,-0.01722551,1.649931,6.85242,2.851218
0.2384,-0.002523313,-0.02090473,1.850072,6.852539,2.851696
0.2571816,-0.003872626,-0.02503984,2.050062,6.852422,2.851287
0.2747195,-0.003220169,-0.03191399,2.250004,6.852229,2.850811
0.2913789,-0.006089571,-0.03159072,2.450074,6.852649,2.851959
0.007255625,0.2894553,-0.007221902,0.1710818,5.175551,0.02000517
0.00316025,0.1807919,-0.02246926,0.1441386,5.149985,0.1442693
0.01255159,0.2992051,0.003272623,0.1710817,5.224449,0.02000516
0.007015476,0.254309,-0.006643887,0.1710817,5.375551,0.02000513
0.005672762,0.1557782,0.01205155,0.1441376,5.250012,0.1442696
0.003687389,0.1630563,-0.02217749,0.1441376,5.349985,0.1442688
0.01222947,0.2615766,0.00289726,0.1710817,5.424449,0.0200051
0.006815369,0.2197331,-0.006047186,0.1710818,5.575551,0.02000496
0.005352832,0.1347309,0.01092952,0.144138,5.450011,0.1442677
0.004095848,0.1442299,-0.0212016,0.1441389,5.549986,0.1442663
0.01189057,0.2247579,0.002421682,0.1710818,5.624449,0.02000491
0.006650821,0.1856487,-0.005287816,0.171082,5.775552,0.02000479
0.004986625,0.1142109,0.009801772,0.1441403,5.650015,0.1442646
0.004591407,0.1257839,-0.0200247,0.1441429,5.749996,0.1442639
0.01133263,0.1882561,0.00167248,0.1710822,5.824449,0.02000478
0.006172413,0.1499231,-0.004749368,0.1710828,5.975554,0.02000534
0.004595456,0.09438794,0.008589301,0.1441469,5.850036,0.1442653
0.006019858,0.1104842,-0.01994535,0.1441555,5.950034,0.1442733
0.01018146,0.150477,0.001043719,0.1710832,6.024452,0.02000569
0.005441074,0.1127758,-0.005219639,0.1710869,6.175559,0.02000897
0.004247561,0.07728046,0.007267504,0.1441739,6.050096,0.1442936
0.004056742,0.0969181,-0.01986093,0.144218,6.150125,0.144348
0.01114512,0.1112197,0.001703281,0.1710891,6.224458,0.02001061
0.007105996,0.07771896,-0.003610066,0.1710968,6.37556,0.02002375
0.005764026,0.07951692,0.0072072,0.1443203,6.25022,0.1444746
0.003333099,0.07311512,-0.01142466,0.1445493,6.350252,0.1446875
0.009987022,0.07522296,0.001181274,0.1710979,6.424453,0.02003012
0.004686266,0.04812778,-0.002069303,0.1711586,6.575592,0.02008658
0.006607658,0.05767308,0.006964827,0.145033,6.450357,0.1449962
0.005323322,0.04674954,-0.008385729,0.145655,6.550412,0.1453834
0.01252809,0.04735754,0.002244166,0.1712701,6.624569,0.02014367
0.006573797,0.01299298,0.000150078,0.1721012,6.775183,0.02199812
0.00757642,0.03606089,0.005343513,0.1463969,6.650541,0.1459367
0.007822647,0.01904022,-0.003777408,0.1480247,6.751206,0.1470424
0.01479516,0.01350277,-6.260982e-05,0.1736831,6.826165,0.02191757
0.01261485,0.01318525,-0.001513681,0.170684,6.829369,0.1737749
0.0472048,0.02519356,-0.003944191,0.3752884,6.825337,0.02191492
0.02049988,0.007234397,-0.0004549591,0.248801,6.851549,0.1481849
0.03834267,0.009212622,-0.008462974,0.3495212,6.852592,0.1485735
0.07639531,0.02224576,-0.003075873,0.5757774,6.826771,0.02117765
0.04992041,0.005627158,0.0007210878,0.4499069,6.852828,0.1486648
0.0654214,0.009913933,-0.01111227,0.5501247,6.853019,0.1478817
0.1048439,0.03064156,-0.007859238,0.7755844,6.828,0.02054809
0.07821812,0.005123725,0.009628791,0.6500663,6.853206,0.1469111
0.09721184,0.0140617,-0.01016582,0.7499631,6.853088,0.146939
0.1399258,0.03182514,-0.005778427,0.9757908,6.826948,0.0211497
0.1058911,0.003398036,0.009683055,0.8498964,6.852756,0.1478069
0.1228899,0.01291541,-0.01718628,0.9499928,6.852732,0.147878
0.1670528,0.02060936,-0.007603298,1.175554,6.82904,0.02022861
0.1374209,0.001998775,0.01148579,1.04995,6.853017,0.1470636
0.1526669,0.01419576,-0.01995187,1.149949,6.853158,0.1467277
0.1920295,0.03099013,-0.01427129,1.375231,6.826808,0.02119687
0.1639997,0.0009744002,0.01606373,1.249976,6.853102,0.146876
0.1781927,0.01454312,-0.01947506,1.349908,6.852783,0.1476854
0.2199182,0.04339361,-0.0081616,1.575981,6.826489,0.02138895
0.1886698,0.0003494747,0.01794097,1.449908,6.852435,0.1487468
0.2023259,0.01422541,-0.02202372,1.550067,6.852435,0.1487459
0.2515531,0.01118251,-0.009943208,1.775529,6.828968,0.02024886
0.2146258,-0.0003647604,0.01813926,1.650064,6.85278,0.147685
0.2257842,0.01510402,-0.02612405,1.74999,6.853096,0.1468816
0.2680413,0.03439329,-0.01247384,1.975611,6.828014,0.02056223
0.239061,-0.001137788,0.01928753,1.850014,6.853143,0.146759
0.2488895,0.01562315,-0.02760646,1.950023,6.85298,0.1471781
0.2907271,0.0405187,-0.01142285,2.175479,6.824557,0.02217072
0.2560201,-0.002287265,0.02591118,2.050005,6.852599,0.1482726
0.2643009,0.01499646,-0.02725484,2.150033,6.852271,0.1490991
0.3032043,0.05922299,-0.01037757,2.375514,6.825424,0.02188106
0.2723112,-0.004573425,0.03072164,2.249998,6.852215,0.1492724
0.2809375,0.01312495,-0.02208155,2.350036,6.852294,0.1490442
0.3081821,0.02128299,-0.007548495,2.575494,6.8287,0.02030486
0.2909058,-0.007069164,0.02916083,2.450067,6.852689,0.1480414
0.2855231,0.01058945,-0.01834981,2.550062,6.853229,0.1468342
0.01025016,0.01513784,-0.0006055475,0.1705731,6.829502,0.2243082
0.01155899,0.00835888,-0.001252726,0.1703941,6.829711,0.3748946
0.01109726,0.01302939,-0.002192036,0.1703936,6.829718,0.4249263
0.007746459,0.007581203,-0.00224466,0.1704008,6.829739,0.5749789
0.01114974,0.01200827,-0.002432438,0.1704085,6.82974,0.6249748
0.006209699,0.007816229,-0.0004625818,0.1704208,6.829742,0.7749901
0.01260755,0.01116797,-0.0004067671,0.1704238,6.829741,0.8249845
0.005901296,0.007991083,0.0003949892,0.1704261,6.82974,0.9749993
0.0133843,0.01080077,0.0002798097,0.1704265,6.829739,1.024992
0.005729507,0.007574315,0.0001137034,0.170425,6.829738,1.175003
0.01228474,0.01092066,0.0002853011,0.1704248,6.829738,1.224995
0.006857987,0.007903149,-0.0006762766,0.1704238,6.829737,1.375004
0.008146075,0.008590105,-0.0005625335,0.1704237,6.829737,1.424996
0.008123895,0.009148815,0.001030951,0.1704237,6.829737,1.575004
0.008155212,0.007980879,0.001058785,0.1704238,6.829737,1.624996
0.01152363,0.01129663,-0.0003926116,0.1704248,6.829738,1.775005
0.00593509,0.007670875,-1.861718e-05,0.1704249,6.829738,1.824997
0.01318481,0.01101241,-0.0003931214,0.1704266,6.829739,1.975008
0.00595356,0.008075124,-0.0004286807,0.170426,6.82974,2.025001
0.01260841,0.01118723,0.0002796109,0.1704238,6.829741,2.175016
0.006277068,0.00782968,0.0003291003,0.1704207,6.829742,2.22501
0.01109066,0.01196465,0.002260749,0.1704085,6.82974,2.375027
0.007730979,0.007594705,0.002099216,0.1704007,6.82974,2.425024
0.01115911,0.01298401,0.002013957,0.1703946,6.829719,2.575092
0.01157415,0.008319447,0.001077033,0.1703936,6.829714,2.625136
0.01027362,0.01493708,0.0004642909,0.1705724,6.829531,2.775823
0.003443864,0.1882293,0.02612439,0.1445238,5.149902,2.854653
-0.01263864,0.2816528,0.01222427,0.1732113,5.175187,2.979006
0.005667423,0.1571333,-0.01209742,0.1446818,5.250013,2.854024
0.002914404,0.1603053,0.02081761,0.1445225,5.35006,2.854667
0.05170705,0.2903941,0.002613913,0.1732501,5.224019,2.978915
0.01018748,0.2559633,0.00594502,0.1721255,5.375518,2.979619
0.005148505,0.134377,-0.01144879,0.1442261,5.449997,2.855454
0.005431213,0.154053,0.02467857,0.1440498,5.550092,2.855876
0.01115706,0.2639488,-0.001033043,0.1714886,5.424383,2.979865
-0.01073562,0.2181378,0.008244119,0.1708065,5.575596,2.980107
0.006075782,0.1149695,-0.01157496,0.1435682,5.650942,2.856531
0.004515897,0.127318,0.01518881,0.1444925,5.750011,2.854663
0.02506529,0.2321901,-0.00194125,0.1703631,5.624762,2.980331
-0.004059429,0.1869283,0.01383003,0.1473395,5.750049,2.952845
0.002882578,0.09529021,-0.005320437,0.14377,5.849098,2.855981
0.00324432,0.1157124,0.02476867,0.1445454,5.949865,2.854439
0.04022486,0.1664367,0.005133112,0.1703886,5.82339,2.980578
-0.01973616,0.1395329,0.008697859,0.1731091,5.975121,2.978932
0.005845873,0.07976278,-0.007577352,0.1443683,6.250206,2.855357
0.003396865,0.07321668,0.01091066,0.1445581,6.350253,2.855269
0.01103469,0.1126483,-0.001751711,0.1712579,6.224431,2.979936
0.006892517,0.07819453,0.003399781,0.1711054,6.375563,2.979972
0.006654335,0.0578469,-0.007223787,0.1450329,6.450367,2.854996
0.005256983,0.04678708,0.008103055,0.145653,6.55045,2.854625
0.009713753,0.07558445,-0.001138646,0.171101,6.424462,2.979968
0.004639251,0.04810805,0.002059037,0.1711611,6.575659,2.979915
0.00785489,0.03637871,-0.005807276,0.1464005,6.650616,2.854097
0.008236729,0.01892865,0.003587419,0.1480172,6.7513,2.853045
0.01254305,0.04724201,-0.002180417,0.1712693,6.624677,2.979859
0.006604879,0.01317964,-5.425317e-05,0.1721039,6.775539,2.978056
0.01258314,0.01318624,0.001355067,0.1706676,6.829429,2.826405
0.01473754,0.01398322,4.324735e-05,0.1736187,6.826521,2.978194
0.03791065,0.008484831,0.008053921,0.3495983,6.853317,2.853487
0.01457821,0.007192877,0.0005051386,0.2245588,6.828077,2.978039
0.04810514,0.01224843,0.003405318,0.3753887,6.828639,2.979652
0.06503918,0.00999238,0.01128413,0.5500606,6.853322,2.852867
0.05063758,0.006885743,4.156725e-05,0.4243794,6.828206,2.979493
0.07810238,0.02299785,0.00381506,0.5757538,6.827364,2.979027
0.09433803,0.01303018,0.009903129,0.7500132,6.85321,2.853369
0.07822261,0.002169761,-0.002730293,0.6244147,6.828209,2.979523
0.1092008,0.01210299,0.004841441,0.7756061,6.828651,2.979678
0.1209374,0.01290174,0.01733836,0.9498934,6.852544,2.851577
0.1168656,0.009758827,-0.002063772,0.8244893,6.828016,2.97944
0.1367439,0.04446413,0.008019996,0.9754947,6.825892,2.978292
0.1515371,0.01386046,0.01878557,1.149961,6.852996,2.852886
0.1394773,-0.01211866,-0.005147771,1.024905,6.82659,2.978641
0.1692437,0.02642922,0.00700786,1.175484,6.828718,2.979675
0.1792125,0.01443409,0.02385813,1.349986,6.853191,2.853377
0.1796268,-0.004366035,-0.00327505,1.224414,6.828993,2.979756
0.1978838,0.01804493,0.007498352,1.375568,6.829102,2.979789
0.2027559,0.01447052,0.02097061,1.549927,6.852777,2.85232
0.2104942,0.00135859,-0.003044525,1.424475,6.828994,2.979757
0.2201654,0.0319636,0.01478373,1.57523,6.826801,2.978803
0.2267975,0.01419994,0.02763681,1.750103,6.852376,2.851094
0.2330478,-0.01905566,-0.001009901,1.624021,6.826479,2.97861
0.2457651,0.04505507,0.008733414,1.776018,6.826297,2.978568
0.2469056,0.01519928,0.02803271,1.949973,6.852522,2.851523
0.2624084,-0.00595161,-0.009163261,1.824841,6.826336,2.978665
0.2676908,0.05739559,0.01465162,1.975115,6.82661,2.978667
0.2678366,0.0144435,0.02599846,2.150001,6.852338,2.851116
0.2855518,-0.02940803,-0.00651037,2.024948,6.826444,2.978606
0.2903379,0.05830024,0.01324151,2.175042,6.826007,2.978474
0.2830468,0.01379325,0.02030039,2.350108,6.85238,2.851181
0.3038605,-0.0283788,-0.006854226,2.224462,6.825291,2.978083
0.3051426,0.04704858,0.007270742,2.376014,6.826262,2.978566
0.2829223,0.01189301,0.01911699,2.549973,6.852726,2.851783
0.3217283,-0.0105754,-0.0136083,2.424845,6.826312,2.978675
0.3004817,0.04953376,0.01369535,2.575091,6.826375,2.978599
0.008896628,0.04144066,0.006631178,0.1448693,6.650696,0.2478832
0.002593941,0.01563199,0.000703234,0.147294,6.751123,0.2487893
0.006320904,0.0264494,0.001995399,0.1437107,6.650916,0.3488035
0.001773575,0.01187319,0.0003639633,0.1468301,6.751228,0.3494211
0.0364617,0.01078311,-0.004915779,0.3497665,6.854268,0.2493499
0.01273812,0.002731701,-0.0004905328,0.2491808,6.852858,0.3497983
0.04094538,0.009439986,-0.001031773,0.3498619,6.854753,0.3497687
0.008640481,0.03430151,-0.001158857,0.143077,6.6512,0.4493898
0.002360955,0.0125109,-0.0005169804,0.1466502,6.751344,0.4497371
0.006774388,0.0290885,-8.631761e-05,0.1427598,6.651419,0.5496223
0.003046828,0.01135216,-0.001703533,0.1465707,6.751419,0.5498575
0.03763214,0.009392709,-0.005802592,0.3499839,6.854667,0.449964
0.01208632,0.002047546,-0.001908584,0.249321,6.852902,0.5499858
0.02464255,0.006983938,-0.0005594161,0.3500506,6.854552,0.5499675
0.008422224,0.03643105,-0.002490694,0.1426365,6.65155,0.6498086
0.002012758,0.01202156,-0.001044911,0.1465419,6.751463,0.6499233
0.007312131,0.03180923,0.0001038112,0.142568,6.651608,0.7498536
0.00289717,0.01210217,-0.00112017,0.1465287,6.751484,0.7499469
0.03572928,0.008602934,-0.002887169,0.3501959,6.85447,0.6499758
0.01103663,0.002297911,-0.0001019367,0.2494617,6.852887,0.7499673
0.02428221,0.007136099,-3.713746e-05,0.3503011,6.854437,0.7499146
0.008420408,0.03548543,-0.0007602946,0.1425489,6.651629,0.8499535
0.001637822,0.01080498,-0.0003315789,0.1465252,6.751492,0.8499786
0.008309978,0.03373606,-0.001035707,0.1425309,6.651635,0.9499377
0.003740813,0.0120999,-0.0007649737,0.1465226,6.751495,0.9499818
0.03839584,0.009078893,-0.001544102,0.3503874,6.85442,0.8499504
0.01048565,0.001649464,-2.727796e-05,0.2495107,6.852881,0.9499758
0.02421168,0.007257575,0.0001394847,0.3504191,6.854412,0.9499225
0.008719399,0.03563534,0.0001738173,0.1425269,6.651634,1.050009
0.001662611,0.0111784,-0.0001387666,0.1465215,6.751493,1.05
0.00748924,0.03255964,-5.538523e-05,0.1425201,6.651631,1.149967
0.003319004,0.01141208,0.0001244062,0.1465198,6.751492,1.149993
0.03993337,0.009748013,-0.0007950948,0.3504346,6.854407,1.049983
0.01023008,0.001776027,-0.0007756859,0.2495136,6.852878,1.14999
0.02454621,0.007472407,0.0001638857,0.3504321,6.854404,1.149956
0.008817467,0.03589021,-0.0001591067,0.1425188,6.651627,1.250025
0.001661391,0.01137172,-0.0001350215,0.1465189,6.75149,1.250005
0.007816343,0.03392172,0.0009224086,0.1425163,6.651625,1.349973
0.003824935,0.01108897,0.001177311,0.1465182,6.751488,1.349995
0.04014332,0.009172079,-0.000448696,0.3504299,6.854402,1.250009
0.01032944,0.001685174,-0.00262687,0.2495092,6.852877,1.349996
0.02550904,0.007468607,-0.0002006983,0.3504253,6.854401,1.349973
0.008193571,0.03213254,-0.0008917713,0.1425159,6.651623,1.450027
0.002502006,0.01155401,-0.0004055498,0.1465178,6.751488,1.450006
0.008248288,0.03213274,0.0008645193,0.1425159,6.651623,1.549973
0.001445088,0.01133434,-1.342188e-05,0.1465178,6.751488,1.549994
0.0256187,0.007411188,-2.159724e-05,0.3504237,6.854401,1.45002
0.01053519,0.001336442,0.0005322136,0.2495082,6.852876,1.549998
0.02513525,0.007464631,0.0003144263,0.3504237,6.854401,1.54998
0.0076653,0.03352109,-0.0008810257,0.1425163,6.651625,1.650027
0.003597663,0.01134103,-0.0009858919,0.1465181,6.751488,1.650005
0.008896835,0.03607633,9.341166e-05,0.1425188,6.651627,1.749975
0.001637904,0.01130255,0.000117597,0.1465189,6.75149,1.749995
0.02948168,0.00720495,0.001196655,0.3504253,6.854401,1.650027
0.01307584,0.002853063,-0.0002130183,0.2495112,6.852877,1.750002
0.03954395,0.008614385,-0.0008165788,0.3504299,6.854402,1.749991
0.007453708,0.03251309,7.900457e-05,0.1425201,6.651631,1.850033
0.003291907,0.01147461,-4.809754e-05,0.1465198,6.751492,1.850007
0.008750827,0.03558487,-0.0002325186,0.1425269,6.651634,1.949991
0.001649003,0.01113379,0.0001467548,0.1465215,6.751493,1.95
0.02455641,0.007461069,-0.0001243656,0.3504321,6.854404,1.850044
0.01232836,0.003030421,0.0001388146,0.2495148,6.852879,1.950012
0.03994228,0.009681676,0.0004675149,0.3504343,6.854407,1.950017
0.008320006,0.03383415,0.001005398,0.1425309,6.651635,2.050062
0.003739277,0.01212439,0.0006893312,0.1465226,6.751495,2.050018
0.008450079,0.03550506,0.0006766878,0.1425489,6.651629,2.150047
0.001632601,0.01078613,0.0003390754,0.1465252,6.751492,2.150022
0.02418035,0.00725715,-0.000130858,0.3504188,6.854412,2.050078
0.01166391,0.002954519,0.0002907616,0.2494959,6.852883,2.150028
0.03838571,0.00906456,0.001464873,0.350387,6.85442,2.15005
0.007300065,0.03183117,-0.0001542716,0.142568,6.651608,2.250147
0.002889172,0.01211748,0.001046039,0.1465287,6.751484,2.250053
0.008424694,0.03638175,0.002387315,0.1426365,6.65155,2.350192
0.002009685,0.0119828,0.001026913,0.1465421,6.751463,2.350078
0.0243352,0.00713027,3.756047e-05,0.3503007,6.854437,2.250088
0.01171922,0.003217635,0.001122223,0.2494051,6.852894,2.350027
0.03557349,0.008538531,0.002743183,0.3501957,6.85447,2.350034
0.006813939,0.02922587,2.440374e-05,0.14276,6.65142,2.450379
0.003097888,0.0113773,0.001605757,0.1465713,6.75142,2.450146
0.00867344,0.03423225,0.0009795113,0.1430773,6.651203,2.550615
0.00232037,0.01236874,0.0004716853,0.1466514,6.751347,2.550273
0.02465722,0.006983085,0.0005531232,0.3500508,6.854553,2.450068
0.01504127,0.003719277,0.00388633,0.2492456,6.852911,2.550103
0.03740896,0.009283177,0.005540211,0.349984,6.854674,2.550148
0.006280289,0.02637462,-0.00208775,0.1437113,6.650926,2.651208
0.001735821,0.0118573,-0.0005286454,0.1468327,6.751237,2.650606
0.008915045,0.04149264,-0.006721761,0.1448736,6.650729,2.752145
0.002636963,0.01582378,-0.0008366609,0.1472976,6.751156,2.751275
0.04116555,0.009520578,0.0008470638,0.3498635,6.854785,2.65055
0.01665879,0.004767523,0.001083395,0.2491343,6.852569,2.751045
0.0365378,0.01073235,0.004449771,0.3497748,6.854427,2.751455
0.0219833,0.2308744,0.01881952,0.2393435,5.149955,2.857836
0.02658701,0.2536329,0.0246388,0.3408421,5.149798,2.861763
0.007191762,0.2283088,0.002238995,0.2471611,5.149923,2.954369
0.02104476,0.2513435,-0.0006834225,0.3530676,5.150995,2.95722
0.05441424,0.2444168,-0.003541286,0.3409537,5.250188,2.861706
0.02083697,0.1934956,0.01492121,0.2393336,5.34999,2.857852
0.0339255,0.2316196,0.02598944,0.3408335,5.349796,2.861771
0.03697973,0.2202864,-0.00615207,0.2477838,5.249994,2.954224
0.052127,0.253746,-0.007801964,0.3532332,5.248992,2.957195
0.009684105,0.2064367,0.001346447,0.2471536,5.350079,2.954376
0.02606967,0.2250744,-0.001767646,0.3530566,5.351006,2.957224
0.04708566,0.161988,0.0003290104,0.3405852,5.85019,2.861967
0.01693825,0.1298119,0.01450741,0.2394455,5.950004,2.857782
0.03056819,0.1383268,0.01898783,0.340986,5.949832,2.861753
0.02501719,0.1331629,-0.001559925,0.245848,5.849037,2.955112
0.04711666,0.1701125,-0.006793729,0.3526482,5.848856,2.957328
0.007766808,0.1238276,0.001767426,0.2473797,5.949848,2.954364
0.02226177,0.1197343,-0.002512464,0.3530078,5.950909,2.95726
0.004536109,0.08250738,-0.007630695,0.1446543,6.050144,2.854217
0.005257305,0.09611409,0.01809647,0.1444246,6.150156,2.855033
0.03730841,0.147384,-0.003059923,0.1731767,6.02491,2.978906
0.006953048,0.115042,0.003704814,0.1715041,6.175494,2.979853
0.03914142,0.03776117,0.001939804,0.3461406,6.65293,2.858855
0.01795307,0.01768856,0.001068758,0.2456422,6.754267,2.855341
0.03852905,0.01679731,0.003361873,0.347933,6.756019,2.856688
0.0132864,0.02304781,0.000127015,0.2466154,6.650663,2.953808
0.03987429,0.03872963,-0.0003627595,0.3511722,6.648553,2.955889
0.01530801,0.01468135,-0.0008432815,0.2474409,6.752602,2.9527
0.02257242,0.01382726,-0.000270057,0.3493041,6.753188,2.953685
0.127456,0.04325384,0.003530108,0.9496956,6.652385,2.861083
0.09676168,0.01426214,-0.004700774,0.8498059,6.755555,2.85727
0.1049989,0.01599503,0.01091561,0.9498481,6.755083,2.856823
0.1009248,0.02312273,0.002759219,0.8488896,6.645691,2.957076
0.1334475,0.04068927,0.003790308,0.9509247,6.64542,2.957048
0.09001495,0.01061395,0.001298941,0.8498722,6.752091,2.954107
0.1008312,0.02543444,0.002446985,0.9499242,6.751179,2.953834
0.1563361,0.0442277,0.005729301,1.149843,6.652588,2.861251
0.1217277,0.01312721,-0.009668722,1.049893,6.755228,2.856959
0.1293509,0.01549179,0.008843124,1.149902,6.755716,2.857433
0.1305955,0.0190845,0.00256164,1.048936,6.645534,2.957066
0.1627124,0.03700097,0.003392815,1.150957,6.645888,2.957131
0.1118777,0.008265494,-0.001252585,1.050034,6.751551,2.953925
0.1208048,0.02420948,-1.36927e-05,1.149995,6.752618,2.954281
0.1817179,0.0443008,0.005642391,1.349951,6.652748,2.861353
0.1456364,0.01293712,-0.009593083,1.249905,6.755977,2.857679
0.1530357,0.01615044,0.01073654,1.34996,6.75601,2.857715
0.1612792,0.01884063,0.001457447,1.248955,6.646137,2.957169
0.1845998,0.03713617,0.002315484,1.350985,6.646177,2.957177
0.1310162,0.00686063,-0.0001451332,1.249961,6.753094,2.954448
0.1396714,0.02469437,0.0004532133,1.350002,6.75316,2.954468
0.2059076,0.04560873,0.0069879,1.550014,6.652297,2.861146
0.1693972,0.01267557,-0.007198877,1.449976,6.75584,2.857566
0.1772008,0.01666645,0.01627757,1.549979,6.755377,2.857129
0.1866273,0.02059069,0.001048829,1.448984,6.646,2.95715
0.2016342,0.04023768,0.002199135,1.550995,6.645605,2.957087
0.1555761,0.006298297,0.001784985,1.450012,6.752911,2.954388
0.1656602,0.02890665,0.003122608,1.549942,6.752047,2.954069
0.2839269,0.03973637,0.01822989,2.350264,6.652008,2.860799
0.2524803,0.007756495,-0.01596702,2.250049,6.754498,2.856303
0.2565482,0.01135642,0.0178116,2.350108,6.754703,2.856475
0.266111,0.00274163,0.002339975,2.249034,6.64482,2.956953
0.2871483,0.03490892,0.005754785,2.35108,6.644941,2.956953
0.2522633,-0.006540442,-0.0008243128,2.249977,6.750338,2.953534
0.2572555,0.02365291,0.001908169,2.35012,6.750636,2.953652
0.2886899,0.03230513,0.01496032,2.550756,6.652452,2.860427
0.2689522,0.008510856,-0.01580253,2.450154,6.755119,2.856801
0.2707088,0.01223348,0.01992145,2.550314,6.755204,2.856646
0.2952293,0.00127894,-0.0002244142,2.449117,6.645147,2.956941
0.2922814,0.02986267,0.004422115,2.551083,6.645351,2.95674
0.2686773,-0.00873309,-0.0001110157,2.450108,6.751339,2.95384
0.2698346,0.02349569,0.005300373,2.550048,6.75113,2.953738
0.001241438,0.001176321,-0.0001822702,0.1107276,6.889352,0.08709201
0.0009210781,0.01257769,-0.0005458265,0.1099407,6.811582,0.009890436
0.01320613,0.001552563,0.000420608,0.188497,6.890077,0.01000052
0.01246183,0.01342494,-0.0002744605,0.1712355,6.828629,0.07068317
0.001176435,0.01065336,0.0006683624,0.122354,6.825321,0.07309096
0.0117478,0.0008701735,-0.000876795,0.1748139,6.877567,0.07345162
0.0008571535,0.001053211,1.931097e-05,0.1117795,6.888269,0.01174093
0.0009381952,0.001025314,-0.0001959771,0.110699,6.889383,0.1122118
0.01295157,0.01177365,-0.0005812419,0.1709776,6.828977,0.1225171
0.0007881011,0.006714104,-0.0001343689,0.1222733,6.825173,0.1750089
0.01162623,0.0002535312,-0.002493824,0.1749594,6.87772,0.1752282
0.001128753,0.007704922,3.028508e-05,0.1227974,6.826295,0.1242488
0.006393982,0.001102459,-5.953251e-05,0.1738092,6.877153,0.1245374
0.001286722,0.000717073,-0.001807051,0.1106704,6.889421,0.1874644
0.0006962041,0.001560631,0.001128392,0.11067,6.889425,0.2875067
0.0002877821,0.007616784,-0.001238104,0.1221359,6.82502,0.224158
0.007534756,6.374712e-05,-0.0009874596,0.1751071,6.877856,0.2243211
0.01230788,0.01422438,0.000261817,0.1704561,6.829642,0.2746583
0.00116982,0.001050542,-0.001836751,0.1106707,6.88942,0.2124439
0.0003234415,0.01293938,0.001515377,0.1220662,6.824983,0.2752821
0.005991084,0.0008456684,-0.0002423419,0.1751763,6.877941,0.2753922
0.001162489,0.0007484998,0.0009389764,0.1106702,6.889424,0.3124759
0.0109025,0.008321212,-0.0003090117,0.1704293,6.829673,0.3247883
0.0001496616,0.006353299,-0.001159325,0.1220405,6.825008,0.3754187
0.01064894,-0.0005374756,-0.003076135,0.1751871,6.877971,0.3754791
0.000706239,0.005949596,-3.870556e-05,0.1220472,6.824989,0.324367
0.009330418,-0.0003769467,0.001990024,0.1751762,6.877958,0.3244428
0.001288393,0.0008710337,-0.002357013,0.1106718,6.889426,0.3875146
0.001036685,0.0009501282,-0.002009462,0.110674,6.889426,0.4875159
-0.0002968104,0.01093188,-0.002617524,0.1220374,6.825014,0.424449
0.007266601,-0.0002006814,-0.0007452494,0.1751941,6.877973,0.4244865
0.0105535,0.01276858,-0.002080593,0.1703942,6.829732,0.4749623
0.0009551993,0.00124119,-0.002389195,0.110672,6.889426,0.4124813
0.0003338715,0.006483328,0.0002377885,0.1220397,6.825029,0.475463
0.008941626,-0.0005622884,-0.002499611,0.1752103,6.877977,0.4754989
0.0008676035,0.0008353874,-0.001937709,0.1106743,6.889426,0.5124819
0.007698729,0.00763877,-0.002017417,0.1704003,6.829734,0.5249645
0.0003982799,0.005403665,-0.001437597,0.1220416,6.825042,0.5754778
0.006955236,3.621049e-05,-0.002971388,0.1752361,6.877979,0.5754975
0.0006600364,0.006479679,-0.002545855,0.1220396,6.825033,0.5244765
0.005749711,0.0003301916,-0.00101868,0.1752206,6.877978,0.5244913
0.0008389967,0.0007712459,-0.002300061,0.1106761,6.889427,0.5875159
0.0009757806,0.000985968,-0.001972771,0.1106775,6.889428,0.6875162
-0.0004174417,0.009767221,-0.002535892,0.1220425,6.825044,0.6244881
0.007133863,-0.0002382017,-0.001317553,0.1752454,6.87798,0.6244866
0.01085497,0.01158416,-0.002135945,0.1704198,6.829744,0.6749863
0.0009484457,0.001091898,-0.002460005,0.1106764,6.889427,0.6124817
0.0001327671,0.00659139,-0.0002930132,0.1220451,6.825048,0.6754858
0.008838535,-0.0005017236,-0.002497394,0.1752572,6.877981,0.6754951
0.0007774314,0.0008894597,-0.001829002,0.1106777,6.889428,0.712482
0.006157053,0.007831266,-0.001780202,0.1704249,6.829743,0.7249789
0.0001004854,0.006102784,0.0009030409,0.1220459,6.82505,0.7754905
0.005095691,0.0002632714,-0.001281542,0.1752682,6.877981,0.7754965
0.000501772,0.006713235,-0.002709263,0.1220458,6.825049,0.7244946
0.004337892,0.0006126677,-0.001278803,0.1752632,6.877981,0.7244847
0.0006760849,0.0009391661,-0.0005840654,0.1106781,6.889428,0.7875166
0.001013216,0.001103783,-0.001693036,0.1106784,6.889428,0.8875169
5.062944e-05,0.006924587,-0.0009716051,0.1220462,6.82505,0.8244992
0.00707064,-0.0001378912,3.726224e-05,0.1752713,6.877981,0.8244862
0.01276375,0.01106638,-0.001663397,0.170431,6.829742,0.8749963
0.001021053,0.0009260271,-0.0004806316,0.1106782,6.889428,0.8124823
-0.000122028,0.006995217,-0.0007141351,0.1220474,6.82505,0.875494
0.0089644,-0.0006916164,-0.001771133,0.1752738,6.877981,0.8754997
0.000757785,0.0009140163,-0.001306905,0.1106785,6.889429,0.9124826
0.005770172,0.007941274,-0.001655395,0.1704324,6.829741,0.9249879
0.0001076933,0.006642248,0.00186432,0.1220468,6.825049,0.9754955
0.004599922,0.0001560022,-0.0006593799,0.1752741,6.877981,0.9755026
0.00019929,0.00687306,-0.002667867,0.1220476,6.82505,0.9245015
0.004304505,0.0003707718,-0.001005474,0.1752748,6.877981,0.9244893
0.0006821096,0.001033665,0.0002290889,0.1106784,6.889429,0.9875171
0.0009670911,0.00094097,-0.001228514,0.1106783,6.889429,1.087517
0.0002452844,0.006379085,-0.0006601078,0.1220468,6.825049,1.024503
0.006398295,0.0001487179,0.0004125737,0.1752741,6.877981,1.024492
0.01323,0.01132794,-0.001410115,0.1704322,6.82974,1.075003
0.0009290124,0.0008726479,0.0001165798,0.1106784,6.889429,1.012483
0.0003012764,0.006265458,7.449728e-05,0.1220475,6.825048,1.075497
0.008599346,-0.000513346,-0.00121311,0.1752741,6.877981,1.075505
0.0008000673,0.0008669749,-0.0009710451,0.1106783,6.889429,1.112483
0.005690064,0.007396651,-0.001177525,0.1704321,6.829739,1.124993
4.255503e-05,0.006140854,0.001358174,0.1220465,6.825048,1.175497
0.004520339,0.0002311599,-2.830875e-05,0.1752724,6.87798,1.175506
0.0002291682,0.006231095,-0.002344846,0.1220474,6.825048,1.124503
0.004253923,0.0004576481,-0.0005383035,0.1752738,6.877981,1.124493
0.0006830969,0.0009764458,0.0001540344,0.1106783,6.889429,1.187517
0.001151269,0.001081615,-0.001587123,0.1106782,6.889429,1.287517
0.0003316692,0.006190464,-0.0006242131,0.1220464,6.825047,1.224504
0.007964977,-0.000500261,0.0007674818,0.1752721,6.87798,1.224494
0.01270088,0.01090578,-0.00135269,0.1704308,6.829739,1.275005
0.0011627,0.0008515329,0.0002023275,0.1106783,6.889429,1.212483
5.976441e-05,0.007151414,-0.0003768093,0.1220472,6.825047,1.275497
0.00961337,-0.0006111219,-0.00192794,0.1752723,6.87798,1.275506
0.0008134551,0.0009094835,-0.001193673,0.1106782,6.889429,1.312483
0.006583235,0.007981777,-0.001548483,0.1704306,6.829738,1.324995
6.448008e-05,0.006125431,-0.0001213436,0.1220462,6.825047,1.375496
0.005429101,9.838162e-05,-0.0008890944,0.1752713,6.87798,1.375506
0.0002135082,0.006525792,-0.002238957,0.1220471,6.825047,1.324503
0.004990546,0.0003774287,-0.001080492,0.1752721,6.87798,1.324494
0.0007915872,0.0009613792,-0.0007032429,0.1106782,6.889429,1.387517
0.0009120118,0.001042508,0.0001882596,0.1106782,6.889429,1.487517
-0.0001587372,0.00692366,-0.0009512843,0.1220462,6.825047,1.424504
0.005825811,-4.42455e-05,-1.688943e-06,0.1752712,6.87798,1.424494
0.007848773,0.008335161,0.0001366328,0.1704301,6.829738,1.475005
0.0009064642,0.0009406448,-0.0006683062,0.1106782,6.889428,1.412483
0.0004286013,0.00638994,0.000669645,0.122047,6.825047,1.475497
0.005789318,0.0003206221,-0.0004944324,0.1752717,6.87798,1.475506
0.0009533152,0.000980854,7.555877e-05,0.1106782,6.889429,1.512483
0.007944017,0.008712844,0.0003143861,0.1704301,6.829738,1.524995
-0.0002865413,0.007604722,0.001516464,0.1220462,6.825047,1.575496
0.005883194,-3.884062e-05,0.0003803824,0.1752712,6.87798,1.575506
0.000271254,0.006088709,-0.0006406609,0.122047,6.825047,1.524503
0.005944003,0.0004168878,0.0007143706,0.1752717,6.87798,1.524494
0.0009005008,0.0009535624,0.001133548,0.1106782,6.889428,1.587517
0.0008471582,0.0008893116,0.0008110572,0.1106782,6.889429,1.687517
0.0002341974,0.006077094,0.0003437782,0.1220462,6.825047,1.624504
0.006734937,-6.579679e-05,0.001444686,0.1752713,6.87798,1.624494
0.007867377,0.008015802,0.001051483,0.1704305,6.829738,1.675005
0.0008655183,0.0009788394,0.001065973,0.1106782,6.889429,1.612483
0.0003460717,0.00641236,0.001699838,0.1220471,6.825047,1.675497
0.00583712,0.0001078248,4.444248e-05,0.1752721,6.87798,1.675506
0.001037136,0.001083044,0.000884349,0.1106782,6.889429,1.712483
0.01192265,0.01074165,0.000725176,0.1704308,6.829739,1.724995
0.0002327501,0.006327747,0.000597257,0.1220464,6.825047,1.775496
0.008481903,-0.000581196,-0.0007446803,0.1752721,6.87798,1.775506
0.000177472,0.007008106,-4.987333e-05,0.1220472,6.825047,1.724503
0.007132816,3.29847e-05,0.001046815,0.1752723,6.87798,1.724494
0.001167792,0.0008534628,-9.342501e-05,0.1106783,6.889429,1.787517
0.000757609,0.0008910192,0.001106363,0.1106783,6.889429,1.887517
1.78752e-05,0.006162767,-0.001271112,0.1220465,6.825048,1.824503
0.004580986,0.0001720557,-9.318456e-05,0.1752724,6.87798,1.824494
0.005908322,0.007487386,0.001055621,0.170432,6.829739,1.875007
0.0007148361,0.0009320951,-4.410273e-06,0.1106783,6.889429,1.812483
0.0002439156,0.006287588,0.002348223,0.1220474,6.825048,1.875497
0.004436791,0.0004911547,0.0003723793,0.1752738,6.877981,1.875507
0.001009923,0.0009458083,0.001273818,0.1106783,6.889429,1.912483
0.01309239,0.01137392,0.001243794,0.1704322,6.82974,1.924997
0.000251218,0.00634536,0.0006638015,0.1220467,6.825049,1.975497
0.006921074,-0.0001174297,-0.0005518958,0.1752741,6.877981,1.975508
0.0003608424,0.006284465,-0.0001112397,0.1220475,6.825048,1.924503
0.008246831,-0.0003760503,0.001159944,0.1752741,6.877981,1.924495
0.0009449222,0.0008290132,-1.296752e-05,0.1106784,6.889429,1.987517
0.0007301672,0.0009407097,0.001319697,0.1106785,6.889429,2.087518
0.0001144346,0.006714417,-0.001946207,0.1220468,6.825049,2.024504
0.004613995,0.0001687232,0.0004479314,0.175274,6.877981,2.024497
0.005857852,0.007993542,0.001580345,0.1704324,6.829741,2.075012
0.0007307535,0.0009916435,-0.0001930894,0.1106784,6.889429,2.012483
0.0002119332,0.00691372,0.002645607,0.1220475,6.82505,2.075498
0.004327575,0.0003658373,0.0008803056,0.1752748,6.877981,2.075511
0.001038499,0.00108402,0.001615797,0.1106784,6.889428,2.112483
0.01267829,0.01108306,0.001606566,0.170431,6.829742,2.125004
3.791129e-05,0.006978302,0.001001011,0.1220462,6.82505,2.175501
0.007063322,-0.0001346574,-2.833901e-05,0.1752712,6.877981,2.175514
-3.652469e-05,0.006815983,0.0004786409,0.1220474,6.82505,2.124506
0.008764325,-0.0006125898,0.001655652,0.1752737,6.877981,2.1245
0.0009886421,0.0009015766,0.0004350765,0.1106782,6.889428,2.187518
0.0007801903,0.0008942211,0.001677061,0.1106776,6.889428,2.287518
0.0001498183,0.006123361,-0.001004843,0.1220459,6.82505,2.22451
0.005112245,0.0002430541,0.00120234,0.1752682,6.877981,2.224504
0.0062569,0.007850609,0.001712773,0.1704249,6.829743,2.275021
0.0006910173,0.0009270831,0.0004940173,0.1106782,6.889428,2.212483
0.0004733897,0.006710151,0.002607141,0.1220458,6.825049,2.275506
0.004437896,0.0005207294,0.001144837,0.1752632,6.877981,2.275516
0.0009506863,0.0009800241,0.001806595,0.1106774,6.889428,2.312484
0.01080624,0.01154247,0.00203464,0.1704198,6.829744,2.325014
-0.0003321983,0.009574867,0.002432623,0.1220425,6.825044,2.375512
0.007050769,-0.0002016245,0.001283255,0.1752454,6.87798,2.375514
0.0001304689,0.006594646,0.0002253188,0.1220451,6.825048,2.324514
0.008617134,-0.0004320895,0.002276689,0.1752571,6.877981,2.324505
0.0009444236,0.001082118,0.002325391,0.1106764,6.889427,2.387518
0.0008570203,0.0008464508,0.001759187,0.1106743,6.889426,2.487518
0.0004031194,0.005372221,0.001350133,0.1220416,6.825042,2.424523
0.006950816,1.736736e-05,0.002833079,0.1752362,6.877979,2.424504
0.007725466,0.007610066,0.001915286,0.1704005,6.829734,2.475041
0.000838171,0.0007639729,0.002143408,0.110676,6.889427,2.412484
0.0006680227,0.006499502,0.002453715,0.1220397,6.825033,2.475525
0.005777093,0.0003372329,0.0008661891,0.175221,6.877978,2.475513
0.001017748,0.0009538653,0.001806751,0.1106739,6.889426,2.512484
0.01054534,0.01272687,0.001933079,0.1703941,6.829732,2.525047
-0.0002557825,0.01089428,0.00254441,0.1220377,6.825014,2.575554
0.007150304,-0.0001520148,0.000678699,0.1751953,6.877974,2.575529
0.0003421418,0.006453778,-0.0003333146,0.1220398,6.825029,2.524539
0.008809749,-0.0005495696,0.002320909,0.1752105,6.877977,2.524508
0.0009321354,0.00123002,0.00225799,0.1106719,6.889426,2.587519
0.001211738,0.0007503398,-0.001247433,0.1106702,6.889425,2.687527
0.0001502825,0.006305245,0.0008607743,0.1220406,6.825009,2.624587
0.01066257,-0.0005797917,0.00304775,0.1751873,6.877971,2.624547
0.01081629,0.008389623,4.61421e-05,0.1704311,6.82968,2.675265
0.001305328,0.0008794497,0.002254753,0.1106716,6.889426,2.612486
0.0007063925,0.005958879,3.839615e-05,0.1220477,6.82499,2.675643
0.009987211,-0.0004115901,-0.002375593,0.1751788,6.877961,2.67561
0.0006954561,0.001546266,-0.001456363,0.1106698,6.889425,2.712497
0.01233639,0.01425467,-0.0004307739,0.170453,6.829656,2.725425
0.0003075574,0.007520935,0.001183799,0.1221359,6.825026,2.775868
0.006982146,0.0003221606,0.0005804023,0.1751145,6.877868,2.775832
0.000291161,0.01297399,-0.001712672,0.1220662,6.824985,2.724735
0.00598976,0.000848024,0.0002337023,0.1751748,6.877943,2.724692
0.001116851,0.001037257,0.001786127,0.1106711,6.889421,2.787566
-0.001489303,0.2377709,0.002201492,0.1204521,5.124504,2.928378
-0.02341445,0.2832431,0.05156003,0.1675605,5.175,2.932361
0.008501862,0.2289522,0.003738461,0.1721328,5.124477,2.979612
0.001110896,0.212531,0.002385581,0.1224947,5.174763,2.977669
0.01310234,0.2578929,0.004079729,0.1667382,5.125063,2.933206
-0.01039538,0.289537,0.03787279,0.1210522,5.175199,2.927284
0.002679225,0.2143122,0.001608006,0.1217916,5.125106,2.978357
0.008986422,0.2236487,-0.01144142,0.1211309,5.275948,2.927227
0.03876286,0.2776058,-0.0326163,0.1684685,5.225009,2.931458
0.001754544,0.2570403,-0.001769518,0.1098149,5.211154,2.990311
0.01343761,0.2171148,-0.006093211,0.1732447,5.275983,2.97891
0.003890276,0.2961127,-0.04446772,0.1211369,5.224047,2.927237
0.02903768,0.2247067,-0.02914569,0.1684875,5.274995,2.931467
0.009667366,0.1740433,-0.009367629,0.1098118,5.288845,2.99031
-0.00284352,0.1059633,-0.004866515,0.1209231,5.924177,2.927582
-0.01435241,0.1417134,0.03067459,0.1683405,5.975013,2.931577
0.01178588,0.1116731,0.003562796,0.1729289,5.924139,2.97913
-0.002469347,0.1373289,0.003526674,0.1101946,5.987339,2.989953
0.00108396,0.13247,0.01104446,0.1673681,5.925064,2.932576
-0.007455009,0.1449572,0.03488219,0.1211035,5.975124,2.92736
0.006472188,0.1399741,-0.004668922,0.1223712,5.92477,2.977798
0.00179118,0.0243592,-0.0007786975,0.1204187,6.675776,2.928774
0.01889385,0.04512466,-0.006368676,0.1665186,6.625335,2.933602
0.001857886,0.02721936,-0.0002654311,0.1213682,6.625092,2.978766
0.01193914,0.02617738,-0.001648292,0.1714849,6.675954,2.979682
-0.0004716356,0.04480315,-1.454243e-05,0.1202442,6.624611,2.929087
0.01322404,0.02574235,-0.001331024,0.1669131,6.675754,2.933215
-6.840851e-05,0.02358421,0.001522359,0.1214931,6.67524,2.978598
0.0009303035,0.001032761,0.0002101663,0.1106985,6.889385,2.887808
0.0007713319,0.006698669,0.0001389793,0.1222701,6.825184,2.825027
0.01169632,0.0003345934,0.002583624,0.1749516,6.877737,2.824983
0.01293304,0.01168974,0.0005182104,0.170962,6.829123,2.87772
0.001276346,0.000721026,0.001809507,0.1106697,6.889422,2.812547
0.001105875,0.007720574,-9.127722e-05,0.1227918,6.826319,2.875796
0.006394526,0.001094994,4.540556e-05,0.1737993,6.87721,2.875754
0.001217121,0.001151305,0.0001863965,0.1107247,6.889353,2.912928
0.01244722,0.01373933,0.0001693561,0.1711917,6.828902,2.929563
0.001113568,0.01293267,0.0004822205,0.1099376,6.811607,2.990111
0.01236721,0.001497737,-0.0003338707,0.1884545,6.890159,2.990073
0.001074194,0.01031738,-0.0006216129,0.1223392,6.82536,2.926942
0.01130489,0.0009344648,0.0009771634,0.1747462,6.877673,2.926871
0.0009369026,0.001040185,-1.117066e-05,0.1117756,6.888273,2.988262
0.02098056,0.0007112506,4.702807e-05,0.2754148,6.879224,2.927988
0.01750862,0.008517102,-0.002358212,0.222791,6.830832,2.931081
0.02627036,0.00928536,0.001159726,0.2750069,6.828207,2.979202
0.01482263,0.0004826042,-0.0002667607,0.2247915,6.877429,2.977411
0.02490845,0.01105915,-0.0001566743,0.2738792,6.832377,2.932381
0.01629681,7.152147e-05,-0.001757314,0.2253003,6.877896,2.928047
0.01602665,0.001440535,8.433212e-05,0.2748509,6.878249,2.978157
0.02854129,0.0009175907,-5.405683e-05,0.3243077,6.879612,2.928368
0.04608315,0.020622,0.00624,0.3747507,6.833244,2.933123
0.02689505,0.01142255,0.002605311,0.3240648,6.828628,2.979559
0.02717408,0.001870315,0.000169848,0.3750032,6.878596,2.978462
0.02963018,0.01592966,0.000847325,0.3243058,6.833038,2.932966
0.04618345,8.06774e-05,-0.001363913,0.3754962,6.879711,2.928343
0.02381019,-0.0004221312,-0.0005285303,0.3248028,6.87856,2.97844
0.1019096,0.003891728,-0.003750737,0.923964,6.878687,2.926164
0.1328501,0.03167355,0.01591794,0.975004,6.830428,2.930233
0.09935172,0.007271346,0.005391084,0.9239921,6.826585,2.978644
0.1044572,0.0005744777,-0.001696714,0.9874974,6.88962,2.989482
0.1102505,0.01099065,-0.002416211,0.9249684,6.830817,2.930636
0.1311928,0.005702047,0.02625985,0.9754814,6.878315,2.925485
0.08274994,0.006578859,0.003712116,0.9111717,6.89025,2.990113
0.1130854,-0.004786727,0.001790408,1.075789,6.87888,2.926328
0.141739,-0.005746545,-0.01707592,1.024925,6.830844,2.930645
0.1218309,0.008785618,-0.003802571,1.075781,6.826829,2.978802
0.1302825,0.001642863,0.0006708239,1.012631,6.88981,2.989663
0.1333202,-0.0001209479,-0.00877808,1.074996,6.831841,2.931639
0.1452195,-0.003092358,-0.02360484,1.024897,6.878679,2.926154
0.1374467,0.005521845,0.003666833,1.075229,6.877565,2.977356
0.1198813,-0.008529775,-0.001375308,1.1244,6.879523,2.927491
0.17167,0.01419988,0.01937954,1.174982,6.833304,2.933072
0.122827,0.008089249,0.007700325,1.124388,6.828027,2.979435
0.1469143,-0.006185905,0.006846116,1.174923,6.878645,2.978433
0.1399422,0.007514644,0.00376213,1.124856,6.832821,2.932603
0.1140881,0.0005265041,0.01149169,1.175476,6.879762,2.92816
0.1245982,-0.006242801,0.006788205,1.124839,6.878294,2.978089
0.1251276,0.003572342,-0.004644659,1.275539,6.879885,2.928522
0.177108,0.002512025,-0.02049941,1.224893,6.833521,2.933283
0.1483355,0.004117814,-0.006007366,1.275544,6.829109,2.979781
0.1509318,0.004588258,-0.003453017,1.224941,6.878766,2.978545
0.1608773,0.006354407,-0.01420858,1.27504,6.833608,2.933366
0.1320139,0.00382214,-0.01101794,1.224402,6.879851,2.928417
0.1443559,0.004786998,-0.006568621,1.275011,6.878809,2.978582
0.1601972,0.0017416,0.005814357,1.524486,6.87951,2.927492
0.226739,0.02607899,0.02720422,1.575083,6.831849,2.931622
0.1685594,0.006649725,0.006633335,1.524498,6.828023,2.979422
0.1844483,0.004102478,0.0102937,1.574786,6.877556,2.977357
0.1894542,0.009988115,0.007109865,1.52503,6.832786,2.932563
0.1889147,0.001763375,0.02073046,1.575216,6.87885,2.926316
0.1633775,0.001244892,0.00347902,1.525109,6.878289,2.978088
0.2497637,0.0008851764,0.00234669,2.275523,6.878045,2.924781
0.2940215,-0.01718451,-0.02579618,2.225008,6.8299,2.929731
0.2674432,0.003095528,-0.006542377,2.275504,6.825145,2.978011
0.2812148,-0.001176027,-0.001012072,2.212518,6.889543,2.989418
0.2640035,-0.007273482,-0.01113603,2.275028,6.829806,2.929655
0.2788028,-0.0002954325,-0.03120421,2.224463,6.878104,2.924921
0.2304487,-0.003959397,-0.003218954,2.287512,6.889451,2.989335
0.251791,0.006049127,-0.01245249,2.524129,6.878722,2.92602
0.3051203,0.03600035,0.03042428,2.575075,6.830669,2.930543
0.2513203,-0.006706254,0.004345587,2.524162,6.826316,2.978685
0.3053328,0.020616,0.01311867,2.587787,6.865105,2.990362
0.2772371,0.002487304,-0.002407884,2.524952,6.831459,2.931347
0.2829329,-0.005200786,-0.00457601,2.524673,6.877359,2.977212
0.2831752,0.008499351,0.03540959,2.575044,6.878612,2.926114
0.5233873,0.09359098,-0.01664264,2.700269,5.100006,0.09483708
0.4764753,0.07633443,-0.01403234,2.700403,5.299985,0.09486371
0.4356273,0.06156785,-0.0114869,2.700436,5.499977,0.0948978
0.4019407,0.0498771,-0.009959708,2.700458,5.69996,0.09491355
0.3749134,0.03951658,-0.009313815,2.700454,5.899951,0.09494441
0.3543171,0.03245547,-0.008807712,2.700434,6.099927,0.09506928
0.3373348,0.02775659,-0.01052239,2.700419,6.299606,0.09565602
0.3215172,0.02482396,-0.007618132,2.700876,6.499575,0.0972568
0.3061135,0.004182999,0.001170142,2.648616,6.646792,0.04353993
0.3211705,-0.007916061,0.007450897,2.624435,6.828947,0.02023081
0.497263,0.1000138,0.006358233,2.707763,5.100102,0.2897362
0.4462254,0.07724238,0.007417385,2.709229,5.299976,0.2897496
0.4068496,0.06101455,0.006923719,2.709805,5.499878,0.289812
0.3748864,0.04784213,0.007095369,2.709974,5.699777,0.2898649
0.3495857,0.03730348,0.006520185,2.709958,5.899648,0.2899655
0.3299056,0.02759158,0.006903767,2.709726,6.099488,0.2902364
0.3153158,0.02040238,0.004502152,2.70895,6.299373,0.2910283
0.30557,0.009742317,0.003934509,2.707034,6.50001,0.2929459
0.309599,0.009697794,-0.0102156,2.703928,6.70376,0.2961009
0.2702734,0.03625543,-0.009128036,2.751127,6.854199,0.2490233
0.5062,0.09654152,-0.005628303,2.711928,5.100194,0.4942651
0.4548661,0.07745375,-0.003661992,2.714822,5.299916,0.4941717
0.4153183,0.06078562,-0.003259559,2.716001,5.499706,0.4941959
0.3829017,0.04859808,-0.002531989,2.71636,5.699478,0.4942671
0.3571289,0.03842431,-0.002495302,2.716334,5.899155,0.4944145
0.3369879,0.02932657,-0.001778526,2.715881,6.098684,0.494736
0.322041,0.02408955,-0.002627461,2.714443,6.298043,0.4954385
0.3127998,0.014781,-0.0002638981,2.71088,6.49754,0.4968711
0.3153797,0.02068669,-0.006241606,2.70552,6.700022,0.4989624
0.2721012,0.03926411,0.00177053,2.751857,6.853021,0.4501082
0.505008,0.099169,0.003493917,2.713913,5.100153,0.6968716
0.4527936,0.07826821,0.004744598,2.717453,5.299802,0.6968173
0.4133089,0.06082691,0.005009691,2.718964,5.499502,0.6968447
0.3807521,0.04745701,0.00525633,2.719445,5.699144,0.6969218
0.3552967,0.03704654,0.004730841,2.719411,5.898616,0.6970669
0.3349222,0.02639088,0.004813815,2.718803,6.09782,0.6973363
0.3207472,0.02142231,0.002820783,2.716937,6.296656,0.697825
0.3108335,0.007929643,0.003161151,2.712442,6.495364,0.6986262
0.3157086,0.02029373,-0.003455431,2.705647,6.697707,0.6996458
0.2655807,0.03231532,-0.001186366,2.752781,6.851897,0.6500275
0.5067056,0.09825087,-0.001763705,2.714685,5.100081,0.8982318
0.454678,0.07813143,-0.0009835374,2.718466,5.29968,0.8982127
0.4151344,0.06069239,-0.001032123,2.720118,5.499311,0.8982436
0.3826122,0.047798,-0.0006013779,2.720659,5.698843,0.8983121
0.3570494,0.03755761,-0.0007318982,2.720617,5.898151,0.8984289
0.3366998,0.02702289,-0.0003659627,2.719921,6.09712,0.8986217
0.3223196,0.02259446,-0.0009140945,2.717838,6.295648,0.8989235
0.312699,0.009318978,-0.0002048175,2.712938,6.494072,0.8993447
0.3175311,0.02187016,-0.001656529,2.705522,6.69676,0.8997966
0.2644904,0.03316019,-0.003400348,2.752476,6.851715,0.8498753
0.454663,0.07868122,0.001307753,2.718861,5.299581,1.099025
0.4151896,0.06097983,0.001460833,2.72057,5.49916,1.099051
0.3825725,0.04762346,0.001602027,2.721137,5.698615,1.0991
0.3570879,0.03720655,0.001415016,2.721089,5.897815,1.099179
0.3365403,0.0261765,0.001459108,2.720346,6.096647,1.099299
0.3223568,0.02173944,0.0008099931,2.718161,6.295039,1.099467
0.3123022,0.007843857,0.0008625815,2.713091,6.493417,1.099677
0.3174475,0.02077223,-0.0005271486,2.705449,6.696382,1.099878
0.2630263,0.03345375,-0.002003171,2.752366,6.851677,1.049906
0.4155803,0.06091569,-0.0002604106,2.720744,5.499065,1.299581
0.382984,0.04769873,-0.0001416959,2.721321,5.698476,1.299607
0.3574576,0.03738822,-0.0002147445,2.721269,5.897617,1.299646
0.3369467,0.02639906,-7.531862e-05,2.720504,6.096385,1.299703
0.3227086,0.02204656,-0.0002441858,2.718274,6.294727,1.299777
0.312725,0.008190336,-5.219895e-05,2.713138,6.493121,1.299864
0.3179166,0.02117331,-0.0003681567,2.705424,6.696231,1.299945
0.2629173,0.03370845,-0.002441383,2.752348,6.851667,1.249944
0.3828652,0.04765843,-6.543104e-05,2.72137,5.698429,1.500004
0.3573608,0.0372769,-7.229967e-05,2.721316,5.897553,1.500004
0.3367969,0.02615574,-6.893912e-05,2.720545,6.096302,1.500004
0.3226229,0.02177736,-6.106545e-05,2.718303,6.294633,1.500003
0.312523,0.007823085,-4.223668e-05,2.713149,6.493036,1.500002
0.3177756,0.02079476,-2.960346e-05,2.705418,6.69619,1.5
0.2626727,0.03352913,-0.002076876,2.752348,6.851664,1.449963
0.336952,0.02641093,1.104578e-05,2.720507,6.096385,1.700309
0.3227127,0.02207305,0.0001606415,2.718277,6.294726,1.700232
0.3127312,0.008223066,4.247936e-06,2.71314,6.49312,1.700141
0.3179189,0.02120201,0.0003260281,2.705424,6.696231,1.700056
0.2627147,0.03372902,-0.002362097,2.752348,6.851665,1.649977
0.3223544,0.02175601,-0.001004401,2.718169,6.295037,1.900554
0.3123013,0.007887648,-0.00100773,2.713096,6.493415,1.900335
0.3174216,0.02079527,0.0004312513,2.70545,6.696381,1.900124
0.2626997,0.03348636,-0.002066198,2.752352,6.85167,1.850005
0.3127002,0.00945951,9.662965e-05,2.712951,6.494067,2.100684
0.3175224,0.02201181,0.001553466,2.705525,6.696758,2.10021
0.2628568,0.03384283,-0.002759023,2.752401,6.851688,2.050051
0.3155867,0.02037163,0.003177188,2.705658,6.697699,2.300365
0.269415,-0.05107439,0.01137089,2.657363,6.846434,2.349917
0.270342,-0.04904232,-0.01389995,2.656598,6.847269,2.446894
0.2970617,0.0004276227,-0.02883204,2.651403,6.652534,2.859752
0.2956082,-0.008804263,-0.02453041,2.650362,6.852763,2.851461
0.2984131,-0.008858947,0.01983889,2.650272,6.853512,0.1464488
0.3186536,-0.03996397,-0.006848075,2.624556,6.825702,2.978247
0.2834157,0.002715829,-0.0207314,2.650879,6.755195,2.856214
0.305522,0.0005559991,-0.0008709998,2.648905,6.6458,2.956325
0.2917687,-0.008001933,-0.002234955,2.650206,6.750982,2.953429
0.2697468,-0.00243712,0.001117457,2.676158,6.878539,2.925933
0.3050708,-0.01837389,-0.02080337,2.62509,6.830261,2.930154
0.2738461,-0.003241425,-0.01201133,2.676139,6.826159,2.978507
0.3264794,-0.01032541,-0.002740091,2.612169,6.864734,2.990207
0.2828663,-0.003416564,-0.004087278,2.675259,6.830444,2.930351
0.2466089,-0.01371848,-0.01129103,2.688874,6.890162,2.990058
0.2975452,-0.0004778407,-0.03518129,2.624544,6.87826,2.925474
0.03936975,0.03992708,0.0001433419,0.3511632,6.647688,0.04426201
0.01643655,0.01476489,0.0002100514,0.2473768,6.751529,0.04769635
0.02307962,0.01419082,0.0001879904,0.3492269,6.751078,0.04704227
0.01575784,0.03514015,0.0007517247,0.2433285,6.651553,0.1432276
0.03891969,0.03797377,-0.001947197,0.3461307,6.652299,0.1414761
0.01797138,0.01790893,-0.00143513,0.2456139,6.753692,0.1452128
0.0369905,0.01676084,-0.004831312,0.3479159,6.754914,0.1443834
0.07168427,0.03751675,-0.001553371,0.551262,6.646164,0.04343309
0.03618842,0.01109377,-0.0008848794,0.4499194,6.750998,0.04676566
0.05933778,0.02515429,-0.001851958,0.5500878,6.751665,0.04628708
0.04841774,0.02776794,0.008160334,0.4477163,6.652609,0.14054
0.06723295,0.03910997,0.001915202,0.5486511,6.652896,0.1395734
0.0477963,0.01603389,0.0006512129,0.4490147,6.755316,0.1438664
0.05798142,0.01674246,-0.006801264,0.5495267,6.755673,0.1431655
0.1047472,0.04052101,-0.003685975,0.7508749,6.645829,0.0429307
0.06775264,0.01247788,-2.660386e-05,0.6499452,6.752493,0.04578459
0.0796393,0.0252279,-0.001611613,0.7499098,6.752515,0.04573574
0.07625463,0.0290581,0.01034416,0.6489705,6.652924,0.1391848
0.09852784,0.04420214,-0.002166544,0.749397,6.65285,0.1388738
0.07247214,0.01526778,0.004025623,0.649701,6.755957,0.1425831
0.08194462,0.01652419,-0.008511492,0.7497852,6.755837,0.1425178
0.1333233,0.03769764,-0.003558268,0.9509301,6.645661,0.04291441
0.09070652,0.01067595,-0.0001928635,0.8498952,6.751741,0.0459948
0.1001789,0.02384701,-0.00114581,0.9500114,6.751768,0.04599446
0.1076604,0.02472865,0.01324506,0.849427,6.6526,0.1389171
0.1275128,0.04219689,-0.003662581,0.9496974,6.652557,0.1388329
0.09744842,0.01392875,0.006561379,0.8497912,6.755421,0.1428744
0.1049259,0.01524213,-0.008994844,0.9498822,6.755391,0.142891
0.1619844,0.0375766,-0.00323625,1.150964,6.646076,0.04283796
0.1101048,0.007724128,0.0007527651,1.049984,6.752658,0.04570993
0.1187975,0.02389101,-0.0002478967,1.14998,6.753037,0.04557077
0.1370753,0.0237297,0.01562746,1.049635,6.652646,0.138766
0.1561364,0.04460702,-0.005259561,1.149854,6.652712,0.1386849
0.1215703,0.01293991,0.008840845,1.049873,6.755759,0.1425334
0.1294473,0.01591079,-0.009049928,1.14991,6.755938,0.142358
0.1813007,0.03897684,-0.001787144,1.350981,6.645617,0.04291217
0.1326709,0.00758735,-0.0009071238,1.249999,6.752887,0.04562202
0.1429703,0.02750814,-0.002061763,1.349929,6.752057,0.04593203
0.1656765,0.02176207,0.01895173,1.249766,6.652585,0.1387411
0.1819623,0.04510359,-0.005089052,1.34995,6.652332,0.1388488
0.1457876,0.01272444,0.007613959,1.249933,6.755828,0.1424564
0.1539317,0.01655944,-0.01318887,1.349944,6.755394,0.1428685
0.2090202,0.03866595,-0.004162797,1.550996,6.645247,0.04297465
0.1571829,0.004791606,-0.0005994042,1.449916,6.750963,0.04626958
0.165986,0.02596166,-0.001068086,1.550069,6.750962,0.04626923
0.1914095,0.0186558,0.0166942,1.449837,6.652054,0.1389945
0.2056898,0.04422112,-0.009184775,1.549999,6.652054,0.1389855
0.1695498,0.01239243,0.01056796,1.449942,6.754862,0.1433816
0.1760443,0.01542185,-0.01333735,1.549993,6.75486,0.1433807
0.2231809,0.03394508,-0.001079257,1.750997,6.645954,0.04285546
0.1730786,0.003165175,0.001185208,1.650056,6.752054,0.04593255
0.1797282,0.02496809,0.0002426246,1.749985,6.752879,0.04562387
0.2149582,0.01421788,0.02035795,1.649876,6.6523,0.1388581
0.2284634,0.04226406,-0.008314028,1.750039,6.652542,0.1387348
0.1919311,0.0118492,0.01240389,1.649987,6.755383,0.1428715
0.1969984,0.01491253,-0.0120223,1.74999,6.755806,0.1424645
0.2439885,0.04012613,-0.003488619,1.951019,6.645797,0.04288058
0.1940759,0.001497536,-0.002317222,1.850004,6.753009,0.0455797
0.2022884,0.02705602,-0.003415572,1.950006,6.752567,0.04574043
0.2384913,0.01394547,0.01853416,1.849925,6.652599,0.1387138
0.2467951,0.04368254,-0.01177201,1.950096,6.652451,0.1387991
0.2119406,0.01157827,0.007985702,1.850006,6.755885,0.1423926
0.2184556,0.01585648,-0.01944686,1.95004,6.755636,0.1426304
0.2572114,0.03661619,-0.002223468,2.151029,6.644937,0.04302472
0.2219986,0.001282286,-0.002294086,2.049983,6.751428,0.04611355
0.2307901,0.03049328,-0.004566182,2.149999,6.750539,0.04643808
0.2567907,0.009542322,0.0200976,2.049982,6.652131,0.1389713
0.2635401,0.04097128,-0.01195887,2.150138,6.651897,0.1391242
0.2320801,0.01131224,0.01007122,2.050025,6.755066,0.1431778
0.2376533,0.01504271,-0.02053508,2.150071,6.754619,0.1436073
0.2850886,0.03718681,-0.00694837,2.351038,6.644939,0.0430548
0.2484144,-0.006194407,-0.001161103,2.24997,6.750283,0.04649636
0.2532257,0.02427065,-0.003891973,2.350035,6.750427,0.0464434
0.2728617,0.005757971,0.01516194,2.250041,6.651843,0.1391876
0.2820193,0.04002426,-0.0194277,2.350212,6.652054,0.139201
0.2503435,0.006915138,0.01292206,2.250042,6.754478,0.143738
0.2543308,0.0102943,-0.02059537,2.350058,6.754647,0.1436074
0.2890393,0.03105405,-0.01546368,2.550612,6.653008,0.139341
0.265906,0.02092905,-0.0001129376,2.550075,6.752596,0.04578518
0.2696813,0.01034823,-0.01426602,2.550267,6.756014,0.1426188
0.2934642,-0.002882005,0.0001683959,2.449046,6.64538,0.04303109
0.265114,-0.009797845,0.003122201,2.450085,6.751385,0.04613267
0.29053,-0.003187488,0.02375338,2.450218,6.652499,0.1391437
0.2676868,0.006979222,0.01989313,2.450111,6.755255,0.143108
0.02094765,0.000858218,-0.0009869752,0.2750565,6.878148,0.07426004
0.02568513,0.01086967,-0.001517674,0.2746735,6.82586,0.02181157
0.01299774,0.001383467,-6.769714e-05,0.2249304,6.876878,0.0231079
0.01827149,0.008149763,0.002438006,0.2228812,6.829979,0.06973852
0.02461634,0.01064427,0.0005042105,0.2738765,6.830584,0.06940041
0.01626669,0.0001688332,0.0007278656,0.2253414,6.877483,0.07303178
0.02006986,0.002205428,-0.001034284,0.2745991,6.876954,0.02310057
0.04248769,0.0007783964,-0.004784845,0.4755247,6.878162,0.07472888
0.04661951,0.01039013,9.323734e-05,0.4754864,6.825485,0.02186265
0.03012566,0.0008556195,-8.896978e-05,0.4124831,6.889443,0.01064297
0.04927783,-0.0007524136,0.008088668,0.4247968,6.829906,0.07021306
0.04893085,0.004455689,0.001412285,0.4748789,6.830126,0.07000338
0.0522823,0.0003964292,0.0101521,0.4244636,6.87805,0.07496594
0.04292313,0.0006875965,0.0003727544,0.4874724,6.889559,0.01054171
0.07185225,0.001457204,0.01018111,0.675533,6.879713,0.07184995
0.06820105,0.003374052,0.003710475,0.6755087,6.828533,0.02034601
0.07061481,0.0006483588,0.007373745,0.6248607,6.878263,0.0218826
0.08173197,0.004589248,0.0132116,0.6248812,6.832792,0.06733999
0.07884035,0.01173571,0.007894033,0.6750173,6.833189,0.06695945
0.0722215,0.002283924,0.00933062,0.6244582,6.879496,0.07238591
0.05189478,0.0008507841,0.001590951,0.6749648,6.878577,0.02158609
0.08707618,0.0003977096,-0.008330339,0.8750802,6.878805,0.07351301
0.09667303,0.01476624,-0.0001303365,0.8751125,6.826948,0.02123799
0.1061,0.00267716,0.0004831908,0.8247408,6.8776,0.02259354
0.1131805,-0.004351276,0.01445016,0.8249425,6.831945,0.068247
0.1023292,0.001297896,0.005945394,0.8750021,6.831127,0.06909728
0.1108855,0.001089982,0.01166378,0.8241618,6.878904,0.07352151
0.1088741,0.002648463,-0.001797236,0.8873311,6.889922,0.0102259
0.1109381,0.0001088034,0.004195338,1.075473,6.879765,0.07183248
0.1178532,0.006370592,0.004706961,1.075485,6.828726,0.02032193
0.126156,0.003431073,0.003726852,1.024844,6.878305,0.02189496
0.1468691,-0.00142501,0.01958221,1.024858,6.832865,0.06736238
0.1341042,0.003453643,0.01341813,1.074982,6.83332,0.06692334
0.1267769,0.002295179,0.0117788,1.024397,6.87953,0.07246681
0.1172316,0.003341055,0.003194263,1.074925,6.878647,0.02156384
0.1320781,0.007377734,0.00284494,1.275616,6.879758,0.07185805
0.1456919,0.00669193,0.007012847,1.275619,6.828699,0.02032814
0.1400781,0.006411292,0.001432302,1.225008,6.878758,0.02146031
0.1788382,0.004940302,0.01859349,1.224956,6.833496,0.06674796
0.1624022,0.008338005,0.01387962,1.275114,6.833302,0.06694196
0.1230135,0.003464715,0.008563871,1.224465,6.879842,0.07160339
0.1416473,0.007860934,0.005833215,1.275115,6.878641,0.02156927
0.1560812,0.005008084,-0.0100248,1.475475,6.878203,0.07488091
0.1805929,0.01369268,0.00215236,1.475473,6.825565,0.02184169
0.1843225,0.0007407407,-0.01101284,1.411177,6.890237,0.009893527
0.2005016,-0.0119064,0.02448639,1.425003,6.830729,0.06950671
0.1780569,0.001640955,0.007046817,1.475049,6.830179,0.07005567
0.1630989,0.005101605,0.02022242,1.423989,6.878652,0.07397826
0.1271834,-0.001720555,0.002437935,1.487534,6.889495,0.01061907
0.1733328,0.0004573977,0.007807967,1.675517,6.879504,0.07251257
0.1957346,0.0009310913,0.007482091,1.675499,6.828022,0.0205717
0.2010891,0.003627801,0.004996081,1.625214,6.877558,0.02264467
0.2316355,-0.0001872046,0.01897109,1.624916,6.831856,0.06837784
0.2116959,0.001887422,0.01533967,1.67497,6.832789,0.06744497
0.1965732,-0.001794175,0.01361744,1.624785,6.878851,0.07368661
0.1886819,0.002271498,0.006934616,1.674891,6.878287,0.02191137
0.196129,0.01442393,-0.004005908,1.875586,6.879842,0.07160587
0.2285453,0.008592576,0.007002163,1.875581,6.828967,0.02024882
0.1712084,0.005773648,-0.001910755,1.824978,6.878786,0.02143391
0.264603,0.001273766,0.02036247,1.824939,6.833548,0.06669555
0.2358498,0.006309424,0.01291356,1.875092,6.8335,0.06674864
0.190167,0.005975255,0.007571714,1.824444,6.879861,0.07153874
0.1971297,0.01915415,9.99204e-05,1.875054,6.878758,0.02146014
0.2259458,0.00784911,-0.0118336,2.07517,6.878696,0.07388476
0.2484181,0.01287175,0.003357004,2.075174,6.826589,0.02134673
0.256646,0.002582672,0.004343593,2.024766,6.877566,0.02264065
0.2836391,-0.01126483,0.0189033,2.025002,6.831823,0.06840518
0.248074,-0.007709414,0.0126504,2.075095,6.830807,0.06943356
0.2413173,0.005074432,0.01642384,2.024213,6.87887,0.07369059
0.238558,0.0069048,-0.00676838,2.087373,6.88985,0.01028995
0.2582094,0.004344647,-0.01253858,2.275457,6.878059,0.07525699
0.2691298,0.00900889,0.005777828,2.275437,6.825108,0.02196499
0.2762719,0.003920837,-0.008128885,2.211066,6.889904,0.01020795
0.2960584,-0.02191611,0.02521977,2.224989,6.829937,0.0702609
0.2586518,-0.009517424,0.008513055,2.27503,6.829781,0.07041096
0.2803185,0.002702153,0.02501487,2.223992,6.878296,0.07493541
0.2264774,-0.00427258,0.004085506,2.28753,6.889447,0.01066157
0.2593835,-0.009086416,0.006469455,2.475788,6.878857,0.07359432
0.2624212,-0.007535094,0.01239961,2.475776,6.826773,0.02118204
0.3048817,0.0001496888,0.001969156,2.412622,6.889778,0.0103461
0.3043639,-0.01817273,0.02182241,2.424926,6.830723,0.06945312
0.2791047,-0.01526378,0.01761361,2.475004,6.831817,0.06834286
0.3100391,-0.007293844,0.03413844,2.424904,6.878634,0.07392682
0.279938,0.004373924,0.001586594,2.475224,6.877548,0.02262247
0.04506242,0.1281119,0.002814362,0.3412035,6.050206,2.861666
0.01623693,0.1050099,0.009173083,0.2394001,6.150071,2.857968
0.02990584,0.1088398,0.01708648,0.3413337,6.149858,2.861665
0.02872819,0.1107502,-0.007724372,0.2475632,6.050073,2.954248
0.04673832,0.1354072,-0.00529815,0.3531953,6.049009,2.957204
0.01198347,0.09330522,-0.003450034,0.2467485,6.150046,2.954506
0.02639416,0.09459437,-0.003504223,0.3530173,6.151021,2.957213
0.06740821,0.03877624,-0.002071693,0.5486658,6.653346,2.860634
0.04807899,0.01641096,3.429334e-05,0.4489962,6.756344,2.857112
0.05804478,0.01661759,0.006768575,0.5495247,6.756203,2.857315
0.04668804,0.03204921,0.0007683023,0.4510449,6.649429,2.955481
0.07205788,0.03748058,0.001562926,0.5512634,6.646689,2.956647
0.03318966,0.01084939,0.000693067,0.4498424,6.752878,2.953866
0.05955419,0.02597077,0.002168011,0.5500277,6.752477,2.954006
0.09872001,0.04385157,0.002254205,0.7494108,6.652995,2.861197
0.07148431,0.01568087,-0.004287947,0.6497186,6.756187,2.857618
0.08064113,0.01540741,0.007776607,0.7498137,6.756027,2.857661
0.06691703,0.02324474,0.002940469,0.6489586,6.646239,2.956938
0.104806,0.03955252,0.003739466,0.7508838,6.645997,2.957097
0.06530009,0.01327689,9.467384e-05,0.6499551,6.752773,2.954307
0.07636354,0.02346674,0.001097625,0.7499596,6.752829,2.954384
0.2281449,0.04418926,0.0124327,1.750054,6.651864,2.860935
0.1928278,0.01125365,-0.009992516,1.649979,6.754806,2.856582
0.1992235,0.01470135,0.01716248,1.750037,6.754698,2.856486
0.2044544,0.01325556,0.003495207,1.648989,6.645183,2.957017
0.2317701,0.04090034,0.005074113,1.751014,6.645053,2.957
0.1851861,0.001885006,0.001427113,1.649933,6.750917,2.953718
0.193676,0.02637285,0.002534377,1.750097,6.750778,2.953674
0.2475287,0.04390734,0.01123919,1.950083,6.651902,2.860945
0.2154826,0.01168574,-0.009721918,1.850022,6.754934,2.856725
0.2219668,0.01551117,0.02034584,1.950005,6.754873,2.856661
0.2357117,0.01455053,0.0006313791,1.849006,6.645142,2.957018
0.2481709,0.0410012,0.00251714,1.951009,6.64512,2.957012
0.2110979,0.001266541,0.001016576,1.850056,6.751381,2.953838
0.2191381,0.03006145,0.004106339,1.949961,6.751206,2.953818
0.2654073,0.03948503,0.01283,2.150136,6.651819,2.860852
0.2358476,0.009288187,-0.01389396,2.050051,6.754748,2.85654
0.2408943,0.01405062,0.01870386,2.150038,6.754638,2.856437
0.25276,0.00644833,1.402049e-05,2.049012,6.645017,2.956994
0.2622531,0.03498785,0.002537366,2.151024,6.644906,2.956973
0.2349917,-0.001399058,-0.0001209379,2.050029,6.750948,2.95372
0.2423489,0.02925239,0.003240098,2.14997,6.75073,2.953638
0.0008959441,0.02098981,-0.0003348191,0.120825,6.724624,0.07179772
0.009277101,0.02643199,0.001088771,0.171965,6.724772,0.02074291
2.449031e-05,0.01534337,-0.001307135,0.1226724,6.775197,0.02253771
0.008742447,0.01676368,-0.002346539,0.1692758,6.77704,0.0689976
0.01157173,0.02538152,-3.753885e-05,0.1676747,6.725985,0.0675473
0.0004519012,0.01498442,-0.001781832,0.1221425,6.77475,0.07186285
0.001420186,0.0154665,2.862631e-05,0.1218408,6.725123,0.02176106
0.02712345,0.0005432318,-0.0002155156,0.3238278,6.878385,0.07406844
0.02629417,0.01126015,-0.002694919,0.3236402,6.82609,0.02160448
0.02979884,0.001034052,0.0001433764,0.3875304,6.889466,0.01062324
0.04409183,0.0198513,-0.005474033,0.3747148,6.82996,0.07015014
0.03011623,0.0133695,0.00057583,0.3243551,6.830197,0.06987291
0.04134033,0.002164974,-0.009563618,0.3753837,6.878101,0.07483605
0.01776891,0.001593874,-0.0009622643,0.3111078,6.890144,0.009947587
0.05019021,-1.035811e-05,0.005048079,0.5249352,6.878641,0.0737679
0.04746719,0.003868643,-0.002310368,0.5248798,6.826481,0.02138089
0.06818481,0.002640828,-0.002793788,0.5752357,6.877543,0.02260651
0.07673277,0.01830118,-0.00703778,0.5749866,6.831833,0.06829128
0.05471933,0.01086949,-0.000442962,0.5248883,6.830781,0.06935588
0.06000282,0.001345094,-0.006658799,0.5758313,6.878857,0.07352022
0.05572741,0.001798682,-0.0006938265,0.5126236,6.88978,0.01033272
0.07962582,0.0009276191,-0.01001732,0.7244928,6.879715,0.07186651
0.06864967,0.0119245,-0.005489998,0.7244797,6.828546,0.02034707
0.08467177,0.004415665,-0.006604116,0.7751375,6.878281,0.02189247
0.1072861,0.02587621,-0.0124331,0.7750894,6.832821,0.06735235
0.08499308,0.01261222,-0.005268491,0.7249661,6.833195,0.06696852
0.09684107,0.001904601,-0.01307631,0.7755616,6.879512,0.07243939
0.05358166,0.002059671,-0.0009836699,0.7250397,6.87858,0.02159041
0.09446404,-0.001353673,0.008485351,0.924875,6.878807,0.07352376
0.09989528,0.001609901,-0.004013151,0.9248757,6.826954,0.02123934
0.1250909,0.001249982,-0.004423121,0.9752468,6.877609,0.02260031
0.1386047,0.02745348,-0.01605677,0.975011,6.831959,0.06826456
0.1083782,0.01390721,-0.001974383,0.9249498,6.83113,0.06910572
0.1129359,-0.0002325552,-0.01162179,0.9757979,6.878911,0.07355596
0.1192778,0.0001779007,0.0009393799,0.9126646,6.889922,0.01022652
0.1169836,-0.008083193,-0.0003878353,1.124404,6.879845,0.07159977
0.1207638,0.006271715,-0.008027593,1.124417,6.828976,0.02024625
0.1324777,-0.005663389,-0.003495705,1.17502,6.878787,0.02143378
0.1730982,0.01271724,-0.0211894,1.17505,6.833555,0.06669121
0.141146,0.007118149,-0.005951357,1.124897,6.833513,0.06673809
0.112497,0.0007853864,-0.01171001,1.175546,6.879863,0.07153839
0.1243036,-0.006088441,-0.008329742,1.124943,6.878761,0.02145855
0.1386824,-0.0006323532,-0.004457696,1.324478,6.879504,0.07251483
0.1428855,0.006823714,-0.00754684,1.324499,6.828023,0.02057191
0.1615299,0.003709901,-0.009661381,1.374785,6.877558,0.02264517
0.199498,0.0238526,-0.02327,1.375077,6.831857,0.06837833
0.1653371,0.009841373,-0.006784439,1.325023,6.83279,0.0674462
0.1541761,0.001918064,-0.0164265,1.375211,6.878851,0.07368812
0.1429217,-0.0002949277,-0.004517066,1.325108,6.878287,0.02191202
0.1602137,-0.001257334,0.01371405,1.524522,6.878203,0.07488071
0.180708,-0.001257896,-0.004634593,1.524526,6.825565,0.02184167
0.1925734,0.005226727,0.01312301,1.588823,6.890237,0.009893418
0.2161638,0.03803696,-0.03039911,1.57499,6.830729,0.06950573
0.1798448,0.01085158,0.002757674,1.524945,6.830179,0.0700558
0.1833798,-0.003356391,-0.02483465,1.576008,6.878652,0.0739771
0.1230606,0.00109386,-8.859084e-05,1.512466,6.889495,0.01061906
0.181175,-0.009694531,0.00905499,1.724378,6.879758,0.07185579
0.1984928,-0.001089579,-0.006796749,1.72438,6.828699,0.02032799
0.1616872,-0.005087121,4.432328e-05,1.774991,6.878757,0.0214598
0.2568157,0.01622403,-0.03238804,1.775034,6.833493,0.06674845
0.2150323,0.00553212,-0.002422956,1.724878,6.833299,0.06694187
0.182044,-0.005147305,-0.01114983,1.775528,6.879841,0.07160163
0.1836171,-0.01442729,-0.0002729998,1.724883,6.878641,0.02156877
0.2048129,0.005429318,-0.00383286,1.924517,6.879758,0.07185123
0.2145424,0.005696983,-0.004573633,1.924514,6.828707,0.02032872
0.2268741,-0.002127578,-0.008119148,1.975159,6.878289,0.02191015
0.2733651,0.03156815,-0.03425912,1.97514,6.832808,0.06742244
0.2327049,0.01012753,-0.005225508,1.925008,6.833293,0.06694904
0.2341942,-0.001854437,-0.02338925,1.975598,6.879514,0.07252155
0.2080735,0.003613311,-0.007427454,1.925074,6.878641,0.0215693
0.2266701,0.004029752,0.01284565,2.124959,6.878435,0.07453724
0.2419228,-0.005165728,-0.00237148,2.124939,6.825895,0.02159663
0.2647459,0.006985808,-0.00969878,2.175026,6.876331,0.02382915
0.2895855,0.04206094,-0.0320823,2.175074,6.830138,0.07006615
0.245727,0.0111386,-0.001130854,2.125064,6.830285,0.06994035
0.2762748,0.00437514,-0.02533337,2.175501,6.877843,0.07582732
0.2625739,0.0006096968,0.0001395045,2.112762,6.889762,0.01036951
0.2510187,0.002816794,0.01012653,2.324484,6.878031,0.07525286
0.2589508,-0.004117615,-0.001677262,2.324477,6.825099,0.02199127
0.2589324,0.007277312,-0.002009427,2.387473,6.889557,0.01055699
0.2939265,0.04781839,-0.03606555,2.374974,6.830035,0.07014436
0.2591144,0.006329491,0.001886781,2.324968,6.829799,0.07038553
0.2988582,0.00580925,-0.04622963,2.375523,6.878146,0.07493568
0.2366556,0.001349644,-0.0005003322,2.312485,6.889437,0.01067065
0.3117072,0.01708493,-0.03059248,2.575023,6.833319,0.06683321
0.2528641,-0.01278503,0.0005987048,2.574925,6.878637,0.0215231
0.2534652,-0.009015904,-0.01493691,2.57548,6.879757,0.07166817
0.2488625,-0.01155662,0.00971743,2.524402,6.879513,0.07237228
0.2550605,-0.005302755,-0.006063987,2.524397,6.828002,0.02053932
0.2747138,-0.00624118,0.00315647,2.524881,6.83283,0.06732028
0.2549549,-0.01310892,0.0003550559,2.524838,6.878285,0.02187189
0.002123267,0.2119804,0.004069262,0.1210437,5.324804,2.927271
-0.03314114,0.2519454,0.05644233,0.1667197,5.37493,2.933213
0.01070383,0.204955,-0.0004615083,0.1731982,5.324809,2.979
0.006291845,0.1636355,-0.003627306,0.1217907,5.374893,2.978361
0.002502011,0.2216872,0.01782487,0.1675783,5.324993,2.932372
-0.005283265,0.26004,0.01144922,0.120455,5.375497,2.928384
0.01563022,0.1963391,-0.009386628,0.1224894,5.325236,2.977665
0.0006255985,0.01996519,-0.0001921343,0.1208233,6.724673,2.928215
0.007906874,0.01585383,0.002047991,0.169268,6.777319,2.931138
0.009065112,0.02641033,-0.0009626369,0.1719621,6.725034,2.979273
7.017263e-05,0.01530289,0.001160836,0.1226694,6.775273,2.977472
0.01089704,0.02532175,-0.0001896029,0.1676616,6.726191,2.932509
0.0002992325,0.01451674,0.001419879,0.1221417,6.774812,2.928163
0.001408602,0.01543536,-1.397998e-05,0.1218398,6.725189,2.978243
0.04880393,2.813951e-05,-0.002351289,0.5244436,6.879301,2.927704
0.07687908,0.0177567,0.007506755,0.5750443,6.832312,2.932161
0.0472007,0.00557557,0.002761484,0.524409,6.828035,2.979273
0.06780731,0.003413109,0.00366977,0.5753148,6.877802,2.977629
0.05426804,0.008761546,-0.0004062509,0.5249224,6.831873,2.931707
0.05985775,0.001281352,0.00719531,0.5758106,6.879066,2.927019
0.05092024,0.003036202,0.001700442,0.5113282,6.890616,2.990475
0.07018075,0.001532751,-0.002686643,0.6755257,6.879773,2.928321
0.08138784,0.005250876,-0.01255456,0.6249038,6.833015,2.932868
0.07115994,0.009015497,-0.00190064,0.6755057,6.828719,2.979699
0.06996722,0.002551274,-0.003654333,0.6248778,6.878357,2.9782
0.07921639,0.01162923,-0.005429822,0.6750136,6.833348,2.933197
0.0682604,0.002088177,-0.007306611,0.6244697,6.879573,2.927845
0.06454088,0.000805146,-0.003587304,0.6749528,6.878648,2.978475
0.09582166,0.003038744,0.003943236,0.8751793,6.878872,2.926385
0.1162184,-0.003246475,-0.01557905,0.825005,6.832798,2.932617
0.100253,0.009425416,-0.0009223585,0.8752218,6.826848,2.97881
0.06745074,0.002238196,0.0004293068,0.8251004,6.878284,2.978104
0.1050395,0.002771438,-0.006995936,0.8750444,6.83189,2.931708
0.110993,0.003223124,0.000271453,0.8244633,6.879505,2.927554
0.09482595,0.01173592,0.005989216,0.8747749,6.877569,2.977371
0.1834178,0.006139544,0.01185507,1.675483,6.878194,2.925103
0.2279909,-0.01659058,-0.02480432,1.625009,6.830716,2.930487
0.2073413,0.01172065,-0.002228587,1.675478,6.825542,2.978154
0.2078196,0.001661947,0.01219923,1.611177,6.890239,2.990106
0.2017613,-0.002400277,-0.006528989,1.675059,6.830151,2.929921
0.1928811,0.005640097,-0.02167079,1.623991,6.878648,2.926022
0.1433903,-0.002439237,-0.002959607,1.687535,6.889493,2.98938
0.1850863,-0.00050909,-0.01324368,1.724542,6.878177,2.925085
0.2411375,0.03776084,0.03406743,1.775028,6.830562,2.930348
0.2064917,-0.004580362,0.004749306,1.724536,6.82549,2.978148
0.2097475,0.003701447,-0.01233353,1.788837,6.890214,2.990083
0.2026702,0.006762209,-0.002286537,1.724964,6.830108,2.929889
0.2072437,-0.003736136,0.02761439,1.77604,6.878591,2.925882
0.1425618,0.002054784,0.001153507,1.712467,6.889495,2.989377
0.2112252,0.007096963,-0.006637807,1.92413,6.87874,2.925936
0.2685108,0.03971135,0.03091942,1.975035,6.830801,2.930577
0.2156016,-7.098546e-05,0.007443596,1.924147,6.826398,2.97869
0.260287,0.009717861,0.007021377,1.987339,6.889886,2.98974
0.2354467,0.01089792,0.003604436,1.924918,6.8315,2.931289
0.2497647,0.008455812,0.0387365,1.9751,6.8787,2.926161
0.2425932,-0.003139345,-0.0009420543,1.924659,6.877389,2.977204
0.2394062,0.0006829141,0.00135531,2.075862,6.878489,2.925266
0.2755295,-0.01384798,-0.01966967,2.025029,6.830663,2.93044
0.2433331,-5.310361e-05,-0.009392455,2.075843,6.825712,2.978446
0.290966,-0.001033255,-0.002453057,2.012687,6.889867,2.989726
0.2518259,-0.004424814,-0.01086464,2.075116,6.831013,2.930809
0.2609963,-0.0008931561,-0.02708872,2.02497,6.878643,2.925988
0.2533083,0.009348032,0.0002512973,2.075393,6.877031,2.976857
0.2350739,-0.0001962229,-0.01043548,2.124196,6.878455,2.925189
0.2908148,0.03784012,0.02928324,2.175033,6.830335,2.930149
0.237236,-0.003212868,0.005314675,2.124185,6.825612,2.97842
0.262649,0.007120164,0.002213277,2.187356,6.889741,2.989605
0.2524396,0.004732135,-0.0002500367,2.124946,6.830928,2.930736
0.2673566,0.005306995,0.03782772,2.175044,6.878489,2.92563
0.2608513,-0.007651432,-0.003010124,2.124643,6.876992,2.976829
0.245555,-0.003172258,-0.02000352,2.324541,6.87814,2.925008
0.2990674,0.04186653,0.03718792,2.37503,6.830526,2.930363
0.2638324,-0.01093121,0.002875197,2.324524,6.825368,2.978113
0.2665762,0.001661599,-0.01457188,2.388836,6.890207,2.990088
0.2587733,0.002622337,-0.005971418,2.32496,6.829981,2.929828
0.2647658,-0.006765083,0.02916354,2.376041,6.878581,2.925902
0.2297849,0.001334828,0.001491543,2.31246,6.889476,2.98936
0.0266004,0.1398798,-0.02233833,0.1684004,6.025054,2.931506
0.003606679,0.1472875,-0.002443495,0.1101989,6.012671,2.989948
0.01105987,0.1005032,-0.004131147,0.173222,6.075823,2.979009
0.00958867,0.1466539,-0.03356677,0.1211292,6.02492,2.927284
0.001819809,0.1149337,0.002656289,0.1224962,6.075254,2.977664
0.007371172,0.09491573,-0.005502561,0.1210476,6.07581,2.927261
0.02276022,0.1133181,-0.01920141,0.1675881,6.075014,2.932307
0.004862646,0.004775958,0.0002745879,0.1335431,6.866526,0.0599584
0.0007981676,0.003827831,0.0002098498,0.1101296,6.864292,0.08696698
0.004095012,0.0006605325,-0.000738857,0.1359028,6.88992,0.08707752
0.001224004,0.001142977,0.0001048693,0.1108191,6.889255,0.06177524
0.0009152817,0.003867345,-0.0002209867,0.1104078,6.864731,0.06121447
0.004139675,0.0007695083,0.0005986746,0.1354509,6.889646,0.06132051
0.004991105,0.004899356,-0.0001671939,0.1332888,6.866764,0.08597826
0.00454892,0.004753497,-0.001378833,0.1330412,6.840017,0.03291188
0.006328537,0.012609,-0.0001124879,0.1344536,6.812599,0.00946833
0.001251015,0.01253611,0.002371467,0.1095059,6.812335,0.03425307
0.001401429,0.005824651,0.0001172323,0.1105046,6.838066,0.01043409
0.001198726,0.005215872,0.0002088198,0.1101818,6.83847,0.03450047
0.004957077,0.01283265,-0.0001197235,0.1319768,6.814043,0.03188515
0.005083324,0.004631989,0.0004252236,0.1347104,6.838693,0.0100892
0.004371809,0.003660919,0.002527126,0.1600653,6.866958,0.03303085
0.008203831,0.004540256,0.0001067338,0.1874519,6.865458,0.009549143
0.0135259,0.001394085,-0.002228075,0.1878282,6.89048,0.03464602
0.004873058,0.0008524391,-9.105626e-05,0.1620396,6.889567,0.010526
0.009604631,0.003850763,0.0002031978,0.186043,6.867892,0.03214876
0.005480037,0.002373789,-0.0009668341,0.1616947,6.889846,0.0347288
0.004464972,0.004207279,7.1157e-06,0.1613956,6.865381,0.01015451
0.003457272,0.003713053,0.0003179796,0.1337018,6.866396,0.03352439
0.001015164,0.001090461,0.0001768839,0.1111351,6.888944,0.0367937
0.0009013463,0.00430324,-1.762531e-06,0.1110718,6.86324,0.01097385
0.004380114,0.0008687577,0.000201356,0.1369175,6.889061,0.01101893
0.0005640918,0.004532669,0.0001965423,0.1103734,6.864134,0.03563698
0.004548929,0.0006286502,0.0002418031,0.1360323,6.889721,0.03574723
0.003422513,0.003891256,4.073614e-05,0.1358212,6.864366,0.01025679
0.002968268,0.003237594,0.0005996461,0.133094,6.86697,0.1369366
0.0005113524,0.002521238,-0.0001350445,0.1100721,6.864373,0.1116918
0.002270618,0.0007851556,-0.0004421573,0.1358208,6.889972,0.1117879
0.000920191,0.0009500135,0.0002071114,0.1106727,6.889414,0.1373689
0.003068901,0.003308248,-0.0002916197,0.1331956,6.866852,0.1115038
0.000610963,0.002459134,0.0003959999,0.1100197,6.864404,0.1375501
0.002260087,0.0007731261,0.0004771078,0.1358012,6.890028,0.137614
0.004361476,0.003412229,0.0004030254,0.1330677,6.866996,0.1621071
0.001316876,0.0007842932,6.888139e-05,0.1106681,6.889421,0.1624242
0.0008414658,0.00233587,-0.001981332,0.1099679,6.864235,0.1876969
0.00366306,0.0002863689,-0.002158021,0.13598,6.890081,0.1877482
0.0009454789,0.002460729,9.98874e-05,0.1099862,6.864322,0.1621236
0.003644677,0.0002653926,0.0006228121,0.1358849,6.890061,0.1621791
0.004285414,0.003344742,-0.001895765,0.1330192,6.86704,0.1872684
0.003036578,0.004445277,-0.001763564,0.1330005,6.867067,0.2624117
0.0007354708,0.001551497,-0.001474226,0.1106683,6.889425,0.2624837
0.0002442989,0.003098269,0.0008459078,0.1099484,6.864217,0.287802
0.002021024,0.001107359,0.001407992,0.1360055,6.890102,0.2878231
0.0004087007,0.003396627,-0.001400853,0.109926,6.864198,0.2622033
0.001926571,0.001205125,-0.001634996,0.1360184,6.890123,0.2622283
0.003170036,0.004272393,0.001526848,0.1329876,6.867076,0.2874572
0.002713851,0.00287227,-0.002275943,0.133001,6.867066,0.2374056
0.000956243,0.00106517,-0.001487986,0.1106684,6.889424,0.2374794
0.0004174632,0.002664856,-0.001207013,0.1099569,6.864216,0.2120455
0.001989418,0.0008565196,-0.00215831,0.1359941,6.89009,0.2120933
0.0009011148,0.002065273,-0.001981619,0.1099287,6.8642,0.2376763
0.00282091,0.003056905,-0.002256421,0.1330147,6.867042,0.2123139
0.002092013,0.000794225,-0.001693292,0.1360157,6.890121,0.2377046
0.004019842,0.002669937,-0.0002627088,0.1329915,6.867081,0.3374862
0.0006767629,0.001741406,0.00155604,0.1099468,6.864214,0.3121255
0.002943352,0.0003467405,0.001060926,0.1360065,6.890102,0.312146
0.001389706,0.0009435388,-0.0005357383,0.1106691,6.889426,0.3374977
0.003352078,0.002760231,0.001745305,0.1329889,6.867073,0.3124483
0.0006980255,0.002229433,-0.0001753592,0.1099242,6.864202,0.3377274
0.003166795,0.0005006307,-0.0005212567,0.1360218,6.890127,0.3377385
0.004001744,0.003047105,-0.0007499057,0.1329931,6.867081,0.3624689
0.001271123,0.0009209473,-0.0005715359,0.1106695,6.889426,0.3624953
0.001067773,0.001865543,-0.002574796,0.1099481,6.864222,0.3878294
0.003350623,0.0005000205,-0.002690579,0.1360113,6.890104,0.3878398
0.001012961,0.002069024,-0.0005274785,0.109924,6.864203,0.3622394
0.003316884,0.0005318746,-0.0005172888,0.1360233,6.890127,0.3622512
0.004132994,0.002869975,-0.002781909,0.1329873,6.867082,0.3874957
0.002893311,0.002700207,-0.001065306,0.1329964,6.867085,0.4624813
0.001095892,0.0008795855,-0.001384024,0.1106713,6.889427,0.4624972
0.00095456,0.001781928,-0.002078359,0.1099492,6.864226,0.4878359
0.002629342,0.000632622,-0.002410307,0.13602,6.890104,0.4878412
0.0009298967,0.002000788,-0.001113216,0.1099251,6.864207,0.462248
0.002241289,0.0007101892,-0.001267158,0.13603,6.890128,0.4622544
0.003226104,0.002427449,-0.00230459,0.1329928,6.867086,0.487504
0.003292398,0.003579603,-0.0009881126,0.1329946,6.867085,0.4375038
0.0009266794,0.001302441,-0.001355269,0.1106708,6.889427,0.4375007
0.0006136297,0.002909411,-0.002664247,0.1099477,6.864221,0.4121469
0.002161657,0.001116858,-0.002779123,0.1360124,6.890104,0.4121575
0.0006473567,0.002665829,-0.0007752817,0.1099249,6.864206,0.4377393
0.003007581,0.003822157,-0.002930072,0.1329886,6.867081,0.4124777
0.002384847,0.001077166,-0.001438617,0.1360281,6.890128,0.4377445
0.00273305,0.002950069,-0.001795959,0.1330001,6.867088,0.5375071
0.0004386443,0.002774072,-0.002317467,0.1099492,6.864226,0.5121524
0.002056313,0.0006221839,-0.002436532,0.1360212,6.890104,0.512157
0.0008055648,0.0008465587,-0.001725938,0.1106728,6.889428,0.5375009
0.002514838,0.003271145,-0.002375717,0.1329942,6.867085,0.5124838
0.0004023928,0.002347802,-0.001577109,0.1099261,6.864209,0.5377423
0.002324032,0.0006112967,-0.00191926,0.1360353,6.890128,0.5377438
0.0029822,0.002673171,-0.001764107,0.1330016,6.867088,0.5624835
0.000865455,0.0008047564,-0.001733517,0.1106733,6.889428,0.5624972
0.0006133184,0.001703239,-0.002750972,0.1099504,6.864229,0.5878382
0.002697023,0.000446351,-0.002814094,0.136028,6.890105,0.5878396
0.0005842798,0.002101716,-0.001735658,0.1099263,6.86421,0.5622506
0.002534386,0.0004364012,-0.00153481,0.1360372,6.890129,0.5622529
0.003220157,0.002369745,-0.002884082,0.1329984,6.867088,0.5875055
0.002454395,0.002479715,-0.001432019,0.1330061,6.867089,0.6624843
0.001101247,0.0008617129,-0.001581105,0.1106748,6.889429,0.6624972
0.0009604315,0.001666193,-0.002202766,0.1099514,6.86423,0.6878397
0.002392506,0.0006397786,-0.002394486,0.1360334,6.890105,0.6878394
0.0009609135,0.001964796,-0.001481065,0.1099274,6.864212,0.662252
0.001863259,0.0007603923,-0.001526448,0.1360424,6.890129,0.662252
0.002740179,0.002281991,-0.0024922,0.1330028,6.867089,0.6875065
0.002848821,0.00313808,-0.00138435,0.1330048,6.867089,0.637508
0.0009304574,0.00120324,-0.001574086,0.1106745,6.889429,0.6375009
0.0006367107,0.002590425,-0.002699725,0.1099505,6.864228,0.6121547
0.001800335,0.001028019,-0.002616469,0.1360291,6.890105,0.612155
0.0007725741,0.00245409,-0.001272076,0.1099272,6.864211,0.6377437
0.002576936,0.003378486,-0.002900956,0.1329995,6.867087,0.6124847
0.002132001,0.001009461,-0.001626923,0.1360412,6.890129,0.6377426
0.002193023,0.002786466,-0.001177807,0.1330078,6.86709,0.737509
0.0003791983,0.002726583,-0.00223931,0.1099515,6.86423,0.7121562
0.001694568,0.0006775368,-0.002560178,0.1360341,6.890106,0.7121544
0.0006779478,0.0008805718,-0.001171618,0.1106754,6.889429,0.7375012
0.002078598,0.003053105,-0.002348378,0.1330036,6.867089,0.7124857
0.0003059572,0.002380098,-0.001094804,0.1099279,6.864212,0.7377447
0.001824598,0.0007124486,-0.00121291,0.1360446,6.890129,0.737743
0.002470096,0.002761297,-0.0009293889,0.1330084,6.86709,0.7624853
0.0008301868,0.000904012,-0.0008884273,0.1106756,6.889429,0.7624976
0.0004770764,0.002021063,-0.0005834234,0.1099519,6.864231,0.7878408
0.002008284,0.000669077,-0.0004134126,0.136036,6.890106,0.7878403
0.0002810672,0.002499456,-0.0009654871,0.1099279,6.864212,0.7622529
0.002033591,0.0005596773,-0.0007995109,0.1360452,6.890129,0.7622526
0.002444337,0.002607196,-0.0006402621,0.1330047,6.867089,0.787508
0.002530948,0.00204359,-0.0009540674,0.1330094,6.86709,0.8624865
0.001192024,0.0009240136,-0.0009830892,0.1106759,6.889429,0.8624979
0.0009147273,0.001498004,-0.001855941,0.1099521,6.864231,0.8878415
0.002374725,0.0005424083,-0.001378524,0.1360369,6.890106,0.8878415
0.0008278695,0.001803986,-0.0009656735,0.1099281,6.864212,0.8622535
0.001911393,0.0007221577,-0.0009093055,0.1360461,6.890129,0.8622535
0.002553352,0.002122669,-0.002038817,0.1330059,6.867089,0.8875094
0.002280187,0.002269948,-0.0007102313,0.1330091,6.86709,0.8375103
0.001056871,0.00109852,-0.0009326695,0.1106758,6.889429,0.8375015
0.0008812306,0.001625872,-0.0007684839,0.1099519,6.864231,0.8121573
0.001875518,0.0007462593,-0.0003824235,0.1360365,6.890106,0.8121553
0.0007305916,0.001543442,-0.0009708762,0.1099281,6.864212,0.8377455
0.002183077,0.002063931,-0.0006377237,0.1330051,6.867089,0.812487
0.002296949,0.000378462,-0.0004385318,0.1360459,6.890129,0.8377439
0.002027068,0.002746579,-0.0007942188,0.1330095,6.86709,0.9375113
0.0003464314,0.002560964,-0.001455287,0.109952,6.864231,0.9121578
0.001496123,0.000634486,-0.002278103,0.136037,6.890106,0.9121562
0.000755879,0.001000179,-0.0006483786,0.1106759,6.889429,0.9375017
0.002048266,0.002551139,-0.001990539,0.1330061,6.867089,0.9124881
0.0003910722,0.002287955,-0.0006740217,0.1099282,6.864212,0.9377459
0.002080483,0.0006161407,-0.000651363,0.1360461,6.890129,0.9377447
0.002440231,0.002651488,-0.000441026,0.1330095,6.867089,0.9624873
0.0007949149,0.0009655297,-0.0004870775,0.1106759,6.889429,0.9624981
0.0003670128,0.00212088,0.0002099655,0.109952,6.864231,0.9878418
0.001930051,0.000654918,0.0004399945,0.1360368,6.890106,0.9878422
0.0002804635,0.002432948,-0.0005334296,0.1099282,6.864212,0.9622539
0.001831502,0.0006126928,-0.0005311096,0.1360461,6.890129,0.9622542
0.002063957,0.0027837,0.000363608,0.1330057,6.867089,0.9875102
0.002694968,0.001685604,-0.0001346747,0.1330093,6.867089,1.062488
0.001387694,0.0009224684,-6.386629e-05,0.1106757,6.88943,1.062498
0.0009379017,0.001006548,-0.001340659,0.1099521,6.864231,1.087842
0.002293017,0.0005739371,-0.001368974,0.1360365,6.890106,1.087843
0.0007528906,0.001843182,-0.0001985677,0.1099282,6.864212,1.062254
0.002230278,0.000471736,-8.639499e-05,0.1360459,6.890129,1.062254
0.002266493,0.001611664,-0.001586193,0.1330058,6.867089,1.087511
0.002082663,0.001624021,7.621183e-05,0.1330093,6.867089,1.037512
0.001069678,0.001075197,-0.0001927667,0.1106758,6.88943,1.037502
0.0008111564,0.001163253,0.0003113928,0.1099521,6.864231,1.012158
0.00188256,0.0005804499,0.0001862194,0.1360368,6.890106,1.012157
0.0005508931,0.001934605,-6.587879e-05,0.1099282,6.864212,1.037746
0.001973063,0.00128273,0.0004840282,0.1330056,6.867089,1.012489
0.001964775,0.0007084597,2.176019e-05,0.136046,6.890129,1.037745
0.001959293,0.00282223,-0.0005031873,0.1330091,6.867089,1.137512
0.0003310969,0.002476651,-0.0009301538,0.1099521,6.864231,1.112158
0.001513692,0.0006321264,-0.00179638,0.1360364,6.890106,1.112157
0.0007657851,0.001013784,-0.0004303196,0.1106757,6.88943,1.137502
0.002037514,0.002560725,-0.001657683,0.1330058,6.867089,1.112489
0.0003962825,0.002321669,-0.0003967455,0.1099282,6.864212,1.137746
0.00213374,0.000542713,-0.0004642056,0.1360457,6.890129,1.137746
0.002489594,0.002626423,-0.0002795754,0.133009,6.867089,1.162488
0.0008565057,0.0009366286,-0.0003434378,0.1106757,6.889429,1.162498
0.0004178221,0.002116088,0.0001796124,0.1099519,6.864231,1.187842
0.001906978,0.0006441049,0.0005824293,0.1360362,6.890105,1.187842
0.000268135,0.002416924,-0.0002762315,0.1099281,6.864212,1.162254
0.002104737,0.0005061635,-0.000283474,0.1360456,6.890129,1.162255
0.002110869,0.002692779,0.0005075317,0.1330052,6.867088,1.187511
0.003033547,0.002399365,-0.0007057776,0.1330089,6.867089,1.262488
0.001345711,0.0008870537,-0.0007160328,0.1106757,6.889429,1.262498
0.0009187731,0.001783446,-0.001578306,0.1099519,6.864231,1.287842
0.002534642,0.0004923098,-0.001229978,0.136036,6.890105,1.287842
0.0008423012,0.00206702,-0.0009071366,0.1099281,6.864212,1.262254
0.002246996,0.0006237236,-0.0006502343,0.1360454,6.890129,1.262255
0.003004119,0.002438219,-0.001886029,0.1330054,6.867088,1.287511
0.002541604,0.002261585,-0.0004985891,0.1330089,6.867089,1.237512
0.001147417,0.0009786712,-0.0005275544,0.1106757,6.889429,1.237502
0.0008138074,0.001623881,0.0002744389,0.1099519,6.864231,1.212158
0.002087254,0.000603099,0.0003557507,0.1360362,6.890105,1.212158
0.0007812602,0.001686961,-0.0005510756,0.1099281,6.864212,1.237746
0.002696841,0.001971309,0.0004440735,0.1330052,6.867088,1.212489
0.00227883,0.0005030768,-0.0001436095,0.1360454,6.890129,1.237745
0.002196851,0.002811909,-0.001012579,0.1330088,6.867089,1.337512
0.0004488996,0.002489345,-0.001446664,0.1099519,6.864231,1.312158
0.001752028,0.0006102106,-0.002132275,0.136036,6.890105,1.312158
0.0008159401,0.001029743,-0.0009786296,0.1106756,6.889429,1.337502
0.002185994,0.002662013,-0.001951259,0.1330054,6.867088,1.312489
0.0004462211,0.002247416,-0.0009140766,0.1099281,6.864212,1.337746
0.002280397,0.0005478078,-0.0008779353,0.1360453,6.890129,1.337745
0.002566349,0.002552449,-0.0008565483,0.1330087,6.867089,1.362488
0.0008681454,0.0009209745,-0.000754014,0.1106756,6.889429,1.362498
0.0004791138,0.001978888,-0.0007636751,0.1099519,6.86423,1.387842
0.002376519,0.0005102166,-0.0007500702,0.1360359,6.890105,1.387842
0.0003980293,0.002390272,-0.0008326969,0.109928,6.864212,1.362254
0.002132608,0.000538552,-0.0007863462,0.1360453,6.890129,1.362255
0.002459903,0.002678439,-0.0007602785,0.133005,6.867088,1.387511
0.002417872,0.002330201,-0.0001992908,0.1330088,6.867089,1.462488
0.0009183784,0.0009277351,-0.0001016164,0.1106756,6.889429,1.462498
0.0005312566,0.002238721,0.0002450148,0.1099519,6.864231,1.487842
0.002230686,0.000478058,5.338238e-05,0.1360359,6.890105,1.487842
0.0004215,0.0022652,-5.636944e-05,0.109928,6.864212,1.462254
0.001895682,0.0005627331,-9.654477e-05,0.1360452,6.890129,1.462255
0.002280985,0.002747497,0.0001344655,0.1330053,6.867088,1.487511
0.002608921,0.002885971,-0.0002671157,0.1330087,6.867089,1.437512
0.0009286791,0.001135922,-0.0002335058,0.1106756,6.889429,1.437502
0.0004234566,0.002451442,-0.0006837665,0.1099519,6.86423,1.412158
0.002004904,0.0006635728,-0.0004236601,0.1360359,6.890105,1.412158
0.0003365004,0.002560075,-0.000123127,0.109928,6.864212,1.437746
0.00264522,0.002814962,-0.0006287442,0.1330049,6.867088,1.412489
0.002354014,0.0004306526,-0.0002042686,0.1360452,6.890129,1.437745
0.002280518,0.002488726,0.0001427133,0.1330088,6.867089,1.537512
0.0004576832,0.002230148,0.0001369838,0.1099519,6.864231,1.512158
0.002050764,0.0006199684,0.0001252027,0.1360359,6.890105,1.512158
0.000883092,0.0008898443,0.0004990773,0.1106756,6.889429,1.537502
0.002508963,0.002465125,0.000335159,0.1330053,6.867088,1.512489
0.0006143223,0.002189093,0.0004590516,0.109928,6.864212,1.537746
0.001818038,0.0007005867,0.0004231218,0.1360452,6.890129,1.537745
0.002743169,0.003122266,0.0004915362,0.1330087,6.867089,1.562488
0.000924416,0.001136967,0.0004492201,0.1106756,6.889429,1.562498
0.0004225978,0.002623228,0.001253657,0.1099519,6.86423,1.587842
0.001944798,0.0006985276,0.00112049,0.1360359,6.890105,1.587842
0.0003609716,0.00256338,0.0002417572,0.109928,6.864212,1.562254
0.002361667,0.0005083078,0.000656336,0.1360452,6.890129,1.562255
0.002616359,0.002983501,0.001134216,0.1330049,6.867088,1.587511
0.00245351,0.002646647,0.0006605193,0.1330088,6.867089,1.662488
0.0008511883,0.0009938225,0.0007764791,0.1106756,6.889429,1.662498
0.000546348,0.002260932,0.0009313636,0.1099519,6.864231,1.687842
0.002048269,0.0005777214,0.0009580987,0.136036,6.890105,1.687842
0.0005211785,0.002079251,0.0007483396,0.1099281,6.864212,1.662254
0.002394995,0.0004881253,0.0007582247,0.1360453,6.890129,1.662255
0.002455179,0.002511613,0.001075761,0.1330054,6.867088,1.687511
0.00292125,0.002543376,0.0007417494,0.1330087,6.867089,1.637512
0.0009915201,0.0009046563,0.0007542256,0.1106756,6.889429,1.637502
0.0006244845,0.001860713,0.001242663,0.1099519,6.86423,1.612158
0.002665269,0.0004856644,0.001326036,0.1360359,6.890105,1.612158
0.0004961618,0.0023248,0.0008821917,0.109928,6.864212,1.637746
0.002835903,0.002614837,0.001272743,0.133005,6.867088,1.612489
0.002448388,0.000486691,0.0005986532,0.1360453,6.890129,1.637745
0.002583044,0.002205813,0.000804516,0.1330089,6.867089,1.737512
0.0007051867,0.001859908,0.0008529312,0.1099519,6.864231,1.712158
0.002326308,0.0004606859,0.0006459131,0.136036,6.890105,1.712158
0.001085925,0.0008986665,0.0007196857,0.1106757,6.889429,1.737502
0.002589676,0.002410056,0.001050519,0.1330054,6.867088,1.712489
0.0007063628,0.002142858,0.0008860011,0.1099281,6.864212,1.737746
0.002054336,0.0007552431,0.0007653536,0.1360454,6.890129,1.737745
0.002687591,0.002477079,0.0007234108,0.1330089,6.867089,1.762488
0.001142269,0.000987122,0.000559985,0.1106757,6.889429,1.762498
0.0007719884,0.001818654,-0.0002725022,0.1099519,6.864231,1.787842
0.002114347,0.0005861437,-0.0004501524,0.1360362,6.890105,1.787842
0.0007869977,0.001840578,0.0005371387,0.1099281,6.864212,1.762254
0.002414078,0.0003008605,0.0004541533,0.1360454,6.890129,1.762255
0.002872853,0.002185721,-0.000380391,0.1330052,6.867088,1.787511
0.002002739,0.002826949,0.0004435554,0.1330091,6.867089,1.862488
0.0007330539,0.000998085,0.000401712,0.1106757,6.88943,1.862498
0.0003383061,0.002496047,0.0008589206,0.1099521,6.864231,1.887842
0.001590156,0.0005955596,0.001685245,0.1360364,6.890106,1.887843
0.000398248,0.002324314,0.000375003,0.1099282,6.864212,1.862254
0.002031083,0.0006154641,0.0003808735,0.1360457,6.890129,1.862254
0.002104607,0.002574419,0.001517554,0.1330057,6.867089,1.887511
0.002535858,0.00265603,0.000265232,0.133009,6.867089,1.837512
0.0008689566,0.0009401469,0.0003429548,0.1106757,6.889429,1.837502
0.0004405143,0.002095538,-0.000126289,0.1099519,6.864231,1.812158
0.00191077,0.000652533,-0.0005729359,0.1360362,6.890105,1.812158
0.0002845908,0.002394706,0.0002025498,0.1099281,6.864212,1.837746
0.002190708,0.002667878,-0.0004973793,0.1330052,6.867088,1.812489
0.002212343,0.0004877302,0.0002719157,0.1360456,6.890129,1.837745
0.002526652,0.001772586,0.0002736057,0.1330093,6.867089,1.937512
0.0009201709,0.001109471,0.00133864,0.1099521,6.864231,1.912158
0.002335271,0.0005350213,0.00116404,0.1360365,6.890106,1.912157
0.001289865,0.0009007428,8.44197e-05,0.1106757,6.88943,1.937502
0.00228165,0.001724624,0.001445807,0.1330058,6.867089,1.912489
0.0009740632,0.001511496,1.981106e-05,0.1099282,6.864212,1.937746
0.002241876,0.0005065839,0.0001786929,0.1360459,6.890129,1.937746
0.002294682,0.001734113,3.296972e-05,0.1330093,6.867089,1.962488
0.001131488,0.001084359,0.0001417183,0.1106758,6.88943,1.962498
0.000770863,0.00126654,-0.0004646062,0.1099521,6.864231,1.987842
0.00188453,0.0006098022,-0.0002893636,0.1360368,6.890106,1.987843
0.0004279896,0.002143463,4.466568e-05,0.1099282,6.864212,1.962254
0.002032872,0.0006725551,-1.960198e-05,0.136046,6.890129,1.962255
0.002079324,0.001402418,-0.000723517,0.1330056,6.867089,1.987511
0.002036192,0.002756449,0.0006292905,0.1330095,6.86709,2.062489
0.0007395728,0.0009735997,0.0005944447,0.1106759,6.889429,2.062498
0.0003423894,0.002574253,0.001331678,0.1099521,6.864231,2.087842
0.001581046,0.0006117049,0.002160138,0.136037,6.890106,2.087844
0.0003981823,0.002309162,0.0005913256,0.1099282,6.864213,2.062254
0.002034608,0.0006548169,0.0006282248,0.136046,6.890129,2.062255
0.002069323,0.002592554,0.001869187,0.133006,6.867089,2.087512
0.002569475,0.00265188,0.0003373883,0.1330095,6.867089,2.037513
0.000832758,0.0009730758,0.0004020646,0.1106759,6.889429,2.037502
0.0004046879,0.002117134,-0.0001040347,0.109952,6.864231,2.012158
0.001937436,0.0006347682,-0.0006219913,0.1360367,6.890106,2.012158
0.0002830859,0.002424773,0.0004007074,0.1099282,6.864212,2.037746
0.002087342,0.002814666,-0.0005583612,0.1330057,6.867089,2.01249
0.001849002,0.0006430404,0.0004014665,0.1360461,6.890129,2.037746
0.00250459,0.001968399,0.0008356381,0.1330094,6.86709,2.137514
0.0008929886,0.001478412,0.001765518,0.109952,6.864231,2.112159
0.002377688,0.0004952454,0.001220592,0.1360369,6.890106,2.112159
0.001187638,0.0008998703,0.0008765636,0.1106759,6.889429,2.137502
0.002527158,0.002068463,0.001938551,0.1330059,6.867089,2.112491
0.0007976305,0.00178871,0.0008905293,0.1099281,6.864213,2.137746
0.001917307,0.000676461,0.0008390684,0.136046,6.890129,2.137746
0.002316255,0.002242867,0.0006232509,0.1330091,6.86709,2.16249
0.00104711,0.001084938,0.0008199084,0.1106758,6.889429,2.162499
0.0009578388,0.001421231,0.0006120091,0.1099519,6.864231,2.187843
0.001817119,0.0007926527,0.0002621128,0.1360365,6.890106,2.187845
0.0007369272,0.001533577,0.0008563521,0.109928,6.864212,2.162255
0.002153407,0.0004858538,0.0002882222,0.1360459,6.890129,2.162256
0.002213869,0.00200452,0.0005330152,0.1330052,6.867089,2.187513
0.002214783,0.002781758,0.001060945,0.1330078,6.86709,2.262491
0.0006817376,0.0008766863,0.001078572,0.1106754,6.889429,2.262499
0.0003906896,0.002672801,0.002087664,0.1099515,6.86423,2.287844
0.001741025,0.0006686464,0.002367041,0.1360341,6.890106,2.287846
0.0003117398,0.002366048,0.0009995162,0.1099279,6.864212,2.262255
0.001828678,0.0007087876,0.001116851,0.1360446,6.890129,2.262257
0.002109181,0.003048435,0.002182167,0.1330035,6.867089,2.287514
0.002467246,0.002743076,0.0008253922,0.1330085,6.86709,2.237515
0.0008328469,0.0009007115,0.000774965,0.1106755,6.889429,2.237502
0.0004642465,0.002027579,0.0004531754,0.1099519,6.864231,2.212159
0.002001174,0.0006810017,0.0003455758,0.136036,6.890106,2.21216
0.0002765189,0.002488427,0.000871246,0.1099279,6.864212,2.237747
0.002407965,0.002629437,0.0005224672,0.1330046,6.867089,2.212492
0.002030206,0.000565092,0.0006862469,0.1360452,6.890129,2.237747
0.002446432,0.002455329,0.001349448,0.133006,6.867089,2.337516
0.0009379421,0.001648256,0.002044336,0.1099514,6.86423,2.31216
0.002331626,0.0006529831,0.002221935,0.1360333,6.890106,2.31216
0.0010775,0.0008675872,0.001489831,0.1106748,6.889429,2.337503
0.002700591,0.002264601,0.002333393,0.1330028,6.867089,2.312493
0.0009272707,0.001967127,0.00139388,0.1099274,6.864212,2.337748
0.001866024,0.0007535883,0.00144807,0.1360424,6.890129,2.337748
0.002835244,0.003108955,0.001305858,0.1330049,6.867089,2.362492
0.0009219563,0.001197275,0.00145679,0.1106745,6.889429,2.362499
0.0006094943,0.002563428,0.00251404,0.1099505,6.864228,2.387845
0.00182321,0.0009975724,0.002477546,0.136029,6.890105,2.387845
0.0007631954,0.002438609,0.00118137,0.1099271,6.864211,2.362256
0.002149537,0.0009809283,0.001531101,0.1360412,6.890129,2.362257
0.002590893,0.003311123,0.002762159,0.1329994,6.867088,2.387516
0.002702083,0.002924669,0.001632064,0.133,6.867088,2.462493
0.0008091072,0.0008436876,0.001600401,0.1106728,6.889428,2.462499
0.0004458178,0.002696831,0.00215068,0.1099492,6.864226,2.487848
0.00210138,0.0006237742,0.002262089,0.1360213,6.890104,2.487844
0.0003981422,0.002340191,0.001439346,0.1099261,6.864209,2.462258
0.002308594,0.0006250162,0.001780423,0.1360353,6.890128,2.462257
0.002498369,0.003235822,0.002201009,0.1329943,6.867085,2.487517
0.002970221,0.002639193,0.001606357,0.1330016,6.867088,2.437517
0.0008694525,0.0008096987,0.001567653,0.1106733,6.889428,2.437503
0.0006082086,0.001682004,0.002601231,0.1099504,6.864229,2.412162
0.002674043,0.0004495423,0.002676248,0.1360279,6.890105,2.412161
0.0005747738,0.002112552,0.001527977,0.1099263,6.86421,2.43775
0.003170021,0.002347315,0.002736294,0.1329983,6.867088,2.412495
0.002528958,0.0004374811,0.001381194,0.1360372,6.890128,2.437747
0.002886834,0.00265398,0.0009364608,0.1329965,6.867085,2.53752
0.0009278123,0.00177716,0.001919875,0.1099491,6.864226,2.512164
0.002613046,0.0006302672,0.002207713,0.1360199,6.890104,2.51216
0.001077485,0.0008890643,0.001239846,0.1106712,6.889427,2.537503
0.003186458,0.00241349,0.002141246,0.1329926,6.867086,2.512497
0.0009026881,0.001996983,0.0009902889,0.1099251,6.864207,2.537752
0.002244314,0.0007113401,0.001120571,0.13603,6.890128,2.537747
0.003280975,0.0036031,0.0008533975,0.1329944,6.867085,2.562498
0.000922478,0.001289617,0.001215417,0.1106707,6.889427,2.5625
0.000589776,0.002925833,0.002584429,0.1099478,6.864221,2.587854
0.002179465,0.001086946,0.002693682,0.1360125,6.890104,2.587846
0.0006188279,0.002728775,0.0006693702,0.1099249,6.864206,2.562261
0.002407462,0.00105472,0.001272245,0.136028,6.890128,2.562257
0.003014604,0.003792338,0.002826792,0.1329888,6.867081,2.587526
0.004160982,0.002763594,0.0001345482,0.1329912,6.867081,2.662522
0.001463448,0.0009347874,0.0003864169,0.110669,6.889426,2.662504
0.0007516385,0.001737673,-0.001850872,0.1099469,6.864215,2.687877
0.003067485,0.0003609781,-0.001334358,0.1360076,6.890102,2.687867
0.0006997468,0.002259855,6.938053e-05,0.1099241,6.864203,2.662274
0.003204124,0.0003913588,0.0003401827,0.1360218,6.890127,2.662269
0.003529907,0.002777317,-0.002076182,0.1329892,6.867074,2.687564
0.003996113,0.003006271,0.0006859342,0.1329934,6.867081,2.637537
0.001304277,0.0009215682,0.0004669414,0.1106694,6.889426,2.637506
0.00112184,0.001835228,0.002526091,0.109948,6.864222,2.612172
0.003255026,0.0005083946,0.002434854,0.1360111,6.890104,2.612164
0.0009627879,0.002043347,0.0003738706,0.109924,6.864203,2.637762
0.004032615,0.002829989,0.002564547,0.132987,6.867083,2.612509
0.003300555,0.0005439695,0.000491365,0.1360236,6.890127,2.637754
0.003013514,0.004473433,0.001502438,0.1330007,6.867068,2.737608
0.0002657246,0.003213349,-0.001116168,0.1099483,6.864217,2.712202
0.001960565,0.001140328,-0.001820198,0.1360047,6.890101,2.712193
0.0007223538,0.001551534,0.001258548,0.1106685,6.889425,2.737521
0.00307822,0.004372173,-0.001910179,0.1329866,6.867076,2.712558
0.0003702975,0.003443628,0.001225384,0.1099261,6.864198,2.737801
0.001907961,0.001195554,0.001370738,0.136019,6.890123,2.737792
0.002498974,0.002808208,0.002052475,0.1329995,6.867068,2.762621
0.0009050861,0.001085094,0.00129402,0.1106683,6.889424,2.762527
0.0004113343,0.00263692,0.001202927,0.109957,6.864217,2.787963
0.001801512,0.0008971859,0.002183511,0.1359958,6.890091,2.787949
0.0008720866,0.002030549,0.001819,0.1099287,6.864201,2.76233
0.001973336,0.000806855,0.00140779,0.1360153,6.890121,2.762323
0.002602959,0.002938252,0.002265605,0.1330146,6.867044,2.787722
-0.002124151,0.2099183,0.004695402,0.1319306,5.237552,2.968267
0.01953738,0.2068663,0.002815058,0.1343415,5.211671,2.990841
0.00134699,0.1938763,-0.01248847,0.1092341,5.211712,2.966013
0.002901989,0.2023466,-0.003166638,0.1101972,5.237315,2.989937
0.02648869,0.2106379,0.01560696,0.1348069,5.237661,2.990568
-0.005465879,0.2866541,0.008011822,0.1313368,5.212574,2.968845
-0.01956448,0.2059411,-0.02146729,0.1094916,5.237672,2.965537
0.007540183,0.165747,-0.004915438,0.1319276,5.262448,2.968265
0.01161128,0.2087978,0.02208405,0.1092285,5.288285,2.966007
0.004462963,0.196472,-0.004173078,0.1101968,5.262685,2.989937
-0.01715548,0.2093339,-0.0119622,0.1343359,5.288331,2.990838
0.01494909,0.1979732,0.004292513,0.1348059,5.26234,2.990567
-0.006806216,0.1982398,-0.009997766,0.1094906,5.262328,2.965536
-0.01320048,0.1935926,0.01768121,0.1313237,5.287427,2.968836
0.002909723,0.003184792,-0.0006480138,0.1330869,6.866979,2.863119
0.0009164064,0.0009550752,-0.0002488119,0.1106717,6.889415,2.862646
0.0005468577,0.00248798,0.0001554687,0.1100711,6.864377,2.888324
0.002199447,0.0007963914,0.0004334352,0.1358171,6.889976,2.888294
0.0005868087,0.002476924,-0.0004069353,0.1100186,6.864407,2.862463
0.002199835,0.0007848566,-0.0005344955,0.1357955,6.890029,2.862447
0.002982857,0.003281558,0.000307636,0.1331895,6.866866,2.888564
0.004359578,0.003367113,-0.0004502444,0.133065,6.867001,2.837939
0.001316376,0.0007746381,-0.0001276357,0.1106679,6.889422,2.837588
0.000850116,0.002293623,0.001995187,0.1099673,6.864236,2.812313
0.003648744,0.0002857219,0.002187505,0.135976,6.890081,2.8123
0.0009590714,0.00240908,-0.0001836359,0.1099857,6.864324,2.837887
0.004291238,0.00329955,0.001950778,0.133015,6.867044,2.812774
0.003638413,0.0002657806,-0.0006515728,0.1358829,6.890063,2.837872
0.004771062,0.004699994,-0.000137672,0.1335339,6.86655,2.940092
0.0007724931,0.003789938,-0.000167691,0.110127,6.864296,2.913049
0.00401803,0.0006244745,0.0007157398,0.1358893,6.889921,2.913006
0.001193719,0.001120489,-5.757687e-05,0.1108169,6.889257,2.93824
0.004896057,0.004829344,0.0002237671,0.1332744,6.866784,2.914091
0.0009333483,0.003842149,0.0001722021,0.1104056,6.864736,2.938798
0.004069748,0.0007412104,-0.0004083607,0.1354435,6.889652,2.938739
0.004314142,0.004797863,0.001565592,0.1330327,6.840077,2.967113
0.00561624,0.01144624,0.0001572786,0.1344417,6.812705,2.990534
0.001416622,0.01306535,-0.002568442,0.1095036,6.812355,2.965751
0.001543369,0.005878281,-0.0002430218,0.1105018,6.838084,2.989567
0.004613143,0.004710889,-0.0003689682,0.1347035,6.838765,2.989917
0.00437592,0.01153622,3.640683e-05,0.1319668,6.814136,2.968134
0.001947128,0.005797015,-0.0005514908,0.1101791,6.838484,2.965504
0.004872883,0.003425401,-0.001653667,0.1600264,6.867069,2.967075
0.009395548,0.004977898,-0.0001484515,0.1873817,6.865771,2.990508
0.01324873,0.001546693,0.002504561,0.1877611,6.890539,2.965638
0.004893063,0.0007961549,5.648159e-05,0.1620166,6.889608,2.98951
0.004811435,0.003405525,7.336852e-05,0.1613639,6.865516,2.989876
0.005750488,0.002442182,0.001138978,0.1616605,6.889877,2.965392
0.009559431,0.003972551,-6.82789e-05,0.1859643,6.86814,2.968095
0.003294848,0.003531649,-0.0001518935,0.1336872,6.866435,2.966512
0.00110709,0.001134177,-0.0001136821,0.1111314,6.888947,2.963216
0.0009622082,0.00433051,8.677944e-05,0.1110681,6.863253,2.989028
0.00439527,0.0008420421,-0.0001950722,0.1369081,6.889078,2.988995
0.003428678,0.003678135,-2.539947e-05,0.1358095,6.864418,2.989754
0.0007616697,0.004552966,-0.0001934973,0.1103696,6.864142,2.96437
0.004503941,0.0006734437,-0.0001514196,0.1360212,6.889733,2.964297
0.1068683,0.01489013,0.01036328,0.9625213,6.86759,2.967423
0.1400738,0.02184607,0.005968796,0.9878416,6.864801,2.990202
0.1409883,0.01108052,0.01669758,0.9878395,6.890274,2.964429
0.1005313,0.0002816103,-0.002595702,0.9625146,6.889622,2.989486
0.08833532,0.004781436,0.005374889,0.9622467,6.864785,2.990227
0.09076343,0.006006992,0.001148214,0.96224,6.890299,2.964424
0.1385075,0.02921709,0.02141171,0.987468,6.867586,2.967422
0.09359815,-0.0002076178,-0.003478315,0.9376045,6.867921,2.967741
0.1004119,0.004213258,-0.008078609,0.9116704,6.890791,2.96542
0.1024897,-0.007123905,-0.0006185787,0.9117276,6.865809,2.990696
0.09818321,0.006933988,0.003743984,0.9373475,6.88981,2.989666
0.08434341,0.003656691,-0.001875622,0.9376793,6.865166,2.990379
0.1041749,-0.00626168,-0.008892272,0.9125853,6.868645,2.968446
0.09207856,-0.0006149731,0.001313154,0.9376614,6.890457,2.96479
0.1187421,-0.00363756,-0.008502882,1.037401,6.868647,2.968453
0.1524242,-0.002794581,-0.003647149,1.012209,6.865185,2.990352
0.1588428,-0.002211902,-0.008020469,1.012215,6.890432,2.964795
0.1006609,-0.002916898,-0.00237206,1.038795,6.890257,2.990118
0.1124051,0.004763833,-0.004618495,1.038146,6.865817,2.990715
0.1537141,-0.005839734,-0.01181835,1.012385,6.867915,2.967739
0.1140495,-0.006513412,-0.0004918715,1.038192,6.890808,2.965427
0.2990663,0.001150834,0.02909713,2.651128,6.653283,0.1399621
0.2842477,-0.008619569,-0.0005665881,2.649998,6.753205,0.04586744
0.28438,0.003099985,0.01626105,2.650718,6.756383,0.1427135
0.2892302,0.02927918,-0.01460786,2.748499,6.649404,0.04525188
0.2726962,0.02522766,-0.009759154,2.75004,6.753051,0.04651611
0.3053217,0.04173782,-0.0218066,2.752688,6.653109,0.1418574
0.2906941,0.009410126,-0.02650432,2.751915,6.756051,0.1437864
0.3181029,-0.00579969,0.01939485,2.624989,6.833515,0.06664327
0.2539166,0.005963779,0.000403325,2.62496,6.878745,0.02141792
0.255947,0.006882206,0.009422758,2.624448,6.879833,0.07142475
0.2583171,0.01269321,0.001253513,2.675644,6.879826,0.0714007
0.2713033,0.001767708,0.0112017,2.675595,6.828966,0.02024334
0.2894476,0.002672476,0.01703737,2.675223,6.833507,0.06666681
0.2601756,0.01383819,0.006908417,2.675068,6.878746,0.02141576
0.3188274,-0.006527897,-0.00922023,2.612534,6.867539,2.967397
0.274702,0.001917888,0.001372885,2.612502,6.889598,2.989487
0.3272997,-0.006106577,-0.0143991,2.612151,6.890255,2.964441
0.2675026,-0.02433113,-0.02658009,2.637506,6.867511,2.96738
0.2654856,0.007232435,0.008735623,2.637494,6.889595,2.989481
0.2688037,-0.01197783,-0.0084567,2.637775,6.864693,2.990218
0.2675685,-0.01098024,-0.01528315,2.637768,6.890277,2.964403
0.2440262,-0.0155476,-0.01914145,2.662453,6.867785,2.967638
0.251189,-0.006514389,0.01904215,2.688406,6.89072,2.965194
0.2599924,0.02731632,-0.002540195,2.68837,6.865474,2.99066
0.2629581,-0.00280951,3.749354e-05,2.662677,6.889761,2.989644
0.2327347,-0.008618823,-0.0009120355,2.662362,6.864998,2.99036
0.2676259,0.02166003,0.01391753,2.68753,6.868379,2.968226
0.2330081,-0.004665451,-0.01243576,2.662377,6.890416,2.964706
0.4818309,0.03036836,-0.01149516,2.84627,5.248988,0.04522051
0.4412819,0.01858268,-0.008388354,2.846064,5.44902,0.04530797
0.4070643,0.0116794,-0.006900894,2.846073,5.649014,0.04531799
0.3795896,0.006620043,-0.006276698,2.846074,5.849011,0.04531803
0.3557166,0.002539544,-0.00644691,2.846226,6.049054,0.04526594
0.33861,0.0004056359,-0.006650353,2.846133,6.248974,0.04533217
0.3238072,0.00440283,-0.006136826,2.84658,6.448517,0.04577325
0.3388922,0.007998068,-0.01281819,2.848142,6.648247,0.04632335
0.3154294,-0.01550412,-0.003900619,2.824285,6.827045,0.02145137
0.3116328,-0.007757224,-0.008502885,2.858189,6.653195,0.2473871
0.3290198,0.005903715,-0.001624463,2.85353,6.853373,0.2492252
0.3155643,-0.006090622,-0.001606318,2.860723,6.653396,0.4494419
0.3311012,0.004036208,0.003364005,2.853833,6.853462,0.4499623
0.3173358,-0.00420603,-0.0002438654,2.86114,6.653092,0.6498136
0.3294541,0.004050394,0.00100197,2.85368,6.853264,0.6499773
0.3190346,-0.004390696,0.0003292711,2.861172,6.652898,0.8498789
0.329486,0.004795078,-0.0001129131,2.853514,6.853217,0.8499508
0.5069132,0.09923015,0.0008894134,2.714991,5.100017,1.099029
0.3189932,-0.004412805,0.0008582953,2.861168,6.652806,1.049899
0.3290563,0.005123895,0.0001065627,2.853468,6.853204,1.04997
0.5073142,0.09907275,-0.0003819524,2.715109,5.099975,1.299566
0.4551066,0.07860945,-0.0002213063,2.719012,5.299518,1.299567
0.319541,-0.004484805,0.0009178644,2.861167,6.652766,1.249911
0.3291927,0.005269649,2.331178e-05,2.853465,6.8532,1.249987
0.5072517,0.09931208,-3.511857e-06,2.71514,5.099961,1.500001
0.454985,0.07876945,-3.518252e-05,2.719052,5.299496,1.500002
0.4154884,0.06103454,-4.973562e-05,2.72079,5.499033,1.500003
0.3193546,-0.004534048,0.001090951,2.861168,6.652752,1.449921
0.3290419,0.005276112,0.0001237046,2.853467,6.853199,1.449993
0.5073048,0.09903447,0.0004037943,2.715111,5.099975,1.700437
0.4551044,0.0785608,0.0001855125,2.719015,5.299518,1.70044
0.4155797,0.06088358,0.0001993621,2.720747,5.499065,1.700429
0.382987,0.04767634,7.179895e-05,2.721325,5.698475,1.700405
0.3574616,0.03738391,0.0001198134,2.721272,5.897617,1.700366
0.319563,-0.004494328,0.00106209,2.861168,6.652756,1.64993
0.3291334,0.005302926,4.375882e-05,2.853466,6.853199,1.649998
0.5068945,0.09916057,-0.0009226609,2.714997,5.100017,1.900979
0.4546596,0.07859404,-0.001458561,2.718869,5.299582,1.90099
0.4151915,0.06094265,-0.001647646,2.72058,5.49916,1.900972
0.3825869,0.0475861,-0.001828699,2.721148,5.698615,1.900927
0.3570944,0.03721116,-0.001661719,2.721099,5.897814,1.90085
0.3365592,0.02618731,-0.00167348,2.720356,6.096646,1.900729
0.3190596,-0.004445691,0.00118221,2.86117,6.652781,1.849944
0.3288966,0.005207681,0.0001101197,2.853465,6.853202,1.850009
0.5066759,0.09807983,0.001797213,2.714699,5.100081,2.101786
0.4546727,0.07791533,0.0008766156,2.718485,5.299681,2.101825
0.4151429,0.06058416,0.0009224731,2.720141,5.49931,2.101813
0.3826314,0.0477119,0.0004541179,2.720685,5.698843,2.101756
0.3570742,0.0375618,0.0005818396,2.720644,5.89815,2.101644
0.3367236,0.02708071,0.0002283954,2.719947,6.097117,2.101449
0.322331,0.02269584,0.0007723882,2.71786,6.295644,2.101132
0.3290533,0.005169116,-0.0002386666,2.853481,6.853209,2.05003
0.5049876,0.09896016,-0.003692863,2.713953,5.100154,2.303169
0.4528339,0.07801393,-0.005210346,2.7175,5.299802,2.303269
0.4133924,0.06074012,-0.005550964,2.719023,5.499501,2.303286
0.3808448,0.04737175,-0.005843675,2.719512,5.699142,2.303234
0.3553888,0.03705399,-0.005387223,2.719482,5.898614,2.3031
0.3349971,0.02640135,-0.005310208,2.718875,6.097816,2.30283
0.3207861,0.02147348,-0.003296111,2.716998,6.296646,2.302309
0.3108043,0.008015655,-0.003606895,2.712479,6.495351,2.301442
0.506023,0.09600954,0.005471035,2.712035,5.100192,2.505818
0.454808,0.07681724,0.003274776,2.714946,5.299916,2.506002
0.4153247,0.06051119,0.002855722,2.716165,5.499705,2.506067
0.3829395,0.04840607,0.002100601,2.716543,5.699473,2.50604
0.3571788,0.03850127,0.001991332,2.716528,5.899151,2.505912
0.3370562,0.0295517,0.001434108,2.716089,6.098677,2.505605
0.3220778,0.02428001,0.0022493,2.714624,6.29802,2.504843
0.3126441,0.0151587,-5.396487e-05,2.710991,6.497498,2.503267
0.3153295,0.02111541,0.005757481,2.705557,6.699982,2.501024
0.4974067,0.09942221,-0.007277777,2.70798,5.100102,2.710383
0.4463825,0.07648437,-0.008810887,2.70957,5.299981,2.710547
0.4071671,0.06074813,-0.008477088,2.710285,5.499879,2.710648
0.37514,0.04768806,-0.008515567,2.710483,5.699764,2.710634
0.3497914,0.03727983,-0.008237026,2.710492,5.899647,2.710558
0.3300495,0.02758041,-0.007813917,2.710351,6.099482,2.710366
0.315455,0.02055133,-0.005496518,2.709512,6.299314,2.709487
0.3052377,0.009796417,-0.005075944,2.707362,6.499844,2.70725
0.3091519,0.009618037,0.009662533,2.704065,6.7035,2.703668
0.2897525,-0.001782606,-0.008131296,2.646312,6.853538,2.645877
0.5244166,0.09299537,0.01612569,2.700558,5.100009,2.905229
0.4775472,0.07492365,0.01269531,2.701066,5.299989,2.905349
0.4372707,0.06093539,0.009778342,2.701394,5.499986,2.905431
0.4034097,0.04989858,0.008455633,2.701409,5.699936,2.905423
0.3765935,0.04000224,0.007583788,2.701441,5.899952,2.905402
0.3552172,0.03296106,0.007403536,2.701692,6.099931,2.905366
0.3383923,0.02797495,0.009271181,2.701584,6.299522,2.904733
0.3217898,0.02634257,0.006656112,2.701468,6.49925,2.902875
0.5390364,0.08267916,-0.01622923,2.84673,5.150937,0.04510509
0.4867128,0.05965759,0.07581832,2.856865,5.150002,0.1427961
0.4871009,0.06462962,-0.01018251,2.846099,5.350997,0.04529126
0.4352792,0.04943598,0.06923986,2.856845,5.250032,0.1429978
0.4284353,0.03995582,0.06537225,2.856879,5.350006,0.1431055
0.4452792,0.05403273,-0.008337184,2.846061,5.550988,0.04531407
0.3912078,0.03553972,0.06223115,2.856892,5.450026,0.1431497
0.3865314,0.0294124,0.06006008,2.856914,5.549984,0.1431661
0.4104682,0.04543219,-0.007137523,2.846076,5.750984,0.04531937
0.3573587,0.02743148,0.05792077,2.856922,5.650011,0.1431799
0.3539501,0.02221436,0.0563145,2.856929,5.74997,0.1431833
0.3821184,0.03921174,-0.006505407,2.846103,5.950988,0.04530944
0.3308651,0.0213643,0.05454184,2.85693,5.849998,0.1431831
0.3271896,0.01646379,0.05304811,2.856946,5.949962,0.1431723
0.3589362,0.03174601,-0.008167089,2.846235,6.15099,0.04530846
0.3099755,0.01669644,0.05093888,2.856985,6.049997,0.1431406
0.3030914,0.01183819,0.04933398,2.85697,6.14997,0.14315
0.3407811,0.02759746,-0.00813868,2.846221,6.35084,0.04550579
0.2966245,0.01149259,0.04995854,2.856841,6.25002,0.143263
0.2959174,0.004992482,0.04913644,2.856636,6.350095,0.1434532
0.3253888,0.01469721,-0.004830351,2.849187,6.548646,0.04687087
0.2953573,0.004443659,0.05200527,2.856359,6.450334,0.1437128
0.2934476,-0.0100172,0.04383039,2.855803,6.551037,0.1442598
0.3272266,0.01226415,-0.002199357,2.850804,6.752081,0.04805021
0.3134638,0.002928285,0.003102644,2.855204,6.652304,0.1448661
0.3056465,-0.00917865,0.008735809,2.854283,6.754903,0.1459515
0.2968705,0.03189394,-0.01214612,2.775682,6.828107,0.02065753
0.2887629,0.0146548,-0.01248826,2.750864,6.85328,0.1468058
0.3204253,-0.004040777,-0.000779168,2.852618,6.852359,0.1479006
0.3341988,0.003051347,0.0004288744,2.853795,6.853574,0.349757
0.3287685,0.004463172,0.001835313,2.853779,6.853336,0.550002
0.3279728,0.004713289,0.0002652684,2.853581,6.85323,0.7499667
0.328962,0.005170684,0.000199003,2.853481,6.853209,0.9499697
0.3288587,0.005214728,-0.0001215182,2.853465,6.853202,1.149991
0.3291094,0.005301386,-5.718843e-05,2.853466,6.853199,1.350002
0.3290399,0.005278592,-0.0001355099,2.853467,6.853199,1.550007
0.329218,0.005268806,-3.139103e-05,2.853465,6.8532,1.750013
0.3291008,0.005121091,-0.0001314364,2.853468,6.853204,1.950029
0.2889141,0.01493863,0.01150004,2.750932,6.852642,2.851593
0.3035089,0.02761229,0.01066849,2.775393,6.825695,2.978319
0.3193933,-0.01789324,0.002880023,2.824219,6.826224,2.978238
0.3296055,0.004786542,0.0001201478,2.853514,6.853217,2.150049
0.3060655,0.04253365,0.02189313,2.753125,6.652492,2.858066
0.2917315,0.009208794,0.02427427,2.752178,6.755115,2.855473
0.2900628,0.02797614,0.01464353,2.749095,6.648562,2.954712
0.2810612,0.02507585,0.008325343,2.750432,6.75132,2.952932
0.3113375,0.003302653,-0.0009985806,2.824913,6.877541,0.0226048
0.3159722,-0.009558623,0.0162426,2.826033,6.831558,0.06868825
0.2939277,0.003784545,0.01846242,2.824645,6.878632,0.07322672
0.2855667,0.004942021,0.002927137,2.856381,6.75618,0.2481677
0.306857,-0.004870548,0.002433406,2.860045,6.653451,0.3489436
0.2811005,-0.003323721,0.001272005,2.85741,6.756536,0.3493283
0.287445,0.003398942,-0.0007628101,2.857741,6.756448,0.4497632
0.3146552,-0.005250811,-0.0004364815,2.861064,6.653229,0.5498374
0.2866514,0.003576269,-0.000392476,2.857819,6.756294,0.5499299
0.2890508,0.004342474,-0.001006315,2.857791,6.756189,0.6499526
0.3171381,-0.003821796,-0.001407967,2.861181,6.652971,0.7500002
0.2887793,0.004726837,-0.0006218563,2.857749,6.756123,0.7499716
0.2908237,0.005033541,-0.000583161,2.857711,6.756087,0.8499584
0.3190066,-0.004326243,-0.001199868,2.861175,6.65284,0.9500387
0.2906387,0.005405087,-0.0001992345,2.85769,6.756064,0.9499794
0.2905964,0.005256632,-0.0001279777,2.857679,6.75605,1.049971
0.3190093,-0.004420778,-0.001196359,2.861169,6.652781,1.150057
0.2904837,0.005377934,-0.0002476123,2.857676,6.756041,1.149994
0.2910781,0.00548741,-0.0001261151,2.857675,6.756036,1.249983
0.3195281,-0.004490305,-0.001075753,2.861168,6.652757,1.35007
0.2910312,0.005539792,-8.150127e-05,2.857675,6.756033,1.350004
0.290864,0.005490378,6.717053e-05,2.857675,6.756031,1.44999
0.3193528,-0.004534045,-0.001103332,2.861168,6.652752,1.550079
0.2908619,0.005492197,-7.696688e-05,2.857675,6.756031,1.55001
0.2910612,0.005542521,7.152233e-05,2.857675,6.756032,1.649996
0.3195761,-0.004488708,-0.0009251343,2.861167,6.652766,1.750089
0.2911074,0.005490325,0.0001231511,2.857675,6.756036,1.750017
0.2905209,0.005373869,0.0002438673,2.857676,6.756041,1.850006
0.3190426,-0.004437,-0.0008759963,2.861168,6.652806,1.950103
0.2906344,0.005253768,0.0001106038,2.857679,6.75605,1.95003
0.2907634,0.005405292,0.0001762172,2.85769,6.756064,2.050022
0.265933,0.005861033,0.00313657,2.724686,6.879736,0.07161165
0.2542659,-0.0007705393,-0.003323941,2.724571,6.828731,0.02033569
0.272903,0.001657674,-0.009722408,2.775251,6.878278,0.02186606
0.3071153,0.03100943,-0.02818205,2.775692,6.832707,0.06749269
0.2828429,0.002400049,0.004610846,2.725286,6.8333,0.06687373
0.2820874,0.0006773593,-0.02103414,2.775889,6.879421,0.07221085
0.2580501,0.004041528,-0.001759219,2.725127,6.878637,0.02151719
0.2678788,-0.003832636,-0.005619696,2.725023,6.878431,2.925471
0.313875,0.03080501,0.02177875,2.775664,6.830837,2.930696
0.2675559,0.001224106,-0.0008661008,2.724963,6.825686,2.978395
0.2593502,0.0003704874,0.003060923,2.774782,6.876969,2.976876
0.2859716,0.002656335,-0.002951325,2.725387,6.830965,2.930867
0.28286,0.001935174,0.01515754,2.775495,6.878339,2.925515
0.259886,-0.002776258,0.0001009284,2.72542,6.876997,2.976885
0.3172848,-0.01404014,-0.02455444,2.826164,6.830102,2.929917
0.2742803,0.002767744,0.01304595,2.811192,6.890155,2.990052
0.3010186,0.007435819,-0.02878277,2.824378,6.878273,2.926046
0.05084569,0.2804032,0.005618775,0.3525279,5.048998,0.04268601
0.009612783,0.2237929,-0.001025655,0.2461143,5.150001,0.04524655
0.02410057,0.2551466,0.0003365022,0.3525177,5.151004,0.04269238
0.008526201,0.2295655,0.009639466,0.2387553,5.050016,0.1415662
0.05624544,0.2829818,0.002387341,0.3404192,5.050186,0.1380154
0.02265777,0.2231776,-0.01680757,0.2387459,5.149976,0.1415745
0.03039565,0.2591432,-0.02651409,0.3404042,5.149804,0.1380204
0.05068253,0.2610417,0.006929473,0.3525158,5.248994,0.04269382
0.009444844,0.1953677,3.752468e-05,0.2461129,5.350001,0.04524759
0.02409271,0.2217567,0.001344602,0.3525159,5.351003,0.04269417
0.00895854,0.1919667,0.009669177,0.2387425,5.250018,0.1415767
0.05161828,0.2556512,0.002744649,0.3404012,5.250184,0.1380231
0.02176455,0.2000041,-0.01579254,0.2387426,5.349976,0.1415768
0.02851625,0.2259414,-0.02398129,0.3404031,5.349803,0.1380238
0.04944461,0.2331982,0.007801419,0.3525168,5.448994,0.04269458
0.00961393,0.1672352,0.0003807887,0.2461141,5.550001,0.04524785
0.02375791,0.1862488,0.002263184,0.3525191,5.551003,0.04269528
0.009516653,0.1631891,0.008639732,0.2387445,5.450019,0.141577
0.04956366,0.2242265,0.00220304,0.3404089,5.450183,0.1380262
0.02115598,0.1775724,-0.01474432,0.2387485,5.549978,0.1415775
0.02873948,0.1963827,-0.02193723,0.3404214,5.549805,0.1380296
0.04750377,0.201365,0.007407622,0.3525224,5.648995,0.0426963
0.01015236,0.1396113,0.0006718766,0.2461177,5.750003,0.04524927
0.02337311,0.1517909,0.002768459,0.352529,5.751006,0.04269831
0.009759097,0.1364602,0.007542641,0.2387544,5.650024,0.141579
0.0473059,0.1920531,0.0008634254,0.340438,5.650184,0.1380354
0.02050776,0.1562796,-0.01354258,0.2387651,5.74999,0.141583
0.02897235,0.1676451,-0.02032168,0.3404723,5.749814,0.1380462
0.04564643,0.1688702,0.006472476,0.352538,5.848999,0.04270114
0.01068974,0.1126368,0.001819557,0.2461284,5.950011,0.0452548
0.02314405,0.1191875,0.002951757,0.3525574,5.951012,0.04270639
0.009267804,0.1145598,0.00634369,0.2387814,5.850043,0.1415902
0.04458738,0.1603093,-0.000850587,0.3405158,5.850189,0.1380603
0.01963743,0.1330777,-0.01215608,0.2388135,5.95002,0.1416044
0.02801164,0.1382739,-0.01856866,0.3406106,5.949832,0.1380892
0.043788,0.1362912,0.005353048,0.3525845,6.049007,0.04271504
0.011337,0.08758479,0.001785019,0.2461685,6.150027,0.0452742
0.02330927,0.0893377,0.003333757,0.3526296,6.151012,0.04273884
0.008399151,0.09902672,0.004267227,0.2388736,6.050083,0.1416288
0.04490139,0.1294645,-0.002794114,0.3407343,6.050191,0.1381264
0.01456406,0.1051827,-0.01113336,0.2390092,6.150063,0.1416691
0.02989254,0.1085388,-0.01675775,0.3410055,6.149854,0.1382027
0.04311108,0.1040273,0.004369699,0.3526932,6.248993,0.04278118
0.01233401,0.06349232,0.00189253,0.2462745,6.350019,0.04535974
0.02521952,0.0626105,0.003816272,0.3526397,6.350841,0.04294582
0.01184822,0.07922046,0.001522436,0.2392703,6.250106,0.1417306
0.04565751,0.09797704,-0.006296702,0.3413569,6.250178,0.1383251
0.01393873,0.07557063,-0.0106271,0.2397961,6.350076,0.141818
0.03294422,0.07761349,-0.01616784,0.3420598,6.34994,0.1385856
0.04120899,0.07181352,0.002787028,0.3523021,6.448417,0.04324833
0.0109282,0.03216161,0.0008617311,0.2462484,6.549864,0.04577415
0.03645857,0.0450595,0.00182131,0.3498987,6.548357,0.04446176
0.01390443,0.05695714,0.001713696,0.240707,6.450197,0.1419552
0.04283491,0.06634073,-0.007615847,0.3429846,6.450396,0.1390397
0.0160049,0.04790581,-0.004760526,0.2419582,6.550609,0.1423066
0.03266976,0.04848765,-0.01314585,0.3446532,6.550949,0.1399851
0.005801232,0.2937731,0.07284516,0.13804,5.050068,0.2431331
-0.001709986,0.2776827,-0.05217455,0.1380335,5.149924,0.2431354
0.02995318,0.202449,0.02423146,0.1216936,5.049185,0.3451976
-0.02082147,0.1894375,-0.009801439,0.1216926,5.150804,0.3451954
0.005574667,0.2613729,0.06665732,0.1380322,5.250069,0.2431346
-0.001459523,0.2437829,-0.04846622,0.1380322,5.349924,0.243133
0.02802723,0.177908,0.02236033,0.1216922,5.249184,0.3451925
-0.01887945,0.1651654,-0.008925964,0.1216919,5.350808,0.3451917
0.005360735,0.2281896,0.06159832,0.1380327,5.45007,0.2431302
-0.001308971,0.2102702,-0.04379701,0.138034,5.54993,0.2431278
0.02582743,0.1541083,0.02037774,0.121692,5.449193,0.3451876
-0.01679488,0.1416648,-0.007939223,0.1216915,5.550835,0.3451967
0.005165123,0.195781,0.05576468,0.1380357,5.650085,0.2431248
-0.001170849,0.1769898,-0.03868982,0.13804,5.749963,0.2431268
0.02337764,0.1311034,0.0182468,0.1216924,5.649241,0.345199
-0.01455457,0.1189956,-0.006871926,0.121692,5.750928,0.3452392
0.004990068,0.1645016,0.04879863,0.1380464,5.850144,0.2431339
-0.001333502,0.1444084,-0.03359555,0.1380652,5.950062,0.2431595
0.020633,0.108895,0.01590007,0.1216962,5.849384,0.3452745
-0.01219229,0.09725574,-0.005695307,0.1217159,5.951063,0.3453232
0.005088623,0.1337409,0.0408867,0.1381089,6.050288,0.2432122
-0.002675258,0.1129924,-0.02773783,0.1382367,6.150256,0.2433452
0.01732364,0.0878697,0.01349377,0.121756,6.049446,0.3454018
-0.01049442,0.0772978,-0.003336835,0.1219747,6.150269,0.3450954
0.007458655,0.1037551,0.02440523,0.1384775,6.250626,0.2438913
-0.0096641,0.08219952,0.002914914,0.1390168,6.350592,0.2449344
0.01050154,0.07485593,0.01225176,0.122334,6.247022,0.3457361
-0.0005306875,0.05858651,0.0293462,0.1226945,6.343546,0.3456106
0.007045212,0.06792526,0.01271702,0.1408422,6.450981,0.2463033
-0.003719595,0.04573285,-0.00122901,0.1432452,6.550798,0.2472607
0.0158615,0.03606206,0.01584734,0.130325,6.445243,0.3538471
-0.004412807,0.03213682,0.005464161,0.1402765,6.551654,0.3480582
0.0514119,0.009150633,0.0003564718,0.5505731,6.853862,0.2495127
0.04758911,0.002125355,0.0015266,0.4503145,6.854367,0.3502809
0.06666328,0.009420464,0.0005258996,0.5543876,6.853689,0.353982
0.08770449,0.01798481,-0.007590734,0.7501568,6.852181,0.2478284
0.07117079,-0.004797277,0.00176385,0.6521549,6.850042,0.3487753
0.0731743,0.00930196,-0.005484945,0.7530184,6.847274,0.3436095
0.1032115,0.01552081,-0.008192149,0.9499423,6.851649,0.2479592
0.08867094,-0.003482951,0.008599561,0.8499648,6.846391,0.3429066
0.07935064,0.01125309,-0.003587118,0.9509816,6.846116,0.343028
0.1144762,0.01631544,-0.001867348,1.149917,6.851661,0.2477774
0.09232647,-0.001856233,0.007326053,1.04888,6.845962,0.3431006
0.1100496,0.01406484,-0.002312829,1.150754,6.845909,0.343141
0.1472332,0.0211767,-0.01011756,1.349964,6.851558,0.2482153
0.1227323,-0.004297068,0.005459188,1.248854,6.845858,0.3432395
0.1130512,0.01283023,-0.00601955,1.350845,6.845831,0.3433693
0.1661101,0.02120048,-0.009641297,1.550017,6.851482,0.2485422
0.1272147,-0.004738719,0.008196545,1.448937,6.845796,0.3435085
0.1267666,0.01348133,-0.006389215,1.550923,6.845799,0.3435048
0.1732388,0.01937643,0.0007668089,1.750041,6.85162,0.2479142
0.1284579,-0.005993585,0.007671338,1.649006,6.84581,0.3433894
0.1753357,0.01935198,-0.001215426,1.750987,6.845835,0.343267
0.197967,0.02277616,-0.007619789,1.950092,6.851601,0.248033
0.1723777,-0.008141138,0.007080244,1.849078,6.845843,0.3432336
0.1744566,0.01414109,-0.009637457,1.95106,6.845861,0.3432932
0.2268416,0.0262582,-0.002441885,2.150124,6.851475,0.2486801
0.1785926,-0.007153568,0.007481739,2.049152,6.845868,0.3434129
0.2043892,0.01882157,-0.01398307,2.15101,6.845933,0.3434451
0.2641759,0.03035361,-0.02458267,2.349968,6.851651,0.2484081
0.2178472,-0.01374128,-0.0002389457,2.248906,6.846066,0.3433627
0.1880665,0.01580218,-0.01275063,2.349918,6.846377,0.3431528
0.2583464,0.04684341,-0.002610989,2.548021,6.850029,0.3487379
0.2734578,-0.01821683,0.02867343,2.449867,6.852088,0.248214
0.1899493,-0.00488012,0.01524979,2.446939,6.84723,0.343775
-0.003234542,0.0129306,-0.002403662,0.1225637,6.453451,0.4561665
-0.01204484,0.04427072,0.001276764,0.1383064,6.553004,0.4490236
-0.004114772,0.01524791,-0.002034488,0.1221774,6.453318,0.552882
-0.009164302,0.0396099,-0.001627762,0.137684,6.553999,0.5492213
0.05727123,0.01240144,0.006850162,0.549302,6.850191,0.4520669
0.03321591,0.001446328,0.0004867234,0.4489553,6.852744,0.5502292
0.05528956,0.02386509,-0.001352162,0.5441253,6.847435,0.5530659
-0.006363442,0.01838981,-0.00294473,0.1218108,6.453951,0.6496956
-0.01333478,0.0468264,-0.001847813,0.137428,6.554536,0.6496976
-0.005374592,0.01709702,0.005518153,0.1215878,6.453643,0.7505407
-0.01130545,0.04570672,-0.001560776,0.1372724,6.554646,0.7496624
0.05462056,0.02108474,0.004480035,0.5433522,6.846599,0.6500776
0.03242505,0.001065597,0.0001376464,0.4489439,6.852233,0.7500436
0.05305978,0.02522424,-0.002095008,0.5434692,6.846298,0.751056
-0.0008437619,0.01338706,-0.0002023153,0.1215465,6.45372,0.8489314
-0.0145642,0.04377022,-0.001059469,0.1372271,6.554696,0.8499435
-0.0062646,0.01643494,-0.006074626,0.121525,6.453768,0.9506115
-0.01231308,0.04682676,-0.001686516,0.1371961,6.554711,0.9498197
0.05628054,0.02143916,0.00331251,0.5436017,6.846152,0.8489827
0.03197123,0.0009010331,8.963397e-05,0.4491384,6.852149,0.9500229
0.0535913,0.02600394,-0.002417171,0.5436805,6.846075,0.9508055
-0.006050429,0.01762537,0.007203513,0.1215204,6.453802,1.04907
-0.01313631,0.0474782,-0.0006051253,0.1371894,6.554716,1.050056
-0.001063321,0.01253768,0.0003415951,0.12152,6.453842,1.150754
-0.0137448,0.04299123,-0.0007470596,0.1371796,6.554714,1.149882
0.05754863,0.02150244,0.002097481,0.5437219,6.846041,1.048934
0.03264405,0.0009452931,0.0003124797,0.4491729,6.852127,1.150076
0.05318711,0.02598031,-0.001190493,0.5437272,6.846018,1.150872
-0.00500467,0.01816623,-0.0001801312,0.1215189,6.453846,1.249162
-0.0128286,0.04836072,-0.0001514246,0.1371778,6.554711,1.250093
-0.0004930553,0.01319877,0.0001186954,0.121519,6.453857,1.3508
-0.01426117,0.04289601,-0.0001312532,0.1371742,6.554707,1.349898
0.05894917,0.02272122,0.001516759,0.5437336,6.846007,1.248995
0.03283476,0.0009589238,0.0006073171,0.4491696,6.85212,1.350109
0.05317665,0.02576455,0.002080548,0.5437294,6.846001,1.350927
-0.0068098,0.01607545,-0.008994243,0.1215188,6.453855,1.449188
-0.01238782,0.0456484,-7.124564e-05,0.1371737,6.554705,1.450101
-0.006853528,0.01616372,0.008865423,0.1215188,6.453855,1.550812
-0.01237409,0.04571361,-6.468073e-07,0.1371737,6.554705,1.549899
0.05305458,0.0251172,0.0006184226,0.5437298,6.845998,1.449037
0.03329352,0.001165502,-8.460233e-05,0.4491682,6.852119,1.550126
0.05341574,0.02528497,-0.001854522,0.5437298,6.845998,1.550963
-0.000500344,0.0131658,-0.0001192097,0.121519,6.453857,1.6492
-0.01420835,0.04285351,0.0001436748,0.1371742,6.554707,1.650102
-0.005026541,0.01817622,0.0001797483,0.1215189,6.453846,1.750838
-0.01286491,0.04844413,0.0001992023,0.1371778,6.554711,1.749907
0.05448457,0.02505322,-0.002078722,0.5437293,6.846001,1.649073
0.04754237,0.002365211,0.00176559,0.4491729,6.852123,1.750147
0.05822866,0.02291841,-0.0006640788,0.5437334,6.846007,1.751005
-0.0009989454,0.01258004,-0.0003330679,0.12152,6.453842,1.849246
-0.01376779,0.04298505,0.0007015824,0.1371796,6.554714,1.850118
-0.006084332,0.01767033,-0.007441308,0.1215205,6.453802,1.95093
-0.01310248,0.04746374,0.0006147242,0.1371894,6.554716,1.949944
0.05343733,0.02577687,0.0008738076,0.543727,6.846018,1.849128
0.04786731,0.001738463,0.0004564599,0.4491674,6.852136,1.95019
0.0576604,0.02164692,-0.001917642,0.5437214,6.846041,1.951067
-0.006333624,0.01643302,0.006175772,0.121525,6.453768,2.049388
-0.01235111,0.04686144,0.001679093,0.1371961,6.554711,2.05018
-0.000875362,0.0133511,0.0002108558,0.1215465,6.45372,2.151069
-0.01455023,0.0438153,0.0009738005,0.1372272,6.554696,2.150057
0.05365815,0.02594938,0.002310012,0.5436797,6.846075,2.049195
0.04601884,0.001703205,-0.0006628485,0.4490768,6.852181,2.150225
0.05636757,0.02152124,-0.003299858,0.5436007,6.846152,2.151019
-0.005379027,0.01712945,-0.005448172,0.1215878,6.453644,2.249459
-0.01133657,0.04573268,0.001474364,0.1372725,6.554646,2.250338
-0.00633374,0.01838612,0.00286752,0.1218109,6.453951,2.350304
-0.01332544,0.04680252,0.001780975,0.1374282,6.554536,2.350303
0.05309498,0.02520563,0.002062936,0.5434682,6.846298,2.248947
0.04471817,0.001872696,-0.001307516,0.4487999,6.852378,2.350071
0.05452674,0.02113271,-0.004456103,0.5433514,6.846599,2.349932
-0.004145509,0.01529162,0.001951007,0.1221775,6.453319,2.447117
-0.009214754,0.03972521,0.001547821,0.1376842,6.554,2.450779
-0.00325334,0.012879,0.002293903,0.1225641,6.453452,2.543832
-0.01200914,0.04423017,-0.001426721,0.1383072,6.553006,2.550978
0.05537096,0.0239097,0.001249329,0.5441252,6.847435,2.446963
0.04939044,0.0009627375,-0.004171295,0.4497387,6.853522,2.550008
0.05717501,0.01242599,-0.006844289,0.5493026,6.850197,2.548013
0.02990783,0.2024395,-0.02411391,0.1216981,5.049184,2.654675
-0.02085712,0.1894181,0.009876842,0.1217048,5.150804,2.654568
0.005697217,0.2945118,-0.07084477,0.138072,5.050066,2.756609
-0.002490548,0.2774278,0.05456367,0.1381228,5.149912,2.756332
0.02803826,0.1778814,-0.02260751,0.1217087,5.249182,2.654512
-0.0188481,0.1651802,0.008873033,0.121704,5.35081,2.654581
0.005753444,0.2601561,-0.07094035,0.1381547,5.250068,2.756171
-0.001903479,0.2438496,0.04781085,0.1381207,5.349936,2.75635
0.02584863,0.1541267,-0.02032859,0.1216953,5.449197,2.654718
-0.01673798,0.1418712,0.008037165,0.1216857,5.550847,2.654822
0.004963311,0.2288865,-0.0582217,0.1380589,5.450082,2.756675
-0.001527376,0.209959,0.04586859,0.1379861,5.550032,2.756978
0.0234751,0.131094,-0.01823814,0.121677,5.649251,2.654882
-0.01453357,0.1189878,0.006838348,0.1216727,5.750927,2.654823
0.005850126,0.1937474,-0.05747084,0.1379548,5.650218,2.757075
-0.0002908466,0.1781942,0.03809692,0.137986,5.749964,2.75694
0.02054278,0.1089885,-0.01590313,0.1216875,5.849373,2.654675
-0.01225835,0.09715104,0.005657541,0.1217239,5.951053,2.654478
0.004528521,0.1668857,-0.04962894,0.1380151,5.850006,2.756766
-0.001956588,0.1433927,0.03511818,0.1381185,5.949951,2.756401
0.0173088,0.08781818,-0.01358084,0.1217703,6.049444,2.654354
-0.0104632,0.07728934,0.003314825,0.1219843,6.15027,2.654739
0.004992772,0.131901,-0.04359518,0.1382179,6.050292,2.756201
-0.002594596,0.1125814,0.02624032,0.1383032,6.150263,2.756299
0.01050377,0.07484735,-0.01226163,0.1223386,6.247021,2.654188
-0.0005365591,0.05870903,-0.02955849,0.1226967,6.343546,2.654363
0.007476082,0.1037656,-0.02467621,0.1385059,6.250628,2.755968
-0.009554869,0.08209858,-0.003187679,0.1390304,6.350592,2.755024
0.01587053,0.03602695,-0.01582974,0.1303264,6.445247,2.646148
-0.00447151,0.03226623,-0.005614177,0.1402778,6.551659,2.651945
0.007065361,0.06792813,-0.01293836,0.14085,6.45099,2.753692
-0.003714029,0.045761,0.001134052,0.1432519,6.550815,2.75275
0.06658895,0.009418796,-0.0008365119,0.554387,6.853707,2.646212
0.04636097,-0.001307891,-0.00333676,0.450232,6.854633,2.751116
0.05096067,0.009039256,-0.0004473745,0.5505682,6.853948,2.750921
0.07325402,0.009380918,0.005852938,0.7530209,6.847282,2.656457
0.05935886,0.0008163063,-0.0009832001,0.6502902,6.852995,2.751591
0.08917928,0.01837911,0.006379397,0.7501662,6.852211,2.752316
0.07803002,0.01120245,0.003918548,0.9509799,6.846105,2.65689
0.09982602,-0.003442429,0.0001268048,0.8499895,6.851788,2.752227
0.1073243,0.01675961,0.0099453,0.9499297,6.851603,2.751833
0.0989331,0.01239056,0.004535139,1.150752,6.845901,2.656797
0.1244561,-0.006879767,-0.005731696,1.049845,6.851577,2.751804
0.1191852,0.0165412,0.005360639,1.149913,6.851624,2.752056
0.1392852,0.01847206,-0.001016456,1.350845,6.845856,2.656833
0.1448791,-0.008063714,-0.01112575,1.249873,6.851657,2.75224
0.1301337,0.01754267,-0.0002363158,1.349974,6.85166,2.752266
0.1330511,0.01282776,0.008086482,1.550925,6.845815,2.656613
0.1443627,-0.006943225,0.00158996,1.449934,6.851626,2.752118
0.1718589,0.02441624,0.01722209,1.550008,6.851551,2.751778
0.1461234,0.01391011,0.007434674,1.750991,6.845793,2.656415
0.1802265,-0.01104177,-0.002897569,1.649961,6.851472,2.751416
0.1837301,0.02106717,0.006692386,1.750058,6.851453,2.751316
0.1522568,0.01410278,0.008018936,1.951057,6.845828,2.656453
0.1946183,-0.01156051,-0.002118496,1.85001,6.851477,2.751409
0.2037707,0.02277802,0.01074896,1.950082,6.85148,2.751404
0.1658021,0.01442664,0.009135383,2.151007,6.845929,2.656531
0.2132931,-0.01311234,-0.004899888,2.050054,6.85147,2.751346
0.2217428,0.02312226,0.00840147,2.150114,6.851473,2.751317
0.2084242,0.02084337,0.01227658,2.349924,6.846375,2.656835
0.2324698,-0.012273,-0.01370871,2.250023,6.8515,2.751366
0.2483485,0.02733788,0.004847098,2.349984,6.851656,2.751618
0.2633692,0.02625477,-0.002990699,2.549914,6.852823,2.750847
0.1949389,-0.004602442,-0.01407227,2.446946,6.847219,2.65612
0.2620608,-0.01542422,-0.02106269,2.449876,6.852054,2.751614
0.04608118,0.2216169,-0.002620973,0.3405936,5.450173,2.861895
0.01965248,0.1836971,0.01647547,0.2386793,5.549964,2.858496
0.02730159,0.1956605,0.02124423,0.3404096,5.549797,2.862003
0.03095241,0.1891149,-0.008927555,0.2463794,5.449976,2.954664
0.04872081,0.2313905,-0.00802795,0.352726,5.448996,2.957279
0.009139104,0.1709911,-0.0009705379,0.2459773,5.550107,2.954842
0.02319568,0.1868068,-0.003076805,0.3524241,5.551103,2.957358
0.04688499,0.1903548,0.0001079147,0.3402669,5.650188,2.86211
0.02353177,0.1650409,0.01359126,0.2382174,5.750004,2.858906
0.02606872,0.1630457,0.02052507,0.3402947,5.749824,2.862125
0.0303439,0.1570694,-0.008903429,0.2453034,5.650953,2.955305
0.04664224,0.1984271,-0.00676697,0.3523162,5.64914,2.957374
0.01429579,0.1438758,-0.001182552,0.2470309,5.75002,2.954243
0.02500143,0.1553993,-0.002277321,0.3524537,5.751004,2.957332
0.04579231,0.09819808,0.005468831,0.3415242,6.250197,2.861626
0.01401292,0.0756375,0.01023477,0.2398595,6.350098,2.858154
0.0331123,0.07783239,0.01603164,0.3421418,6.349995,2.861412
0.02436843,0.07943248,-0.003815115,0.246376,6.250021,2.954643
0.04400665,0.1040081,-0.005076931,0.3528652,6.249002,2.957205
0.01263331,0.06587932,-0.002169079,0.2463221,6.350034,2.954625
0.02625717,0.06453926,-0.003991937,0.3527089,6.350888,2.957057
0.04307297,0.06640042,0.007171359,0.3430268,6.450544,2.860997
0.01599852,0.04799679,0.004642218,0.2419802,6.550783,2.857755
0.03291848,0.04858675,0.0128105,0.3446768,6.551277,2.860126
0.02655522,0.06014196,-0.003569445,0.2462258,6.449939,2.954465
0.04168188,0.07168553,-0.003226614,0.3523349,6.448555,2.956767
0.01099809,0.03283955,-0.001000359,0.2462638,6.550061,2.954242
0.03660402,0.04532243,-0.002110424,0.3499164,6.548728,2.955584
-0.001081643,0.2410203,0.0007573373,0.1200915,5.124458,0.0705163
0.01176352,0.2352857,-0.003109716,0.1710812,5.124449,0.02000562
0.004819648,0.1838532,0.001530356,0.1212892,5.17502,0.02111193
-0.03297528,0.2842388,-0.05895585,0.1659081,5.17501,0.06595765
0.0107585,0.2553663,-0.006972657,0.165916,5.124987,0.06596005
-0.007012526,0.2930899,-0.01704586,0.1200913,5.175542,0.07051598
0.008733993,0.2039263,0.004297802,0.1212888,5.12498,0.02111223
0.01032161,0.2341024,0.0160697,0.1200923,5.275542,0.0705164
0.002592041,0.175062,0.0003230819,0.1212892,5.22498,0.02111192
0.008485076,0.2316976,0.003276434,0.1710809,5.27555,0.02000539
0.03593183,0.2887225,0.03370551,0.165908,5.22499,0.06595791
0.009492513,0.304473,0.01197202,0.1200914,5.224458,0.07051603
0.03459498,0.2386973,0.0411909,0.1659153,5.275012,0.06596104
-0.009568428,0.1846608,-0.01186971,0.1212889,5.27502,0.02111205
-0.001647017,0.2094729,0.001157366,0.1200922,5.324457,0.07051646
0.0111725,0.2055655,-0.003373552,0.1710809,5.32445,0.02000538
0.004238941,0.1595989,0.001348279,0.1212892,5.37502,0.02111185
-0.02865365,0.250296,-0.05234553,0.1659079,5.37501,0.06595779
0.008927833,0.2238216,-0.007500823,0.1659152,5.324987,0.06596103
-0.006094835,0.2577946,-0.01489923,0.1200915,5.375541,0.0705157
0.007770874,0.1780321,0.003864135,0.1212889,5.32498,0.02111203
0.009447278,0.1997416,0.01401753,0.1200924,5.475541,0.0705158
0.002425188,0.1519293,0.000285329,0.1212892,5.42498,0.02111182
0.008367059,0.1981823,0.003081741,0.1710809,5.47555,0.02000528
0.03565477,0.2524392,0.03318546,0.165908,5.424989,0.06595767
0.009106121,0.2660255,0.011359,0.1200915,5.424458,0.07051558
0.03250425,0.206043,0.03697303,0.1659154,5.475012,0.06596066
-0.008190333,0.1589783,-0.01072108,0.121289,5.47502,0.02111187
-0.001942624,0.1791297,0.001061959,0.1200923,5.524457,0.07051556
0.01054231,0.1765249,-0.0033575,0.171081,5.52445,0.02000524
0.003738063,0.1362971,0.001185693,0.1212893,5.57502,0.02111159
-0.02433056,0.2166097,-0.04599004,0.1659084,5.57501,0.06595715
0.006997728,0.1927654,-0.008534228,0.1659155,5.524987,0.06596053
-0.005079392,0.2230641,-0.0129395,0.1200916,5.575541,0.07051459
0.007018489,0.1533648,0.003528893,0.121289,5.52498,0.0211119
0.008511313,0.1668336,0.01214866,0.1200925,5.675541,0.07051416
0.002283689,0.1296552,0.0002505516,0.1212893,5.62498,0.02111156
0.008344267,0.1663271,0.002903715,0.1710811,5.67555,0.02000507
0.03472883,0.2168447,0.03182247,0.1659085,5.62499,0.06595692
0.008634733,0.2283946,0.01070184,0.1200915,5.624457,0.07051428
0.03010016,0.1740283,0.03263605,0.1659161,5.675013,0.06595995
-0.00688778,0.1342241,-0.009591634,0.121289,5.67502,0.02111163
-0.002000495,0.14978,0.001172452,0.1200925,5.724458,0.07051372
0.00991593,0.1483973,-0.003241873,0.1710812,5.72445,0.02000505
0.003288291,0.1138745,0.001031257,0.1212894,5.77502,0.02111139
-0.01966603,0.1830178,-0.03908196,0.1659097,5.775012,0.06595668
0.005553709,0.1623854,-0.008723596,0.1659163,5.724988,0.06595961
-0.004019529,0.1883718,-0.0108631,0.1200918,5.775542,0.07051257
0.006157625,0.1295875,0.003101952,0.121289,5.72498,0.02111161
0.00756338,0.1344387,0.01072432,0.1200929,5.875545,0.07051252
0.00218326,0.1081023,0.000236051,0.1212895,5.82498,0.02111135
0.008293692,0.1357933,0.002656167,0.1710815,5.875551,0.02000508
0.03312818,0.1816006,0.03024577,0.1659099,5.824993,0.06595636
0.008211767,0.1910687,0.01044391,0.120092,5.82446,0.07051214
0.02738665,0.1422537,0.02880265,0.1659183,5.875018,0.0659604
-0.005649155,0.1100769,-0.008625115,0.1212892,5.875021,0.02111165
-0.001860947,0.1209619,0.002081763,0.1200933,5.924464,0.07051211
0.009269357,0.1205062,-0.003142805,0.1710817,5.924451,0.0200052
0.002887194,0.09216783,0.0008530193,0.1212898,5.975022,0.02111201
-0.01440097,0.1487585,-0.03060384,0.1659141,5.975022,0.06595958
0.004809638,0.1323331,-0.006715123,0.1659188,5.924995,0.06596023
-0.00272578,0.1526727,-0.008144114,0.1200927,5.975552,0.07051284
0.004974288,0.1063073,0.002332987,0.1212894,5.924981,0.02111175
0.006495485,0.104025,0.00870532,0.1200947,6.075563,0.07051767
0.002106948,0.08719299,0.000208057,0.1212899,6.024983,0.02111231
0.007903608,0.1058628,0.002553422,0.1710832,6.075555,0.02000677
0.02993431,0.14622,0.02683514,0.1659153,6.025004,0.06596015
0.007314251,0.1535597,0.009099425,0.1200934,6.024472,0.07051309
0.02374479,0.1114457,0.02415557,0.1659275,6.075034,0.06596826
-0.004509192,0.08777992,-0.007297772,0.1212898,6.075025,0.0211134
-0.001303557,0.09399893,0.004721402,0.1200963,6.124484,0.07051934
0.008841125,0.09250659,-0.003442949,0.1710841,6.124456,0.0200075
0.002533962,0.07106229,0.0007206566,0.1212908,6.175029,0.02111569
-0.008848418,0.1127478,-0.01864708,0.1659361,6.175044,0.06597712
0.004453638,0.1036536,-0.002219927,0.1659312,6.125011,0.06597047
-0.0009291901,0.1164117,-0.002355554,0.1200967,6.175578,0.07052796
0.003865894,0.08411796,0.001039058,0.1212903,6.124987,0.02111404
0.004288081,0.07738137,0.002865282,0.1201036,6.275593,0.07054916
0.002015009,0.06662698,0.0001996448,0.1212917,6.224991,0.0211168
0.00830974,0.07647489,0.003087975,0.1710924,6.275562,0.02001367
0.02655503,0.1099559,0.01693309,0.1659453,6.225022,0.06598254
0.004488005,0.115148,0.003014551,0.1200999,6.224499,0.07053252
0.01814709,0.07992021,0.01084789,0.1659765,6.275058,0.06600203
-0.003512212,0.06730883,-0.005241228,0.1212921,6.275033,0.02111973
0.0003262718,0.0711692,0.004262516,0.1201093,6.32451,0.0705575
0.00885038,0.0671724,-0.001707343,0.1710968,6.324462,0.02001638
0.002379643,0.05035499,0.0006953209,0.121295,6.375036,0.02112542
-0.002214115,0.07744938,-0.01152266,0.1660392,6.37507,0.06603472
0.007277825,0.07591756,-0.0004827191,0.1659968,6.325026,0.06601229
0.0007176816,0.07799863,0.0004957312,0.1201152,6.375603,0.07058145
0.004455349,0.065141,0.0005226805,0.1212935,6.324994,0.02112151
0.003615023,0.04540245,0.0003188491,0.1201394,6.475608,0.07063259
0.0019598,0.04653912,0.0003721615,0.1212977,6.424996,0.02112844
0.008419552,0.04850455,0.002223514,0.1710987,6.475551,0.02004328
0.02033451,0.07489534,0.0096603,0.1660787,6.425032,0.06605337
0.004038169,0.07773834,0.001534572,0.1201253,6.424512,0.0705952
0.0153291,0.0504841,0.004208933,0.1661771,6.475109,0.06610028
-0.0001102075,0.0444058,-0.003822266,0.1213007,6.475038,0.02113582
0.000765651,0.04128376,0.002798782,0.1201561,6.524517,0.07066779
0.006230866,0.04412895,-0.001137577,0.1711153,6.524461,0.02005603
0.001937103,0.0312422,0.0004903989,0.1213241,6.575061,0.02117222
-0.0008566523,0.04891991,-0.007281045,0.1663675,6.575213,0.06625035
0.005541778,0.04560294,0.0001445085,0.1662379,6.525064,0.06614177
0.001286335,0.04650578,0.0001779877,0.1201873,6.575636,0.07075827
0.003390425,0.04142141,0.001123294,0.1213076,6.525002,0.02114636
0.001231184,0.02576589,0.0008001154,0.1204181,6.67574,0.07123301
0.001869338,0.0272006,0.0002670695,0.1213681,6.625065,0.02123464
0.01186347,0.02637747,0.001736605,0.1714752,6.675765,0.02032922
0.01836481,0.04533485,0.006186433,0.1665215,6.625238,0.06641147
-0.0007627315,0.04444895,6.027659e-05,0.1202444,6.624588,0.07091629
0.01330197,0.02629935,0.001304982,0.1669127,6.675604,0.06681225
-0.0001683078,0.0235016,-0.001280816,0.1214907,6.675194,0.02140518
0.008578249,0.2023338,-0.01623284,0.1201289,5.475505,2.929349
0.03339571,0.255066,-0.03526559,0.166235,5.424927,2.933703
0.002780425,0.1524793,-0.0007519416,0.1214548,5.424885,2.978708
0.005153425,0.2004573,-0.001057989,0.1712043,5.47551,2.979957
0.008464027,0.2694269,-0.01493261,0.1202185,5.424393,2.929041
0.02929016,0.2056476,-0.03921938,0.1660243,5.474967,2.933925
-0.01130017,0.1613501,0.01356541,0.1213366,5.474976,2.978836
-0.004051896,0.1821434,0.001843988,0.1200754,5.524436,2.929532
-0.02156315,0.2101366,0.04345594,0.1656933,5.574965,2.934263
0.007180964,0.1775951,0.005592744,0.171037,5.524425,2.980013
0.00486815,0.1643852,-0.002418603,0.1211736,5.575004,2.979014
0.007116609,0.192388,0.007836385,0.165878,5.524946,2.934078
-0.004988281,0.2214041,0.03046683,0.1199841,5.575587,2.929778
0.0009216355,0.1646924,0.003302775,0.1212706,5.524944,2.978909
0.009740987,0.156426,-0.01076821,0.119387,5.676632,2.930572
0.03386682,0.2181031,-0.02979379,0.1653112,5.624942,2.934641
-0.002287955,0.1893546,0.005130025,0.1209118,5.625451,2.979278
0.008604762,0.1537612,-0.005073555,0.1699815,5.676681,2.980716
0.00758816,0.2346233,-0.021738,0.1197661,5.624752,2.930225
0.02144698,0.1616221,-0.02167571,0.1646685,5.675069,2.935255
0.002370544,0.1321998,0.0001475945,0.1203341,5.677827,2.979828
0.004274714,0.1159082,-0.01069411,0.1201085,5.875291,2.929135
0.03097445,0.1732387,-0.03033053,0.1649948,5.825007,2.934915
-0.007477817,0.1456713,0.0112108,0.1205074,5.822268,2.979643
0.01256369,0.1204004,-0.001007516,0.1714036,5.87527,2.979963
0.0007894524,0.1650984,-0.04124961,0.1195167,5.823438,2.93014
0.01998433,0.1281629,-0.01833432,0.1661002,5.875126,2.933852
-0.005862778,0.1321449,0.00884902,0.121409,5.874683,2.978755
0.004299536,0.07905172,-0.003289147,0.1201134,6.275578,2.929376
0.02558247,0.1104325,-0.01738493,0.1660874,6.224993,2.933862
0.001890333,0.06642966,-0.0001322741,0.1213533,6.224957,2.978814
0.007831174,0.078296,-0.003087862,0.1711547,6.275553,2.97996
0.004326966,0.11604,-0.004183916,0.1201476,6.224472,2.929281
0.0179335,0.08161731,-0.01157098,0.1660311,6.275048,2.933931
-0.003560643,0.06752599,0.005088058,0.1213124,6.275022,2.978851
0.0005197344,0.0723024,-0.004613783,0.1201072,6.32451,2.929411
-0.002145443,0.07807453,0.01123803,0.1660481,6.375075,2.933953
0.008904968,0.0682211,0.001683674,0.1711198,6.324457,2.97997
0.002386472,0.05036985,-0.0007032512,0.1212973,6.375035,2.978871
0.007627028,0.07635898,-0.0001532015,0.166015,6.325023,2.933959
0.0008607421,0.07827984,-0.0005351321,0.1201163,6.375603,2.929408
0.004285072,0.06491551,-0.0004311062,0.1212992,6.32499,2.978866
0.003652455,0.04579974,-0.0004043642,0.1201301,6.475608,2.929364
0.02010293,0.0751208,-0.009946321,0.1660815,6.425043,2.933942
0.00196084,0.04656531,-0.0003770826,0.1212979,6.424997,2.97887
0.008325873,0.04883547,-0.002251899,0.1711001,6.475575,2.979951
0.004012685,0.07816529,-0.001690873,0.1201245,6.424513,2.9294
0.0152042,0.05055381,-0.00437138,0.1661746,6.475132,2.933897
-0.0001393597,0.04459066,0.003833303,0.121299,6.475042,2.978861
0.0007341008,0.0416382,-0.002942711,0.1201463,6.524529,2.929331
-0.0009632654,0.0488129,0.007059226,0.1663678,6.575275,2.933755
0.006329992,0.04427613,0.001115912,0.1711148,6.524493,2.979939
0.001928736,0.03122486,-0.0004996489,0.1213243,6.575077,2.978828
0.005508993,0.04570831,-0.0003081558,0.1662328,6.525099,2.933859
0.001208178,0.04665832,-0.0003851209,0.1201861,6.575651,2.929243
0.003316651,0.04144368,-0.001119955,0.1213054,6.52501,2.97885
0.04490693,0.0008683952,0.003455822,0.4752255,6.879049,2.927094
0.05174392,-0.002388437,-0.008748562,0.4248137,6.832962,2.932827
0.04800061,0.0073106,0.000631571,0.4752072,6.827405,2.979014
0.03005992,0.001765389,0.000348202,0.4250437,6.87834,2.978206
0.0484703,0.001935372,-0.002136641,0.4749324,6.832354,2.932198
0.05379295,0.0004060391,0.0008579928,0.4244345,6.879545,2.927899
0.04487244,0.006713781,0.006092426,0.474693,6.877804,2.977644
0.07873496,-0.0005733276,-0.00208447,0.7244671,6.879812,2.928411
0.1093963,0.02558144,0.01416145,0.7750932,6.83328,2.933105
0.07750582,0.009351659,0.004822667,0.7244448,6.828839,2.979734
0.06514339,0.001290121,0.0001098268,0.7751041,6.878623,2.978441
0.08443974,0.01529745,0.002379408,0.7249447,6.833425,2.933262
0.0983161,9.096479e-05,-0.0005243537,0.7756035,6.879748,2.928198
0.06864476,-0.004845783,-0.001807918,0.7249848,6.878709,2.978526
0.1343043,-0.007815104,-0.003086645,1.324442,6.87989,2.928547
0.2030835,0.01293902,0.02490333,1.375072,6.833609,2.933361
0.1495401,0.002875026,0.006515308,1.32444,6.829136,2.979792
0.1409137,-0.004796145,0.001601782,1.375033,6.878808,2.978586
0.1665132,0.006850338,0.004449694,1.324934,6.833634,2.933385
0.1318982,0.0003498953,0.01235722,1.375566,6.879879,2.928519
0.1444308,-0.008506112,0.004203227,1.324976,6.878819,2.978592
0.154807,0.01075126,-0.0004507834,1.475619,6.879766,2.928154
0.2093665,0.005795085,-0.01872357,1.424968,6.833517,2.933276
0.1749231,0.007598743,-0.007920665,1.475624,6.828706,2.979668
0.1506647,0.006867097,4.388923e-05,1.425013,6.878766,2.978547
0.1886519,0.008432864,-0.01344712,1.47512,6.833304,2.933072
0.1419474,0.004082455,-0.008290878,1.424475,6.879849,2.928421
0.162977,0.01152078,-0.005357244,1.475118,6.878645,2.978432
0.2049457,0.006379508,0.0008773178,1.87555,6.879117,2.926395
0.2585726,-0.003293009,-0.01597782,1.82499,6.831467,2.931254
0.2199073,0.001560671,-0.008471464,1.875548,6.826873,2.97906
0.2343152,0.00488773,-0.004875566,1.825311,6.877362,2.977178
0.2341207,0.001742796,-0.01136373,1.875039,6.831931,2.931725
0.2146957,-0.0006679444,-0.008785906,1.824858,6.878701,2.925883
0.2174626,0.01139509,-0.003075224,1.875023,6.877743,2.977574
0.2523324,0.005689909,-0.00423869,2.475541,6.879113,2.926501
0.3160362,-0.006557835,-0.01786536,2.425001,6.831458,2.931308
0.2665096,-0.004186005,-0.01346015,2.475561,6.826839,2.979067
0.2905302,0.004441332,-0.006610714,2.425313,6.877355,2.977196
0.2839036,-0.004105475,-0.01860374,2.475049,6.83192,2.9318
0.2710666,-0.002977228,-0.01101652,2.424864,6.878697,2.925957
0.2641582,0.01136295,-0.006321868,2.475025,6.877733,2.977596
-0.01081717,0.1146037,0.01920063,0.1662786,6.174984,2.933656
0.01195203,0.09610593,0.002737838,0.1721372,6.124431,2.979622
0.00279985,0.0715502,-0.00103611,0.1214633,6.174936,2.978697
-0.0006241359,0.1175867,5.29822e-05,0.1202256,6.175513,2.92902
0.01120461,0.09146166,-0.008753351,0.1217933,6.124858,2.978359
-0.001256831,0.09495221,-0.006998058,0.1204487,6.124444,2.928371
0.003501792,0.1019805,0.00271726,0.1667021,6.124956,2.933206
0.001013264,0.1226026,0.003065143,0.1312605,5.9626,2.968896
-0.01402703,0.1529348,0.009284561,0.1347617,5.987774,2.990552
-0.008306209,0.1563784,0.02047938,0.1095219,5.987788,2.965612
-0.004761771,0.1042597,0.005244573,0.109795,5.961193,2.990338
-0.01697417,0.1501718,0.02395437,0.1318777,5.987564,2.968278
-0.007495972,0.1083762,-0.003030242,0.1092073,5.961858,2.966096
0.006255275,0.109878,0.007648146,0.1342706,5.961808,2.990872
0.2720158,-0.02451639,-0.02276352,2.237544,6.867231,2.967065
0.3151261,-0.006528136,5.202003e-05,2.212165,6.864552,2.990138
0.321968,-0.005315474,-0.01330316,2.212169,6.890209,2.964215
0.2525396,-0.006291689,-0.001045001,2.237525,6.88947,2.989357
0.2820608,-0.02005923,-0.004925668,2.237759,6.86435,2.99011
0.3162911,-0.001845102,-0.004211898,2.212545,6.867356,2.967211
0.2726805,-0.01175781,-0.02029115,2.237772,6.890167,2.96404
0.2583355,-0.01345181,-0.01600601,2.262498,6.867184,2.967016
0.2615687,0.003018333,0.008791801,2.287843,6.890132,2.963997
0.2712296,0.01442967,0.005274901,2.287837,6.864315,2.990063
0.2257314,-0.002161173,-9.044026e-05,2.262504,6.889447,2.989337
0.2553969,-0.01388342,3.674396e-05,2.262263,6.864291,2.990093
0.2682946,0.02199213,0.01409705,2.287505,6.867185,2.967024
0.2429561,-0.002070288,-0.01332996,2.262261,6.890149,2.963986
0.308089,0.03135531,0.03134222,2.587607,6.867863,2.967704
0.2706452,0.003240725,0.001486094,2.587362,6.889783,2.989667
0.3048817,0.01747341,0.02378136,2.587766,6.890408,2.9648
0.2681867,-0.001351332,0.0005634716,2.562569,6.868545,2.968397
0.2306403,0.005602779,0.00582724,2.561192,6.890224,2.990109
0.2431093,0.009706058,-0.005610797,2.56178,6.890783,2.965374
0.2437709,-0.0114392,0.007544337,2.56183,6.86569,2.990712
0.2836382,0.03631189,0.001001629,2.751188,6.853899,0.3500035
0.2879933,-0.01544463,0.002783517,2.650055,6.853873,0.2490049
0.2892667,-0.002126368,0.007225089,2.646303,6.853571,0.3537906
0.2630468,0.03161651,0.005211073,2.752622,6.852257,0.5501436
0.269876,-0.02774277,-0.01278478,2.651466,6.850046,0.4520078
0.2710948,-0.04951068,0.01331914,2.656594,6.84727,0.553064
0.2623879,0.03269587,0.002266685,2.752613,6.851763,0.7499754
0.2697001,-0.05114447,-0.01157388,2.657361,6.846434,0.6500704
0.2684401,-0.05206537,0.01086431,2.657192,6.84613,0.7510858
0.2627941,0.03373497,0.002676669,2.752401,6.851689,0.9499492
0.2709106,-0.05273596,-0.01141164,2.657047,6.845986,0.8489771
0.270784,-0.05236557,0.01001774,2.656935,6.845907,0.9508368
0.2626881,0.03345629,0.002046144,2.752353,6.85167,1.149995
0.2697536,-0.05254561,-0.009689478,2.656884,6.845874,1.048921
0.2697879,-0.05252947,0.009376036,2.65686,6.845849,1.1509
0.2627062,0.03370175,0.002333126,2.752348,6.851665,1.350023
0.2703078,-0.05254684,-0.009891958,2.656847,6.845839,1.248976
0.2703196,-0.05257609,0.009624383,2.656843,6.845831,1.350952
0.2626704,0.03352383,0.002050183,2.752348,6.851664,1.550037
0.2700276,-0.05271434,-0.009426193,2.656841,6.845829,1.449015
0.2700221,-0.05271732,0.009390926,2.656841,6.845829,1.550985
0.2629352,0.03372139,0.002425358,2.752348,6.851667,1.750056
0.2703074,-0.05256255,-0.009654969,2.656843,6.845831,1.649048
0.270299,-0.05253722,0.00987428,2.656848,6.845839,1.751023
0.2630472,0.03346922,0.001938046,2.752366,6.851677,1.950093
0.2697349,-0.05250641,-0.00938788,2.65686,6.845849,1.8491
0.2696948,-0.05252773,0.009616953,2.656884,6.845874,1.951079
0.2645625,0.03324462,0.00336847,2.752476,6.851715,2.150124
0.2706909,-0.05227377,-0.01010544,2.656935,6.845906,2.049163
0.2708219,-0.05265312,0.01144895,2.657047,6.845986,2.151022
0.2623753,0.03283679,-0.00235809,2.752614,6.851763,2.250022
0.2657052,0.03236217,0.0009712481,2.752782,6.851897,2.349964
0.268224,-0.05195298,-0.01088908,2.657193,6.84613,2.248911
0.2691803,-0.02774133,0.01246016,2.651471,6.850038,2.547869
0.263173,0.03201822,-0.005701993,2.752625,6.852255,2.449824
0.272732,0.03938047,-0.002322356,2.751863,6.853014,2.54979
0.05434282,-0.001346836,0.001200521,0.4121572,6.890121,0.03592356
0.03803713,0.002861506,-0.002690177,0.4374921,6.889448,0.01064019
0.03805494,-0.00128349,-0.000648544,0.4377376,6.890149,0.03593144
0.04343979,-0.002775937,0.005506886,0.4374809,6.867211,0.03291887
0.05551878,0.002518524,0.001796359,0.4121362,6.864304,0.009904013
0.05607706,-0.003950082,0.007849145,0.4124645,6.867194,0.03292444
0.03942804,0.003074944,0.001759391,0.4377213,6.864303,0.009879736
0.05500351,0.003657809,-0.006973834,0.4878264,6.890221,0.03563783
0.04035482,0.0006486893,0.0003645104,0.4624714,6.889475,0.0106154
0.03893015,0.002901262,-0.0001938959,0.4622334,6.890172,0.03586173
0.04496716,0.006537727,-0.003526436,0.4624436,6.867282,0.03285731
0.05470015,0.009702841,-0.002579502,0.4878118,6.864629,0.009813833
0.05320469,0.01170477,-0.008747365,0.4874325,6.867459,0.03268599
0.04048565,0.002500085,-0.002227615,0.462223,6.864381,0.009857027
0.1135727,0.00659422,-0.01446089,0.8877591,6.890527,0.03489095
0.07956183,0.004516128,-0.003593623,0.8611803,6.8903,0.009835412
0.08335038,0.005689616,0.003086835,0.861777,6.890844,0.03443413
0.09257255,0.004165791,-0.001263389,0.8625593,6.868784,0.03142765
0.1122648,0.0180356,-0.006116187,0.8877764,6.865512,0.009540161
0.1070187,0.01961536,-0.01593647,0.8875492,6.868206,0.0320243
0.08315108,0.0002334018,-0.005237051,0.861833,6.865958,0.009234695
0.1930881,-0.004370546,0.03382544,1.411684,6.890776,0.03460872
0.1561865,-0.007508556,-0.006861825,1.437359,6.889785,0.01034652
0.1284226,-0.0009856139,0.00978864,1.437679,6.890434,0.03526388
0.1698827,-0.01222078,0.002707234,1.437627,6.867881,0.03233473
0.1443209,-0.01296992,-0.003874059,1.411732,6.865779,0.009299231
0.211177,-0.009759166,0.005623051,1.412599,6.868619,0.03158454
0.1530798,-0.0151944,-0.01010997,1.437689,6.865096,0.009621957
0.1700554,0.004538232,0.006358347,1.487858,6.890167,0.03587012
0.1510562,-0.008544299,0.008296959,1.462539,6.889569,0.01055067
0.1383655,0.004938915,0.007578728,1.462267,6.890254,0.0356968
0.1639881,0.006242154,0.001715693,1.462555,6.86749,0.03271728
0.1820242,0.002778603,-0.00648508,1.487853,6.864465,0.009877767
0.177897,0.02728791,-0.01652688,1.48753,6.867344,0.03285488
0.1538502,-0.005893386,-0.006550118,1.462268,6.864641,0.009794886
0.2479434,0.01060063,-0.01252328,2.087817,6.890465,0.03511018
0.1997354,0.00720638,-0.005689254,2.061197,6.890267,0.009866867
0.2168734,0.005965215,0.01672098,2.061807,6.890814,0.03454051
0.235772,0.001893476,0.008512205,2.062592,6.868679,0.03153323
0.2462747,0.02759095,-0.01357702,2.087821,6.865277,0.009596157
0.2442736,0.03209868,-0.0173479,2.087614,6.867994,0.03222592
0.2166767,-0.00263708,-0.007207393,2.061853,6.86585,0.009263241
0.2814384,-0.002716618,0.03118612,2.211583,6.890477,0.03551949
0.2503168,-0.00502663,-0.003752182,2.237269,6.889626,0.01048963
0.2350135,-0.007394755,0.0210359,2.237593,6.8903,0.03570648
0.2471131,-0.01255082,0.00970729,2.237545,6.867437,0.0327303
0.2621265,-0.02089898,-0.006876387,2.211597,6.864806,0.00958897
0.284441,-0.008655181,0.008184829,2.212476,6.867762,0.03238911
0.251047,-0.01969925,-0.003826462,2.237593,6.86461,0.009753685
0.2537131,0.005282746,-0.01141865,2.287855,6.890125,0.03601049
0.227929,-0.004035243,0.002978352,2.262505,6.889492,0.01061862
0.223524,0.00165449,0.01181294,2.262232,6.890188,0.03592509
0.2447186,-0.0004017043,0.005716665,2.262513,6.867247,0.03292071
0.2635599,0.01840802,-0.006557325,2.287846,6.864299,0.009924847
0.2581841,0.02776289,-0.01792308,2.287528,6.867171,0.03298517
0.2377628,-0.009427479,-0.003870608,2.262231,6.864382,0.009860285
0.3350277,-0.003816415,0.004911412,2.412212,6.890403,0.03524639
0.2534765,-0.007826638,0.006454079,2.438792,6.89024,0.009880726
0.2752536,-0.01126937,0.007988529,2.43819,6.890792,0.03457215
0.2760417,-0.01430253,0.02132678,2.437399,6.868619,0.03156452
0.3344579,0.0006128913,0.00605731,2.412201,6.865099,0.009648065
0.330423,-8.044063e-05,0.007634029,2.412371,6.867858,0.03233391
0.2726623,-0.0002869206,0.00887374,2.438144,6.865778,0.009276912
0.0503073,0.004995541,-0.001827693,0.3878494,6.890139,0.03587015
0.02900717,6.289938e-05,0.002853084,0.3625183,6.889537,0.01055658
0.02696731,0.002743993,-0.0004866371,0.3622376,6.890223,0.03571276
0.03461623,0.008973758,-0.004357199,0.3624704,6.867372,0.03275638
0.05172291,0.004133657,-0.001514438,0.3878192,6.864364,0.009888928
0.05165205,0.0126512,-0.008430412,0.3874914,6.867243,0.03287725
0.02960134,0.004160264,-0.00198085,0.3622076,6.864529,0.009807354
0.02677637,0.001604214,6.436971e-05,0.3115667,6.890691,0.03480411
0.02733622,0.002601533,-0.001516623,0.3373118,6.889732,0.01036915
0.02533256,0.0002617142,-0.002003835,0.3376103,6.890386,0.03533878
0.02771606,0.0017585,-0.0002936834,0.3374818,6.867702,0.03242694
0.02705404,0.0008573549,0.0003553444,0.3115199,6.865435,0.009354629
0.02693372,-0.0008690172,0.002711093,0.3123264,6.868283,0.03181051
0.02468867,0.004284215,0.0004718984,0.3375752,6.864916,0.009649552
0.06123975,0.0001825218,0.002548738,0.5122211,6.890404,0.03518914
0.04116404,-0.000947279,0.001945681,0.538794,6.890241,0.009870255
0.04525549,-0.001017402,-0.004652836,0.5381989,6.890792,0.03453172
0.04897674,-0.0001919654,-0.000388089,0.5374001,6.868621,0.03153223
0.06141796,-0.003307747,0.001937367,0.5121956,6.865101,0.009637982
0.05817661,-0.00536968,0.004768301,0.5123702,6.867863,0.03229158
0.0457276,0.003284157,0.003330615,0.5381417,6.865778,0.009268953
0.123094,-0.001082796,0.006483611,0.912224,6.890528,0.03489295
0.09080951,-0.003178818,0.004266657,0.938816,6.890301,0.00983741
0.09432637,-0.002554909,-0.005852015,0.9382075,6.890845,0.03443954
0.09756054,-0.005528284,0.0004774966,0.9374272,6.868788,0.0314316
0.1223431,-0.009931171,0.004316829,0.9122202,6.865513,0.009540491
0.1142209,-0.01108092,0.007219115,0.9124372,6.868207,0.03202592
0.09424239,-4.84281e-05,0.006627411,0.9381632,6.865962,0.00923548
0.1975684,0.008195328,-0.03634274,1.588316,6.890776,0.03460814
0.1595466,0.01423374,-0.0006679689,1.562641,6.889785,0.01034649
0.1171568,0.0009161003,0.001115785,1.562321,6.890434,0.03526366
0.1661701,0.01118766,0.001866476,1.562372,6.867881,0.03233458
0.1668585,0.03012162,0.005908268,1.588268,6.865779,0.009299153
0.2239287,0.02899281,-0.009691008,1.5874,6.868619,0.03158406
0.1663255,0.01124849,0.009517914,1.562311,6.865096,0.00962188
0.1788453,-0.001376809,-0.004337873,1.512142,6.890167,0.03587008
0.1549285,0.008869635,-0.01351964,1.537461,6.889569,0.01055067
0.1505712,-0.004946793,-0.004822765,1.537732,6.890254,0.03569654
0.1676998,-0.01430733,0.00513066,1.537444,6.86749,0.03271702
0.1918347,0.003260439,0.002235283,1.512147,6.864465,0.009877759
0.1835542,-0.01076105,0.007941492,1.51247,6.867344,0.03285492
0.1713915,0.003722964,0.002819081,1.537732,6.864641,0.009794826
0.2696399,-0.001959137,0.0123816,2.112333,6.890392,0.03533895
0.2203452,-0.005510766,0.006341066,2.138935,6.889961,0.01015701
0.2277981,-0.005452262,-0.002040284,2.138332,6.89054,0.0353768
0.2256257,-0.006637547,0.006829473,2.137578,6.867913,0.03226574
0.2678782,-0.006533041,0.0005941589,2.112323,6.86503,0.00966642
0.2561152,-0.005558907,0.01085826,2.112541,6.867773,0.03243275
0.2279068,0.001443117,0.007655799,2.138309,6.864965,0.009526431
0.2983839,0.01630205,-0.03540767,2.387825,6.89022,0.03570051
0.2268268,0.005909624,-0.003090606,2.362473,6.889475,0.01063275
0.2372664,0.007554094,-0.003335425,2.362232,6.890171,0.03592872
0.2575596,0.004436936,-0.0023442,2.362454,6.867265,0.03290635
0.3050688,0.04161627,-0.008981974,2.387819,6.864624,0.009826521
0.3012903,0.04140811,-0.03473765,2.387441,6.867447,0.03273268
0.2490611,0.005850903,-0.005089698,2.362232,6.864374,0.009874048
0.269909,-0.0009959822,0.006641829,2.31216,6.890117,0.03603082
0.2288471,0.0008953655,-0.0009831972,2.337494,6.889445,0.01066094
0.2493606,-0.004940861,0.003127525,2.337742,6.890146,0.03600874
0.2521364,-0.009590292,0.009533445,2.3375,6.867184,0.03297686
0.2775583,-0.002449451,0.001350202,2.312158,6.864276,0.009933008
0.2677679,-0.001038535,0.006592096,2.312491,6.867153,0.03299934
0.2566598,-0.001950925,0.005028396,2.337734,6.864289,0.009900784
0.05097872,0.002248337,-0.006703985,0.5117637,6.891099,2.966351
0.04221205,-0.0001443555,-0.00147441,0.5386438,6.890621,2.990479
0.04104761,0.001224272,0.006181392,0.5381249,6.891121,2.966348
0.0442369,0.001958276,0.002899008,0.5375211,6.869436,2.969239
0.05421268,-0.009412995,0.0004844512,0.5117772,6.866734,2.991024
0.05539176,-0.004171478,-0.002878837,0.5124805,6.869425,2.969238
0.0419939,0.003754962,-0.001860975,0.538078,6.866737,2.991044
0.1704387,-0.01471878,0.004611531,1.61173,6.865778,2.990696
0.2185766,-0.005804999,-0.03383239,1.611686,6.890778,2.965392
0.1832077,-0.008746361,0.007904937,1.637359,6.889784,2.989653
0.1760708,-0.01677843,0.00937921,1.637689,6.865094,2.990377
0.2263378,-0.00999671,-0.00390865,1.6126,6.868612,2.96842
0.1486465,-0.001494433,-0.01214697,1.63768,6.890434,2.964735
0.1941736,-0.01409999,-0.002486095,1.637628,6.867877,2.967665
0.1930854,0.005164897,-0.006247094,1.68786,6.890165,2.964126
0.2060676,0.001875015,0.007451259,1.687855,6.864458,2.99012
0.1718656,-0.01054716,-0.009426675,1.66254,6.889568,2.989449
0.1761587,-0.008358958,0.006961314,1.662269,6.864638,2.990204
0.1596154,0.005473465,-0.009199203,1.662268,6.890253,2.964302
0.1862143,0.005171703,-0.0013798,1.662556,6.867485,2.967281
0.2016646,0.02882107,0.01892744,1.687533,6.867333,2.967141
0.197314,0.03354598,-0.007202643,1.788285,6.865666,2.990677
0.2244046,0.007696338,0.04106056,1.788343,6.890759,2.965293
0.1810074,0.0126854,0.001214795,1.762648,6.889778,2.989639
0.1457755,0.003541821,0.0009196366,1.762333,6.890428,2.964689
0.1909597,0.009983584,-0.009388608,1.762319,6.865046,2.99035
0.1867589,0.007548875,-0.0009125606,1.762387,6.867806,2.967643
0.2523122,0.03108248,0.01496677,1.787432,6.86851,2.968341
0.2040938,-0.001070335,0.004077971,1.712141,6.890166,2.964121
0.2168018,0.002795229,-0.00133004,1.712153,6.864454,2.990112
0.1731324,0.009139511,0.01410936,1.737464,6.88957,2.989441
0.1768425,-0.005499609,0.0060722,1.737738,6.890254,2.964279
0.1965487,0.003979002,-0.00176511,1.737739,6.864618,2.990183
0.1908915,-0.01402732,-0.004391239,1.737452,6.86744,2.967281
0.2075516,-0.009363448,-0.006142859,1.712472,6.867318,2.967144
0.2806584,0.03128944,0.01458864,1.98778,6.865379,2.990426
0.2764412,0.02028645,0.03285973,1.987778,6.890497,2.964983
0.2042142,0.009075495,0.008949166,1.961174,6.890266,2.990128
0.2122093,0.01274044,0.0009786784,1.961768,6.890819,2.965423
0.2117751,-0.005069416,0.01073934,1.961819,6.865809,2.990728
0.2356289,0.002691128,0.006428559,1.962545,6.868636,2.968454
0.275555,0.03614678,0.03623154,1.987569,6.868068,2.967863
0.3059409,-0.006271847,-0.004386469,2.01225,6.865322,2.990419
0.3073908,-0.00482545,-0.01172901,2.012264,6.890482,2.964935
0.2395472,-0.009380863,-0.008159905,2.038861,6.89021,2.990082
0.2507565,-0.0007513158,-0.008739753,2.038235,6.86561,2.990702
0.2512401,-0.01295754,-0.01079179,2.038284,6.890775,2.965241
0.2508352,-0.01390435,-0.02274794,2.037514,6.868491,2.968293
0.2958204,-0.003683019,-0.008805341,2.012477,6.86803,2.967814
0.2954224,0.02636548,0.0109484,2.187768,6.864944,2.990297
0.2955162,0.01961501,0.02905179,2.187762,6.890375,2.96459
0.2190275,0.006416072,0.006109519,2.161164,6.89016,2.990035
0.2291055,0.01165997,-0.001795185,2.161745,6.890734,2.965102
0.2987165,0.03548194,0.0339023,2.187596,6.867692,2.967543
0.2295633,-0.00762907,0.007640578,2.161788,6.865446,2.990647
0.2552738,0.001698089,0.004059906,2.162527,6.868327,2.968176
0.2755053,0.006306545,0.04461549,2.388344,6.890753,2.965309
0.2395302,0.011022,0.001960156,2.362649,6.88977,2.98964
0.2027966,0.004548865,0.00041676,2.362339,6.890421,2.96469
0.2387883,-0.001025858,-0.003878688,2.362388,6.867799,2.967631
0.2570797,0.0366044,-0.009064622,2.38829,6.865656,2.990685
0.3071418,0.03096294,0.0161292,2.387434,6.86851,2.968343
0.246149,0.00368571,-0.009469985,2.362314,6.865029,2.990356
0.2703166,-0.003407994,-0.002403221,2.312143,6.890152,2.964067
0.2816515,-0.004094021,-0.002611588,2.312136,6.864387,2.990088
0.2360807,0.004351859,0.0103236,2.337461,6.889558,2.989437
0.2682465,-0.01072574,-0.006918723,2.312462,6.867252,2.967085
0.2383612,-0.007803467,0.001303711,2.337737,6.890244,2.964264
0.2528203,-0.01970101,-0.007425866,2.33745,6.867414,2.967254
0.2571782,-0.00453345,-0.003508705,2.337737,6.864588,2.990181
0.01721891,0.1642421,-0.006274327,0.1347776,6.012241,2.990548
0.005770723,0.1646449,-0.009073276,0.1095255,6.01223,2.965594
0.006320257,0.1017557,-0.006042882,0.1098085,6.03882,2.990321
0.01535604,0.1572013,-0.007273779,0.131892,6.01246,2.968263
0.01064721,0.1095345,-0.01003838,0.1343303,6.038215,2.990861
0.01682054,0.1121122,-0.009189634,0.1313113,6.037434,2.968841
0.008524293,0.1106552,-0.002710051,0.1092174,6.038166,2.966027
0.2900851,-0.01553835,-0.003075181,2.650078,6.853702,2.750151
0.2840595,0.03660801,-0.002062892,2.7512,6.853867,2.649711
0.2731754,0.03604233,0.008191377,2.751152,6.854054,2.750268
0.2404244,-0.01862756,0.003814593,2.81177,6.86546,2.990629
0.278835,0.0004700494,-0.03030424,2.811766,6.89069,2.965204
0.2596481,-0.004005461,0.0113902,2.837405,6.889736,2.989628
0.252536,-0.01684808,0.01317542,2.837719,6.865047,2.990287
0.2290306,-0.001178343,-0.01754134,2.837761,6.890329,2.964786
0.2641354,-0.006408935,0.005218612,2.837953,6.86763,2.96749
0.3031627,-0.01032691,-0.002104612,2.812772,6.868288,2.968186
0.02991103,0.2644917,-0.01828856,0.2387598,4.949979,0.141569
0.06538477,0.3192149,0.0006297169,0.4960086,4.899986,0.09339599
0.09821874,0.3217352,-0.00012749,0.6960812,4.899978,0.08993766
0.1385505,0.3229088,-0.0003765859,0.8971143,4.899967,0.08842549
0.1770385,0.3228854,-5.387985e-05,1.098201,4.899957,0.08789631
0.2197061,0.3213324,-0.0001130467,1.298902,4.89995,0.08768956
0.2649903,0.3172284,0.0001228569,1.499339,4.899946,0.08760696
0.3121357,0.3086399,-7.985144e-05,1.699639,4.899946,0.08759747
0.3652127,0.2944906,0.0006291756,1.89988,4.89995,0.08766004
0.414813,0.2715485,-0.0002607236,2.100136,4.89996,0.08784621
0.4736928,0.2380281,0.002484453,2.300419,4.899974,0.08837588
0.5147765,0.1934956,-0.005093473,2.500094,4.899996,0.09006786
0.01742581,0.3202869,-0.006915203,0.2491952,4.899981,0.3096734
0.06216506,0.3224609,-0.002256256,0.4638552,4.899948,0.2904732
0.09635681,0.3221175,0.0003181083,0.6776801,4.899902,0.2830657
0.1369518,0.3228979,-0.001008038,0.8864502,4.899851,0.2793503
0.1761297,0.3229646,-9.431929e-05,1.091586,4.899803,0.2776795
0.2189771,0.3214307,-0.000485313,1.294735,4.899766,0.2769115
0.2644509,0.3173535,-0.0002914043,1.496767,4.899746,0.2765934
0.3122679,0.3088607,-0.0005158592,1.698173,4.899747,0.2765671
0.3648227,0.2946798,-0.0004244731,1.899251,4.899769,0.2768288
0.417293,0.2719068,-0.0008277002,2.100231,4.899814,0.277529
0.4734326,0.2381279,-0.0003618175,2.301371,4.899884,0.2791175
0.5259272,0.1913305,-0.0007305503,2.503054,4.89999,0.2827383
0.01770402,0.3159538,0.0009883969,0.2105034,4.899965,0.5123504
0.05210905,0.3210895,-0.003484333,0.4274172,4.899891,0.4942494
0.09316147,0.3219429,0.0001919088,0.6508497,4.899776,0.488646
0.1326974,0.3229119,-0.0007747939,0.8685137,4.899646,0.4843605
0.1740031,0.3231012,-0.0001941952,1.079936,4.899524,0.4817798
0.216945,0.3216812,-0.0004669343,1.287195,4.899429,0.4804522
0.2632152,0.3177055,-0.0003184584,1.492018,4.899378,0.4798799
0.3108683,0.3092854,-0.0005742994,1.695405,4.89938,0.4798585
0.364321,0.2951481,-0.0006636994,1.897977,4.899437,0.4803882
0.4149253,0.2723672,-0.0009886679,2.100192,4.899549,0.4816736
0.4742085,0.2381938,-0.002087852,2.302489,4.899715,0.4842086
0.5182755,0.1918494,-0.001305634,2.505174,4.899936,0.4885938
0.01749336,0.3202677,-0.002888108,0.1970704,4.899949,0.7005888
0.05082902,0.3209867,-0.001510031,0.4038288,4.899831,0.6960153
0.08921067,0.3218687,-0.0008931546,0.6271916,4.899633,0.692232
0.1300707,0.3229073,-0.0006099763,0.8491837,4.899397,0.6888886
0.1716272,0.32325,-0.000328099,1.066134,4.899172,0.6862783
0.2153682,0.3219792,-0.0005383257,1.277894,4.898996,0.6846583
0.2620043,0.3181119,-0.0004014853,1.486007,4.898902,0.6839339
0.3105626,0.3098139,-0.0006796134,1.691834,4.898904,0.6839335
0.363863,0.2956739,-0.0004949024,1.89627,4.899009,0.6846658
0.4162982,0.2729007,-0.00115181,2.099971,4.89921,0.6863243
0.4742035,0.2387298,-0.0004404576,2.303384,4.899491,0.6891435
0.5208579,0.1914292,-0.001118929,2.506673,4.899824,0.6929956
0.01521569,0.3201505,0.0001741893,0.1916719,4.899933,0.898292
0.04831129,0.3209002,-0.001072587,0.3922647,4.899774,0.8970295
0.08668599,0.3218012,-0.0001663406,0.6121881,4.899498,0.8949533
0.1266065,0.3229183,-0.000570098,0.8337378,4.899155,0.8924733
0.169049,0.3233945,-0.0001155058,1.053209,4.898815,0.8904427
0.2130514,0.3222791,-0.0003793164,1.268576,4.898547,0.8889459
0.2603501,0.3185458,-0.0004024322,1.479845,4.898401,0.8881926
0.3091352,0.3103468,-0.0005917579,1.688146,4.898405,0.8882156
0.363172,0.2962175,-0.000814247,1.894516,4.898564,0.8890308
0.4152285,0.2734353,-0.00101263,2.099639,4.898861,0.8906858
0.4743249,0.2389699,-0.001441542,2.303923,4.899258,0.893079
0.5197505,0.1919008,-0.0007448312,2.507503,4.899698,0.8958289
0.01550442,0.320141,-0.0008197969,0.189943,4.89992,1.098826
0.04808183,0.3208667,-0.0005912193,0.3871911,4.899728,1.098139
0.08566361,0.32178,-0.0004838231,0.6041334,4.899388,1.096946
0.1251572,0.322936,-0.0004445326,0.8239117,4.898956,1.095474
0.1672294,0.3234976,-0.0002350931,1.043469,4.898517,1.094007
0.2116324,0.3225156,-0.0002087201,1.26069,4.898162,1.092956
0.2592223,0.3188927,-0.0002395208,1.474484,4.897966,1.092347
0.3085891,0.3107744,-0.0004503681,1.685025,4.897971,1.092384
0.3628221,0.2966506,-0.0004494886,1.893095,4.89818,1.09309
0.4154889,0.2738506,-0.0006575274,2.099325,4.898565,1.094353
0.4743057,0.2394229,-0.0002621503,2.304169,4.899063,1.095964
0.5204439,0.1922012,-0.0005004572,2.507861,4.899592,1.097639
0.01504781,0.3201023,-8.245494e-06,0.189378,4.899912,1.299506
0.04753627,0.320844,-0.0001840734,0.3850708,4.899698,1.299139
0.08493751,0.321775,-2.791673e-05,0.6002491,4.899317,1.298567
0.124048,0.3229535,-0.0001711616,0.8188001,4.898828,1.297873
0.1659652,0.3235753,-8.333092e-05,1.037817,4.898321,1.297173
0.2102786,0.322678,-9.061467e-05,1.255501,4.897905,1.296565
0.2582567,0.3191376,-8.167837e-05,1.47075,4.897672,1.29627
0.3078908,0.3110662,-0.0002579221,1.682985,4.897676,1.296289
0.3624079,0.2969324,-0.0003319489,1.892231,4.897923,1.296697
0.4150577,0.2741271,-0.000324791,2.099103,4.898369,1.297363
0.4743619,0.2396006,-0.0003997261,2.304228,4.898935,1.298141
0.5203761,0.1924228,-0.0002582995,2.507998,4.899524,1.29893
0.01518428,0.3200885,5.548965e-05,0.1892333,4.899909,1.5
0.04761682,0.3208289,5.459645e-05,0.3844804,4.899688,1.499999
0.08490653,0.3217577,6.027128e-05,0.5990962,4.899293,1.499999
0.1239808,0.3229496,4.947968e-05,0.8172224,4.898783,1.499999
0.165754,0.3235863,4.507562e-05,1.036033,4.898253,1.499999
0.2099991,0.3227209,3.899721e-05,1.253715,4.897814,1.5
0.2580492,0.3192085,3.42414e-05,1.469413,4.897568,1.500001
0.3078592,0.3111501,3.091107e-05,1.682273,4.897572,1.500002
0.362359,0.2970115,2.329639e-05,1.891956,4.897832,1.500003
0.4152118,0.2742055,2.409284e-05,2.099015,4.898302,1.500003
0.4743796,0.2396988,1.011606e-05,2.304234,4.898891,1.500002
0.5205062,0.1925097,1.38704e-05,2.508033,4.8995,1.500001
0.01504653,0.320073,0.0001469907,0.1893779,4.899912,1.700493
0.04754,0.3208181,0.0003172395,0.3850706,4.899698,1.70086
0.08493241,0.3217508,0.0001476104,0.6002481,4.899317,1.701431
0.1240333,0.3229342,0.0002823649,0.8187989,4.898827,1.702124
0.1659557,0.323558,0.0001798258,1.037818,4.898321,1.702826
0.2102699,0.3226611,0.0001763866,1.255504,4.897905,1.703436
0.2582507,0.3191196,0.0001538385,1.470755,4.897672,1.703732
0.3078817,0.3110474,0.0003281697,1.682991,4.897676,1.703715
0.3624026,0.2969096,0.0003859767,1.892238,4.897923,1.703308
0.415046,0.2741043,0.0003849812,2.09911,4.898369,1.702642
0.4743537,0.2395698,0.0004390561,2.304233,4.898935,1.701863
0.5203679,0.1924033,0.0003016375,2.508001,4.899524,1.701073
0.01549844,0.320083,0.0009569278,0.1899433,4.89992,1.901174
0.04806326,0.3208134,0.0007240737,0.3871928,4.899728,1.901861
0.08564315,0.3217334,0.0005952319,0.6041368,4.899388,1.903053
0.1251367,0.3228951,0.0005456122,0.8239167,4.898956,1.904526
0.1672089,0.3234607,0.0003202106,1.043475,4.898517,1.905993
0.2116113,0.322481,0.0002873693,1.260697,4.898162,1.907046
0.2592089,0.3188566,0.0003023214,1.474492,4.897965,1.907656
0.3085737,0.310735,0.0005110207,1.685035,4.89797,1.90762
0.3628162,0.2966045,0.0004844305,1.893108,4.89818,1.906914
0.4154766,0.273805,0.0007034416,2.099338,4.898564,1.905651
0.47429,0.2393524,0.0002555649,2.304182,4.899063,1.90404
0.5204395,0.1921707,0.0005160193,2.507871,4.899593,1.902365
0.01521021,0.3200425,-4.548953e-05,0.1916729,4.899933,2.101706
0.04829232,0.3208119,0.001205915,0.3922697,4.899775,2.102969
0.08665502,0.3217173,0.000284274,0.6121982,4.899498,2.105045
0.1265704,0.322853,0.0006721016,0.8337504,4.899155,2.107527
0.1690178,0.3233381,0.0002033733,1.053221,4.898815,2.109558
0.2130213,0.3222267,0.0004544365,1.268586,4.898547,2.111055
0.2603293,0.318492,0.0004645623,1.479856,4.898401,2.11181
0.3091007,0.3102889,0.0006568495,1.688161,4.898404,2.111787
0.3631546,0.2961471,0.0008536076,1.894535,4.898563,2.110973
0.4151791,0.2733661,0.001073939,2.099662,4.89886,2.109318
0.4742889,0.2388629,0.001452796,2.303948,4.899258,2.106925
0.5197303,0.1918543,0.0007907605,2.507526,4.899698,2.104175
0.0174879,0.3201351,0.003050494,0.1970738,4.899949,2.299407
0.05080341,0.3208649,0.001652304,0.4038402,4.899831,2.303979
0.0891604,0.3217548,0.001002476,0.6272081,4.899633,2.307764
0.1300233,0.322817,0.0007033072,0.8491992,4.899397,2.31111
0.1715858,0.3231711,0.0004045833,1.066146,4.899171,2.313722
0.2153249,0.3219086,0.0006063861,1.277905,4.898996,2.315343
0.2619825,0.3180402,0.000448921,1.486019,4.898901,2.316068
0.310526,0.3097375,0.0007375831,1.69185,4.898904,2.316069
0.3638559,0.295576,0.0004960685,1.896294,4.899008,2.315336
0.4162608,0.2728163,0.001214026,2.100006,4.899208,2.313678
0.4741674,0.2385391,0.0003375928,2.303431,4.89949,2.31086
0.520874,0.1914412,0.001151607,2.506729,4.899823,2.307013
0.01766283,0.3156796,-0.0008273522,0.2105146,4.899965,2.48764
0.0520421,0.3209405,0.003619505,0.427445,4.899891,2.505738
0.0930877,0.3217407,-0.0001028871,0.650877,4.899776,2.511345
0.1326335,0.3227911,0.0008471396,0.8685323,4.899646,2.515636
0.1739491,0.3229937,0.0002513312,1.079948,4.899523,2.518219
0.2168868,0.3215917,0.0005187023,1.287204,4.899429,2.519548
0.2631861,0.3176159,0.0003532554,1.492028,4.899378,2.520121
0.3107905,0.3091914,0.0006286132,1.69542,4.899379,2.520142
0.364314,0.2950264,0.000662972,1.898003,4.899436,2.519612
0.4147835,0.2722564,0.001075367,2.100238,4.899547,2.518327
0.4741536,0.2379658,0.001996634,2.302569,4.899713,2.515797
0.5181883,0.19184,0.001527453,2.505298,4.899933,2.511426
0.01722486,0.3201201,0.007083347,0.2492401,4.899981,2.690278
0.06207523,0.3223079,0.002436554,0.4639203,4.899946,2.7095
0.09625897,0.3218984,-0.0003196189,0.6777211,4.899902,2.716924
0.13688,0.3227582,0.001059518,0.8864702,4.899851,2.720646
0.1760683,0.3228389,0.0001313595,1.091596,4.899803,2.722319
0.2189116,0.3213291,0.0005223844,1.29474,4.899766,2.723088
0.2644306,0.317252,0.0003125583,1.496773,4.899746,2.723407
0.3121947,0.3087534,0.0005657961,1.698183,4.899746,2.723433
0.3648619,0.2945375,0.000399165,1.899272,4.899769,2.723171
0.4171802,0.2717815,0.0009679167,2.100279,4.899813,2.722472
0.4735594,0.2378199,0.0001111312,2.301474,4.899881,2.72089
0.5258492,0.1913866,0.001365423,2.503258,4.899982,2.717296
0.009317818,0.2519156,-0.001949712,0.2462116,4.950011,2.95472
0.06594339,0.3192552,-0.000584004,0.4960888,4.899986,2.906591
0.0980204,0.3211822,9.84215e-05,0.6961209,4.899978,2.910058
0.1385262,0.322761,0.000392221,0.8971293,4.899967,2.911574
0.1769703,0.3227193,5.844054e-05,1.098207,4.899957,2.912103
0.2196312,0.3212194,0.0001214224,1.298904,4.89995,2.91231
0.2649724,0.3171171,-0.0001290718,1.499341,4.899945,2.912393
0.3120089,0.3085218,9.333405e-05,1.699643,4.899945,2.912402
0.365295,0.2943471,-0.0006789728,1.899892,4.89995,2.91234
0.4144643,0.2713968,0.000341737,2.100171,4.899959,2.912153
0.4741627,0.2377697,-0.002710624,2.300515,4.899972,2.911627
0.5136639,0.1934282,0.005480357,2.50033,4.89999,2.909953
0.006718077,0.3619697,-0.008817091,0.1710856,4.77555,0.02000684
0.01323096,0.3776664,0.003410478,0.1710836,4.824448,0.02000596
-0.007231254,0.3252148,-0.01698608,0.1200771,4.97554,0.07051912
0.006093906,0.1997647,0.01433905,0.1441424,4.850011,0.1442764
0.003997997,0.2091943,-0.02622166,0.1441342,4.949983,0.1442717
0.006099948,0.1996342,-0.01433744,0.1441628,4.850008,2.855659
0.004169611,0.2097718,0.02643405,0.1441702,4.949995,2.855632
0.01387976,0.3780256,-0.003133903,0.1711116,4.824444,2.979984
0.007962123,0.322378,0.007752581,0.1711505,4.975564,2.979973
0.009964514,0.36266,0.009011414,0.1711497,4.775538,2.979971
0.5714459,0.1226265,-0.02314179,2.699782,4.900026,0.09499908
0.5664356,0.1222688,0.004693291,2.705823,4.900142,0.289987
0.5726718,0.1201175,-0.00650951,2.708193,4.900176,0.4945686
0.573391,0.1220318,0.001534728,2.709437,4.900127,0.6970567
0.00605857,0.2325237,-0.008781583,0.23899,5.050031,2.858189
0.009108866,0.3397944,0.01011792,0.1200771,5.02446,0.07051905
0.005968195,0.1779186,0.01290779,0.1441333,5.050015,0.1442703
0.005983595,0.1777303,-0.01280325,0.1442506,5.050028,2.855404
0.008834098,0.3419854,-0.0093055,0.1201378,5.024486,2.929298
0.05421508,0.2820792,-0.003341563,0.3406594,5.050194,2.861857
0.03459115,0.2414172,-0.005610833,0.2464441,5.050015,2.954644
0.05017708,0.2858165,-0.005690498,0.3527928,5.048999,2.957263
0.03549094,0.3244325,-0.03191106,0.1660652,5.025023,2.933888
0.002752248,0.1995838,-0.0002646646,0.1213507,5.025015,2.978817
0.01095384,0.3343776,-0.003444403,0.1712496,5.024484,2.979939
0.01141078,0.2715336,-0.01579056,0.1202147,5.075603,2.929021
0.007180247,0.2656913,-0.004389014,0.1715049,5.075611,2.979853
0.03656551,0.2720805,-0.04586962,0.1662702,5.075069,2.93369
-0.0135177,0.2152366,0.01447864,0.1214575,5.075111,2.978698
0.6052554,0.0593044,-0.0267655,2.845839,4.849004,0.04541663
0.5746087,0.1214208,-0.001731792,2.70995,4.900073,0.898334
0.5747027,0.122287,0.0002895553,2.710165,4.90003,1.099083
0.5751492,0.1221949,-0.0003724862,2.710249,4.900003,1.29959
0.5750165,0.1224042,5.88727e-07,2.710272,4.899994,1.500001
0.5751318,0.122159,0.0004047572,2.710251,4.900003,1.700411
0.5746367,0.1221858,-0.0003130304,2.710169,4.90003,1.900919
0.5744959,0.121249,0.001767135,2.709962,4.900074,2.101669
0.5730627,0.1215213,-0.001723124,2.709483,4.900127,2.302954
0.5719679,0.119648,0.006251124,2.708352,4.900168,2.505467
0.5664992,0.121303,-0.005981229,2.706135,4.900121,2.710129
0.5739137,0.1223662,0.02202758,2.700353,4.899991,2.905125
0.6172883,0.1096839,-0.02668111,2.846137,4.95102,0.04529636
0.5750895,0.0919292,0.03792919,2.855018,4.850069,0.1435751
0.5805466,0.0896469,0.02157892,2.855896,4.950027,0.1433593
0.5375691,0.06260174,-0.01877649,2.846691,5.049064,0.04513413
0.4981859,0.08313742,0.07623197,2.856458,5.050019,0.1429128
0.00994323,0.2505733,0.001574278,0.2461219,4.950003,0.04525042
0.03742581,0.2687915,0.008862428,0.2461228,4.849996,0.04525026
0.04943715,0.2990047,0.007296625,0.3525337,4.848993,0.04269659
0.02173155,0.2804817,0.002685155,0.3525314,4.951,0.04268698
0.01024873,0.2418543,0.01188204,0.2387634,4.850017,0.1415867
0.04943951,0.2940733,0.003871479,0.3404413,4.850183,0.1380363
0.02545859,0.2969965,-0.02961824,0.3404281,4.949804,0.1380189
-0.002321041,0.3111431,-0.05938024,0.1380407,4.949928,0.2431353
0.005676082,0.3288063,0.07201698,0.1380363,4.850071,0.2431452
0.03159918,0.2276598,0.02575024,0.1216931,4.849189,0.3452055
-0.02261752,0.2145024,-0.01071137,0.1216938,4.950807,0.3451999
-0.002625663,0.3110709,0.059639,0.1380482,4.949928,2.756759
0.031596,0.2276725,-0.02573,0.1216949,4.849188,2.654751
-0.02261184,0.2145043,0.01071566,0.1216949,4.950807,2.654742
0.005549217,0.3288543,-0.07148485,0.1380473,4.85007,2.75678
0.02177673,0.2825086,-0.001651726,0.3526398,4.951007,2.957287
0.02877631,0.2675752,0.0185597,0.2388464,4.949984,2.85833
0.02362689,0.2959964,0.02995685,0.3405452,4.949808,2.861915
0.009856957,0.2411544,-0.01196715,0.2388391,4.850013,2.858342
0.04831809,0.2972424,-0.003236537,0.3405452,4.850185,2.861919
0.03789061,0.2726438,-0.00994346,0.2461857,4.849992,2.954727
0.0498748,0.3017861,-0.006697489,0.3526227,4.848993,2.957289
0.005979347,0.2353395,0.001922367,0.1212905,4.77502,0.0211135
-0.04215743,0.3552289,-0.06949805,0.1659143,4.775009,0.06596446
-0.008569753,0.3656441,-0.01947532,0.1200931,4.775541,0.07052069
0.01208022,0.3062062,0.02208794,0.1200919,4.875542,0.0705171
0.002578033,0.2258651,-3.856937e-05,0.1212898,4.82498,0.02111258
0.009493215,0.3026135,0.003261493,0.1710819,4.87555,0.02000597
0.03463716,0.3641453,0.03321771,0.1659115,4.824989,0.06596101
0.009980163,0.3841405,0.01400582,0.1200922,4.824458,0.07051811
0.03858851,0.3065517,0.05134859,0.1659175,4.875012,0.06596149
-0.01247466,0.238576,-0.01438979,0.1212891,4.87502,0.02111249
0.005410936,0.2088153,0.001559833,0.1212858,4.97502,0.02111622
-0.03499753,0.3162907,-0.06188265,0.1659028,4.97501,0.06595314
0.008059638,0.3211947,-0.00798205,0.1710796,4.975552,0.02001302
-0.0002565939,0.2724689,0.003623842,0.1200867,4.924455,0.07051766
0.01298768,0.2655178,-0.003520408,0.1710811,4.924452,0.02000851
0.01414848,0.2870408,-0.002077001,0.1659177,4.924988,0.06595768
0.008517433,0.2295861,0.003497876,0.1212878,4.92498,0.02111389
0.01233934,0.307556,-0.02236972,0.1200991,4.875542,2.929461
0.0349375,0.3652342,-0.03297834,0.1659416,4.824983,2.934004
0.002338604,0.2276042,0.0003721755,0.121299,4.824976,2.978876
0.009393223,0.3031138,-0.003098592,0.1711002,4.87555,2.979987
0.01050015,0.3857373,-0.01459207,0.1201012,4.824454,2.929449
0.03853725,0.3079269,-0.05161765,0.1659395,4.875013,2.934013
-0.0121997,0.2396817,0.01414328,0.1212951,4.87502,2.97888
-0.0072676,0.3269637,0.01704689,0.1201116,4.975552,2.929407
-0.03559231,0.318059,0.06206742,0.1659751,4.975024,2.933973
0.005446793,0.209174,-0.001641787,0.1213125,4.975032,2.978861
-0.0001960659,0.2737158,-0.00359251,0.1201018,4.924461,2.929451
0.01304249,0.2661428,0.003559436,0.1711095,4.924454,2.979984
0.01411015,0.2877967,0.002126214,0.1659485,4.924992,2.934004
0.008732814,0.2304637,-0.003691302,0.1212985,4.924983,2.978877
-0.04114652,0.3564849,0.06954452,0.1659735,4.774996,2.933964
0.006854465,0.2364396,-0.00277418,0.1213132,4.775008,2.97886
-0.007930734,0.3684911,0.01748871,0.1201122,4.77553,2.929406
0.00276014,0.1991753,0.0003263299,0.1212857,5.02498,0.02111619
0.03529779,0.3225465,0.03085814,0.1659027,5.02499,0.06595306
0.01256258,0.3335662,0.003125547,0.1710796,5.024448,0.02001298
0.01058582,0.2690583,0.0159125,0.1200865,5.075545,0.0705173
0.008654125,0.2653253,0.003367039,0.1710807,5.075548,0.02000836
0.03585189,0.2707019,0.04261291,0.1659168,5.075012,0.06595685
-0.01050372,0.2111909,-0.01249723,0.1212877,5.07502,0.02111378
0.5873545,0.09594303,-0.01584428,2.858852,4.950171,0.2461604
0.5797863,0.0763298,-0.002067432,2.859105,4.850133,0.448891
0.574485,0.07796303,-0.001015615,2.859537,4.850152,0.6495222
0.5781945,0.07831167,-0.000668326,2.859663,4.850159,0.8497482
0.5770549,0.07862864,-0.0001066796,2.859708,4.85016,1.04986
0.5781655,0.07876341,-0.0001171443,2.859726,4.850159,1.249931
0.5776624,0.07883452,0.0001550296,2.859734,4.85016,1.449985
0.5781413,0.07877732,0.0001950322,2.859735,4.850162,1.650035
0.5770492,0.07868615,0.0002956728,2.859729,4.850166,1.850094
0.5781357,0.07836386,0.0002510537,2.859711,4.850172,2.050175
0.5746924,0.07843705,-0.000907457,2.859665,4.850178,2.250319
0.578941,0.08024659,-0.004917063,2.859638,4.850173,2.450695
0.5873938,0.09586414,0.01744181,2.859118,4.950168,2.754042
0.579407,0.08876901,-0.01884208,2.856457,4.950014,2.856997
0.4961823,0.08150105,-0.07535567,2.856603,5.049995,2.857103
0.5355322,0.06161664,0.02029712,2.846692,5.048967,2.954841
0.573793,0.07228905,-0.003468704,2.857245,4.850062,0.2464286
0.5629815,0.08123718,0.01225656,2.858632,4.850175,0.3481767
0.5771604,0.08543785,0.011544,2.860867,4.950109,0.3479757
0.5966493,0.0945598,-0.004790825,2.861611,4.950191,0.4487629
0.5776408,0.07868995,0.001918626,2.859455,4.850181,0.5493399
0.5950715,0.0905795,0.0007421129,2.862147,4.950138,0.5492543
0.5913563,0.09054521,-0.0005922781,2.862288,4.950175,0.6494789
0.5743501,0.07835611,0.0003684552,2.859652,4.850178,0.7496807
0.5918567,0.08983354,-0.001331172,2.862449,4.950138,0.7496383
0.5958043,0.09106312,0.0006539036,2.862472,4.950156,0.8497363
0.5780463,0.07841366,-0.0003841936,2.85971,4.850171,0.9498244
0.5957866,0.09064866,-0.001795264,2.862533,4.950133,0.9497965
0.5946921,0.09099557,0.001327619,2.862533,4.950142,1.04986
0.5770738,0.07872889,-0.0003193944,2.859729,4.850166,1.149906
0.5947766,0.09099386,-0.001803546,2.86256,4.950129,1.149885
0.5958547,0.09114802,0.001397265,2.862558,4.950133,1.249937
0.5781417,0.07879382,-0.000193274,2.859735,4.850162,1.349965
0.5958607,0.0911051,-0.001671472,2.862569,4.950127,1.349948
0.5953625,0.09119118,0.001644042,2.862568,4.950128,1.449996
0.5776638,0.07883044,-0.0001506375,2.859734,4.85016,1.550015
0.5953638,0.09118964,-0.001647418,2.862568,4.950128,1.550004
0.5958634,0.09109191,0.001663319,2.862569,4.950127,1.650052
0.5781718,0.0787381,0.0001156659,2.859726,4.850159,1.75007
0.5958629,0.09113785,-0.001410455,2.862558,4.950133,1.750063
0.5947528,0.09097633,0.001771876,2.862561,4.950129,1.850116
0.5770409,0.07856718,4.852906e-05,2.859708,4.85016,1.95014
0.5946829,0.0909884,-0.001427334,2.862534,4.950142,1.950141
0.5958648,0.0905885,0.001725395,2.862534,4.950133,2.050205
0.5783487,0.07830195,0.0005644975,2.859665,4.850159,2.150251
0.5959379,0.09109994,-0.0008982745,2.862475,4.950156,2.150266
0.5919817,0.08973448,0.001472999,2.862461,4.950138,2.250367
0.5746863,0.07825736,0.00121071,2.859591,4.850153,2.350482
0.5913875,0.09109463,-8.931445e-05,2.862327,4.950174,2.350533
0.5959479,0.08983263,0.0003593719,2.862246,4.950132,2.450773
0.5820394,0.07498481,0.002520858,2.859443,4.850107,2.55116
0.5956797,0.09797099,0.005163686,2.861767,4.950185,2.551289
0.5646472,0.08326086,-0.008775227,2.858936,4.850173,2.651926
0.5777823,0.08489031,-0.0116576,2.861051,4.950104,2.652126
0.5741293,0.07342384,0.005017241,2.857643,4.85007,2.753878
0.3191478,-0.00433812,0.001163447,2.861176,6.65284,2.049966
0.3172819,-0.00391937,0.001381875,2.861184,6.652971,2.250016
0.3280756,0.004690314,-0.0003227881,2.853582,6.85323,2.250033
0.3150072,-0.005270041,0.0003684745,2.861077,6.653224,2.450213
0.3290392,0.004458746,-0.002061035,2.853782,6.853335,2.449986
0.3071163,-0.005432706,-0.002334362,2.86013,6.653406,2.651219
0.3347706,0.002937317,-0.0008487411,2.853808,6.853556,2.650115
0.4276802,0.04899451,-0.067856,2.857673,5.25002,2.857733
0.3832912,0.03456869,-0.06003284,2.858068,5.450016,2.85795
0.3475084,0.02615213,-0.05595121,2.858281,5.649968,2.858145
0.3201017,0.02078031,-0.05235174,2.858148,5.849994,2.857995
0.3003986,0.0159175,-0.04987607,2.858555,6.04997,2.858374
0.2892218,0.01107523,-0.04867666,2.858676,6.250001,2.858479
0.2940657,0.003246447,-0.05086563,2.857157,6.450265,2.856985
0.3124695,0.002129902,-0.003058385,2.855954,6.652039,2.855671
0.321673,-0.004220797,0.001188157,2.85265,6.852093,2.851377
0.4899427,0.05906328,-0.07363062,2.857124,5.150026,2.857371
0.535478,0.07936483,0.01606238,2.847025,5.151028,2.955008
0.4211233,0.03955842,-0.06311789,2.857868,5.349966,2.857792
0.4852962,0.02855862,0.01202795,2.847744,5.249061,2.955167
0.4866651,0.06730957,0.01222053,2.847728,5.350926,2.955197
0.3765112,0.02931774,-0.05711032,2.858404,5.550008,2.858267
0.4401303,0.01620763,0.00943974,2.847934,5.449044,2.955269
0.4461713,0.05260396,0.009582776,2.84865,5.551007,2.955489
0.3493121,0.02198977,-0.05379078,2.858026,5.74999,2.857882
0.4102531,0.01368948,0.006727595,2.848332,5.648933,2.955392
0.4079005,0.04547816,0.008811291,2.84772,5.751011,2.955252
0.3203452,0.01662444,-0.05057723,2.858274,5.94995,2.858109
0.3813226,0.003692538,0.006821299,2.848015,5.849066,2.955263
0.3814748,0.03921493,0.008238617,2.848205,5.950965,2.955373
0.2997495,0.0118872,-0.04862452,2.8588,6.149993,2.858602
0.3586452,-0.001349688,0.005510384,2.848771,6.049037,2.955514
0.3616333,0.03302043,0.006376653,2.849392,6.150979,2.9557
0.2880008,0.004662237,-0.04779966,2.858058,6.350089,2.857872
0.3419769,-0.0002465179,0.005958643,2.849329,6.24901,2.955648
0.3421921,0.03013652,0.008754038,2.848607,6.35077,2.955203
0.2916232,-0.009545223,-0.04248435,2.856438,6.550933,2.856239
0.3231087,0.004848936,0.006833781,2.847756,6.448393,2.954591
0.3242071,0.01312181,0.005082217,2.850152,6.548573,2.953411
0.3055541,-0.01019109,-0.009712093,2.854776,6.754413,2.854056
0.3396755,0.00426647,0.01284086,2.849592,6.647917,2.95403
0.3299176,0.01213774,0.0007679894,2.851748,6.751189,2.952013
0.3296546,0.003994898,-0.001062621,2.853682,6.853264,2.35002
0.3317144,0.003897613,-0.003444714,2.85384,6.853458,2.549995
0.3305689,0.005486592,0.001157929,2.853552,6.853304,2.75045
0.3191828,-0.004403198,-0.0003050036,2.861174,6.652897,2.15013
0.2909529,0.005025703,0.0006000119,2.857711,6.756087,2.150044
0.2889105,0.004681492,0.0006104596,2.85775,6.756122,2.250033
0.317504,-0.004316634,0.0002720222,2.861146,6.65309,2.350216
0.2892013,0.004264049,0.0009607198,2.857794,6.756188,2.350055
0.287049,0.003476271,0.0002668583,2.857825,6.75629,2.45008
0.3160428,-0.006156752,0.001960657,2.860756,6.65338,2.55065
0.2879104,0.003170749,0.0007904169,2.857758,6.756433,2.550245
0.2815552,-0.003977116,-0.001325356,2.857458,6.756488,2.650669
0.312398,-0.008332992,0.0088769,2.858434,6.653064,2.752881
0.2860935,0.004297226,-0.003099686,2.856524,6.756026,2.751805
0.04276365,0.3712072,0.01087774,0.2491808,4.249978,0.04633788
0.06352005,0.4203155,0.001756819,0.4967685,4.300005,0.09358045
0.08813557,0.4282443,0.0005052599,0.6964363,4.299996,0.09002292
0.1258468,0.4382193,-0.0002884655,0.8973494,4.299992,0.08850115
0.1641095,0.4490916,-4.850197e-05,1.098375,4.299989,0.08797873
0.2095438,0.4616232,-0.0002358845,1.299027,4.299987,0.08777983
0.2631795,0.4746446,7.266194e-05,1.499423,4.299985,0.08770221
0.3239667,0.4851148,-0.0005943981,1.699688,4.299985,0.08769322
0.4023103,0.4925566,0.0009363815,1.899904,4.299985,0.08775124
0.4851254,0.4867921,-0.002889206,2.100148,4.299985,0.08792852
0.6032515,0.4707164,0.005075104,2.300445,4.299983,0.08844624
0.699256,0.4111579,-0.01932554,2.500185,4.299972,0.09012493
0.04457539,0.3388521,0.0147362,0.2473598,4.450056,0.04571405
0.06230145,0.3872298,0.000662028,0.496374,4.500004,0.09349067
0.09326666,0.3949927,-0.0001948739,0.6963002,4.499991,0.089994
0.1328797,0.4002046,-0.0004130446,0.8972756,4.499985,0.08848013
0.1725773,0.4066165,-0.0001004201,1.098326,4.499981,0.08795709
0.218177,0.4129542,-0.0001883105,1.298993,4.499977,0.08775632
0.2700514,0.4183422,7.915097e-05,1.4994,4.499975,0.08767724
0.3269926,0.4196828,-0.0003037475,1.699673,4.499975,0.08766788
0.3970277,0.4164231,0.0007066931,1.899891,4.499976,0.08772653
0.4676945,0.4001367,-0.001100537,2.100125,4.499978,0.08790483
0.5612577,0.373683,0.003294334,2.300381,4.499979,0.08842307
0.6351336,0.3132203,-0.007569364,2.499992,4.499974,0.09010411
0.03966392,0.2986231,0.006088556,0.246215,4.64998,0.04528411
0.06360206,0.3534289,0.00112748,0.496102,4.699989,0.09342458
0.09758544,0.3583501,-7.612845e-05,0.6961648,4.699984,0.08996153
0.1372646,0.3613905,-0.000330611,0.8971846,4.699977,0.08845093
0.1766964,0.3641646,-5.991567e-05,1.098258,4.699971,0.08792508
0.2211477,0.3659383,-0.0001408511,1.298944,4.699966,0.08772131
0.2698222,0.3657259,0.0001133262,1.499367,4.699963,0.08764036
0.3221182,0.360872,-0.0001833581,1.699653,4.699962,0.08763081
0.3827579,0.3507463,0.0006994177,1.89988,4.699965,0.08769114
0.442957,0.3289934,-0.0006938789,2.100118,4.69997,0.08787284
0.5149065,0.2975539,0.00296147,2.300366,4.699978,0.08839601
0.5734672,0.2423393,-0.006582891,2.499944,4.699989,0.09008417
0.01630539,0.4167721,0.0004665094,0.249738,4.300013,0.3102977
0.05521417,0.4236606,-0.001027098,0.4646947,4.299995,0.2908439
0.08620286,0.4281872,0.001098691,0.6785608,4.299977,0.2833519
0.1238756,0.4376965,-0.0007863919,0.8873165,4.299963,0.2796605
0.1631662,0.4488541,-0.000123211,1.092341,4.299951,0.2780323
0.2088702,0.4614237,-0.0006951631,1.295316,4.299941,0.2773006
0.2623105,0.4743987,-0.000575419,1.497165,4.299935,0.2770026
0.3244934,0.4852709,-0.001406583,1.698411,4.299934,0.2769765
0.3997201,0.4919022,-0.0008508392,1.899375,4.299935,0.2772166
0.4905825,0.4892812,-0.004323893,2.100315,4.299934,0.277874
0.5902635,0.4668524,0.0003069606,2.301556,4.299921,0.2794031
0.7309263,0.4268864,-0.01674063,2.503657,4.299866,0.2829566
0.01748797,0.3866344,-0.00620623,0.2494688,4.500013,0.3099374
0.05906116,0.391736,-0.001923078,0.4643744,4.499984,0.2906872
0.09161879,0.3941032,0.0003740299,0.6782938,4.499957,0.2832636
0.1313915,0.3998817,-0.0009842217,0.8870771,4.499937,0.2795762
0.1717022,0.4063789,-0.0001596658,1.09214,4.499919,0.2779397
0.2174958,0.4128285,-0.0006088845,1.295163,4.499904,0.2771993
0.2693691,0.4181779,-0.0004656094,1.497059,4.499895,0.2768962
0.3272063,0.4198539,-0.0009347327,1.698339,4.499893,0.2768693
0.3958939,0.4160661,-0.0007795118,1.899311,4.499898,0.2771131
0.4708203,0.4021297,-0.002023918,2.100202,4.499907,0.2777773
0.5587831,0.37168,-0.0008921494,2.301251,4.49991,0.2793137
0.6498948,0.3253834,-0.003153271,2.502779,4.499883,0.2828755
0.01745826,0.3541648,-0.003970674,0.2492724,4.699983,0.309728
0.06130585,0.3574394,-0.001387184,0.4640554,4.699962,0.2905489
0.0951841,0.3582676,0.0004163077,0.6779524,4.699932,0.2831535
0.1356827,0.3612476,-0.0009183141,0.8867385,4.699902,0.2794561
0.1757415,0.3641045,-9.768311e-05,1.091843,4.699873,0.277803
0.2204193,0.3659365,-0.0005363403,1.294933,4.699849,0.2770484
0.2691896,0.3657379,-0.0003634023,1.496899,4.699836,0.2767374
0.3222986,0.3610776,-0.0007331665,1.698241,4.699835,0.2767103
0.3819422,0.3507612,-0.0005513352,1.899256,4.699848,0.2769623
0.4458772,0.3298625,-0.001566723,2.10016,4.699873,0.2776431
0.5133069,0.2968738,-0.0003208118,2.301163,4.699908,0.279203
0.586918,0.2436201,-0.002626171,2.50251,4.699954,0.2827954
0.01619748,0.4120412,0.002063357,0.2107901,4.299988,0.5124761
0.04649846,0.4209443,-0.002093483,0.4283927,4.299968,0.49453
0.08290498,0.4273684,0.0005626334,0.6524955,4.299941,0.4890867
0.1198533,0.436844,-0.0005537209,0.8704195,4.299912,0.4849394
0.1609557,0.4483413,-0.000220162,1.081696,4.299884,0.4824792
0.2066635,0.4611082,-0.000705875,1.288586,4.29986,0.4812374
0.2607169,0.4743588,-0.00072623,1.492983,4.299845,0.480709
0.3224325,0.4854584,-0.001569794,1.695989,4.299841,0.4806854
0.3986777,0.4924927,-0.001797617,1.898287,4.299844,0.4811649
0.4864905,0.4897595,-0.004055658,2.100401,4.299846,0.482352
0.5915629,0.4687408,-0.00517902,2.302918,4.299825,0.4847467
0.718205,0.4252527,-0.009715787,2.506416,4.299745,0.4889251
0.01673227,0.3822584,0.00167103,0.2107018,4.499976,0.5124279
0.04909966,0.3891903,-0.003001511,0.4281124,4.49994,0.4944422
0.08838647,0.393531,0.0002803251,0.652047,4.499899,0.4889635
0.1272085,0.3993325,-0.0007288013,0.8699136,4.499856,0.4847856
0.1695122,0.4061229,-0.0002447294,1.081235,4.499814,0.4822968
0.2153386,0.412749,-0.0006139616,1.288223,4.499778,0.4810339
0.2679143,0.4183245,-0.0005639979,1.492727,4.499757,0.4804942
0.3254127,0.4201805,-0.001085451,1.695815,4.499753,0.4804702
0.3951152,0.4167361,-0.00132296,1.898135,4.499766,0.4809598
0.4675385,0.4027387,-0.002282561,2.100143,4.499788,0.4821663
0.5598857,0.3735743,-0.003818565,2.302258,4.4998,0.4845867
0.6393642,0.3252473,-0.003633281,2.504703,4.499772,0.488843
0.01763655,0.3493939,0.001453887,0.2105905,4.699969,0.5123807
0.0515208,0.3554961,-0.003004632,0.4277329,4.699915,0.4943343
0.09189566,0.3578983,0.0003454246,0.6514038,4.699846,0.488793
0.1314101,0.3610123,-0.0007103264,0.8691661,4.699772,0.4845612
0.1735367,0.3640713,-0.0002014818,1.080542,4.699701,0.4820254
0.2182904,0.3660416,-0.0005382838,1.287671,4.699643,0.480729
0.2678102,0.366004,-0.0004391531,1.49234,4.69961,0.480172
0.3206861,0.3614506,-0.0008422383,1.695574,4.699609,0.4801486
0.3811857,0.3513405,-0.0009695329,1.897998,4.699641,0.4806576
0.4430411,0.3302873,-0.001728127,2.10004,4.699702,0.4819022
0.5135868,0.2979375,-0.002740315,2.302057,4.699786,0.4843776
0.5784329,0.2432198,-0.002929499,2.504157,4.699888,0.4887187
0.01536269,0.4167721,-0.00118855,0.1973923,4.299984,0.7006741
0.0446565,0.4201885,-0.0007721893,0.4051307,4.29995,0.6962649
0.07915594,0.4263024,-0.0004477695,0.6296726,4.299902,0.6927152
0.1172393,0.4358231,-0.0004527378,0.8522877,4.29985,0.6896031
0.1584822,0.4475599,-0.0003589606,1.069112,4.299799,0.6871803
0.2048754,0.4606848,-0.0007938982,1.280289,4.299756,0.6856942
0.2588672,0.4741905,-0.0008254444,1.487685,4.29973,0.6850362
0.3217288,0.4859284,-0.001736171,1.692856,4.299722,0.6850312
0.3964507,0.4928368,-0.001607586,1.89681,4.299731,0.685687
0.4879277,0.492022,-0.004386468,2.100314,4.299742,0.6871989
0.5870547,0.4688304,-0.00263916,2.304003,4.299733,0.6897995
0.7230652,0.431454,-0.009367707,2.508293,4.299671,0.6933741
0.01644727,0.3863371,-0.002534552,0.1973049,4.499966,0.7006481
0.0478892,0.3886571,-0.001262606,0.4047826,4.499906,0.696195
0.08459934,0.3926475,-0.0007856213,0.6290176,4.499833,0.6925858
0.1246622,0.3986864,-0.0005783282,0.8514752,4.499758,0.6894155
0.1670843,0.4056752,-0.0003749582,1.068338,4.499683,0.686946
0.2136242,0.4126155,-0.0006934557,1.279668,4.49962,0.6854263
0.2663528,0.4183848,-0.0006542611,1.487242,4.499581,0.6847512
0.3248261,0.4207422,-0.001234575,1.692555,4.499575,0.6847462
0.3939106,0.4171599,-0.001140608,1.896555,4.4996,0.6854182
0.4687741,0.4046892,-0.002582382,2.099909,4.499645,0.6869598
0.5589538,0.3739652,-0.001700891,2.303049,4.499687,0.6896159
0.6425357,0.3314298,-0.003641698,2.50607,4.499693,0.6932876
0.01717322,0.3537977,-0.00223288,0.1971789,4.699954,0.7006156
0.04991657,0.3552282,-0.001209306,0.4042735,4.699868,0.6960985
0.08788071,0.3574991,-0.0007499367,0.6280452,4.699748,0.6923983
0.1287387,0.360733,-0.0005576705,0.8502556,4.699616,0.6891379
0.1710866,0.36396,-0.0003368658,1.067162,4.699486,0.6865954
0.2166207,0.3661486,-0.0006139105,1.278716,4.699381,0.6850235
0.2664135,0.3662557,-0.0005258265,1.486567,4.699321,0.6843223
0.3202471,0.3619807,-0.0009574056,1.692132,4.699319,0.6843186
0.3803614,0.3517865,-0.0007831228,1.896317,4.699377,0.6850201
0.4443917,0.3312929,-0.001882946,2.09974,4.699489,0.6866185
0.5131857,0.298117,-0.0008898564,2.302755,4.699638,0.68936
0.5813929,0.2446086,-0.002516518,2.505355,4.699805,0.6931437
0.01328739,0.4169318,0.0005392594,0.1920554,4.299979,0.898352
0.0423762,0.419942,-0.0006489084,0.3938841,4.299933,0.8972323
0.07682376,0.4259756,2.351318e-05,0.6154068,4.299866,0.8953734
0.1140317,0.4351649,-0.0004450201,0.8379407,4.299789,0.8931351
0.1559268,0.446992,-0.0001555428,1.057388,4.299713,0.8913157
0.2024036,0.4602874,-0.0005745956,1.271995,4.299648,0.8899699
0.2568104,0.4740836,-0.0007848874,1.482256,4.299608,0.8892951
0.3196696,0.4861394,-0.001367546,1.689616,4.299599,0.8893127
0.3950528,0.4934229,-0.001902164,1.89528,4.299615,0.8900386
0.4857841,0.4927888,-0.003013253,2.100083,4.299644,0.8915225
0.5868472,0.4702111,-0.003740961,2.30463,4.29966,0.8936818
0.7209379,0.4314192,-0.004201457,2.509248,4.299627,0.8961725
0.01422694,0.386364,0.0003297888,0.1919538,4.499955,0.8983355
0.04544405,0.3884081,-0.0009203108,0.3934579,4.499875,0.8971779
0.0821911,0.3924144,-0.0001012028,0.6145649,4.499771,0.8952626
0.12132,0.3982772,-0.0005317243,0.8368464,4.49966,0.8929626
0.1645026,0.4053909,-0.0001521022,1.056304,4.49955,0.8910893
0.2111859,0.412506,-0.0004997427,1.27111,4.499454,0.8897053
0.2644379,0.4185194,-0.0006285819,1.481621,4.499396,0.88901
0.3230093,0.4211272,-0.001023085,1.689186,4.499388,0.8890275
0.3928136,0.4178187,-0.00143546,1.894929,4.49943,0.889772
0.4671644,0.4055075,-0.002009193,2.099567,4.499506,0.8912968
0.5589041,0.3752935,-0.002680321,2.303511,4.499588,0.8935194
0.6409976,0.3322858,-0.002182284,2.506821,4.499636,0.8960898
0.01490811,0.353724,0.0003311102,0.1918033,4.69994,0.8983126
0.04742748,0.3550744,-0.0009236174,0.3928235,4.699824,0.8970992
0.08535508,0.3573564,-8.634964e-05,0.6133018,4.699655,0.8950993
0.1252772,0.3605582,-0.0005359899,0.8351932,4.699461,0.892705
0.1684635,0.3639151,-0.0001252998,1.054654,4.699268,0.8907494
0.2142078,0.3662672,-0.0004411551,1.269749,4.699109,0.8893063
0.264603,0.3665603,-0.0005187282,1.48065,4.699018,0.8885803
0.3186142,0.3624493,-0.0008121581,1.688578,4.699015,0.8885996
0.3794217,0.3523949,-0.001107965,1.894591,4.699104,0.8893784
0.4430537,0.3319166,-0.001540581,2.099345,4.699272,0.8909694
0.5130631,0.2989021,-0.002000193,2.303169,4.699491,0.8932837
0.5801418,0.2450984,-0.001604448,2.506046,4.699724,0.8959576
0.01349576,0.4166909,-0.0004632021,0.1903791,4.299975,1.098865
0.04212179,0.4196939,-0.0003530303,0.3890547,4.29992,1.098279
0.07588862,0.4256147,-0.0003157399,0.6078996,4.299837,1.097245
0.112689,0.4347033,-0.0003598552,0.8289475,4.299739,1.095954
0.1541402,0.4464521,-0.0002341842,1.048613,4.299639,1.094662
0.2008524,0.4598916,-0.0003500957,1.264992,4.299555,1.093742
0.2553132,0.4739011,-0.0005011654,1.477536,4.299502,1.093203
0.3187245,0.4863227,-0.001019801,1.686872,4.299491,1.093235
0.3939076,0.493738,-0.001157755,1.894029,4.299517,1.093858
0.4856608,0.49373,-0.00210737,2.099822,4.299566,1.094974
0.5856893,0.4707207,-0.001551637,2.30489,4.299605,1.096401
0.7216772,0.4329104,-0.003155036,2.509629,4.299596,1.097888
0.01452962,0.3861117,-0.0007234657,0.190264,4.499947,1.098855
0.04526559,0.3882078,-0.0005093042,0.3885663,4.49985,1.098242
0.08124351,0.3921386,-0.0004329182,0.6069173,4.499722,1.097167
0.1199484,0.3979873,-0.000417907,0.827639,4.499578,1.095829
0.1626957,0.4050931,-0.0002447179,1.047281,4.499434,1.094493
0.20967,0.4123623,-0.0002952523,1.263878,4.499311,1.093538
0.2630803,0.4185546,-0.0003969246,1.476733,4.499235,1.092981
0.3222014,0.421443,-0.0007669313,1.686333,4.499225,1.093013
0.3920559,0.4182067,-0.0008627731,1.893606,4.499284,1.093655
0.4671773,0.4063883,-0.001383409,2.099245,4.49939,1.094809
0.5585452,0.3758634,-0.0009817836,2.303708,4.499509,1.096285
0.6417603,0.3340795,-0.001558884,2.507133,4.499593,1.097825
0.01517289,0.3536342,-0.0006961871,0.1900929,4.699928,1.09884
0.04717377,0.3549748,-0.00051029,0.3878354,4.699789,1.098188
0.08433362,0.3572292,-0.0004380942,0.6054384,4.69958,1.09705
0.1238318,0.3604394,-0.0004236378,0.8256567,4.699332,1.095642
0.1666219,0.363837,-0.0002399796,1.045247,4.699082,1.094237
0.212721,0.3663321,-0.0002526643,1.262166,4.698874,1.093232
0.26335,0.3667683,-0.0003215783,1.475501,4.698753,1.092647
0.3179333,0.3628246,-0.0006073071,1.685567,4.69875,1.09268
0.3788753,0.3527959,-0.0006440591,1.893191,4.698869,1.093355
0.4432039,0.3324969,-0.001022108,2.098991,4.699088,1.094566
0.5128926,0.2992983,-0.000575217,2.303352,4.699368,1.096114
0.5808688,0.2458084,-0.001046788,2.506343,4.699658,1.097729
0.01307312,0.416756,0.0001131304,0.1898467,4.299973,1.299525
0.04161258,0.4196931,-7.388505e-05,0.3870824,4.299911,1.299209
0.07522942,0.4255641,3.2614e-05,0.6043438,4.299818,1.29872
0.1116664,0.4345458,-0.0001262795,0.8243349,4.299706,1.298121
0.152921,0.4462573,-8.127901e-05,1.043565,4.299591,1.297513
0.1994612,0.4596794,-0.0001469996,1.260394,4.299492,1.296983
0.2541513,0.4738148,-0.0002231214,1.474251,4.29943,1.29673
0.3177182,0.4864278,-0.0005169318,1.685078,4.299418,1.296744
0.3931506,0.4940244,-0.0006983459,1.89326,4.299452,1.297103
0.4848503,0.4941253,-0.0009318513,2.099619,4.299514,1.297685
0.585602,0.4713002,-0.00110974,2.304945,4.299571,1.298366
0.7215092,0.4331132,-0.00113115,2.509764,4.299578,1.299058
0.01408214,0.3861257,4.696191e-05,0.1897231,4.499942,1.299521
0.04473269,0.3881871,-0.0001382538,0.3865559,4.499834,1.299191
0.08055898,0.392103,-2.910418e-06,0.6032768,4.499689,1.29868
0.1188891,0.3978978,-0.0001520688,0.8228977,4.499524,1.298057
0.1614481,0.4050091,-8.401209e-05,1.042077,4.499356,1.297425
0.2082761,0.4123058,-0.0001256921,1.259127,4.499213,1.296875
0.2619801,0.4186107,-0.0001644633,1.473327,4.499125,1.29661
0.3213101,0.4216429,-0.00040486,1.684465,4.499116,1.296625
0.3914415,0.4185272,-0.0005444129,1.892798,4.499186,1.296995
0.4665504,0.4067947,-0.0006443556,2.099019,4.499314,1.2976
0.5585438,0.3764029,-0.0007766918,2.303742,4.499458,1.298307
0.6416698,0.3344821,-0.0006773696,2.507247,4.499566,1.299025
0.01471562,0.3536192,4.632677e-05,0.1895393,4.699922,1.299513
0.04662228,0.3549571,-0.0001411503,0.3857665,4.699767,1.299164
0.0836129,0.3572134,-1.939944e-06,0.6016682,4.699532,1.298621
0.1227308,0.3604102,-0.0001557464,0.820718,4.699249,1.29796
0.1653451,0.3638434,-8.135275e-05,1.039803,4.698958,1.297292
0.2113271,0.366398,-0.0001086875,1.257178,4.698715,1.296711
0.2623044,0.3669307,-0.0001236468,1.471914,4.698574,1.29643
0.3171362,0.3630782,-0.0003325847,1.683596,4.698571,1.296447
0.3783488,0.3531009,-0.0004333934,1.892339,4.698711,1.296837
0.4426814,0.3328255,-0.000493264,2.098752,4.698966,1.297474
0.512874,0.2996544,-0.0005669731,2.303383,4.699288,1.298218
0.5808007,0.2460954,-0.0004955669,2.506454,4.699614,1.298975
0.01319357,0.4166597,0.0001075226,0.1897128,4.299972,1.5
0.04168185,0.4196075,9.65661e-05,0.3865404,4.299908,1.5
0.07519855,0.4254677,9.658749e-05,0.6032979,4.299811,1.5
0.1116077,0.4344393,7.564174e-05,0.8229208,4.299695,1.5
0.1527086,0.446135,6.640561e-05,1.041979,4.299574,1.5
0.1991557,0.4595729,6.257221e-05,1.258814,4.29947,1.500001
0.2538736,0.4737368,5.749061e-05,1.473074,4.299404,1.500002
0.317605,0.4864355,6.34268e-05,1.684451,4.299392,1.500002
0.3929695,0.4940604,5.65009e-05,1.893012,4.299429,1.500002
0.4849465,0.4942669,7.584151e-05,2.099539,4.299496,1.500003
0.585443,0.4713509,5.399855e-05,2.304953,4.299559,1.500003
0.7216258,0.4333152,8.67348e-05,2.509799,4.299571,1.500002
0.01421852,0.3860435,7.891238e-05,0.1895864,4.49994,1.5
0.04481998,0.3881172,7.659854e-05,0.3860015,4.499829,1.499999
0.08053532,0.3920286,7.986785e-05,0.6022035,4.499678,1.499999
0.1188307,0.3978249,6.561438e-05,0.8214415,4.499506,1.499999
0.1612372,0.4049344,5.93797e-05,1.04044,4.499329,1.5
0.2079775,0.4122571,5.492449e-05,1.257493,4.499178,1.5
0.2617268,0.4185924,5.023734e-05,1.472106,4.499086,1.500001
0.3212243,0.4216851,5.158657e-05,1.683813,4.499077,1.500002
0.3913226,0.4185839,4.412613e-05,1.892539,4.49915,1.500002
0.4666629,0.4069313,5.433504e-05,2.09893,4.499287,1.500002
0.5585004,0.376477,3.657033e-05,2.303742,4.499441,1.500002
0.6418119,0.3347481,5.129244e-05,2.507275,4.499556,1.500001
0.0148491,0.3535768,8.189714e-05,0.1893983,4.699919,1.5
0.04669989,0.3549168,7.65225e-05,0.385193,4.699759,1.499999
0.08357887,0.3571699,7.899054e-05,0.6005524,4.699515,1.499999
0.1226608,0.3603742,6.242182e-05,0.8191968,4.699219,1.499999
0.1651291,0.3638147,5.541994e-05,1.038087,4.698915,1.499999
0.211033,0.3663985,4.860531e-05,1.255461,4.698658,1.5
0.2620715,0.3669612,4.447244e-05,1.470628,4.698511,1.500001
0.3170785,0.363141,4.167776e-05,1.682908,4.698508,1.500002
0.378267,0.3531653,3.679491e-05,1.892067,4.698654,1.500002
0.4428179,0.3329187,3.757598e-05,2.098659,4.698924,1.500002
0.5128658,0.2997116,3.275415e-05,2.303382,4.69926,1.500002
0.5809354,0.2462151,2.744191e-05,2.506482,4.699599,1.500001
0.01306044,0.4167479,0.0001201354,0.1898461,4.299973,1.700475
0.04160071,0.4196874,0.0002917222,0.38708,4.299911,1.700791
0.07520928,0.4255654,0.0001483913,0.6043384,4.299818,1.70128
0.1116384,0.4345413,0.0002906989,0.8243289,4.299706,1.701879
0.1529081,0.4462516,0.0002230898,1.043562,4.29959,1.702488
0.1994541,0.45967,0.0002791525,1.260394,4.299492,1.703019
0.2541538,0.4738031,0.0003452305,1.474255,4.29943,1.703273
0.31772,0.486407,0.0006535314,1.685085,4.299418,1.703261
0.3931656,0.4940015,0.0008177339,1.89327,4.299452,1.702903
0.484853,0.4940839,0.001091885,2.099632,4.299514,1.702322
0.5856205,0.4712621,0.001231875,2.30496,4.299571,1.70164
0.7215073,0.4330479,0.001315379,2.509776,4.299577,1.700948
0.0140792,0.3861002,0.0001398587,0.1897227,4.499942,1.700479
0.04473292,0.3881672,0.000314776,0.3865543,4.499834,1.700809
0.08054812,0.3920852,0.0001570004,0.6032731,4.499689,1.701319
0.11887,0.3978834,0.0002956746,0.8228937,4.499524,1.701942
0.1614372,0.4049978,0.0002099564,1.042075,4.499356,1.702575
0.2082688,0.4122914,0.0002420907,1.259129,4.499213,1.703126
0.2619783,0.4185962,0.0002692845,1.473331,4.499125,1.703392
0.3213064,0.4216201,0.0005168235,1.684472,4.499115,1.703378
0.391446,0.418507,0.0006390564,1.892806,4.499185,1.703009
0.4665453,0.4067552,0.0007629208,2.099027,4.499313,1.702405
0.5585455,0.3763808,0.0008643505,2.30375,4.499458,1.701697
0.6416638,0.3344185,0.0007905849,2.507253,4.499566,1.700978
0.01470947,0.3535961,0.0001450617,0.1895391,4.699921,1.700486
0.04661842,0.3549352,0.0003207808,0.3857657,4.699767,1.700836
0.08359928,0.3571935,0.0001580427,0.601666,4.699532,1.701378
0.1227084,0.3603929,0.0002964622,0.8207157,4.699248,1.702038
0.1653323,0.3638279,0.0002018982,1.039803,4.698958,1.702707
0.211318,0.3663815,0.000214777,1.25718,4.698715,1.703289
0.2622992,0.3669146,0.0002162796,1.471918,4.698574,1.703572
0.3171312,0.3630567,0.0004249025,1.683602,4.698571,1.703556
0.3783458,0.3530786,0.0005161523,1.892346,4.69871,1.703167
0.4426791,0.3327935,0.0005796457,2.098759,4.698966,1.70253
0.5128667,0.2996249,0.0006569534,2.303389,4.699288,1.701784
0.5808003,0.2460557,0.0005603701,2.506458,4.699614,1.701026
0.01347909,0.4166886,0.0008022239,0.1903783,4.299975,1.901136
0.0420705,0.4196898,0.0006238361,0.3890516,4.29992,1.901724
0.07583644,0.4256185,0.0005373278,0.6078941,4.299837,1.902759
0.1126512,0.4347018,0.0005340208,0.8289422,4.299739,1.904049
0.1541116,0.446448,0.0003751932,1.048611,4.299639,1.90534
0.2008347,0.4598762,0.0004808164,1.264995,4.299555,1.906262
0.25532,0.4738792,0.0006142451,1.477544,4.299502,1.906801
0.3187284,0.4862816,0.001151328,1.686886,4.29949,1.90677
0.393942,0.4936936,0.001260865,1.894049,4.299516,1.906148
0.4856731,0.4936482,0.002270417,2.099849,4.299565,1.905034
0.5857247,0.4706518,0.001629691,2.30492,4.299605,1.90361
0.7216697,0.4327824,0.003350557,2.509655,4.299596,1.902123
0.0145187,0.3860695,0.0009079593,0.1902638,4.499947,1.901146
0.04523295,0.388168,0.000696617,0.3885652,4.49985,1.901759
0.08121103,0.3921118,0.0005892461,0.6069156,4.499722,1.902835
0.1199221,0.3979632,0.0005569949,0.8276379,4.499578,1.904173
0.1626723,0.4050712,0.0003617376,1.047282,4.499434,1.905509
0.2096525,0.4123363,0.0004060149,1.263883,4.499311,1.906464
0.2630776,0.418525,0.0004917565,1.47674,4.499234,1.907022
0.3221964,0.4213973,0.0008714025,1.686344,4.499225,1.906991
0.3920688,0.4181675,0.0009407649,1.893622,4.499283,1.906349
0.4671751,0.4063087,0.0014955,2.099263,4.49939,1.905195
0.5585441,0.3758272,0.00103032,2.303727,4.499509,1.90372
0.6417558,0.3339482,0.001665918,2.507148,4.499593,1.902178
0.01516009,0.3535861,0.0009257268,0.1900931,4.699928,1.90116
0.04713901,0.3549311,0.0007086575,0.387836,4.699789,1.901812
0.08429691,0.357194,0.0006036301,0.6054398,4.69958,1.90295
0.1237994,0.3604072,0.0005616663,0.8256593,4.699332,1.904358
0.1665924,0.3638079,0.000352738,1.045251,4.699081,1.905763
0.2126973,0.3663015,0.0003541296,1.262172,4.698874,1.90677
0.2633377,0.3667361,0.0004059618,1.475509,4.698753,1.907356
0.3179265,0.3627822,0.0006900028,1.685578,4.69875,1.907323
0.3788734,0.3527529,0.0007096356,1.893204,4.698869,1.906649
0.443214,0.3324348,0.001093476,2.099006,4.699088,1.905437
0.5128712,0.2992447,0.0006326752,2.303366,4.699368,1.903888
0.5809003,0.2457344,0.001080172,2.506353,4.699658,1.902272
0.01320607,0.4168787,-0.0001869641,0.1920538,4.299979,2.10165
0.04225006,0.4199019,0.0009931054,0.3938795,4.299933,2.102772
0.07671884,0.4259526,0.0002309246,0.6154009,4.299866,2.104633
0.1139313,0.4351472,0.0006435142,0.8379367,4.299789,2.106871
0.1558729,0.4469739,0.0003095754,1.057387,4.299713,2.10869
0.2023694,0.4602575,0.0007097761,1.271999,4.299648,2.110034
0.2568169,0.4740458,0.0008985735,1.482266,4.299608,2.110709
0.3196635,0.4860702,0.00150618,1.689635,4.299598,2.110692
0.3951047,0.4933514,0.002007343,1.895309,4.299614,2.109968
0.4857692,0.4926483,0.003187436,2.100125,4.299643,2.108488
0.5869127,0.4701048,0.003832574,2.304681,4.299659,2.106335
0.7209005,0.4311816,0.004405709,2.509298,4.299626,2.103852
0.01422356,0.3862295,-0.0001136049,0.1919536,4.499955,2.101664
0.04541493,0.3883148,0.001122882,0.3934583,4.499875,2.102823
0.08214051,0.3923395,0.0002751636,0.6145669,4.499771,2.10474
0.1212666,0.3982255,0.0006787833,0.8368499,4.49966,2.10704
0.1644646,0.4053496,0.000273766,1.056309,4.499549,2.108914
0.2111572,0.4124596,0.0006102951,1.271116,4.499454,2.110297
0.2644319,0.4184747,0.0007230364,1.481631,4.499396,2.110993
0.3229905,0.4210542,0.001132312,1.689202,4.499388,2.110976
0.3928294,0.4177614,0.001513305,1.894952,4.499429,2.110231
0.4671354,0.4053743,0.002134558,2.099597,4.499506,2.108707
0.5589023,0.3752501,0.00274159,2.303546,4.499588,2.106486
0.6409888,0.3320472,0.002303927,2.506854,4.499635,2.103917
0.01487197,0.3536515,-0.0001064775,0.191804,4.699939,2.101686
0.04736453,0.3549985,0.001148701,0.3928269,4.699824,2.1029
0.08528935,0.3572916,0.0002754858,0.613309,4.699656,2.104901
0.1252088,0.3605022,0.0006861124,0.8352023,4.699461,2.107296
0.1684154,0.3638669,0.000248507,1.054663,4.699268,2.109253
0.2141717,0.366217,0.0005415957,1.269758,4.699109,2.110695
0.2645826,0.3665104,0.0006047187,1.48066,4.699017,2.111422
0.3185936,0.3623831,0.0008998564,1.688593,4.699015,2.111403
0.3794106,0.3523287,0.001183565,1.89461,4.699104,2.110624
0.4430442,0.3318172,0.001620917,2.099369,4.699272,2.109032
0.5130185,0.2988137,0.002116689,2.303196,4.69949,2.106717
0.5801917,0.2449643,0.001617464,2.50607,4.699724,2.104043
0.01527834,0.4167173,0.002195386,0.1973892,4.299984,2.299331
0.04451107,0.420124,0.001269578,0.4051203,4.299949,2.303743
0.07896694,0.4262905,0.0008570129,0.6296595,4.299902,2.307294
0.1171062,0.4358016,0.0006860264,0.852278,4.29985,2.310405
0.1583973,0.4475449,0.0005300809,1.069108,4.299799,2.312825
0.2048223,0.4606468,0.0009295686,1.280291,4.299756,2.31431
0.2588819,0.4741428,0.0009268205,1.487695,4.299729,2.314967
0.3217295,0.4858356,0.001874931,1.692877,4.299722,2.314973
0.3965323,0.4927408,0.00167304,1.896847,4.299731,2.314319
0.4879387,0.4918351,0.004592626,2.100374,4.299742,2.312814
0.5871322,0.4686896,0.002588697,2.304088,4.299732,2.310227
0.7230488,0.4311112,0.009660428,2.508391,4.299671,2.306674
0.01642094,0.3861692,0.002695995,0.1973065,4.499966,2.299349
0.04781879,0.3884975,0.001482755,0.4047861,4.499906,2.303803
0.08451436,0.3925549,0.0009692761,0.6290215,4.499833,2.307415
0.1245872,0.398613,0.0007246639,0.8514784,4.499758,2.310587
0.1670319,0.4056206,0.0004902205,1.068341,4.499683,2.313057
0.2135812,0.4125556,0.0007960693,1.279674,4.499619,2.314576
0.2663526,0.4183268,0.0007317167,1.487253,4.499581,2.315251
0.3248091,0.4206437,0.001339015,1.692573,4.499574,2.315256
0.3939469,0.4170887,0.001184207,1.896584,4.4996,2.314584
0.4687618,0.4045057,0.002721297,2.099954,4.499645,2.313044
0.558946,0.3739501,0.001656731,2.303113,4.499687,2.310392
0.6425836,0.3310677,0.003799192,2.506147,4.499692,2.306727
0.01713806,0.3536654,0.00270378,0.1971821,4.699954,2.29938
0.04985045,0.3551167,0.001477851,0.4042824,4.699868,2.303897
0.08777378,0.357409,0.0009978192,0.6280577,4.699748,2.307599
0.1286445,0.3606574,0.0007158704,0.8502668,4.699616,2.310862
0.1710154,0.3638962,0.0004606317,1.067171,4.699486,2.313405
0.2165645,0.3660827,0.0007104468,1.278725,4.699381,2.314978
0.2663901,0.36619,0.0005977601,1.486579,4.699321,2.315679
0.3202316,0.3618922,0.001036486,1.692149,4.699319,2.315683
0.380356,0.3517005,0.0008232759,1.896341,4.699377,2.314981
0.4444476,0.3311627,0.001958688,2.099777,4.699488,2.313381
0.5130894,0.2980022,0.0008985573,2.302808,4.699637,2.31064
0.5817509,0.244446,0.002507644,2.50542,4.699805,2.306858
0.01565443,0.4117896,-0.001357571,0.210782,4.299989,2.487532
0.04586285,0.4207277,0.0028506,0.4283686,4.299967,2.505485
0.0825515,0.4273124,-0.0001711869,0.6524699,4.29994,2.510926
0.1195333,0.4367852,0.0008128682,0.8704026,4.299911,2.515069
0.1608125,0.4483079,0.0003744135,1.081688,4.299883,2.517525
0.2065643,0.4610502,0.000824891,1.288586,4.29986,2.518765
0.2607292,0.4742925,0.0008110416,1.492991,4.299845,2.519293
0.3223918,0.4853266,0.001697708,1.696009,4.299841,2.519317
0.3988125,0.4923643,0.00185411,1.898326,4.299844,2.51884
0.4863766,0.4894687,0.004268571,2.100475,4.299846,2.517661
0.591768,0.4685744,0.005129,2.303044,4.299825,2.515289
0.7179221,0.4246393,0.009971913,2.506596,4.299747,2.511157
0.01668854,0.3816396,-0.001251833,0.2107136,4.499976,2.487556
0.0490744,0.3888671,0.003237787,0.4281307,4.49994,2.505548
0.08827,0.3932926,-0.0001012165,0.6520572,4.499899,2.511034
0.1270933,0.3992037,0.0008629519,0.8699175,4.499856,2.515215
0.1694364,0.4060318,0.0003397499,1.081238,4.499813,2.517705
0.2152747,0.4126615,0.0006997634,1.288228,4.499778,2.518967
0.2679124,0.4182485,0.0006260932,1.492736,4.499756,2.519507
0.3253601,0.4200467,0.001181673,1.695832,4.499752,2.519531
0.3951771,0.4166536,0.001356746,1.898166,4.499765,2.519041
0.4674428,0.4024628,0.002442343,2.100202,4.499788,2.517837
0.5599209,0.3735883,0.003764978,2.302363,4.499801,2.515426
0.6393836,0.3246115,0.003862808,2.504864,4.499773,2.511191
0.01743341,0.3493143,-0.001177536,0.210603,4.699969,2.487606
0.05128232,0.355348,0.003301591,0.4277596,4.699915,2.505654
0.09172733,0.3577638,-0.0001301377,0.6514268,4.699847,2.5112
0.1312307,0.3609068,0.00085828,0.8691802,4.699772,2.515437
0.1734335,0.3639855,0.0003062733,1.08055,4.699701,2.517974
0.2182065,0.3659553,0.0006181309,1.287679,4.699643,2.519271
0.2677756,0.3659211,0.0004975404,1.492349,4.69961,2.519829
0.3206366,0.3613363,0.000915555,1.695589,4.699609,2.519852
0.3811775,0.3512299,0.001007235,1.898025,4.69964,2.519342
0.443018,0.3301071,0.001825015,2.100091,4.699701,2.518097
0.513464,0.297771,0.002772055,2.302148,4.699786,2.515625
0.5786774,0.2429201,0.002997745,2.504307,4.699888,2.511297
0.01592626,0.4163137,0.003260471,0.2497213,4.299989,2.689701
0.05479808,0.4232719,0.001807476,0.4646514,4.29998,2.70918
0.08557017,0.4281123,-0.0003175689,0.6785263,4.299972,2.716662
0.1235224,0.4376196,0.001017809,0.887298,4.299961,2.720345
0.1629738,0.4488208,0.0002855864,1.092333,4.29995,2.72197
0.2087525,0.4613574,0.0007871289,1.295315,4.299941,2.722701
0.2623363,0.474323,0.0006317229,1.497169,4.299935,2.722998
0.3244648,0.4851179,0.001514273,1.698424,4.299933,2.723025
0.3999058,0.4917482,0.0008442591,1.899406,4.299934,2.722786
0.4905164,0.4889532,0.004592374,2.100386,4.299934,2.722134
0.5905173,0.4666335,-0.0006322435,2.301702,4.299923,2.720627
0.730696,0.4262292,0.01751616,2.503919,4.299872,2.717136
0.01725664,0.3861608,0.005586293,0.2496133,4.500012,2.689833
0.05880221,0.3911827,0.001967,0.4644741,4.499986,2.709259
0.09142718,0.3938383,-0.000183563,0.6783229,4.499957,2.716728
0.1312409,0.3997118,0.001072659,0.887085,4.499936,2.720423
0.17161,0.4062742,0.0002314802,1.092143,4.499919,2.722061
0.2174218,0.4127282,0.0006673417,1.295165,4.499904,2.722801
0.2693804,0.4180921,0.0005035181,1.497064,4.499895,2.723104
0.3271604,0.4197004,0.001015652,1.698351,4.499893,2.723131
0.3960097,0.4159762,0.0007716845,1.899337,4.499898,2.722887
0.4707511,0.4018167,0.002223238,2.100261,4.499907,2.722225
0.5589507,0.371721,0.0006660946,2.301379,4.499911,2.720699
0.6499212,0.3246581,0.003722027,2.503027,4.499887,2.717174
0.01780169,0.3537389,0.004954653,0.2493585,4.7,2.690162
0.06120801,0.3572407,0.001568686,0.4641394,4.699969,2.709417
0.09496444,0.358095,-9.662875e-05,0.677993,4.699934,2.716836
0.1354896,0.3611236,0.001023888,0.8867555,4.699902,2.720541
0.1756161,0.3640068,0.0001961098,1.091851,4.699873,2.722196
0.2203191,0.3658387,0.000594481,1.294937,4.699849,2.722951
0.2691603,0.3656446,0.000402234,1.496905,4.699836,2.723263
0.3222633,0.3609466,0.0007960966,1.698252,4.699835,2.723289
0.3819712,0.3506383,0.0005495503,1.899279,4.699848,2.723037
0.4459601,0.3296583,0.001706869,2.100213,4.699872,2.722356
0.5132331,0.2966872,0.0001811159,2.301282,4.699907,2.720804
0.5876791,0.2432902,0.003032716,2.502759,4.699955,2.717242
0.01025851,0.3265304,-0.01578056,0.2404167,4.250032,2.85681
0.0593509,0.4193433,-0.0006820992,0.496746,4.299992,2.906431
0.08721773,0.4283102,0.0001749652,0.6964113,4.299993,2.909982
0.1249798,0.4380773,0.0004195079,0.8973379,4.29999,2.9115
0.163853,0.4490654,0.0001422999,1.098371,4.299988,2.912022
0.2093503,0.4615417,0.0002740157,1.299026,4.299986,2.91222
0.2632085,0.4745604,-6.128114e-05,1.499424,4.299985,2.912298
0.323856,0.4849342,0.0006392495,1.699694,4.299985,2.912307
0.4026053,0.4923868,-0.0009848234,1.899921,4.299985,2.912248
0.4846752,0.4863504,0.003086021,2.100196,4.299985,2.912073
0.604181,0.4705055,-0.005332485,2.300568,4.299983,2.911563
0.6973092,0.4099911,0.02005162,2.500459,4.299978,2.909916
0.01175669,0.3057108,-0.0141042,0.2403194,4.450008,2.85691
0.06135953,0.386458,-0.0006204993,0.4966042,4.500005,2.90647
0.09322091,0.3943613,0.0002915631,0.6963446,4.499991,2.910001
0.1326642,0.3999704,0.0004418366,0.8972863,4.499985,2.911519
0.1724812,0.406467,0.0001223346,1.098329,4.49998,2.912043
0.2180839,0.4128365,0.0002065176,1.298994,4.499977,2.912244
0.2700699,0.4182466,-7.809204e-05,1.499402,4.499975,2.912323
0.3268888,0.4195076,0.0003317784,1.699678,4.499974,2.912332
0.3972074,0.4163384,-0.0007502873,1.899905,4.499975,2.912273
0.4673743,0.3997487,0.001228992,2.100166,4.499978,2.912095
0.5618073,0.3738165,-0.003500094,2.300491,4.49998,2.911581
0.6342009,0.3121357,0.00805035,2.50026,4.499979,2.909922
0.01290867,0.2869352,-0.01338981,0.2392589,4.650008,2.85795
0.06267358,0.3534386,-0.0008667198,0.4962455,4.699999,2.906557
0.09731023,0.3580416,0.0003358814,0.6962115,4.699985,2.910034
0.1368765,0.361257,0.0003807673,0.8971997,4.699977,2.911548
0.1765534,0.3640466,0.0001073063,1.098263,4.699971,2.912075
0.2210077,0.36583,0.0001600521,1.298946,4.699965,2.912279
0.2697908,0.3656254,-0.0001110263,1.499369,4.699962,2.91236
0.3220238,0.3607275,0.0002017595,1.699658,4.699962,2.912369
0.3828273,0.3506227,-0.0007435202,1.899894,4.699965,2.912308
0.4428033,0.3287539,0.0007772362,2.100157,4.69997,2.912126
0.515153,0.2973831,-0.003167339,2.300477,4.699978,2.911607
0.5731831,0.2419772,0.006979212,2.500233,4.699989,2.909942
0.04404143,0.4746308,0.004016731,0.1751241,4.224483,0.02194362
-0.02813106,0.4218412,-0.006241829,0.1737032,4.375983,0.02127978
0.006268972,0.2680029,0.0187231,0.145229,4.249996,0.1474327
0.001306245,0.2626208,-0.02339299,0.1449917,4.350043,0.1468119
0.02123425,0.4507216,0.01012304,0.1733777,4.424787,0.02105413
0.01029692,0.3929808,-0.0102734,0.1712568,4.575516,0.02006209
0.006647801,0.2479259,0.01793994,0.1445988,4.450078,0.1455585
0.001901633,0.2420169,-0.02375945,0.1442689,4.549962,0.1446533
0.01300539,0.4121604,0.002128999,0.1711525,4.624435,0.02002806
0.006139487,0.2219711,0.015543,0.1441728,4.649997,0.1443703
0.002021175,0.2239174,-0.02460696,0.1441486,4.749981,0.1442962
0.006161963,0.2700904,-0.01713189,0.1451283,4.249998,2.852836
0.00131066,0.2655389,0.02519657,0.1451678,4.350026,2.852701
0.04465549,0.4709813,-0.0005511803,0.1746917,4.224487,2.978225
-0.03067017,0.4195273,0.007181313,0.1746392,4.376021,2.97839
0.006486882,0.2458407,-0.01693611,0.1450941,4.450036,2.85296
0.001739079,0.2400797,0.02270178,0.1447663,4.550018,2.853859
0.02837472,0.4497315,-0.007666663,0.1755104,4.424523,2.977951
-0.01653382,0.3935033,0.00306292,0.1733591,4.575788,2.978967
0.04979932,0.3616821,-0.007252805,0.3416857,4.250209,2.861351
0.02320467,0.3292602,0.01922341,0.2404979,4.349981,2.856725
0.01894061,0.3522001,0.02557302,0.3417616,4.349799,2.861313
0.04220116,0.3663347,-0.009363876,0.2489253,4.24999,2.953769
0.04844468,0.3620025,-0.004511549,0.3539567,4.249002,2.957063
0.005916213,0.3495209,0.0003834269,0.2490489,4.35004,2.953726
0.01385047,0.3477914,0.0004675853,0.3540675,4.351005,2.957048
0.006267057,0.2222953,-0.01619634,0.144379,4.650016,2.855013
0.002261625,0.2215508,0.0235779,0.1441953,4.749972,2.855524
0.02438827,0.4128927,-0.007571634,0.1721892,4.624412,2.979607
0.01351064,0.391948,-0.02675404,0.1219133,4.275512,2.925393
0.02785477,0.4450403,-0.02203026,0.1695403,4.225087,2.930341
0.0023024,0.4226177,-0.000748046,0.1105388,4.21253,2.989577
0.02407386,0.3914368,-0.007152733,0.1749924,4.27553,2.978115
0.005618222,0.4741127,-0.03907683,0.1218037,4.224505,2.925707
0.04175181,0.3891352,-0.04864709,0.169766,4.274996,2.93011
0.004334747,0.351562,-0.00404861,0.1106495,4.287516,2.989453
0.0004257258,0.3657551,-0.01512135,0.121882,4.32458,2.925403
-0.04868079,0.4059543,0.07878185,0.1695959,4.374975,2.930266
0.02944847,0.364839,0.002562702,0.1749765,4.324565,2.978144
-0.0009998823,0.3531403,-0.000165616,0.1101802,4.388932,2.989922
0.01711358,0.3740545,-0.0002738267,0.1697721,4.325033,2.930099
-0.006941278,0.4160052,0.05773138,0.1216375,4.376,2.925741
0.001771761,0.3527603,5.124252e-05,0.11064,4.312473,2.989463
0.884979,0.3304596,-0.02902668,2.699911,4.299961,0.09494973
0.7466878,0.2398448,-0.03121505,2.699467,4.499967,0.09502685
0.6444571,0.1724998,-0.02392865,2.699321,4.700001,0.09502591
0.7445961,0.2352338,0.004118881,2.704951,4.499802,0.2900959
0.6408326,0.1700701,0.006830228,2.704235,4.700028,0.2901047
0.6470993,0.1735654,-0.007764817,2.70583,4.70001,0.4947302
0.052355,0.3751143,0.005859437,0.3541544,4.248988,0.04297408
0.005589914,0.3506765,0.0002345376,0.2485816,4.350051,0.04610088
0.01592236,0.3510235,0.0005440407,0.3538177,4.350998,0.04291566
0.008193319,0.3301279,0.01702548,0.2405988,4.250002,0.143374
0.05411748,0.3746254,0.01010824,0.3418724,4.250186,0.1387479
0.02067184,0.3242398,-0.01775086,0.2402264,4.349968,0.1430094
0.02157707,0.3503966,-0.02174215,0.3415886,4.349787,0.1386051
0.0505235,0.3230292,-0.008591734,0.3416226,4.450186,2.861395
0.02929229,0.311129,0.01870156,0.2398543,4.54998,2.85737
0.02346169,0.3454855,0.02630344,0.3413067,4.549789,2.861559
0.04247703,0.3350301,-0.01068485,0.2487966,4.450017,2.953797
0.04940688,0.3433193,-0.009436368,0.3539192,4.44899,2.95708
0.009643217,0.3161844,-0.001266863,0.2479307,4.550025,2.954126
0.01716128,0.3249017,-0.004049305,0.3535202,4.551001,2.957149
0.01520619,0.395545,0.03124184,0.121927,4.275469,0.07465878
0.002836156,0.3865898,0.002552514,0.1106656,4.212482,0.01056573
0.02361896,0.3965083,0.00719955,0.1750217,4.275478,0.02190752
0.02334375,0.4465885,0.02323339,0.1698988,4.225016,0.07004511
0.01073749,0.4777404,0.04292333,0.1219602,4.224495,0.07477066
0.03972258,0.3950044,0.05183518,0.1698099,4.274935,0.06994602
0.004082774,0.3446714,0.00429187,0.1106461,4.287505,0.01054279
-0.0003141928,0.3660546,0.01924189,0.1217948,4.324516,0.07432114
0.03081167,0.364894,-0.003884361,0.1747067,4.324504,0.02177228
0.0001394822,0.3535552,0.002169777,0.1098662,4.38882,0.009746184
-0.05141702,0.4085853,-0.07865133,0.1688878,4.374926,0.0690075
0.01506002,0.37451,0.002253966,0.1695415,4.324963,0.06966602
-0.006169945,0.4191936,-0.05271811,0.121313,4.375962,0.07328216
0.001036564,0.3426389,-6.037243e-05,0.1106167,4.312456,0.01050911
0.01252051,0.3693227,-0.01747906,0.1215011,4.475046,2.92619
0.02365654,0.4257772,-0.01952103,0.1693845,4.424994,2.930486
0.00267748,0.3915609,0.00062965,0.1237325,4.424981,2.976387
0.01155624,0.3726955,-0.003783167,0.174223,4.475054,2.978528
0.01603933,0.4492648,-0.02711772,0.1220811,4.424538,2.924882
0.04289059,0.3741423,-0.05493159,0.1692696,4.474901,2.930629
-0.008192268,0.3292106,0.007595538,0.1103404,4.487238,2.989775
-0.0004056323,0.3341692,-0.01343577,0.1212482,4.524847,2.926872
-0.04493853,0.3826066,0.07159028,0.1677346,4.574957,2.932174
0.0276574,0.3349334,0.003641081,0.1735559,4.524846,2.978784
0.01285793,0.3358174,-0.009947404,0.1225387,4.575228,2.977616
0.01374133,0.3443105,0.0009616143,0.1687608,4.524967,2.93115
-0.006434697,0.3929048,0.04122545,0.1210934,4.575761,2.927112
-0.001497341,0.3580682,0.003032308,0.1102618,4.512629,2.989866
0.02175637,0.3428591,-0.01211753,0.132643,4.362463,2.967488
-0.02986861,0.3750455,0.0006382865,0.1354088,4.388415,2.990495
0.0009154975,0.3746358,0.03540082,0.1095771,4.388403,2.964859
-0.006065429,0.3258076,0.008078233,0.1104651,4.362732,2.98964
-0.0005959821,0.3430142,-0.006318184,0.1097386,4.362411,2.964651
-0.006364778,0.3919074,0.009621997,0.1322933,4.38752,2.967829
0.01070232,0.3536188,0.001105604,0.1356148,4.362413,2.990313
0.02510346,0.3592574,-0.01122672,0.1328355,4.337488,2.967293
0.003334132,0.3962709,-0.003512104,0.1099179,4.312156,2.964347
0.012196,0.402391,-0.003424718,0.1359178,4.312157,2.99014
0.001656714,0.34039,0.001479163,0.1105961,4.337495,2.989505
0.009846955,0.3825379,-0.001843998,0.1328975,4.312484,2.96722
0.006788511,0.3716694,-0.005535952,0.109847,4.337766,2.964422
0.01671456,0.3755757,-0.004724982,0.1358382,4.337773,2.9902
0.6777981,0.08681129,-0.03606893,2.845708,4.649014,0.04557393
0.8147409,0.3134578,0.01357117,2.707151,4.299757,0.289939
0.8295987,0.320145,-0.01321756,2.711081,4.299559,0.49449
0.7549051,0.2431091,-0.0106098,2.707039,4.499697,0.4947104
0.820209,0.3161588,-0.0001094714,2.712932,4.299499,0.6970876
0.7563775,0.2419216,0.0002296206,2.708185,4.499672,0.6971888
0.6489494,0.1729775,0.001292431,2.706789,4.699976,0.6971696
0.8237829,0.3187583,-0.005217394,2.713627,4.299479,0.8984118
0.7579874,0.2444676,-0.003341369,2.708657,4.499657,0.8984439
0.6504413,0.1742349,-0.00242754,2.707206,4.699945,0.8984101
0.8232001,0.3189052,-0.001277725,2.713887,4.299469,1.099154
0.7583922,0.2450409,-0.0004483245,2.708848,4.499644,1.09916
0.6508594,0.1745183,9.58338e-08,2.707384,4.69992,1.099131
0.8241979,0.319653,-0.001246452,2.713981,4.299462,1.299629
0.7589596,0.2457228,-0.0007799788,2.708921,4.499635,1.299629
0.6513822,0.1748852,-0.0005468775,2.707455,4.699904,1.299613
0.8240411,0.3196496,4.724121e-05,2.714006,4.29946,1.500001
0.7589098,0.2457937,2.851879e-05,2.70894,4.499632,1.500001
0.6513106,0.1749186,3.041991e-05,2.707474,4.699899,1.5
0.8241898,0.3196119,0.001352119,2.713987,4.299462,1.700375
0.7589315,0.2457034,0.0008600251,2.708924,4.499635,1.700372
0.6513577,0.1748561,0.0006636777,2.707456,4.699904,1.700388
0.8231842,0.3188621,0.001310818,2.713901,4.299469,1.900856
0.7583163,0.2450466,0.0004932119,2.708854,4.499644,1.900843
0.6507861,0.1744661,0.0001012298,2.707388,4.69992,1.90087
0.8237575,0.3187014,0.005285169,2.713656,4.299478,2.101614
0.7578492,0.2445181,0.003466197,2.708672,4.499656,2.101561
0.6502796,0.174136,0.00285439,2.707217,4.699945,2.101588
0.820194,0.3161488,-0.0001829818,2.713004,4.299497,2.302976
0.7560494,0.2422652,-0.0002473396,2.70824,4.499671,2.302826
0.6483598,0.1728213,-0.001088849,2.70684,4.699977,2.302831
0.829502,0.320218,0.01292784,2.711257,4.299561,2.505648
0.7544046,0.2435527,0.0104499,2.707217,4.499699,2.50534
0.6463042,0.1732115,0.008011254,2.706026,4.700016,2.505297
0.8147063,0.3133019,-0.01540358,2.707508,4.299768,2.7103
0.7443462,0.2360045,-0.005348705,2.705334,4.499814,2.71004
0.6396646,0.1697421,-0.00743222,2.704668,4.700031,2.710044
0.8880331,0.3300907,0.02797315,2.700427,4.299986,2.905211
0.7481393,0.2408686,0.03042126,2.700035,4.499986,2.905084
0.645381,0.1715334,0.02230641,2.700151,4.700009,2.90515
0.6867492,0.127248,-0.03909085,2.845753,4.750969,0.04553704
0.6880891,0.1083561,0.02860566,2.854319,4.749978,0.1438079
0.04979534,0.3451669,0.009669091,0.3533046,4.448994,0.04282946
0.009828271,0.3097233,0.004599732,0.2464871,4.549969,0.04538127
0.01881782,0.3287798,0.003828324,0.3528733,4.550991,0.04275683
0.01191579,0.2996066,0.0154024,0.2395671,4.450019,0.1423638
0.04882425,0.3220104,0.009172661,0.3411608,4.450178,0.1383875
0.03269208,0.3193932,-0.01574829,0.2390696,4.549952,0.1418775
0.01955684,0.3441046,-0.02681577,0.3408066,4.549791,0.1382113
0.05074152,0.3219671,0.008688669,0.3526503,4.648986,0.042719
0.008642704,0.2815909,-0.002420116,0.2461417,4.749995,0.04525848
0.0209592,0.3057824,0.003773365,0.3525625,4.750999,0.04270386
0.0110177,0.2948667,0.01180873,0.2388608,4.650003,0.141679
0.05448559,0.3096879,0.006521696,0.3405881,4.650175,0.1381069
0.0246543,0.2734747,-0.01787343,0.2387877,4.74997,0.1416119
0.03304714,0.3255047,-0.02749077,0.3404852,4.749801,0.1380593
0.004901549,0.4194977,0.08688774,0.1383084,4.250071,0.2446702
-0.003593137,0.4087928,-0.06404518,0.1382509,4.349938,0.2443491
0.03486697,0.3040571,0.03013971,0.1217331,4.249187,0.3458873
-0.02694523,0.2917828,-0.01250464,0.1217245,4.350816,0.3457435
0.005422379,0.3917256,0.08101188,0.1381602,4.450085,0.2438602
-0.002584649,0.3776407,-0.06380703,0.1380849,4.549928,0.2434466
0.03414701,0.2789727,0.02886724,0.1217117,4.449192,0.3455394
-0.02559286,0.2662129,-0.01205451,0.1217007,4.550812,0.3453598
0.005520614,0.3605662,0.07795244,0.1380507,4.650068,0.2432424
-0.00240879,0.3452666,-0.05970447,0.1380393,4.749925,0.2431687
0.03299991,0.2533158,0.0273699,0.1216955,4.64919,0.3452612
-0.02422985,0.2401888,-0.01136605,0.1216936,4.750809,0.3452194
0.0346879,0.3038955,-0.02960463,0.1217291,4.249185,2.654202
-0.0271017,0.2915458,0.01282187,0.1217308,4.350813,2.654151
0.005082542,0.4185943,-0.08530133,0.1382796,4.250068,2.755512
-0.003691551,0.4084965,0.06756624,0.1382942,4.349932,2.755403
0.0340628,0.2787447,-0.02876621,0.1217271,4.449188,2.654214
-0.02563627,0.2660557,0.01212587,0.1217171,4.550815,2.654378
0.005143024,0.3908513,-0.08041635,0.1382725,4.450079,2.755549
-0.002634372,0.377119,0.06427664,0.138202,4.549938,2.755936
0.03301862,0.2533136,-0.02748776,0.1217056,4.649191,2.654569
-0.0241782,0.2402245,0.01138556,0.1216983,4.750809,2.6547
0.005710602,0.3602805,-0.07906693,0.1381182,4.650077,2.756396
-0.002285811,0.3450583,0.0597599,0.1380695,4.749923,2.756681
0.05392242,0.3096774,-0.005918532,0.3409211,4.650177,2.861754
0.02577594,0.2732672,0.01728152,0.2389448,4.749956,2.858253
0.03117835,0.3270805,0.02958675,0.3406673,4.749794,2.861875
0.04317939,0.3043801,-0.008590516,0.2467928,4.650005,2.954495
0.0512808,0.3198223,-0.008534528,0.3530427,4.648984,2.95723
0.01026676,0.283661,0.0002152635,0.2463009,4.749973,2.954678
0.02178912,0.3063598,-0.003613477,0.3527429,4.750996,2.957278
0.01891777,0.3732622,0.0383379,0.1204804,4.475487,0.07169126
0.0007367297,0.3685203,-0.001142865,0.1225486,4.425211,0.02239381
0.02224217,0.3693018,0.009325167,0.17219,4.475507,0.02040437
0.01901583,0.4311656,0.01822338,0.1677262,4.424965,0.06782482
0.01675983,0.4549707,0.02097776,0.1211117,4.42478,0.07290718
0.04081526,0.3848808,0.05690784,0.1668015,4.474921,0.06687721
0.001836162,0.3304003,-0.0001998785,0.1218113,4.474886,0.02166233
0.0004924657,0.3404158,0.01341319,0.1202333,4.524392,0.07100545
0.01916593,0.3304271,-0.003446392,0.1715271,4.524384,0.02014923
0.00732381,0.2638002,0.003194804,0.1213544,4.574984,0.02118457
-0.04468428,0.3906954,-0.07142653,0.166072,4.574975,0.06613125
0.01594061,0.3594592,0.002717557,0.1662903,4.524923,0.06635286
-0.009724464,0.3973812,-0.01587793,0.120146,4.575509,0.0707104
0.01670611,0.2998276,0.01007733,0.121467,4.524885,0.02130671
0.01213889,0.3429753,0.02344733,0.1201013,4.675537,0.07054654
0.00177909,0.2570096,-0.001103106,0.1213133,4.624967,0.02113939
0.008756699,0.3386172,0.002634632,0.1711069,4.675545,0.02001485
0.03021605,0.400064,0.02901105,0.1659786,4.624973,0.06603291
0.009008402,0.419419,0.01401398,0.1201132,4.624446,0.07059574
0.03773329,0.34314,0.05351357,0.1659458,4.675006,0.06599362
-0.01224648,0.2687062,-0.0138129,0.1212978,4.675016,0.02112246
0.0002444871,0.3073976,0.003250067,0.1200961,4.724456,0.07052894
0.01200787,0.2989213,-0.003496097,0.1710915,4.724447,0.02000929
0.01363625,0.3214704,-0.001346318,0.1659295,4.724984,0.06597594
0.01004665,0.2587435,0.004727995,0.1212923,4.724978,0.02111601
0.02623263,0.3975753,-0.02579092,0.1667539,4.624916,2.933161
0.002567598,0.3251276,-2.492444e-05,0.1218084,4.624843,2.978342
0.01950095,0.3348151,-0.006338331,0.1715159,4.67548,2.979848
0.0112533,0.4180916,-0.02591233,0.1204636,4.624407,2.928314
-0.0006350236,0.294048,0.001422044,0.1214674,4.674924,2.978693
0.01479238,0.3425918,-0.03434138,0.1202269,4.675473,2.929009
0.03832964,0.3456816,-0.05404867,0.1662705,4.674945,2.933638
0.0165761,0.2998905,0.003507337,0.1712567,4.724419,2.979937
0.01640092,0.2694118,-0.009984679,0.1213532,4.724944,2.978816
0.001059417,0.3115116,-0.00687064,0.1201422,4.72443,2.929286
0.01508212,0.3240579,0.0006918426,0.166055,4.724955,2.933862
0.02282524,0.4105774,-0.01536959,0.1328338,4.237547,2.967304
0.003590659,0.476441,0.006303695,0.1356223,4.212185,2.990235
-0.005000259,0.478738,0.004384802,0.1098272,4.212181,2.964673
0.003907033,0.4006436,-0.00165409,0.1106128,4.237529,2.989487
-0.01254012,0.4738496,0.02048821,0.1326488,4.212569,2.967479
0.007983303,0.4460548,-0.02020996,0.109863,4.237763,2.964412
0.02997224,0.4491309,-0.00649547,0.135852,4.237774,2.990181
0.02616628,0.4001094,-0.02145969,0.1329048,4.262508,2.967229
0.0002339394,0.3919641,0.008115236,0.1099257,4.287844,2.964323
0.002743976,0.3620854,-0.00192684,0.1106398,4.262508,2.989456
-0.002296297,0.3972196,-0.001459602,0.1359402,4.287842,2.990131
0.008586683,0.4046591,-0.02013283,0.1098867,4.262271,2.964326
-0.007732988,0.3860615,0.01251495,0.1329163,4.287507,2.967202
0.02787754,0.4085648,-0.009961055,0.1359286,4.262265,2.990156
-0.0005734199,0.4809233,-0.006016526,0.1099433,4.212158,0.03573544
-0.0015073,0.3746581,-0.001371794,0.1106616,4.237499,0.01056239
0.009486249,0.4433727,0.01502986,0.1099166,4.237741,0.03574759
0.02367705,0.4218883,0.02007939,0.1329595,4.237503,0.03285934
-0.000798148,0.4791118,0.001334825,0.1359893,4.212158,0.009886561
-0.01104601,0.4768429,-0.0165941,0.1329676,4.212491,0.03286369
0.01995757,0.4425948,0.01081047,0.1359967,4.23774,0.00986116
-0.001527114,0.3878288,-0.007921323,0.1099239,4.287829,0.0356608
-0.00053461,0.3500776,-0.000178828,0.1106567,4.262494,0.01055648
0.00655118,0.3992813,0.01676539,0.1099113,4.262249,0.03573011
0.02686758,0.4051972,0.0253218,0.1329422,4.262482,0.03284016
-0.003763227,0.3894789,-0.001428138,0.1359248,4.287826,0.009865734
-0.007926245,0.3872122,-0.01212478,0.1329006,4.287485,0.03278981
0.02001847,0.39763,0.008162408,0.1359817,4.262249,0.009855501
0.005662764,0.3559518,-0.03086419,0.1092899,4.388263,0.03417534
-0.007453322,0.3236319,-0.009876371,0.1103278,4.362639,0.01020092
0.0007575505,0.3384152,0.007687046,0.1096199,4.362309,0.03487352
0.0236506,0.3304444,0.01552887,0.1322439,4.362372,0.03211065
-0.02807576,0.3604677,0.002634618,0.1345032,4.388306,0.009209917
0.0005230553,0.3808825,-0.001165448,0.1314866,4.387391,0.03133802
0.009579662,0.348296,-0.0005163059,0.135189,4.362319,0.00955479
0.002565093,0.3919269,0.003168961,0.1098974,4.312135,0.03556683
-9.311391e-05,0.3360329,-0.003274273,0.1105377,4.337456,0.01042248
0.004574938,0.3655493,0.004218007,0.1098,4.337725,0.03534843
0.02491686,0.3544526,0.01183931,0.1326441,4.337431,0.03252472
0.01139562,0.3963886,0.001720548,0.1358415,4.312133,0.009837706
0.01037807,0.3800809,0.001946938,0.132821,4.312455,0.03270466
0.0151129,0.3693535,0.002690431,0.1356389,4.337724,0.009740447
-0.002207195,0.3009511,0.00181276,0.1101273,4.461067,2.989974
-0.01275928,0.3507266,0.01126042,0.1352254,4.487666,2.990403
0.01797063,0.3393551,0.001662295,0.1352687,4.461677,2.990552
0.008546069,0.3680526,-0.006678529,0.1321699,4.462432,2.967976
-0.0117828,0.3470923,0.01629636,0.1096416,4.487677,2.965077
-0.001796144,0.3397834,-0.01555669,0.1095017,4.461692,2.965011
-0.02106968,0.3523372,0.02453691,0.1323243,4.487455,2.967828
0.01290412,0.3709949,-6.018592e-05,0.1349981,4.512188,2.990478
0.005637962,0.3151908,-0.004779971,0.1098375,4.538803,2.990285
0.01098458,0.3251437,-0.007315044,0.1344326,4.538191,2.99083
0.02143166,0.3169506,-0.01100733,0.1314212,4.537405,2.968724
-0.0004918993,0.3670727,-0.005353841,0.1095772,4.512185,2.965328
0.006908002,0.3568555,-0.00074345,0.1321082,4.512394,2.96804
0.005893662,0.3249889,-0.00194915,0.1092484,4.538146,2.9659
0.9541498,0.1933687,-0.02670195,2.845982,4.249011,0.04535048
0.8009368,0.1225073,-0.02859957,2.845799,4.449015,0.04544215
0.7548883,0.08330079,0.002355213,2.85728,4.449721,0.2464429
0.6807803,0.09542064,-0.002981172,2.855257,4.64991,0.2467999
0.7583126,0.07375444,0.001981942,2.859562,4.449669,0.4488807
0.6929905,0.09340246,-0.002676084,2.856313,4.649932,0.4490401
0.7551859,0.09232229,-0.001914884,2.860153,4.449672,0.6495301
0.685608,0.0958863,-0.001405177,2.856578,4.649946,0.6495753
0.7594921,0.09200527,0.0003236799,2.860312,4.449681,0.8497703
0.6901907,0.0967485,-0.001198435,2.856665,4.649954,0.8497753
0.7598301,0.0955035,0.0008877232,2.860364,4.449686,1.049885
0.688885,0.09750482,-0.0004987218,2.856699,4.649957,1.049877
0.761147,0.09536505,0.001709733,2.860384,4.449689,1.249952
0.6902615,0.09774714,-0.0003777299,2.856713,4.649959,1.24994
0.7609525,0.09585774,0.002171995,2.860391,4.44969,1.450002
0.6897112,0.09786979,1.012957e-05,2.856719,4.64996,1.449987
0.7612969,0.09534137,0.002680077,2.860393,4.449692,1.650048
0.6901728,0.09777781,0.0002070197,2.856721,4.649962,1.650032
0.7598526,0.09538013,0.002948709,2.860387,4.449694,1.850103
0.6888037,0.09760473,0.0004181938,2.856717,4.649965,1.850083
0.7603804,0.09219907,0.004101432,2.860366,4.449697,2.050185
0.6897321,0.09696018,0.0006702933,2.856704,4.649969,2.050156
0.7557158,0.09292411,0.003519654,2.860306,4.449701,2.250337
0.6853541,0.09611811,-0.0005703893,2.856672,4.649974,2.250282
0.6938151,0.09193647,-0.002275969,2.856648,4.649984,2.450577
0.9473521,0.2332222,-0.03815427,2.845915,4.350982,0.04538508
0.8911131,0.2195528,0.08502272,2.856337,4.249969,0.1432396
0.8982748,0.1977902,0.07511479,2.85573,4.349961,0.1433583
0.8011224,0.1727904,-0.04483768,2.845741,4.550987,0.04554931
0.7542573,0.1325518,0.05073921,2.855008,4.44993,0.143624
0.8121237,0.1260781,0.03757864,2.854332,4.549952,0.1438216
0.681677,0.1120858,0.03206979,2.854103,4.650017,0.1438821
0.6747642,0.09506753,-0.007676728,2.855696,4.750108,0.2467049
0.6742686,0.09726251,0.01333443,2.856084,4.649994,0.3484269
0.6708408,0.09582849,0.01056507,2.856628,4.750018,0.3483649
0.6883736,0.09602016,-0.004198012,2.856899,4.750073,0.449
0.6896964,0.09482607,0.001775093,2.856546,4.649981,0.549422
0.6863005,0.09456078,0.00135589,2.857149,4.750016,0.549401
0.6822249,0.09565244,-0.001552889,2.857189,4.750048,0.6495577
0.68547,0.09661995,0.000223105,2.856666,4.649974,0.7497137
0.6824701,0.09536547,4.109003e-05,2.857281,4.750015,0.7497039
0.6868046,0.09548522,-0.00129911,2.857282,4.750033,0.8497642
0.6898461,0.09708542,-0.0006962757,2.856704,4.649969,0.9498429
0.6866502,0.09537061,-0.0005173201,2.857323,4.750014,0.9498366
0.6856564,0.09576178,-0.0004593785,2.857319,4.750024,1.049869
0.6889448,0.09765746,-0.000395651,2.856717,4.649965,1.149917
0.6857975,0.09579134,-0.0002702729,2.857338,4.750012,1.149913
0.6870128,0.09589108,-0.0004069993,2.857334,4.750018,1.249935
0.6902121,0.09779912,-0.0001681126,2.856721,4.649962,1.349968
0.6870094,0.0958862,-5.759429e-05,2.857342,4.750012,1.349967
0.6865114,0.09594519,-5.367421e-05,2.85734,4.750014,1.449986
0.6897128,0.09786533,2.786344e-05,2.856719,4.64996,1.550013
0.6865115,0.09594174,8.113245e-05,2.85734,4.750014,1.550014
0.6869772,0.09586703,8.711356e-05,2.857342,4.750012,1.650033
0.6902321,0.09771259,0.00042772,2.856713,4.649959,1.75006
0.6869881,0.09586822,0.000438119,2.857334,4.750018,1.750065
0.6856805,0.09574942,0.0002781658,2.857338,4.750012,1.850087
0.6887688,0.09743865,0.0005257707,2.856699,4.649957,1.950123
0.6855517,0.09572264,0.0004217888,2.857318,4.750024,1.950131
0.6866314,0.09528393,0.0005063467,2.857323,4.750014,2.050163
0.6902947,0.09655166,0.001184132,2.856665,4.649954,2.150222
0.6869352,0.09546604,0.001006273,2.857283,4.750033,2.150234
0.6828461,0.09537596,-0.0002384537,2.85729,4.750015,2.250292
0.6868915,0.09537519,0.0007570883,2.856611,4.649947,2.350418
0.6844816,0.09611232,-7.270048e-05,2.857236,4.75005,2.35044
0.6933787,0.09584457,0.0002578763,2.857326,4.750031,2.450622
0.6991812,0.09345715,0.002809513,2.856507,4.649932,2.55098
0.6734798,0.09774855,0.00446374,2.857293,4.750115,2.551038
0.6774925,0.09713663,-0.0112822,2.856968,4.75003,2.651735
0.7869675,0.1029721,-0.005901163,2.855739,4.550002,0.2467162
0.7428794,0.08662357,0.02170693,2.858959,4.449761,0.3481632
0.7845793,0.08795187,0.01287221,2.856757,4.549898,0.3483653
0.8001127,0.08597406,-0.001597689,2.857078,4.549945,0.4490059
0.7586927,0.07778279,-0.003088903,2.860035,4.449712,0.5493177
0.7983567,0.0829455,-0.002545354,2.857365,4.54989,0.5494006
0.7955222,0.08588099,-0.003769262,2.857419,4.549918,0.6495688
0.755645,0.09336097,-0.003501793,2.860295,4.4497,0.7496696
0.7959376,0.08561566,-0.0008394303,2.85752,4.549888,0.7497063
0.8004686,0.08499377,-0.001047977,2.857524,4.549905,0.8497772
0.7603939,0.09245896,-0.004106169,2.860365,4.449697,0.9498176
0.8004347,0.08540349,-0.001826249,2.857566,4.549888,0.9498387
0.7998746,0.08613687,-0.0006670926,2.857562,4.549898,1.049881
0.7599103,0.09551222,-0.002916073,2.860387,4.449694,1.149898
0.8000483,0.0862622,-0.0008938726,2.857581,4.549889,1.149913
0.8014291,0.08629841,-4.453762e-05,2.857577,4.549894,1.249944
0.7613138,0.09540873,-0.002631599,2.860392,4.449692,1.349952
0.8014404,0.08636033,-0.0006678518,2.857584,4.549889,1.349964
0.8010134,0.08649231,0.0003351093,2.857583,4.54989,1.449992
0.7609532,0.09585631,-0.002123059,2.860391,4.44969,1.549998
0.8010125,0.08648754,-0.0002949747,2.857583,4.54989,1.550008
0.8014104,0.08634045,0.0007047118,2.857585,4.549889,1.650036
0.7611245,0.09529766,-0.001662575,2.860384,4.449689,1.750048
0.801402,0.08627279,7.964363e-05,2.857577,4.549894,1.750056
0.7999711,0.08623146,0.0009143131,2.857581,4.549889,1.850087
0.7597769,0.09534894,-0.0008610957,2.860365,4.449686,1.950117
0.7998047,0.0861101,0.0006507361,2.857561,4.549898,1.950119
0.8004191,0.08533536,0.001780682,2.857565,4.549888,2.050161
0.7595453,0.0917348,-0.0003665604,2.860315,4.449681,2.150234
0.8005281,0.08484761,0.0008623802,2.857524,4.549906,2.150222
0.7960384,0.0853255,0.0006390426,2.857526,4.549888,2.250292
0.755354,0.09171721,0.001865072,2.860185,4.449671,2.350483
0.7962866,0.08587557,0.003046965,2.857449,4.549918,2.350429
0.8000603,0.08220511,0.002623171,2.857451,4.549889,2.450603
0.5419234,0.02876605,-0.02493107,2.989638,5.187368,0.01030923
0.5026741,0.007673549,-0.02297746,2.989446,5.212526,0.01048586
0.4814506,0.02256115,-0.02295397,2.989336,5.387519,0.01060121
0.4518467,0.003940468,-0.02144999,2.989335,5.412483,0.01059949
0.4369709,0.01881618,-0.02160184,2.989339,5.587516,0.01060401
0.4138784,0.001777831,-0.02030733,2.989342,5.612479,0.0106092
0.4021365,0.01615429,-0.02032679,2.989344,5.787519,0.0106187
0.3840487,1.49036e-05,-0.01925829,2.989343,5.81248,0.01062771
0.3753439,0.01447188,-0.01931176,2.989361,5.987506,0.01062361
0.3599708,-0.001094233,-0.01812365,2.989386,6.01247,0.01063134
0.3559517,0.01089915,-0.01868267,2.989543,6.187292,0.01043101
0.3414897,-0.001500277,-0.01753926,2.989408,6.212495,0.01054257
0.3361005,0.01045659,-0.01758284,2.989334,6.387518,0.01063947
0.3290274,-0.003822944,-0.01700126,2.989343,6.412485,0.01062366
0.3209165,0.007924165,-0.01724414,2.989359,6.587526,0.01064534
0.3222502,-0.006543693,-0.01666643,2.989354,6.612498,0.01063009
0.3091457,0.008899838,-0.0170961,2.989321,6.787778,0.01063338
0.313033,-0.004687636,-0.01147008,2.989289,6.812895,0.01066333
0.5493034,0.009291266,0.02963358,2.990243,5.188846,2.990117
0.4975009,0.0007674402,0.02775798,2.97737,5.225315,2.977219
0.4818128,0.02069656,0.02378349,2.989909,5.387325,2.989778
0.454079,0.004505403,0.02217363,2.989908,5.412658,2.98979
0.4376402,0.01908784,0.02401512,2.978362,5.575033,2.97829
0.4105478,0.002755286,0.0248358,2.978161,5.625067,2.978069
0.4101357,-0.004992679,0.02543004,2.990205,5.788853,2.990174
0.3817519,-0.007265915,0.02367804,2.977346,5.825312,2.9773
0.3807183,-0.005872488,0.02198814,2.990516,5.98867,2.99047
0.3560511,-0.008724072,0.0210311,2.977749,6.025285,2.9776
0.353378,0.01209762,0.01944086,2.978741,6.175011,2.978543
0.3407921,-0.001375434,0.01879109,2.978736,6.224988,2.978537
0.3355357,0.01886774,0.021716,2.977553,6.374792,2.977383
0.3414223,0.01418964,0.02223957,2.990248,6.411179,2.99012
0.3298303,-0.00904417,0.02189166,2.990219,6.588842,2.990104
0.3218733,-0.01240972,0.01924313,2.97733,6.625333,2.977216
0.3100831,0.008570216,0.01701248,2.989737,6.78762,2.989626
0.2998335,0.02253579,-0.007430522,2.979191,6.828247,2.82469
0.3106757,-0.003378559,0.01122213,2.989489,6.81292,2.989387
0.3027474,0.01592818,0.002914205,2.97959,6.828769,2.775775
0.4926446,0.01981306,-0.02177927,2.989345,5.287522,0.01059192
0.4830006,-0.003924652,-0.02125384,2.989341,5.312486,0.01059658
0.4378654,-0.004643506,-0.02025074,2.989337,5.512484,0.01059926
0.4081755,0.01404893,-0.01955272,2.989373,5.68752,0.01065788
0.3789649,0.01236077,-0.01856705,2.989343,5.887521,0.01062245
0.3743063,-0.00548668,-0.01847834,2.989342,5.912485,0.0106083
0.3263886,0.009999234,-0.01676456,2.989352,6.487511,0.01062409
0.3207334,-0.005030018,-0.01674302,2.989358,6.512484,0.01064295
0.3014564,0.008613958,-0.008876157,2.988206,6.888254,0.01175507
0.3183367,0.01688071,-0.01077121,2.990068,6.890156,0.08848541
0.376278,0.01096969,0.03996852,2.979505,5.975675,2.926695
0.3676973,0.009462025,0.02217019,2.977507,5.924604,2.977448
0.3563368,-0.003017963,0.02535829,2.97921,5.924245,2.925673
0.3449929,0.003059319,0.0233481,2.979313,6.024637,2.926098
0.3523525,0.01051654,0.02111403,2.978335,6.074896,2.978167
0.3424476,0.009653772,0.02227458,2.979886,6.075467,2.926897
0.3284967,-0.004973136,0.04262403,2.978898,6.423826,2.925425
0.3244586,0.009579423,0.01656923,2.989506,6.487532,2.989394
0.3226354,0.002739672,0.04718627,2.978399,6.475203,2.924705
0.323238,0.01073795,0.04413505,2.978667,6.575827,2.925779
0.3188216,-0.004995099,0.01653111,2.989504,6.51247,2.989393
0.3199329,-0.002195565,0.04793249,2.978332,6.52425,2.924858
0.3035061,0.002053631,0.01218183,2.978785,6.624608,2.925646
0.3194181,0.007148819,0.02027423,2.977696,6.675066,2.977591
0.3075836,0.003845173,0.01283736,2.979125,6.675494,2.926241
0.3112745,0.0008339513,0.03921683,2.977855,6.775272,2.927338
0.3116657,0.006894342,0.01656964,2.977334,6.724812,2.977207
0.2986991,-0.008980931,0.0234867,2.978572,6.724418,2.926075
0.3068438,0.008508774,0.005609064,2.977768,6.826895,2.925467
0.2922082,0.00894555,0.008925573,2.988246,6.888254,2.988206
0.3170159,0.01665964,0.01135604,2.990064,6.890169,2.911476
0.4893074,0.01975548,-0.02143453,2.98938,5.237529,0.01055274
0.5064524,0.01500637,-0.008152096,2.990178,5.212172,0.03561641
0.4919384,0.01419226,-0.01255829,2.990143,5.237765,0.03580841
0.4730936,-0.002364373,-0.02099204,2.989338,5.362499,0.01059877
0.4821895,0.0187626,-0.01131714,2.990089,5.387855,0.03591936
0.4720389,0.007311809,-0.01437143,2.990115,5.362268,0.03593343
0.4453815,0.01644304,-0.02052995,2.989337,5.487518,0.0105977
0.4023531,-0.005116851,-0.0193912,2.989373,5.712481,0.01065827
0.3641041,-0.006948876,-0.02373508,2.989887,6.088933,0.01019416
0.3379008,0.009651401,-0.01713015,2.989346,6.287513,0.01061923
0.3351723,-0.005991971,-0.01720719,2.989335,6.312481,0.01063762
0.3232638,0.008498208,-0.01618044,2.989343,6.437501,0.01060693
0.3272478,-0.001179926,-0.01166961,2.99008,6.412151,0.03597741
0.3209753,0.004134312,-0.01372749,2.990102,6.437726,0.03595777
0.3158951,-0.006160394,-0.01619352,2.989375,6.5625,0.01065039
0.3198499,0.005504659,-0.01445201,2.990081,6.587842,0.03597698
0.3146392,-0.001945771,-0.01585502,2.990119,6.562237,0.03601306
0.3195528,0.0105539,-0.01693861,2.989349,6.687561,0.01064141
0.3103551,-0.003363217,-0.01682436,2.98935,6.712541,0.01063571
0.5342732,0.02801299,0.05045158,2.97891,5.176161,2.925367
0.5520784,0.01595412,0.03130215,2.989967,5.111045,2.989857
0.528631,0.007004093,0.05128502,2.978666,5.124319,2.925028
0.4786653,0.0156067,0.02402117,2.978992,5.224777,2.92524
0.4832827,0.02081135,0.03066692,2.977732,5.275011,2.977598
0.4709166,0.01638199,0.02690427,2.979448,5.275511,2.925666
0.4798891,0.01746849,0.04836365,2.979022,5.375195,2.925655
0.4759191,0.01627937,0.02815916,2.977394,5.324658,2.97725
0.4598316,0.0009822469,0.02651326,2.979085,5.324199,2.925248
0.449207,0.009242006,0.0449644,2.979041,5.424765,2.925785
0.4390506,0.00414042,0.02691222,2.977488,5.475255,2.977449
0.4242991,0.01670812,0.02590237,2.979171,5.475743,2.925695
0.4253916,0.01643148,0.0216219,2.979872,5.575689,2.927084
0.431004,-2.559743e-05,0.02479498,2.978143,5.524893,2.978072
0.4185194,0.002639849,0.02388149,2.979749,5.524493,2.926674
0.4012933,0.014596,0.04555695,2.979042,5.776121,2.925679
0.4122324,0.01521669,0.02542421,2.990277,5.711152,2.990181
0.3987011,-0.001272874,0.04598608,2.979119,5.72408,2.925695
0.3672549,0.0064726,0.02344199,2.979045,5.824725,2.925436
0.3732581,0.0116942,0.02507048,2.977718,5.874994,2.977667
0.3630149,0.009241931,0.02419294,2.979481,5.875483,2.92589
0.3423825,0.01074762,0.02009775,2.980114,6.175658,2.927653
0.3492006,-0.003150224,0.01850796,2.978649,6.124912,2.978462
0.3387531,-0.002125273,0.02202132,2.980102,6.124452,2.927433
0.3312746,-0.001835999,0.01959963,2.980108,6.224332,2.927638
0.3359501,0.008628597,0.01829231,2.97863,6.275093,2.978441
0.3257852,0.006922656,0.02141641,2.980078,6.275538,2.927377
0.319925,0.003441333,0.02480388,2.979124,6.375308,2.925642
0.3322546,-0.00423534,0.01971298,2.978277,6.325125,2.978103
0.3209274,-0.004829166,0.02382139,2.979826,6.324532,2.926739
0.3306518,0.02705057,0.01080173,2.990803,6.411677,2.965378
0.3208434,0.008499399,0.01524204,2.989796,6.437356,2.989664
0.318102,0.004857557,0.01022096,2.990459,6.437658,2.964714
0.3227629,-0.02090398,0.01194711,2.990765,6.588342,2.965344
0.3123108,-0.006238945,0.01516914,2.989781,6.562651,2.989657
0.3117197,-0.002325655,0.0115523,2.990436,6.56232,2.964719
0.3108616,0.008188929,0.008680213,2.990266,6.78825,2.964936
0.3149118,0.01167505,0.02107458,2.990212,6.761317,2.990114
0.3111929,0.02234755,0.01093464,2.990681,6.762007,2.965595
0.3084197,0.01540162,-0.005518361,2.978162,6.878273,2.825079
0.2963218,0.02549919,4.246467e-05,2.97792,6.82813,2.874912
0.308076,0.01297415,0.0145012,2.97737,6.877468,2.875075
0.3087691,-0.0007193272,0.0007220514,2.990025,6.813048,2.964422
0.3077009,0.00729494,0.01227645,2.989311,6.838227,2.989204
0.3057413,0.003218911,0.003379999,2.98968,6.838806,2.964633
0.4836474,0.0007620002,-0.02101491,2.989355,5.262509,0.01057844
0.4903139,0.0140096,-0.01003461,2.9901,5.287851,0.0358998
0.4821675,0.008267456,-0.0140743,2.990125,5.262256,0.03587832
0.4719584,0.0144867,-0.02007239,2.98934,5.337505,0.01059736
0.4835712,0.001724713,-0.009810606,2.990097,5.312166,0.03591225
0.4703666,0.008717031,-0.0142684,2.990118,5.337764,0.035933
0.3216791,-0.004278628,-0.01603176,2.989346,6.462494,0.01060716
0.3230454,0.005584952,-0.01221709,2.99008,6.48781,0.03595514
0.3178431,-0.001131724,-0.01401266,2.990104,6.46222,0.03595399
0.3149634,0.006670681,-0.01589794,2.989375,6.537507,0.01065017
0.3197212,-0.002855243,-0.01292394,2.990089,6.512131,0.03598505
0.3136899,0.002777556,-0.0151914,2.99012,6.537731,0.03601418
0.308835,-0.005438325,-0.009262787,2.988828,6.863217,0.01108249
0.3073088,0.009220145,0.004724223,2.988951,6.889034,0.03685344
0.2919208,-0.006309289,0.005726583,2.989613,6.864386,0.03591886
0.3069517,0.01211216,-0.00629717,2.989499,6.889588,0.0620171
0.3096165,0.003405245,-0.01878236,2.99046,6.865857,0.08768445
0.3059124,0.004460703,-0.006301268,2.989804,6.86558,0.06158876
0.3198544,-0.002947043,0.0157738,2.98958,6.462538,2.98946
0.321057,0.005185437,0.0125051,2.990187,6.48783,2.964141
0.3157574,0.001035378,0.01497494,2.990278,6.462238,2.964287
0.3131254,0.005049659,0.01547815,2.989573,6.537465,2.989458
0.3168698,-0.002488755,0.01288932,2.990184,6.512121,2.964143
0.31097,0.0005749651,0.0154883,2.990263,6.537719,2.964305
0.3049107,-0.00455328,0.008930322,2.988942,6.863218,2.988833
0.3020797,0.009426676,-0.003461189,2.988983,6.889068,2.963038
0.2891537,-0.005449814,-0.005070032,2.989681,6.864411,2.963938
0.3087704,0.002307397,0.01985541,2.990461,6.86587,2.912317
0.304344,0.01196079,0.007001548,2.989499,6.889614,2.937917
0.3051865,0.003213234,0.006923511,2.989806,6.865592,2.938351
0.5440568,0.01999652,-0.02983746,2.990042,5.161176,0.009904952
0.5382891,0.02746379,-0.007539761,2.99034,5.187801,0.03526813
0.5342365,0.04483586,-0.01415941,2.990705,5.16181,0.0347838
0.442168,0.01636599,-0.02024696,2.989335,5.437502,0.01059362
0.4557508,0.008553084,-0.009441699,2.990084,5.412156,0.035919
0.4450321,0.01100585,-0.01268622,2.990101,5.437742,0.03593482
0.4294383,-0.003559337,-0.02001236,2.989338,5.562499,0.01059839
0.4373829,0.01509873,-0.01124867,2.990082,5.587853,0.03593818
0.4283219,0.004338829,-0.01401946,2.990104,5.562261,0.03594445
0.4056442,0.01409755,-0.01922124,2.98935,5.637496,0.01062534
0.4162497,0.005687484,-0.0100173,2.99008,5.612147,0.03595481
0.4071245,0.008891232,-0.01293674,2.990106,5.637732,0.03601137
0.3951435,-0.004181758,-0.01903578,2.989351,5.762503,0.01063
0.4019115,0.01232303,-0.01136464,2.990083,5.787853,0.03597811
0.3936948,0.002334166,-0.01402458,2.990108,5.762268,0.03602223
0.3767655,0.012406,-0.01825858,2.989334,5.8375,0.01063747
0.3853272,0.003596032,-0.01049287,2.990081,5.812143,0.03598954
0.3774262,0.007436107,-0.01306543,2.990113,5.83773,0.0360209
0.3684596,-0.00455494,-0.01808528,2.989349,5.962493,0.0106068
0.37369,0.01052305,-0.01125789,2.990094,5.98784,0.03597653
0.3660279,0.001078095,-0.01362744,2.990108,5.962254,0.03597002
0.3525184,0.009621737,-0.01695507,2.989457,6.0375,0.01059789
0.3585868,0.001972077,-0.01198409,2.990118,6.012143,0.03598537
0.3512779,0.00387905,-0.01443827,2.990199,6.037772,0.03594188
0.3572155,0.0130079,-0.02332567,2.989824,6.161093,0.01017091
0.3520986,0.009311276,-0.01033151,2.990251,6.187719,0.03560807
0.3489195,0.02899291,-0.0148325,2.990484,6.161718,0.03548305
0.3356504,0.009241244,-0.01668726,2.989364,6.237514,0.01058032
0.3408389,0.00317866,-0.01137552,2.990139,6.212131,0.03579225
0.3332314,0.005285112,-0.01335608,2.990121,6.237743,0.03590126
0.3303618,-0.005190989,-0.01664819,2.989339,6.362497,0.01065146
0.3340938,0.006930801,-0.01203002,2.990085,6.387849,0.03600845
0.3277751,-0.001175928,-0.01416274,2.990108,6.362256,0.03605589
0.315998,0.007088625,-0.01591592,2.989353,6.637518,0.01062664
0.3193195,-0.002944855,-0.007161252,2.990072,6.612165,0.03595699
0.3125968,0.003406559,-0.009464689,2.990091,6.637756,0.03596826
0.3056139,-0.00542169,-0.01630087,2.989343,6.762629,0.01060484
0.3110396,0.006176333,-0.01276217,2.989936,6.788322,0.03565982
0.30575,-0.004352314,-0.0123206,2.989989,6.762453,0.03565146
0.3118223,0.006965351,-0.01249176,2.989182,6.838214,0.01076028
0.309051,-0.003932554,-0.0005762455,2.989874,6.813052,0.03573641
0.3064113,0.002627354,-0.003860736,2.989591,6.838803,0.03530872
0.5410773,-0.005168967,0.006124881,2.990804,5.188355,2.965333
0.5254198,0.004558668,0.02126899,2.989847,5.162656,2.989711
0.5164972,0.0147693,0.01148968,2.990506,5.162328,2.964815
0.48061,0.01892892,0.007539636,2.990535,5.387764,2.96505
0.4850663,0.01923923,0.02840397,2.990274,5.361172,2.990156
0.4767846,0.04106284,0.01326979,2.990845,5.361776,2.965439
0.4538383,0.009560079,0.007577852,2.990535,5.412212,2.965089
0.45269,-0.005331549,0.02777016,2.990263,5.438801,2.990194
0.4471771,-0.02101666,0.01067076,2.990844,5.438175,2.965576
0.4001787,0.002125789,0.02104721,2.979733,5.624352,2.926681
0.4034879,0.02380901,0.02569168,2.977549,5.674735,2.977418
0.3892532,0.006412303,0.02558721,2.979216,5.675138,2.925651
0.4018531,-0.01812069,0.008527559,2.99078,5.788319,2.965524
0.3913921,-0.00225553,0.01796963,2.989847,5.762689,2.989808
0.3863154,0.003920683,0.01177083,2.990538,5.762348,2.965099
0.3773132,-0.01758776,0.005805362,2.991071,5.98825,2.966247
0.3616595,0.01613915,0.02054716,2.990487,5.961352,2.990476
0.3716679,0.03259771,0.009124743,2.991077,5.961885,2.966217
0.4276533,0.01175071,-0.01930222,2.989337,5.537503,0.01059641
0.4381551,-0.0001611403,-0.01004981,2.990089,5.51216,0.03593042
0.4265305,0.006819575,-0.014141,2.990105,5.537764,0.03594295
0.401225,-0.002059864,-0.0187268,2.989357,5.662498,0.0106458
0.4064463,0.0092712,-0.01107339,2.990113,5.687846,0.03607158
0.3994935,0.00317483,-0.01388016,2.990119,5.66224,0.03605522
0.3727037,-0.002787273,-0.01780283,2.989334,5.862499,0.01063574
0.3768538,0.007894847,-0.01120401,2.990085,5.88785,0.03598502
0.3705425,0.001719416,-0.01367139,2.990114,5.862248,0.03602049
0.3661867,0.009137453,-0.01764187,2.989345,5.937501,0.01060351
0.3732297,-0.002018232,-0.01095845,2.990087,5.912158,0.03595915
0.3638626,0.004752615,-0.01420838,2.990107,5.93776,0.03596518
0.4373996,-0.001131138,-0.01969362,2.989336,5.462498,0.01059329
0.4434156,0.01126854,-0.01061647,2.990087,5.487843,0.03592887
0.4358798,0.005166974,-0.01387138,2.990102,5.462241,0.03593821
0.3932967,0.01008409,-0.0185029,2.989358,5.737503,0.01064767
0.4022591,-0.001306229,-0.01064569,2.990113,5.712156,0.03607264
0.3919508,0.005458737,-0.01428864,2.990119,5.737761,0.0360595
0.350518,-0.003353515,-0.01671934,2.989608,6.062735,0.01047445
0.3548193,-0.02094603,-0.01227541,2.990496,6.088418,0.03555544
0.3476469,0.0007589615,-0.0114216,2.990318,6.062406,0.03574009
0.3330732,-0.003853892,-0.01651121,2.98935,6.2625,0.01059707
0.3347488,0.005583374,-0.01122216,2.990084,6.287834,0.0359785
0.329198,1.432538e-06,-0.01311926,2.99011,6.262237,0.03594676
0.3285667,0.00722746,-0.01644534,2.989339,6.337501,0.01065166
0.3330984,-0.003217998,-0.01175321,2.990088,6.312147,0.03601546
0.3256813,0.003173906,-0.01432888,2.99011,6.337755,0.03605971
0.3148618,-0.004653419,-0.01614667,2.989352,6.662523,0.0106378
0.3177049,0.005801902,-0.008200994,2.990078,6.687924,0.03596055
0.3113418,-0.001621279,-0.0100333,2.990098,6.662283,0.0359828
0.3061952,0.007262396,-0.01607585,2.98935,6.737581,0.01061555
0.3097164,-0.003203217,-0.0110444,2.990061,6.712286,0.03591745
0.305526,0.001442101,-0.01256318,2.990025,6.737876,0.03577704
0.5273354,0.0179552,0.02218083,2.989768,5.137229,2.989641
0.5390888,0.03732865,0.01216521,2.990547,5.111592,2.964647
0.5181308,0.01080166,0.01240146,2.99044,5.137607,2.964624
0.3912495,0.008652941,0.01814693,2.989884,5.737312,2.989803
0.4012842,0.03096886,0.01078677,2.990842,5.711667,2.965539
0.386504,0.004599229,0.01159339,2.99056,5.737674,2.965085
0.7264514,0.05347778,-0.02617301,2.98938,4.787532,0.01063387
0.6538472,0.0234129,-0.02354781,2.989363,4.812497,0.01062189
0.6252024,0.04064831,-0.02611133,2.989458,4.987476,0.01050068
0.6673648,-0.01378625,-0.01580479,2.978872,4.777664,2.825726
0.7052148,0.05657531,0.04101781,2.977446,4.774838,2.977712
0.6516996,0.02048564,0.02861125,2.990543,4.811377,2.990445
0.6777795,-0.001573739,0.002626279,2.979123,4.778127,0.7755088
0.6801112,-0.00094737,-0.004130148,2.979123,4.778127,0.8244939
0.6800314,-0.0009212575,0.003384929,2.979124,4.778128,0.9755068
0.6798702,-0.000977095,-0.003295707,2.979124,4.778128,1.024493
0.680169,-0.0009077162,0.003109379,2.979125,4.778128,1.175507
0.6807541,-0.0008340387,-0.003560805,2.979125,4.778128,1.224492
0.6808243,-0.0008129435,0.003381481,2.979125,4.778128,1.375507
0.6806587,-0.0008211364,-0.003274649,2.979125,4.778128,1.424493
0.6806563,-0.0008216609,0.003283041,2.979125,4.778128,1.575507
0.6807996,-0.0008111015,-0.003373342,2.979125,4.778128,1.624493
0.6807294,-0.0008338434,0.003574786,2.979125,4.778128,1.775508
0.6801005,-0.0008962098,-0.00309796,2.979125,4.778128,1.824493
0.6798044,-0.0009636262,0.003285034,2.979124,4.778128,1.975507
0.6799834,-0.0008452192,-0.003396503,2.979124,4.778128,2.024493
0.6800668,-0.0009783901,0.004326024,2.979123,4.778127,2.175506
0.6775158,-0.001344341,-0.002523778,2.979123,4.778127,2.224491
0.6797608,-0.003419754,0.00218499,2.979151,4.778087,2.375601
0.6808537,-0.003332158,-0.006840021,2.979193,4.777994,2.424824
0.6763158,-0.00577397,0.02197357,2.979216,4.777671,2.623522
0.6866117,0.005492129,0.003580499,2.978989,4.777949,2.776139
0.6356467,0.03586441,-0.02275834,2.989342,4.887524,0.01058781
0.6227796,0.002927226,-0.02280354,2.989347,4.912482,0.0105836
0.6625426,0.02954343,-0.02820345,2.978611,4.776176,2.927599
0.6155376,0.0252711,0.02195905,2.978478,4.825996,2.928721
0.6189711,0.02631609,0.03296034,2.977112,4.875524,2.977197
0.5836985,0.02930541,0.007173452,2.978566,4.876413,2.925989
0.5934838,0.02071326,0.02829324,2.978692,4.975572,2.925599
0.6185988,0.03626995,0.02705617,2.989816,4.987349,2.989693
0.6065291,0.02645223,0.03410184,2.977004,4.924695,2.976983
0.5714311,0.0110144,2.58691e-05,2.978581,4.924743,2.925296
0.5670526,0.01274636,-0.02368892,2.989658,5.012644,0.01033212
0.546305,0.01123566,0.04494114,2.978508,5.025264,2.925324
0.5677579,0.01132802,0.02447898,2.989751,5.012752,2.989633
0.5455816,0.02570549,0.03729695,2.976342,5.075004,2.97628
0.5190881,0.01991695,0.02493271,2.978061,5.075818,2.924042
0.7078723,0.01684224,-0.02365404,2.98938,4.762517,0.01063388
0.6970822,0.04039712,0.01484975,2.990027,4.78802,0.03573295
0.6802023,0.03228855,0.008639438,2.990028,4.762446,0.03570928
0.6379247,0.03984871,-0.02381891,2.989345,4.837521,0.0106088
0.6505867,0.02640161,0.005850112,2.990007,4.812399,0.03564857
0.6382918,0.03280784,0.001619863,2.990021,4.837967,0.03567452
0.6143791,0.02990318,0.0003931855,2.990172,4.987863,0.03560699
0.6114306,0.003585325,-0.02270596,2.989384,4.962472,0.01055018
0.5983396,0.02037886,-0.002919653,2.990126,4.962271,0.03576536
0.6742861,-0.006113505,0.0108492,2.97836,4.776182,2.876969
0.6396512,0.04779521,0.000583551,2.990976,4.812048,2.966428
0.6359684,0.01290677,0.03067062,2.990521,4.838706,2.990423
0.6320122,0.001822542,-0.001241875,2.990987,4.838413,2.966266
0.6777267,-0.001637682,-0.003711531,2.979122,4.778127,0.7244969
0.6801575,-0.001034729,0.003267401,2.979124,4.778128,0.8755073
0.6800055,-0.001032953,-0.003639177,2.979124,4.778128,0.924494
0.6800351,-0.001013669,0.003427746,2.979125,4.778128,1.075506
0.6802488,-0.0009391988,-0.003614165,2.979125,4.778128,1.124493
0.6808693,-0.000867028,0.00342624,2.979125,4.778128,1.275506
0.6809065,-0.000861151,-0.003535696,2.979125,4.778128,1.324493
0.6807802,-0.0008498372,0.003505889,2.979125,4.778128,1.475507
0.6807794,-0.0008494806,-0.003501302,2.979125,4.778128,1.524493
0.6808793,-0.0008623715,0.003539285,2.979125,4.778128,1.675507
0.6808452,-0.0008659734,-0.003422186,2.979125,4.778128,1.724494
0.6801746,-0.0009303128,0.003611214,2.979125,4.778128,1.875507
0.679975,-0.0009986711,-0.003432732,2.979125,4.778128,1.924494
0.6799417,-0.0009776123,0.003647738,2.979124,4.778128,2.075506
0.6801308,-0.001021106,-0.003245589,2.979124,4.778128,2.124492
0.6781933,-0.001304419,0.004606878,2.979124,4.778126,2.275506
0.6769439,-0.003629611,-0.004137979,2.979128,4.77812,2.324503
0.6825248,-0.002555244,-0.02235646,2.979225,4.777692,2.476522
0.67286,-0.006943945,0.006647603,2.979163,4.777951,2.675288
0.6791073,-0.001385579,-0.006699954,2.979101,4.778027,2.724693
0.6256514,0.0147755,-0.02285013,2.989342,4.862516,0.01059591
0.6255253,0.02970056,0.001716526,2.990056,4.887901,0.03582655
0.6192943,0.02450742,-0.001331956,2.990034,4.862407,0.03574053
0.6097071,0.02848665,-0.02105523,2.989358,4.937492,0.01057092
0.6125555,0.0143688,0.003400362,2.990066,4.912203,0.03582032
0.5949534,0.019478,-0.0009282781,2.990104,4.937784,0.03582258
0.6067045,0.02864967,-0.002851991,2.990449,4.987816,2.9648
0.6170011,0.01887518,0.03003492,2.990193,4.961156,2.990085
0.6024653,0.04904537,0.005560408,2.990769,4.961785,2.965226
0.5681433,0.01624075,-0.003133409,2.990343,5.012264,0.03525738
0.5618493,0.006947073,-0.03135288,2.990082,5.038832,0.009915503
0.5601077,-0.01021399,-0.008500498,2.990714,5.03827,0.0347814
0.5697418,0.0176604,0.003728632,2.990391,5.012347,2.96465
0.5599703,0.004069659,0.03236948,2.989959,5.038929,2.989858
0.5588073,-0.01204108,0.00978266,2.990548,5.03835,2.964652
0.9833375,0.1989725,-0.04964558,2.902537,4.298238,0.2987422
0.9961055,0.1851884,-0.003316879,2.905365,4.297128,0.4993196
0.9970338,0.198599,-0.01154668,2.90626,4.296926,0.6995087
1.004301,0.1964009,-0.001756731,2.906496,4.296926,0.899746
1.002537,0.1978488,-0.002437564,2.906567,4.296934,1.099873
1.005394,0.1979272,-0.0003863541,2.906592,4.296936,1.299946
1.004497,0.1980214,6.326457e-05,2.906598,4.296936,1.5
1.005349,0.1978663,0.0005217681,2.906593,4.296936,1.700056
1.002394,0.1977209,0.00256933,2.90657,4.296934,1.900132
1.004171,0.1961807,0.001924909,2.906503,4.296926,2.100273
0.9967067,0.1982363,0.01168914,2.906282,4.296924,2.300546
0.9960158,0.1845176,0.00367082,2.905436,4.297125,2.500825
0.7590371,0.07671009,0.00292212,2.860116,4.449713,2.450708
0.9828047,0.1982792,0.04935439,2.902739,4.298243,2.701632
0.7429755,0.08534451,-0.02094904,2.859208,4.449763,2.651963
0.6779914,0.09376175,-0.01175763,2.85639,4.649995,2.651668
0.8878823,0.2181961,-0.08364302,2.856894,4.250006,2.857318
0.7534274,0.1278368,-0.04813659,2.855606,4.449904,2.856726
0.6819855,0.1096075,-0.02982947,2.85518,4.650026,2.856835
1.007246,0.1008582,-0.1018338,2.954185,4.248231,0.1533841
0.9630851,0.09650411,-0.1109372,2.952925,4.347832,0.1506196
0.8187421,0.1053043,-0.03048774,2.953138,4.446496,0.1511662
0.778071,0.04849642,0.007137295,2.978211,4.574492,0.1744842
0.6890166,0.04253839,0.006394075,2.978057,4.624953,0.1743262
1.005299,0.09521124,0.1032763,2.954482,4.24834,2.847281
0.8865171,0.1968628,-0.07461191,2.85639,4.349976,2.857177
0.963525,0.09503414,0.1163855,2.953215,4.347844,2.850251
0.9499351,0.1887478,0.02610031,2.84682,4.249096,2.954917
0.9478724,0.2334521,0.03988591,2.84691,4.350982,2.95489
0.8198744,0.1090521,0.03250566,2.953432,4.446397,2.849345
0.8123139,0.1247602,-0.03688625,2.855034,4.549962,2.856564
0.7966416,0.1228746,0.03052054,2.846559,4.44892,2.954794
0.7990945,0.1718264,0.04473726,2.846755,4.551062,2.954724
0.6886149,0.1097606,-0.0284075,2.855443,4.74998,2.857002
0.6720063,0.08247744,0.03754492,2.847706,4.6491,2.954928
0.6845402,0.1312293,0.03984345,2.847906,4.750918,2.955033
0.7168656,0.04350365,-0.001224643,2.97815,4.624936,0.2246888
0.692762,0.04492365,-0.0009683511,2.978226,4.624925,0.3749775
0.7063666,0.04444723,-0.00212482,2.97823,4.624922,0.4249901
0.6796306,0.02459991,0.002364647,2.953521,4.75229,2.550111
0.6812555,0.09433871,0.004182052,2.855763,4.649911,2.753511
0.676838,0.09532747,0.009214237,2.856185,4.750111,2.753644
0.7889147,0.09583171,0.01051295,2.929281,4.524998,0.07058172
0.8285901,0.1230944,-0.04392507,2.92388,4.575633,0.0218662
0.7869892,0.04740959,-0.006966737,2.977225,4.574755,0.07292185
0.78745,0.04985767,-0.01370072,2.977749,4.523333,0.07439632
0.8016528,0.1079611,0.02155093,2.929208,4.574993,0.07062831
0.8164319,0.0455506,-0.03935255,2.923827,4.524546,0.02179668
0.6872185,0.06776523,0.02161314,2.929178,4.674995,0.07064031
0.7168476,0.05710267,-0.0354347,2.923868,4.624373,0.02187208
0.7049482,0.03990998,0.00240904,2.977132,4.624984,0.07272251
0.6947675,0.07390505,0.02667511,2.929178,4.625002,0.07064183
0.6848262,0.02810692,0.002527079,2.977133,4.675011,0.07272182
0.7135494,0.08182225,-0.03256468,2.923812,4.675453,0.02181884
0.9390745,0.1475028,-0.04790029,2.930563,4.275008,2.930565
1.011556,0.1440223,0.04206599,2.9245,4.224431,2.978404
0.9614904,0.1800068,-0.05129795,2.930301,4.225002,2.930236
0.9852451,0.1621147,0.03535448,2.925067,4.276005,2.978809
0.7849368,0.08937459,-0.05241524,2.929832,4.47501,2.929991
0.8479032,0.08932049,0.03419584,2.925117,4.423815,2.978747
0.805035,0.1257948,-0.05676058,2.930322,4.42496,2.930489
0.8291592,0.1034143,0.03224727,2.924403,4.475397,2.978412
0.7920064,0.09509215,-0.01201595,2.929859,4.524968,2.929823
0.827721,0.1193784,0.04407095,2.925501,4.576127,2.978742
0.8070129,0.1011965,-0.02176052,2.930324,4.574976,2.930236
0.8171626,0.04584279,0.03989423,2.924507,4.524581,2.978393
0.7081847,0.06687926,-0.02929841,2.932028,4.674988,2.931842
0.6906383,0.06556645,0.03739866,2.925673,4.624678,2.978864
0.7180624,0.06850771,-0.02939458,2.931287,4.625002,2.931139
0.6841068,0.0789298,0.03198934,2.926578,4.675498,2.979457
0.6960565,0.07323133,-0.02582087,2.932118,4.724987,2.931932
0.6830906,0.03993796,0.0352483,2.926669,4.724487,2.97949
0.8580182,0.1889909,-0.02063697,2.953659,4.446652,0.251169
0.7986052,0.05887546,-0.003535368,2.97836,4.574366,0.2247369
0.8605447,0.1965659,0.01330456,2.955175,4.443792,0.3513453
0.7837041,0.05737884,0.0001341502,2.978481,4.574283,0.3750038
0.8812899,0.1732272,-0.01163389,2.955543,4.443344,0.449077
0.795654,0.05804931,-0.001408856,2.978491,4.574271,0.4249943
0.8737387,0.1754458,0.009717755,2.955749,4.443149,0.5509577
0.8827021,0.1950747,-0.01649746,2.955793,4.443133,0.6489847
0.882624,0.1942465,0.01161081,2.955827,4.443123,0.7509721
0.8868823,0.1915058,-0.01317059,2.955833,4.443123,0.8489958
0.8864765,0.1917135,0.01077646,2.955841,4.443124,0.9509817
0.8880611,0.1955671,-0.01313381,2.955842,4.443125,1.049002
0.8884729,0.1954127,0.01164838,2.955846,4.443125,1.150985
0.8897406,0.1950976,-0.01246569,2.955846,4.443125,1.249005
0.8897423,0.1951227,0.0119072,2.955847,4.443125,1.350988
0.8897296,0.1956935,-0.01221193,2.955847,4.443125,1.449008
0.8897244,0.1956983,0.01225408,2.955847,4.443125,1.550992
0.889656,0.1950376,-0.01185488,2.955847,4.443125,1.649012
0.8896529,0.195013,0.01250662,2.955846,4.443125,1.750995
0.8882891,0.195231,-0.01159424,2.955846,4.443125,1.849015
0.8878732,0.1953943,0.01316638,2.955842,4.443124,1.950999
0.8862375,0.1914112,-0.01071018,2.955841,4.443124,2.049019
0.8866467,0.1911924,0.01322967,2.955833,4.443123,2.151007
0.882234,0.1937238,-0.01147948,2.955828,4.443123,2.249032
0.8822995,0.1946117,0.01659818,2.955802,4.443133,2.351025
0.8732586,0.1744734,-0.009600692,2.955775,4.443148,2.449059
0.7587045,0.07345865,-0.001876019,2.859715,4.449669,2.551179
0.8809656,0.1726995,0.01178823,2.955595,4.443339,2.550967
0.8021312,0.08440808,0.001582361,2.857254,4.549943,2.551021
0.8597435,0.1950822,-0.0128605,2.95526,4.443786,2.648755
0.7861273,0.08703076,-0.01269411,2.857045,4.549898,2.651725
0.7548215,0.08293963,-0.001322194,2.857661,4.449716,2.753795
0.856662,0.1879839,0.02049223,2.953801,4.446637,2.749073
0.7874975,0.1017861,0.007046671,2.856176,4.550002,2.753509
0.928066,0.1529011,0.0502805,2.929724,4.274979,0.07021403
1.011239,0.1429662,-0.04004338,2.923938,4.224364,0.02178396
1.064392,0.09046467,-0.06562693,2.97819,4.224289,0.07603444
0.9551385,0.1803072,0.05130073,2.929748,4.224992,0.07017044
1.012618,0.08116263,-0.07166984,2.978139,4.275175,0.07582363
0.9904231,0.1632505,-0.03308852,2.923857,4.275452,0.02172793
0.9190508,0.154294,0.04012426,2.929683,4.324983,0.07022789
0.9699707,0.1600251,-0.0478437,2.923942,4.375625,0.02179206
0.9791654,0.08994714,-0.08064089,2.977961,4.375036,0.07541769
0.97568,0.060596,-0.07937721,2.978087,4.324102,0.07563546
0.9216672,0.1605413,0.04254321,2.929593,4.374979,0.07023519
0.9605542,0.08837275,-0.04067456,2.923868,4.324537,0.02173338
0.7810702,0.09003266,0.05100213,2.929324,4.47501,0.07039918
0.8383284,0.08743481,-0.03185357,2.923937,4.424366,0.02180023
0.8549143,0.06587498,-0.04440102,2.977877,4.423671,0.07533842
0.7939321,0.1200677,0.05256502,2.929487,4.424988,0.07026793
0.813603,0.05381413,-0.0430475,2.977382,4.473674,0.07394079
0.8285223,0.1014791,-0.03080062,2.923842,4.475461,0.02176852
0.6765451,0.07205985,0.01765777,2.929208,4.724999,0.07061832
0.661511,0.02840248,-0.004337919,2.977216,4.725216,0.07289717
0.700514,0.03598032,-0.03727209,2.923835,4.724537,0.02180958
1.05053,0.1339986,-0.01031089,2.967357,4.237449,2.967311
1.033754,0.1257747,0.03890018,2.964218,4.212139,2.990132
1.012628,0.13264,0.03685322,2.964336,4.237728,2.990224
1.071837,0.1495157,-0.01443563,2.967257,4.212476,2.967203
0.9448763,0.1499311,-0.03911021,2.9311,4.32502,2.931158
0.9325781,0.143718,0.05709411,2.924679,4.375299,2.978682
0.9497026,0.1680258,-0.04442934,2.931011,4.374944,2.931138
0.9278736,0.1096794,0.04764134,2.924628,4.324878,2.978739
0.8613498,0.06611133,-0.01137286,2.967656,4.437577,2.967611
0.8079675,0.01742281,0.03635021,2.965298,4.41164,2.990669
0.8244642,0.05892601,0.03476751,2.964764,4.437638,2.990373
0.8779615,0.08153092,-0.003928488,2.968289,4.412512,2.968254
0.8308209,0.08123878,-0.001652044,2.967771,4.562375,2.967614
0.8298108,0.1104008,0.03782019,2.965653,4.588289,2.990691
0.8154501,0.04406871,0.03160093,2.96498,4.562322,2.990375
0.842974,0.09610828,-0.01290222,2.9685,4.587421,2.968322
1.001192,0.1279186,-0.01228173,2.967679,4.262401,2.967632
0.9814344,0.1340249,0.03502083,2.965215,4.288339,2.990684
0.9730905,0.1119779,0.03142233,2.964697,4.262329,2.990391
1.008998,0.1324629,-0.01912198,2.968292,4.287461,2.968267
0.8469884,0.07180726,-0.01568259,2.967319,4.462535,2.967283
0.8251884,0.06571546,0.02938392,2.964277,4.487857,2.990133
0.8202247,0.0430561,0.02959195,2.964388,4.462245,2.990216
0.8522721,0.07524011,-0.02304687,2.967199,4.487525,2.967172
0.8329059,0.04572041,-0.008834637,2.967381,4.537451,2.967263
0.8164911,0.02049214,0.03199723,2.964323,4.512144,2.990133
0.8156007,0.05214972,0.02908483,2.964519,4.53775,2.990209
0.8384054,0.04790506,-0.01990474,2.967223,4.512467,2.967165
1.049241,0.1325624,0.01243583,2.967025,4.237498,0.03296531
1.033205,0.1290937,-0.03689649,2.963942,4.212146,0.009898434
1.071496,0.1518737,0.01587494,2.967038,4.212482,0.03297013
1.007891,0.1280234,-0.0342637,2.963925,4.237728,0.009871332
0.9805133,0.1198081,5.598226e-05,2.967027,4.362483,0.03297684
0.9661566,0.1197485,-0.04336443,2.964038,4.387856,0.009921381
0.9825596,0.1291755,0.003644066,2.967031,4.387508,0.03298306
0.9608341,0.06608981,-0.03740738,2.963982,4.362261,0.00988037
0.8748185,0.07964811,0.02021389,2.967007,4.437502,0.032989
0.8429792,0.08081857,-0.02925772,2.964061,4.412146,0.009923019
0.8850006,0.09733192,0.02365038,2.967032,4.412482,0.0329872
0.8286436,0.07977339,-0.02843101,2.96402,4.43773,0.009896437
0.8380022,0.08451858,0.004673694,2.966949,4.562479,0.03303985
0.8281438,0.08935699,-0.03558987,2.963977,4.587852,0.009919084
0.8424844,0.09285794,0.009099341,2.966946,4.587515,0.03304266
0.8218276,0.03867448,-0.02902394,2.963987,4.562256,0.009906761
0.7756882,0.04265703,-0.007282532,2.930414,4.52493,0.1222403
0.7771801,0.04939288,0.001123843,2.977873,4.574641,0.1240246
0.8114512,0.08221307,0.002575743,2.978809,4.521835,0.1756843
0.7617703,0.07089707,0.02811948,2.930988,4.57497,0.1734939
0.8016005,0.07995422,-0.01027171,2.97802,4.523353,0.1251931
0.7694334,0.06701777,0.007815611,2.930245,4.575022,0.1223146
0.7664952,0.03639407,0.02246799,2.931359,4.524964,0.1734343
0.7618641,0.05367659,0.01789005,2.96694,4.637518,0.03302584
0.7317553,0.05586705,-0.02841449,2.963951,4.61216,0.009908329
0.7754149,0.06929115,0.02486166,2.966942,4.612486,0.03303534
0.721216,0.06010289,-0.02792706,2.963919,4.637742,0.009879025
0.6570876,0.06293013,-0.008672989,2.93017,4.675033,0.1223433
0.6898477,0.04050933,0.004310942,2.977768,4.624963,0.123768
0.6651458,0.06341737,0.02300218,2.930849,4.624998,0.1735222
0.6732756,0.02116258,0.006355366,2.978057,4.675032,0.1743247
0.6725408,0.05624173,0.00271841,2.930172,4.624957,0.1223392
0.673293,0.02203663,0.003080327,2.977767,4.675028,0.1237662
0.6512826,0.06367097,0.02291317,2.930847,4.67499,0.1735487
0.6568725,0.04620716,-0.006585941,2.93024,4.724963,0.122308
0.6638055,0.01666206,0.007066396,2.978197,4.725444,0.1744289
0.6634883,0.01779212,-0.0007722865,2.977857,4.725305,0.1239732
0.6493503,0.04642938,0.02150647,2.930981,4.725003,0.1735086
0.7748959,0.04289397,0.006283006,2.930824,4.524909,2.878221
0.7631533,0.0695372,-0.02788375,2.931351,4.574958,2.827009
0.767123,0.03564462,-0.02257785,2.931644,4.524956,2.826928
0.7690525,0.06946511,-0.009075701,2.930878,4.575,2.878428
0.651328,0.06186866,0.009125393,2.931419,4.675018,2.879255
0.6674264,0.06168733,-0.02268969,2.931317,4.624989,2.827208
0.653434,0.06307752,-0.02231855,2.931391,4.674984,2.827368
0.6659914,0.05844099,-0.006929281,2.931157,4.624945,2.878882
0.6515988,0.05035875,0.002522449,2.93152,4.724968,2.879372
0.652698,0.04490148,-0.02271555,2.931529,4.725009,2.827472
0.6870712,0.05563953,0.0008756374,2.931062,4.624955,0.224133
0.7007914,0.02581139,-0.0006967449,2.97815,4.675041,0.2246867
0.7021191,0.04365126,0.003743271,2.978195,4.624931,0.2748714
0.6788289,0.06285758,0.001184073,2.931071,4.675012,0.2241624
0.6866161,0.02389523,0.004314333,2.978194,4.675042,0.2748668
0.6749546,0.06093991,0.005996181,2.931248,4.674986,0.2745544
0.6826335,0.05494534,0.006914677,2.931251,4.624983,0.2745466
0.6855509,0.01940876,-0.0003842779,2.978348,4.725568,0.2246854
0.6734043,0.04565721,-0.001646459,2.931246,4.724981,0.2241277
0.6731743,0.02067425,0.002069994,2.978407,4.725588,0.2748601
0.6682695,0.04568245,0.002895761,2.931452,4.725003,0.2745268
0.6904984,0.04434685,0.0007440953,2.978213,4.624927,0.3249468
0.6780145,0.02262163,-0.0009007061,2.978222,4.675038,0.3749734
0.6751682,0.0226488,0.001386732,2.97821,4.67504,0.3249419
0.6540942,0.05940536,0.003969657,2.931295,4.674997,0.324724
0.6651841,0.05407149,0.002614917,2.931365,4.624979,0.3748109
0.6637482,0.05321537,0.004656314,2.9313,4.624966,0.3247182
0.6561804,0.05939935,0.002935747,2.931353,4.674983,0.3748238
0.6688697,0.01999495,-0.0007305154,2.978443,4.72559,0.3749733
0.6670619,0.01963875,-0.0001000591,2.978429,4.725589,0.3249346
0.6551416,0.04463541,0.0007492218,2.931511,4.724991,0.3247063
0.6570341,0.04516261,0.0006647389,2.931578,4.725002,0.3748102
0.6899704,0.02366814,-0.002159271,2.978226,4.675038,0.4249863
0.7035757,0.04480023,0.0005758671,2.978235,4.624921,0.4749972
0.6882581,0.02326252,0.0005260206,2.978231,4.675037,0.4749935
0.6739072,0.05871,-0.0001245091,2.931389,4.674981,0.4749156
0.6818501,0.05261737,-0.00284737,2.931367,4.624962,0.4248567
0.6729968,0.05961376,-0.002389513,2.93136,4.674989,0.4248706
0.6821752,0.05482466,0.0003675815,2.931404,4.624971,0.4749125
0.678741,0.02044241,-0.001401009,2.978447,4.72559,0.4249854
0.6765002,0.02072502,0.0004250824,2.978453,4.725592,0.4749967
0.6708128,0.04564099,-0.0008267283,2.93162,4.725002,0.4749092
0.6713029,0.04571584,-0.002347689,2.931587,4.724995,0.424864
0.6988449,0.04527362,0.0005795706,2.978238,4.624919,0.5249995
0.6833854,0.02323677,0.000376506,2.978235,4.675036,0.5749962
0.6828946,0.02303738,0.0008175753,2.978232,4.675037,0.5249963
0.664178,0.05856981,0.001249724,2.931393,4.674985,0.5249352
0.6740055,0.05345162,0.00129943,2.931425,4.62497,0.5749363
0.6740203,0.05481691,0.001157653,2.931408,4.624965,0.5249327
0.6636854,0.0587043,0.0013673,2.931407,4.67498,0.5749435
0.6744271,0.01979942,0.0003208445,2.978457,4.725593,0.575
0.6734198,0.01982998,0.000667472,2.978455,4.725592,0.5249971
0.6641383,0.04549782,0.0007501742,2.931624,4.724998,0.524934
0.664473,0.0451182,0.0008244788,2.93164,4.725003,0.5749401
0.6638341,0.05921084,-0.0003590254,2.931414,4.674981,0.6749631
0.6738514,0.05528436,0.0004403885,2.931419,4.624962,0.6249454
0.6644364,0.05914109,0.0005584639,2.931404,4.674983,0.6249528
0.6736855,0.0549919,-0.0004388144,2.931432,4.624967,0.6749613
0.6744412,0.02020411,0.0002522155,2.978457,4.725594,0.6249975
0.664576,0.04572913,-0.0008438382,2.931648,4.725004,0.6749607
0.6648267,0.04573347,0.0003481861,2.931638,4.725,0.6249531
0.6635548,0.05938143,-0.0004851909,2.931414,4.674983,0.7249709
0.6735494,0.05587531,-0.001786334,2.931439,4.624968,0.7749655
0.6734374,0.05527876,-0.0005027295,2.931431,4.624965,0.7249695
0.663962,0.05940958,-0.001343106,2.931419,4.67498,0.7749698
0.6645524,0.04567158,-0.000313084,2.931648,4.725002,0.7249719
0.664722,0.04566937,-0.001435448,2.931654,4.725004,0.7749676
0.6672215,0.05993751,-0.0008032087,2.931421,4.674981,0.8749787
0.6769793,0.05582951,-0.001629787,2.931435,4.624964,0.8249716
0.6667349,0.05995973,-0.001318637,2.931417,4.674982,0.8249757
0.6772354,0.05641749,-0.0007784758,2.931439,4.624966,0.8749776
0.667314,0.04598887,-0.0008763252,2.931656,4.725004,0.8749764
0.6674106,0.04564447,-0.0009576101,2.931651,4.725002,0.8249767
0.6666148,0.06006,-0.0002443351,2.931421,4.674982,0.9249845
0.6765987,0.05610341,-0.0003414698,2.931443,4.624967,0.9749792
0.6767456,0.05636287,-0.0003900597,2.931439,4.624965,0.9249837
0.6664956,0.06008489,-0.0002173916,2.931423,4.67498,0.9749818
0.6669265,0.04596565,-4.066332e-05,2.931655,4.725003,0.9249857
0.6669759,0.04589322,-0.0002881331,2.931658,4.725004,0.9749796
0.6664002,0.06027988,-0.000346,2.931424,4.674981,1.074987
0.6764315,0.05645413,-1.821253e-05,2.93144,4.624964,1.024985
0.666482,0.06019629,-3.255481e-05,2.931422,4.674981,1.024987
0.6765494,0.05646294,-0.0003251565,2.931442,4.624966,1.074987
0.6668169,0.046111,-0.0005240454,2.931659,4.725003,1.074985
0.6668266,0.04603496,0.0001268139,2.931657,4.725003,1.024988
0.6666938,0.06032399,-0.0002299473,2.931423,4.674981,1.124992
0.6767476,0.05661347,-0.0007078976,2.931444,4.624966,1.174988
0.6768465,0.05655171,-0.0002824601,2.931441,4.624965,1.124992
0.6667967,0.0603063,-0.0005631952,2.931425,4.67498,1.174989
0.6670892,0.04611235,6.44698e-06,2.931658,4.725003,1.124993
0.667097,0.04609781,-0.0006646911,2.93166,4.725003,1.174987
0.6676307,0.06045904,-0.000315928,2.931425,4.674981,1.274993
0.6776088,0.05664072,-0.0003769618,2.931443,4.624965,1.224993
0.667489,0.06044126,-0.0003561161,2.931424,4.674981,1.224994
0.6777947,0.05683526,-0.0002773065,2.931443,4.624966,1.274992
0.6677803,0.04622919,-0.0004603805,2.93166,4.725003,1.274991
0.6677964,0.04611156,-0.0001216484,2.931659,4.725003,1.224996
0.6676052,0.06048392,1.963188e-05,2.931424,4.674981,1.324998
0.6776263,0.05668787,-0.0001104712,2.931444,4.624966,1.374994
0.6777773,0.05683325,-5.66507e-05,2.931443,4.624965,1.324997
0.6675468,0.06047369,-3.733559e-05,2.931425,4.674981,1.374995
0.6677825,0.04622297,0.0002063062,2.931659,4.725003,1.324999
0.6677947,0.04616712,-0.0001995164,2.93166,4.725003,1.374993
0.6673728,0.06050845,-7.881006e-05,2.931425,4.674981,1.474998
0.6774094,0.05674712,0.0002328364,2.931444,4.624965,1.425
0.6673928,0.06046876,0.0001521776,2.931425,4.674981,1.425
0.6775444,0.05680224,-3.22929e-05,2.931443,4.624965,1.474998
0.6676033,0.04624288,-0.000276267,2.93166,4.725003,1.474996
0.6676023,0.04619367,0.0003127263,2.93166,4.725003,1.425001
0.6673723,0.06050808,9.47605e-05,2.931425,4.674981,1.525002
0.6774074,0.05674213,-0.0002053093,2.931444,4.624965,1.575
0.6775433,0.05680368,4.763577e-05,2.931443,4.624965,1.525002
0.6673889,0.0604675,-0.0001299376,2.931425,4.674981,1.575
0.6675981,0.04624309,0.0002875991,2.93166,4.725003,1.525004
0.6675964,0.04619038,-0.0002971014,2.93166,4.725003,1.574999
0.6675653,0.06047327,-3.893504e-06,2.931424,4.674981,1.675002
0.6775872,0.05667737,0.000136154,2.931445,4.624966,1.625006
0.6675123,0.06046494,5.605814e-05,2.931425,4.674981,1.625005
0.6777371,0.05681974,7.444443e-05,2.931443,4.624965,1.675002
0.667754,0.04621284,-0.000197615,2.931659,4.725003,1.675001
0.667767,0.04616087,0.000212609,2.93166,4.725003,1.625007
0.6676077,0.06044187,0.0003341549,2.931425,4.674981,1.725007
0.6775777,0.05662194,0.0004138353,2.931443,4.624965,1.775007
0.6777665,0.05682864,0.0002965436,2.931443,4.624966,1.725008
0.6674538,0.06042466,0.0003895475,2.931424,4.674981,1.775006
0.6677647,0.04621842,0.00046959,2.93166,4.725003,1.725009
0.6677805,0.04609625,0.0001397045,2.931659,4.725003,1.775004
0.6665968,0.06029502,0.0002358388,2.931423,4.674981,1.875008
0.6766453,0.0565949,0.0007370756,2.931444,4.624966,1.825012
0.6667061,0.06027876,0.0005855159,2.931425,4.67498,1.825011
0.6767388,0.05653276,0.0002945263,2.931441,4.624965,1.875008
0.6670323,0.04609045,-1.178722e-05,2.931658,4.725003,1.875006
0.667044,0.04607746,0.0006764499,2.93166,4.725003,1.825013
0.6663325,0.06024624,0.0003499437,2.931424,4.674981,1.925013
0.6763478,0.05643443,2.520523e-05,2.93144,4.624964,1.975015
0.6764686,0.0564503,0.0003330514,2.931442,4.624966,1.925014
0.6664132,0.06016782,3.286516e-05,2.931422,4.674981,1.975013
0.6667692,0.04609792,0.0005023637,2.931659,4.725003,1.925015
0.6667737,0.04602431,-0.0001597939,2.931657,4.725003,1.975012
0.6665348,0.05999256,0.0002785112,2.93142,4.674982,2.075015
0.676495,0.05607262,0.0003244476,2.931443,4.624967,2.025021
0.6664125,0.06003682,0.0002044164,2.931423,4.67498,2.025018
0.6766243,0.05638853,0.0004016844,2.931438,4.624965,2.075016
0.6669655,0.0459289,5.307791e-05,2.931655,4.725003,2.075014
0.6670386,0.04584561,0.0002536233,2.931658,4.725003,2.02502
0.667322,0.05993457,0.0008476202,2.93142,4.674981,2.125021
0.6770163,0.05587515,0.001834044,2.931433,4.624964,2.175028
0.6773274,0.05646048,0.0008060827,2.931438,4.624966,2.125022
0.6668293,0.06001231,0.001560944,2.931416,4.674982,2.175024
0.6674165,0.04604092,0.0008684545,2.931655,4.725004,2.125023
0.6673979,0.0458862,0.001255177,2.931651,4.725002,2.175022
0.6634134,0.05923783,0.001135188,2.931415,4.674982,2.275027
0.6733182,0.05612409,0.001816284,2.931437,4.624968,2.225033
0.6637753,0.05957391,0.001327353,2.931419,4.67498,2.225029
0.6731676,0.0556042,0.001240665,2.931431,4.624965,2.275028
0.6646731,0.04600636,0.001897398,2.931651,4.725002,2.275026
0.6648458,0.04599467,0.001825154,2.931654,4.725004,2.225031
0.6635593,0.06039578,0.0005539423,2.93142,4.67498,2.325034
0.6737669,0.05609941,0.001272007,2.931433,4.624962,2.375051
0.6734693,0.05676502,0.001002613,2.931435,4.624967,2.325036
0.6649253,0.06010758,0.0011032,2.931424,4.674983,2.375043
0.6641279,0.0484407,0.001218059,2.931659,4.725004,2.325037
0.6657206,0.04774705,0.006493995,2.931671,4.725001,2.375044
0.6644148,0.05820293,-0.005505043,2.931491,4.674989,2.475066
0.6722955,0.05636793,-0.0008661575,2.931455,4.62497,2.42506
0.6630692,0.06442557,-0.001669466,2.931454,4.674981,2.425053
0.6731624,0.0563401,0.001790208,2.931465,4.624966,2.475064
0.6667319,0.04751779,0.02184328,2.931815,4.725003,2.475074
0.6563924,0.05641069,0.003591796,2.931726,4.725005,2.425059
0.6779506,0.07543948,-0.0005652359,2.931514,4.674989,2.525091
0.6765588,0.05722912,-0.000968457,2.93148,4.624964,2.575153
0.6761394,0.05868894,0.003947202,2.931489,4.624973,2.52509
0.6772471,0.0764948,0.004291925,2.931509,4.674997,2.57514
0.6528092,0.06553623,-0.003396978,2.931463,4.674997,2.675371
0.6638006,0.05661449,-0.004662479,2.931504,4.62498,2.625222
0.6553386,0.05957449,0.003455176,2.931523,4.674986,2.625212
0.6617301,0.05710179,-0.004726398,2.931465,4.624966,2.675365
0.6439343,0.0566149,-0.007265409,2.931701,4.724995,2.675399
0.6540309,0.04883026,-0.02477657,2.931828,4.725006,2.625236
0.6848487,0.05756954,-0.002925165,2.931343,4.624953,2.776252
0.6771497,0.06383414,-0.002174661,2.931368,4.675008,2.776307
0.6746138,0.06233238,-0.006099475,2.931448,4.674985,2.725671
0.6815019,0.05537998,-0.008218234,2.931454,4.624982,2.725644
0.6704156,0.04879831,-0.0009971106,2.931536,4.724987,2.776379
0.6673617,0.04784505,-0.009844769,2.931647,4.725007,2.725718
0.8319944,0.04584067,0.0109982,2.966955,4.537519,0.03303436
0.8150155,0.02364264,-0.0311902,2.963987,4.512162,0.009910292
0.8378317,0.04923095,0.02100897,2.966958,4.512488,0.03301322
0.8133034,0.04857644,-0.02658787,2.963988,4.537767,0.009903792
0.7377809,0.05925552,0.01582846,2.966941,4.66248,0.03302553
0.7186244,0.06306716,-0.02589455,2.963949,4.687831,0.009903965
0.737976,0.05826513,0.02497308,2.966947,4.687512,0.03303416
0.7123768,0.04787528,-0.02568788,2.963917,4.662236,0.009877562
0.8497542,0.1070305,-0.01867791,2.978979,4.521645,0.224653
0.7598664,0.07868137,-8.611014e-05,2.931246,4.574997,0.2241116
0.7846172,0.0560724,0.002810865,2.978429,4.574328,0.2749135
0.7719068,0.04519016,-0.006300526,2.931724,4.524913,0.2240747
0.8384913,0.1110327,0.007716172,2.979161,4.52138,0.2757739
0.7545319,0.07565054,0.002312939,2.931471,4.574961,0.2745325
0.7658988,0.05184054,0.0002139989,2.93204,4.524933,0.2744922
0.7796187,0.05635673,-0.001347555,2.97846,4.574302,0.3249846
0.8462538,0.1195876,0.01263605,2.9793,4.520937,0.3757005
0.7429923,0.0678958,0.002654465,2.931629,4.574947,0.3748081
0.8414982,0.1177711,-0.005055577,2.979241,4.52115,0.3247811
0.7397047,0.06829769,0.001911933,2.931543,4.574967,0.3247135
0.7533096,0.05544647,0.004785853,2.932164,4.524904,0.3246959
0.7545297,0.05575766,0.005351039,2.932311,4.524919,0.3747941
0.7932305,0.05671692,0.0005373578,2.978504,4.574257,0.4750042
0.8516496,0.1059188,-0.005703147,2.979318,4.520899,0.4244117
0.7659513,0.0713698,-0.001100499,2.93164,4.574956,0.4248615
0.7655019,0.07143538,-0.0002812552,2.931681,4.574941,0.4749156
0.7720892,0.05014829,-0.003303668,2.932387,4.524902,0.47491
0.7682502,0.04924902,0.004238958,2.932344,4.5249,0.4248793
0.7593193,0.07017977,-0.001912404,2.931712,4.574934,0.5749388
0.7593315,0.06985271,-0.001059689,2.931688,4.574942,0.5249396
0.76621,0.05209918,0.001496939,2.932403,4.524892,0.5249536
0.7653563,0.05265548,-0.004260424,2.932449,4.5249,0.5749354
0.7591473,0.07129405,-0.00167001,2.931707,4.57494,0.624953
0.7590758,0.07072763,-0.002241228,2.931718,4.574933,0.674964
0.7671142,0.05840117,-0.004855382,2.932445,4.524891,0.6749612
0.7660161,0.05752769,-0.001687503,2.932449,4.524893,0.6249794
0.759958,0.07154342,-0.001763561,2.931729,4.574931,0.7749658
0.7598319,0.07077693,-0.0003899982,2.931718,4.574934,0.7249752
0.7678113,0.05800702,0.001949662,2.932446,4.524888,0.7249908
0.7669854,0.05822668,-0.002447835,2.932474,4.524894,0.7749591
0.764719,0.0740003,-0.0006542955,2.931725,4.574935,0.8249774
0.7647663,0.07348296,-0.001061333,2.931726,4.574931,0.8749781
0.7717511,0.05745264,-0.003508693,2.932457,4.524889,0.8749726
0.7707779,0.05773324,0.001406312,2.932472,4.524892,0.8250002
0.7644549,0.0739743,-0.001358872,2.931734,4.574931,0.9749778
0.7645602,0.07346643,-0.0004664351,2.931726,4.574933,0.9249874
0.7715217,0.05768582,0.002140593,2.932456,4.524888,0.9250008
0.7705819,0.0580607,-0.002808932,2.93248,4.524894,0.9749673
0.7644652,0.07412286,4.936958e-05,2.931731,4.574933,1.024989
0.7645471,0.07363419,-0.0008631851,2.93173,4.574931,1.074986
0.7716948,0.05867788,-0.003400836,2.93246,4.524889,1.074978
0.7707077,0.05904409,0.001056536,2.932478,4.524892,1.025009
0.764852,0.07410615,-0.001142753,2.931735,4.574931,1.174985
0.7649412,0.07358307,-5.122426e-05,2.931729,4.574932,1.124994
0.7721152,0.05870444,0.002395413,2.93246,4.524888,1.125006
0.7711757,0.05906889,-0.002321824,2.932482,4.524893,1.174973
0.7660151,0.07468923,0.000217931,2.931734,4.574933,1.224997
0.766111,0.07418636,-0.0005579617,2.93173,4.574931,1.274991
0.7731496,0.05864141,-0.003053453,2.932461,4.524889,1.274982
0.772174,0.05902072,0.001658754,2.932481,4.524893,1.225014
0.7660357,0.07469916,-0.000738677,2.931736,4.574932,1.374992
0.7661355,0.07419991,0.0001509444,2.93173,4.574932,1.324999
0.7731646,0.05870214,0.00266904,2.932461,4.524889,1.32501
0.7722042,0.05908753,-0.002073945,2.932482,4.524893,1.374977
0.7657881,0.0745907,0.0006645039,2.931735,4.574932,1.425003
0.7658879,0.07409929,-0.0003339564,2.931731,4.574931,1.474996
0.7729781,0.05884328,-0.002830693,2.932462,4.524889,1.474986
0.7720142,0.05924444,0.001894603,2.932482,4.524893,1.425019
0.7657888,0.07459764,-0.0006358589,2.931735,4.574932,1.574997
0.7658881,0.07410923,0.0003560192,2.931731,4.574931,1.525004
0.7729759,0.05884208,0.002856322,2.932462,4.524889,1.525014
0.772011,0.05924314,-0.001863246,2.932482,4.524893,1.574981
0.7659985,0.07468456,0.0007658606,2.931736,4.574932,1.625008
0.7660991,0.0741825,-0.000131792,2.93173,4.574932,1.675
0.7731251,0.05867275,-0.002646719,2.932461,4.524889,1.67499
0.7721663,0.05905737,0.002103683,2.932482,4.524893,1.625023
0.7659869,0.07466944,-0.000189643,2.931734,4.574933,1.775003
0.7660819,0.07416553,0.0005753421,2.931731,4.574931,1.725009
0.7731181,0.05861437,0.00307284,2.932461,4.524889,1.725018
0.7721428,0.05899136,-0.001631861,2.932481,4.524893,1.774986
0.7647746,0.07405909,0.001162865,2.931735,4.574931,1.825014
0.7648637,0.07354186,6.057149e-05,2.931729,4.574932,1.875006
0.7720406,0.05864355,-0.002394284,2.93246,4.524888,1.874994
0.7711021,0.05900839,0.002342546,2.932482,4.524893,1.825027
0.764398,0.074058,-6.013026e-05,2.931731,4.574933,1.975011
0.7644797,0.07357173,0.0008493049,2.931729,4.574931,1.925014
0.7716311,0.05861968,0.003384247,2.93246,4.524889,1.925022
0.7706433,0.05897386,-0.00106672,2.932478,4.524892,1.974991
0.7644419,0.07389408,0.001323125,2.931733,4.574931,2.025022
0.7645355,0.07340058,0.000453625,2.931725,4.574932,2.075012
0.7715044,0.05758725,-0.002160438,2.932456,4.524888,2.074999
0.7705691,0.05794738,0.002790594,2.932479,4.524894,2.025033
0.7647732,0.07391024,0.0006869598,2.931723,4.574935,2.175022
0.7648553,0.07343047,0.000980151,2.931725,4.574931,2.125022
0.7718364,0.05736511,0.003454541,2.932456,4.524889,2.125027
0.7708372,0.05766531,-0.001400976,2.93247,4.524892,2.175
0.7602243,0.07175242,0.001726663,2.931727,4.574931,2.225033
0.7601056,0.07105465,0.0006342615,2.931717,4.574934,2.275023
0.7680562,0.05802399,-0.002011699,2.932446,4.524888,2.275009
0.7672203,0.05820665,0.002473924,2.932473,4.524895,2.225041
0.7590434,0.07069115,0.001952202,2.931719,4.574939,2.375044
0.7586634,0.0703884,0.002096639,2.931721,4.574933,2.325034
0.767291,0.05860886,0.004612015,2.932449,4.524892,2.325038
0.7662806,0.05785054,0.002213745,2.932462,4.524893,2.37502
0.7601117,0.07172815,0.002427432,2.931738,4.574934,2.425058
0.7607652,0.07054671,0.001465824,2.931737,4.574941,2.475058
0.7674776,0.05213556,-0.0006070035,2.93245,4.524892,2.475049
0.7663348,0.05290173,0.004962434,2.932476,4.5249,2.425065
0.7659073,0.0757708,0.0005886231,2.931746,4.574955,2.57515
0.7656474,0.07560924,0.001274663,2.931756,4.57494,2.525087
0.7721728,0.05046831,0.004219497,2.932461,4.524903,2.525098
0.7688361,0.04976239,-0.004860947,2.932446,4.5249,2.57514
0.7446169,0.0691272,-0.002642281,2.931764,4.574946,2.625225
0.7403849,0.06955997,-0.002639096,2.931709,4.574965,2.67536
0.7539996,0.05556597,-0.005556452,2.932322,4.524902,2.675379
0.7556043,0.05573373,-0.005864303,2.932442,4.524919,2.625246
0.7598329,0.07905478,-0.0004671964,2.931499,4.57499,2.776178
0.7717765,0.04479826,0.0058034,2.931948,4.524907,2.776161
0.7547249,0.07488569,-0.00240447,2.93167,4.574957,2.725622
0.7660517,0.05146683,-0.000275882,2.932226,4.524931,2.725647
1.015446,0.1329501,0.01606152,2.967012,4.262478,0.03296167
0.9904996,0.1147657,-0.03060094,2.963939,4.287841,0.009897545
1.016517,0.1290672,0.0222628,2.96701,4.287501,0.03295441
0.9866479,0.1072324,-0.03052831,2.963919,4.262234,0.00987654
0.9808434,0.08569207,0.009101847,2.967024,4.337501,0.03296769
0.9572871,0.05904094,-0.03535686,2.963951,4.312158,0.009889604
0.9827172,0.09050856,0.01691439,2.96702,4.312483,0.03295641
0.9549333,0.08165893,-0.0328454,2.963952,4.337749,0.00986836
0.8256557,0.06785003,-0.02778165,2.963982,4.48784,0.009903087
0.8511618,0.07828546,0.02492676,2.966966,4.487511,0.03300542
0.8487098,0.07797996,0.0204498,2.966984,4.462479,0.0329925
0.8207676,0.05736048,-0.02647825,2.963986,4.462236,0.009887816
0.6965356,0.02341821,-0.02721241,2.96398,4.712157,0.009914991
0.7206996,0.03938873,0.02031335,2.966953,4.712485,0.03304232
0.7129698,0.04043022,0.009849434,2.966962,4.737522,0.03304107
0.692298,0.04547084,-0.02628885,2.964007,4.737768,0.009907128
-0.1430544,-0.3339855,-0.01467907,4.849789,4.250048,0.04687073
-0.150513,-0.1704316,-0.002639438,4.849242,4.450917,0.04842025
-0.1798328,-0.296871,0.006552002,4.896653,4.303391,0.2965423
-0.1239679,-0.1302792,0.002831495,4.844244,4.456104,0.2484335
-0.1693001,-0.2964427,0.004641198,4.899801,4.304398,0.4990333
-0.1329386,-0.128405,-0.0004437281,4.843643,4.457285,0.4497735
-0.1656588,-0.3034744,-0.001057809,4.901835,4.304292,0.699635
-0.13289,-0.1323709,-0.0002989756,4.843845,4.457244,0.6499286
-0.1689188,-0.3015371,-0.001757248,4.90267,4.30414,0.8997912
-0.1299966,-0.1299004,-0.003873875,4.843939,4.457164,0.8499421
-0.1663337,-0.3122453,-0.002059885,4.903011,4.30406,1.09987
-0.1276178,-0.1356351,-0.001191996,4.843972,4.457148,1.049962
-0.1658204,-0.3126094,-0.003374965,4.90313,4.304007,1.299938
-0.1273689,-0.1370766,-0.005070591,4.843953,4.457136,1.249978
-0.1662591,-0.3167329,-0.00130592,4.903168,4.304018,1.499999
-0.1295106,-0.1413527,-0.005501486,4.843931,4.457152,1.44999
-0.1666987,-0.3190162,-0.00197929,4.903157,4.304014,1.700053
-0.1321051,-0.1433237,-0.002340723,4.843926,4.45716,1.649998
-0.1636376,-0.3192938,-0.001439456,4.903092,4.303973,1.900131
-0.1303768,-0.1452714,-0.001373589,4.843946,4.45712,1.850017
-0.1670709,-0.3197312,-0.0006019023,4.90297,4.303879,2.100204
-0.1305901,-0.1443585,-0.002140253,4.844199,4.456903,2.050058
-0.1674071,-0.3199439,-0.0006699707,4.902419,4.303736,2.300347
-0.1329409,-0.1462173,0.0003457967,4.845292,4.455884,2.250058
-0.1707183,-0.3139266,-0.001235129,4.900358,4.303723,2.501011
-0.1368142,-0.1425738,0.00318565,4.845616,4.455543,2.450114
-0.1800146,-0.3088067,-0.001049895,4.896738,4.302874,2.703869
-0.1402345,-0.1395569,0.00526778,4.845321,4.455362,2.650728
-0.1270645,-0.3371399,0.03720226,4.844026,4.250548,2.856993
-0.1438066,-0.1601263,0.0006740681,4.846013,4.453426,2.854168
1.107915,0.09014823,-0.03271134,2.989338,4.212479,0.01061105
1.007588,0.08728002,-0.04007009,2.989376,4.387519,0.01065111
-0.1245059,-0.3742986,-0.008804715,4.775107,4.224508,0.02205043
-0.03807815,-0.2296103,-0.003933437,4.77502,4.375576,0.02216081
-0.05547678,-0.3275203,-0.04132768,4.747551,4.250225,0.149236
-0.03629816,-0.2168919,0.0141972,4.747639,4.350739,0.1491999
0.9026772,0.053195,-0.02722689,2.989387,4.412476,0.01065149
0.8443561,0.06156771,-0.03103053,2.989333,4.587509,0.01060199
-0.1072375,-0.1929139,-0.007026778,4.774876,4.424531,0.02231688
-0.09499927,-0.01006038,0.0005719354,4.787187,4.589276,0.01065067
-0.05164447,-0.1590393,-0.007362688,4.748261,4.452113,0.1490836
-0.05942323,-0.01693936,0.001781135,4.772939,4.578542,0.1757138
-0.2345525,-0.1850472,-0.002969255,4.952468,4.448848,0.046177
-0.1123253,-0.00830907,0.002103357,4.812293,4.589311,0.0106161
-0.1453107,-0.1514017,0.0008026964,4.846015,4.45413,0.1464628
-0.2425728,-0.1467674,-0.004261268,4.9483,4.455341,0.1446741
-0.1301479,-0.03038522,-0.003033228,4.847689,4.551809,0.1488249
-0.2348453,-0.03681467,0.0120511,4.94915,4.552746,0.1483091
0.7686503,0.03115297,-0.02458383,2.989325,4.612491,0.01057919
-0.04022165,-0.1611881,0.0007748294,4.74686,4.453224,0.2497712
-0.05828707,-0.01441655,-0.005204463,4.771858,4.579342,0.2243027
-0.04532741,-0.1717388,-0.004720304,4.746485,4.453667,0.3499358
-0.06389297,-0.01505284,0.001025897,4.770785,4.579801,0.3755185
-0.03974286,-0.1525835,-0.005320369,4.746552,4.453742,0.4500052
-0.05788762,-0.01263439,-0.007386092,4.770742,4.579811,0.4244344
-0.04199327,-0.1615708,-0.002577893,4.746665,4.453688,0.5499962
-0.06140965,-0.0145895,0.002266848,4.770719,4.579802,0.5755484
-0.03827516,-0.1566117,-0.00207734,4.746731,4.453587,0.6499596
-0.0583098,-0.01299238,-0.006512878,4.770719,4.579797,0.6244447
-0.0398198,-0.1582645,-0.003038231,4.746763,4.453488,0.7499475
-0.06001242,-0.01483211,0.004016886,4.770721,4.579787,0.7755471
-0.03896863,-0.1568228,-0.0027009,4.746777,4.453425,0.8499368
-0.05595342,-0.01352647,-0.00511396,4.770722,4.579786,0.8244442
-0.03771296,-0.1608177,-0.002291711,4.746785,4.453397,0.9499584
-0.05946457,-0.01490122,-0.0001342744,4.770724,4.579784,0.9755498
-0.03711449,-0.1601566,-0.004221082,4.74679,4.453396,1.049966
-0.0571629,-0.01395552,-0.00943893,4.770724,4.579783,1.024447
-0.03640873,-0.163229,-0.004235928,4.74679,4.453398,1.149983
-0.05882223,-0.01514374,-0.003863707,4.770722,4.579783,1.175551
-0.03685526,-0.160494,-0.006725673,4.746789,4.453402,1.249986
-0.06001742,-0.01321107,-0.01246029,4.770721,4.579783,1.224449
-0.03796734,-0.1616748,-0.004827075,4.746787,4.453408,1.349997
-0.06224581,-0.01467687,-0.0007428451,4.770719,4.579784,1.375551
-0.03713972,-0.1653294,-0.00600056,4.746786,4.453414,1.449995
-0.05978677,-0.01382435,-0.00941359,4.770719,4.579784,1.424449
-0.04089474,-0.1598285,-0.002443644,4.746786,4.453417,1.550003
-0.06369699,-0.01406433,0.0007280418,4.770719,4.579785,1.575551
-0.03721244,-0.1673515,-0.002990679,4.746786,4.453416,1.650002
-0.06292947,-0.01393082,-0.007796411,4.770719,4.579785,1.624449
-0.04016844,-0.163098,-0.0006152054,4.746787,4.45341,1.750013
-0.06305617,-0.01468616,0.002895904,4.77072,4.579784,1.775552
-0.03803652,-0.165772,-0.001216416,4.746792,4.453391,1.850021
-0.06188894,-0.01345557,-0.006325305,4.770723,4.579783,1.82445
-0.03860571,-0.1652237,-0.001738781,4.746815,4.453329,1.950051
-0.06436677,-0.0145283,0.002487953,4.7708,4.57976,1.975567
-0.0411401,-0.1613328,-0.0001267131,4.74691,4.453085,2.050073
-0.06162208,-0.0138933,-0.004999807,4.770915,4.579726,2.024484
-0.03916259,-0.1668624,-0.0009712003,4.747242,4.452254,2.149996
-0.06439388,-0.01503421,0.004170788,4.773134,4.578767,2.175234
-0.04189498,-0.1649114,0.0007520139,4.747627,4.451113,2.249996
-0.06758909,-0.01355607,-0.003911756,4.773493,4.578569,2.224039
-0.03873178,-0.1716261,0.003109459,4.747836,4.450632,2.350056
-0.06862401,-0.01415225,0.007082353,4.774985,4.577933,2.375516
-0.04337056,-0.1662235,0.002622022,4.747816,4.450601,2.450021
-0.06889637,-0.01381098,-0.001528456,4.775018,4.577927,2.424505
-0.04023753,-0.1656717,0.007822268,4.747693,4.450651,2.550046
-0.06936846,-0.01324324,0.01147977,4.775035,4.577936,2.575515
-0.04627719,-0.1758737,0.005647626,4.747556,4.450696,2.650229
-0.06867256,-0.01461297,0.003095346,4.775035,4.577938,2.624524
-0.042666,-0.1707412,0.001139294,4.747646,4.450754,2.75072
-0.06650937,-0.01531538,0.010001,4.774982,4.577837,2.775598
1.105032,0.08667097,0.03433958,2.989429,4.212466,2.989404
0.994628,0.1093919,0.06213672,2.976912,4.374617,2.976918
-0.05569783,-0.3342578,0.04575636,4.746722,4.250046,2.853076
-0.03603338,-0.220623,-0.01027354,4.746899,4.350185,2.8531
-0.09196943,-0.3816776,0.00881327,4.772052,4.224412,2.979442
-0.05299934,-0.2381689,0.006159209,4.771972,4.375637,2.979332
0.7790781,0.04956014,-0.008177655,2.97832,4.574494,2.82595
0.9129044,0.05530006,0.04162935,2.990121,4.411125,2.990064
0.8446823,0.05957722,0.03767338,2.990207,4.588814,2.990143
-0.05159312,-0.1635914,0.00714463,4.748266,4.450878,2.852096
-0.06136984,-0.01604739,0.002359411,4.774835,4.577677,2.824572
-0.09774779,-0.2025198,0.003085515,4.773005,4.424218,2.978549
-0.09604381,-0.01044284,-0.0003811032,4.787188,4.589279,2.989347
-0.1358226,-0.03434563,0.007738726,4.848836,4.551353,2.851258
-0.1557748,-0.1759326,0.0008847503,4.848113,4.450746,2.951997
-0.1117949,-0.008025689,-0.00242416,4.812295,4.58931,2.989383
0.6894662,0.04355922,-0.01007391,2.978207,4.624955,2.82635
0.7423721,0.03166893,0.03834916,2.977195,4.625224,2.977676
-0.2254831,-0.3583418,-0.01887796,4.954666,4.248758,0.04375694
-0.09698495,-0.1998904,-0.0008832391,4.849531,4.350135,0.04734553
-0.2061604,-0.2301137,0.001134966,4.951843,4.348835,0.04536216
-0.1264105,-0.3320856,-0.03522218,4.845306,4.25071,0.1442408
-0.2479061,-0.347386,0.003633455,4.947869,4.251115,0.1404773
-0.1144692,-0.2112508,0.0165784,4.845395,4.351878,0.1450144
-0.2297981,-0.2533956,0.03284204,4.947881,4.352777,0.1421401
0.6999753,0.0453084,0.0001167415,2.97824,4.624918,0.5749984
0.6998896,0.04640091,0.0005105408,2.97824,4.624917,0.6249987
0.6998532,0.04665944,-0.001301945,2.978243,4.624917,0.7749977
0.7028743,0.04688837,-0.0007226689,2.978243,4.624917,0.8249985
0.7031248,0.04694475,-0.0003654839,2.978244,4.624917,0.9749978
-0.2522304,-0.1372174,-0.001763834,4.947454,4.459406,1.049895
-0.1345032,-0.03893726,-0.004248422,4.845739,4.553926,1.049991
-0.2284781,-0.02552115,-0.00442995,4.948101,4.555255,1.049974
-0.1260915,-0.1366836,-0.002757654,4.843968,4.457141,1.149986
-0.247449,-0.1395522,-0.002823128,4.947432,4.459374,1.150045
-0.1320704,-0.03883314,-0.007492556,4.845731,4.553924,1.149999
-0.2266495,-0.02762218,-0.01154111,4.948066,4.55524,1.149976
0.7030588,0.04713308,0.0002444763,2.978244,4.624917,1.024999
0.7034292,0.04719539,-0.0005886454,2.978244,4.624917,1.174998
-0.2491242,-0.1447062,-0.00911127,4.94738,4.459338,1.249908
-0.1384528,-0.0409478,-0.009206642,4.845718,4.553922,1.249994
-0.2413247,-0.03386513,-0.01545491,4.948022,4.555227,1.249976
-0.1281915,-0.1396479,-0.005057271,4.84394,4.45714,1.35
-0.2507204,-0.1474446,-0.006297966,4.947337,4.45934,1.350064
-0.1390885,-0.04160279,-0.005828808,4.845708,4.553923,1.350001
-0.245638,-0.03577796,-0.006132247,4.947984,4.555228,1.350014
0.704171,0.04726323,3.851787e-05,2.978244,4.624917,1.224999
0.7043115,0.04727371,-0.0002678399,2.978244,4.624917,1.374999
-0.2544126,-0.1483113,-0.00786152,4.947309,4.45938,1.449924
-0.1385336,-0.04253559,-0.006048281,4.845702,4.553928,1.449995
-0.2465155,-0.03538872,-0.006995605,4.947958,4.555244,1.450015
-0.130457,-0.1434933,-0.004655642,4.843927,4.457161,1.550009
-0.2582635,-0.1488774,-0.004996048,4.947298,4.459414,1.550077
-0.144664,-0.0441414,-0.005614314,4.8457,4.553932,1.550003
-0.2529026,-0.03738629,-0.00634964,4.947954,4.555261,1.550019
0.7041408,0.04728454,0.0003504383,2.978244,4.624917,1.425
0.7041364,0.04728293,-0.0003380218,2.978244,4.624917,1.575
-0.2579226,-0.1497274,-0.002480636,4.947291,4.459412,1.649932
-0.1462499,-0.04421835,-0.003322036,4.845699,4.553932,1.649998
-0.2545845,-0.03780572,-0.004464519,4.947952,4.555261,1.649983
-0.1299208,-0.1438434,-0.0008333012,4.843929,4.457146,1.75002
-0.2577317,-0.1524469,-0.0003326069,4.947288,4.459373,1.750087
-0.140146,-0.0434248,-0.002925727,4.845703,4.553926,1.750008
-0.2496839,-0.03670085,-0.004495641,4.947951,4.555243,1.749987
0.7042729,0.04726506,0.0002794628,2.978244,4.624917,1.625001
0.704122,0.04725413,-2.188534e-05,2.978244,4.624917,1.775001
-0.2557318,-0.1555856,-0.001904424,4.947303,4.459324,1.84995
-0.1422884,-0.04383746,-0.002995242,4.845721,4.553917,1.850006
-0.2553241,-0.0401906,-0.005455088,4.947975,4.555225,1.849988
-0.1305536,-0.1456372,-0.001495006,4.844008,4.457066,1.950052
-0.2559641,-0.1562321,-0.000372142,4.947363,4.459292,1.950113
-0.1423213,-0.04394784,-0.000705482,4.845797,4.553896,1.950023
-0.2550628,-0.04024218,0.001815459,4.948047,4.555214,1.950029
0.7033231,0.04717782,0.0006042536,2.978244,4.624917,1.825002
0.7029474,0.04711392,-0.0002459525,2.978244,4.624917,1.975001
-0.2582132,-0.1532226,-0.002441114,4.947521,4.459257,2.049984
-0.1409834,-0.0444027,-0.001083598,4.84608,4.553809,2.050034
-0.2502507,-0.03751036,-0.0003364266,4.948242,4.555197,2.05003
-0.1329899,-0.1457532,-0.001176444,4.844672,4.456466,2.15006
-0.2589519,-0.1526599,-0.0001970507,4.947795,4.459149,2.150139
-0.1453473,-0.04461116,-0.001740473,4.846971,4.553481,2.14996
-0.2539038,-0.03785736,-0.0003421853,4.948648,4.555145,2.15003
0.7029926,0.04691767,0.0003576557,2.978244,4.624917,2.025002
0.7027842,0.04687082,0.0008713228,2.978242,4.624917,2.175001
-0.1494303,-0.04471017,-0.0003215236,4.848206,4.553089,2.249961
-0.1361783,-0.1455375,0.0008379127,4.845597,4.455597,2.350093
-0.1494413,-0.04461843,0.001174464,4.848815,4.552866,2.350039
0.6994173,0.04667355,0.001300775,2.978243,4.624917,2.225002
0.6994855,0.04655091,-7.434923e-05,2.978249,4.62493,2.375013
0.6982194,0.04481684,-0.0003489284,2.978296,4.625047,2.425126
0.7066452,0.04470427,0.002548379,2.978288,4.625128,2.574901
0.692356,0.04576255,0.002877704,2.978331,4.62517,2.624808
0.7147418,0.0433019,0.001585176,2.978226,4.624932,2.775613
-0.007616046,-0.2591878,-0.002714632,4.722049,4.275551,0.07523618
-0.01971105,-0.3548094,-0.005975833,4.71058,4.212481,0.01067714
-0.05366895,-0.2734531,-0.007331136,4.775091,4.275536,0.02206065
-0.103542,-0.3617259,-0.03281945,4.770421,4.22505,0.07046143
-0.0323914,-0.3473605,-0.034404,4.722043,4.224502,0.0752662
-0.06602524,-0.276214,-0.009032404,4.770425,4.275158,0.07047578
-0.01179296,-0.297696,-0.003141164,4.710579,4.28752,0.01067349
-0.01002631,-0.245013,-0.006366662,4.722062,4.324612,0.07522054
-0.05722681,-0.2437209,-0.003188466,4.775087,4.324553,0.02207581
-0.008976138,-0.2259816,0.0006126011,4.71058,4.387541,0.01067258
-0.04751685,-0.2289104,0.02339502,4.770539,4.375519,0.07061824
-0.03859007,-0.2275545,0.0183178,4.770437,4.325247,0.07049185
-0.01366567,-0.2275052,0.02832883,4.722136,4.375688,0.07514924
-0.01289981,-0.2626029,-0.006038206,4.710579,4.312488,0.01067263
0.8511918,0.01290581,-0.02731295,2.989346,4.512467,0.01062775
-0.01366178,-0.09911892,0.003410879,4.722891,4.475192,0.07382292
-0.01740698,-0.1912963,-0.004810772,4.71058,4.412511,0.01067043
-0.06567605,-0.1115706,-0.00231561,4.773656,4.474904,0.02298151
-0.09120053,-0.1827988,-0.01309635,4.770683,4.425878,0.07078202
-0.02418648,-0.1825648,-0.02866963,4.722287,4.42471,0.07498809
-0.07297191,-0.1173441,0.005494729,4.7711,4.47679,0.07129592
-0.01058619,-0.1108537,-0.001491163,4.71061,4.487681,0.0106968
-0.01264063,-0.07983855,-0.005062758,4.722796,4.525915,0.07444157
-0.07566138,-0.08578401,0.001314653,4.774323,4.52558,0.02293175
-0.008034067,-0.006692109,0.0006192599,4.711769,4.588185,0.01177559
-0.07449009,-0.01947436,0.002930069,4.773938,4.577191,0.0743535
-0.0676283,-0.06971608,-0.004663131,4.77164,4.528281,0.07191845
-0.009247914,-0.007852749,-0.0008720345,4.710517,4.5894,0.08717453
-0.01023752,-0.08844315,-0.00175436,4.71064,4.512765,0.01072483
-0.198598,-0.06802563,0.001469987,4.924404,4.529828,0.070132
-0.2434641,-0.001312244,0.008074616,4.937673,4.590205,0.03541623
-0.221543,-0.02435533,0.01231912,4.924275,4.578033,0.07453145
-0.2226352,-0.07798572,0.007608961,4.924805,4.524919,0.02185716
0.7458597,0.0435504,-0.0240513,2.989328,4.687508,0.01058028
-0.007303985,-0.05404739,-0.007469389,4.720098,4.528584,1.07555
-0.082086,-0.05928841,-0.006143284,4.766332,4.533379,1.024925
-0.01653818,-0.01679763,-0.005572424,4.721164,4.578606,1.024976
-0.06003252,-0.0148142,0.0005636567,4.770724,4.579776,1.075554
-0.007943464,-0.05616236,-0.0004995243,4.720103,4.52858,1.024434
-0.0803548,-0.06258858,-0.003543354,4.766334,4.533386,1.075059
-0.01247662,-0.01746645,-0.003076256,4.721162,4.578605,1.075022
-0.007550946,-0.05740887,-0.000163557,4.720097,4.528585,1.124442
-0.05558243,-0.01454842,-0.008671916,4.770724,4.579776,1.124444
-0.07888463,-0.06401388,-0.006989455,4.76633,4.533382,1.175064
-0.01316389,-0.01712301,-0.006538627,4.721163,4.578608,1.175022
-0.0803596,-0.06112093,-0.005592473,4.766333,4.533386,1.124932
-0.01616431,-0.01679219,-0.006369817,4.721162,4.578605,1.124976
-0.007270244,-0.05524708,-0.01222377,4.720102,4.528586,1.175556
-0.007787182,-0.0571014,-0.01072137,4.720097,4.528591,1.275554
-0.08434062,-0.06212451,-0.009314048,4.766329,4.533382,1.224931
-0.0163969,-0.01664312,-0.007744685,4.721163,4.578608,1.224977
-0.06179733,-0.01441708,-0.002194905,4.77072,4.579777,1.275555
-0.008516067,-0.05821322,-0.003856075,4.720102,4.528587,1.22444
-0.08172384,-0.06546372,-0.006056134,4.766329,4.533389,1.275063
-0.01324577,-0.01735459,-0.005854503,4.721161,4.578606,1.275023
-0.008523353,-0.05799341,-0.002890508,4.720097,4.528592,1.324445
-0.06065852,-0.01352357,-0.01140834,4.77072,4.579777,1.324445
-0.08259579,-0.06439127,-0.004570847,4.766326,4.533385,1.375066
-0.01354309,-0.01729667,-0.00457076,4.721162,4.578609,1.375023
-0.08461163,-0.06210308,-0.008034022,4.766329,4.53339,1.324935
-0.01631267,-0.01664312,-0.007957423,4.721161,4.578607,1.324977
-0.008155485,-0.05699088,-0.008950883,4.720101,4.528591,1.375558
-0.007771374,-0.05857593,-0.01196408,4.720096,4.528595,1.475555
-0.08401314,-0.06428432,-0.006053312,4.766326,4.533386,1.424933
-0.0164771,-0.01685297,-0.007170234,4.721162,4.578609,1.424977
-0.06202096,-0.01481399,-0.002961352,4.770719,4.579778,1.475555
-0.008228621,-0.06005664,-0.0004527552,4.720101,4.528592,1.424442
-0.08201814,-0.06735941,-0.007165765,4.766327,4.533393,1.475064
-0.01396706,-0.01705203,-0.006115396,4.721161,4.578608,1.475023
-0.009241646,-0.05811459,-0.003144555,4.720096,4.528596,1.524445
-0.06177804,-0.01318465,-0.01148245,4.770719,4.579778,1.524445
-0.08412912,-0.06616296,-0.002491815,4.766325,4.533388,1.575067
-0.01402394,-0.01694542,-0.002510893,4.721162,4.57861,1.575023
-0.08557711,-0.06305998,-0.008300299,4.766327,4.533394,1.524936
-0.01690664,-0.01649972,-0.00711348,4.721161,4.578608,1.524977
-0.008570196,-0.05709329,-0.006947636,4.720101,4.528593,1.575558
-0.00848632,-0.05944774,-0.006462059,4.720096,4.528595,1.675555
-0.08692967,-0.06623852,-0.00355953,4.766325,4.533388,1.624934
-0.01573405,-0.01678383,-0.004094716,4.721162,4.57861,1.624977
-0.06449684,-0.01465051,0.003198724,4.770719,4.579778,1.675555
-0.008865593,-0.06038722,0.002240232,4.720101,4.528594,1.624442
-0.08523826,-0.06778493,-0.000961793,4.766327,4.533393,1.675065
-0.01433496,-0.01750995,-0.001575769,4.721161,4.578608,1.675023
-0.008542113,-0.05895489,0.002421016,4.720097,4.528594,1.724446
-0.06064857,-0.01420926,-0.00555195,4.770719,4.579777,1.724445
-0.08281241,-0.06608148,-0.0007867114,4.766327,4.533384,1.77507
-0.01401052,-0.01724739,-0.002343324,4.721163,4.578609,1.775023
-0.08338943,-0.06483813,-0.002511357,4.766327,4.533392,1.724938
-0.01508952,-0.01670356,-0.00303073,4.721161,4.578607,1.724977
-0.008189898,-0.05756387,-0.006237744,4.720102,4.52859,1.77556
-0.008252782,-0.06034607,-0.005998886,4.7201,4.528582,1.87556
-0.08605051,-0.06549027,-0.002657339,4.76633,4.533381,1.824937
-0.0173976,-0.01679888,-0.002223868,4.721164,4.578608,1.824978
-0.06390938,-0.01460724,0.003150781,4.77073,4.579774,1.875558
-0.00871891,-0.06156508,0.003119761,4.720103,4.528588,1.824445
-0.08421745,-0.06732955,-0.0007232397,4.76634,4.533379,1.875071
-0.01419994,-0.01722442,-0.001052544,4.721164,4.578604,1.875025
-0.008651648,-0.06135456,0.002407288,4.720105,4.528567,1.924455
-0.06185861,-0.01354795,-0.006333354,4.770748,4.579768,1.924451
-0.08473437,-0.06697984,-0.001247699,4.7664,4.533321,1.975091
-0.01398342,-0.01741119,-2.145994e-05,4.721187,4.578585,1.975036
-0.08497678,-0.06561299,-0.00284348,4.766358,4.533364,1.924948
-0.01720903,-0.01670374,-0.002625745,4.721171,4.578598,1.924982
-0.008346135,-0.05955533,-0.006871836,4.720121,4.52852,1.975578
-0.008483544,-0.05946939,-0.005246947,4.720238,4.528147,2.075636
-0.08408267,-0.06528937,-0.002078024,4.766499,4.533231,2.024979
-0.01529776,-0.01698686,-0.00224788,4.721232,4.578545,2.025016
-0.06194996,-0.01422462,0.002451313,4.771209,4.579635,2.075625
-0.008409322,-0.05927702,0.003619633,4.720154,4.528417,2.024488
-0.08351892,-0.06671967,-0.0003117788,4.766719,4.533027,2.07514
-0.01512417,-0.01643277,-0.0002363146,4.721355,4.578429,2.075122
-0.008552508,-0.06031074,0.004500449,4.720496,4.527484,2.124505
-0.06488222,-0.0147426,-0.006016581,4.771899,4.579389,2.124507
-0.0872391,-0.06857852,0.0004310741,4.768192,4.531566,2.17511
-0.01685214,-0.01801116,-0.0009850605,4.722451,4.577352,2.174792
-0.08643342,-0.06813071,-0.001525597,4.767243,4.532517,2.125045
-0.01428234,-0.017888,-0.001330835,4.721713,4.578084,2.125115
-0.009030462,-0.06187716,-0.004073395,4.72116,4.526302,2.175241
-0.009331003,-0.06662718,-0.001069624,4.72186,4.525005,2.275521
-0.08964316,-0.06777126,-0.0007588128,4.76936,4.530411,2.225037
-0.00729393,-0.004294748,-0.0002084169,4.709763,4.590104,2.21118
-0.06823247,-0.01384666,0.006747123,4.774531,4.578087,2.275498
-0.008611441,-0.06596777,0.003783147,4.721375,4.525997,2.224029
-0.09062145,-0.06766835,0.003657603,4.770008,4.529779,2.275107
-0.009435854,-0.005594521,0.002732414,4.710528,4.589361,2.287547
1.067717,0.09117697,0.06502423,2.978397,4.224355,2.924421
1.057968,0.05688367,0.04136818,2.990082,4.288858,2.990069
1.016112,0.08676807,0.06878942,2.978706,4.275739,2.925258
0.8637136,0.06210486,0.03904053,2.978444,4.423095,2.925738
0.8665993,0.04562546,0.02879064,2.98945,4.487511,2.989421
0.8161752,0.05267539,0.0430992,2.977586,4.473615,2.926461
0.7902617,0.05059185,0.004887267,2.977885,4.575215,2.928251
0.8501396,0.01115772,0.02826731,2.98947,4.51245,2.989416
0.7897833,0.05060052,0.01390588,2.977961,4.523356,2.926009
-0.01109672,-0.0638061,0.001853336,4.722897,4.526162,2.875209
-0.08391535,-0.06350923,0.006067352,4.770672,4.529186,2.825881
-0.008070254,-0.005707612,0.005474031,4.710583,4.589331,2.812511
-0.06339638,-0.0194559,0.006816202,4.773631,4.577012,2.874961
-0.009121458,-0.06463635,0.007827911,4.722291,4.525,2.82471
-0.08440008,-0.06399747,0.006236358,4.77109,4.528668,2.876816
-0.007701722,-0.006023481,0.002092833,4.710616,4.589305,2.887697
-0.01456059,-0.0832175,0.007437532,4.7228,4.525542,2.925927
-0.07633157,-0.0193047,-0.0003460587,4.77431,4.577066,2.92568
-0.07693322,-0.09032269,-0.0008659962,4.773953,4.525531,2.977195
-0.008004093,-0.007406034,-0.0004471168,4.711769,4.588185,2.988224
-0.06815812,-0.07259774,0.007568693,4.771635,4.528031,2.92831
-0.009586271,-0.00825558,0.003605556,4.710654,4.589277,2.912798
-0.01014579,-0.08859463,0.001548943,4.710506,4.512792,2.989398
-0.1594023,-0.06512855,0.003967168,4.874067,4.529295,2.929418
-0.1145925,-0.02566365,0.003958583,4.825027,4.57702,2.926383
-0.1081077,-0.05956038,-0.004971189,4.824736,4.526155,2.977115
-0.1994176,-0.01034548,-0.001138844,4.887482,4.589344,2.989419
-0.1042644,-0.05601943,0.01778841,4.823125,4.528697,2.928921
-0.1651127,-0.02529573,-0.01238215,4.875423,4.577708,2.925231
-0.1697554,-0.0750736,-0.008859631,4.875447,4.524846,2.977816
-0.1975259,-0.06903944,0.001833405,4.924412,4.529623,2.929719
-0.2119826,-0.009286588,0.001174366,4.912451,4.589349,2.989426
-0.216683,-0.02620701,-0.001992046,4.924384,4.577919,2.925225
-0.2221325,-0.07565851,-0.006364818,4.924617,4.524674,2.978051
0.6914221,0.04511448,-0.03183424,2.977969,4.625337,2.928716
0.719611,0.0489671,0.03921471,2.977799,4.674975,2.978372
0.6762504,0.02953305,-0.03198973,2.97855,4.675052,2.929666
0.6994237,0.0111701,0.04030198,2.977885,4.725144,2.978311
0.6546164,0.02777786,-0.02476406,2.978647,4.725195,2.929546
0.7922879,0.05815352,-0.001122524,2.978505,4.57426,0.5750158
-0.2442535,-0.1331843,0.001050996,4.946978,4.459247,0.4494366
-0.1313946,-0.03784883,0.0002891412,4.845736,4.553945,0.4498967
-0.2255252,-0.02722918,0.005506678,4.948006,4.555169,0.449797
-0.132438,-0.129749,-0.0008910674,4.84376,4.4573,0.5499095
-0.2460141,-0.134664,-0.0003052224,4.947102,4.45935,0.5498103
-0.1311189,-0.03733963,-0.001887519,4.845707,4.553956,0.5499651
-0.2251406,-0.0260512,-0.00404876,4.947989,4.555209,0.5499146
0.7943577,0.05908644,-0.001510872,2.978505,4.574259,0.6249994
0.7953727,0.05937315,-0.0007040244,2.978509,4.574257,0.7750103
0.7982058,0.06064828,-0.0008870792,2.978509,4.574257,0.824995
0.7985787,0.06058204,-0.0002258839,2.97851,4.574257,0.9750077
0.7989897,0.06074253,-0.0003789066,2.97851,4.574257,1.024993
0.7995379,0.06079676,-0.0001842586,2.97851,4.574257,1.175007
0.800279,0.06103688,-0.000335226,2.97851,4.574257,1.224993
0.8004404,0.06104169,7.309152e-05,2.97851,4.574257,1.375007
0.800342,0.06100615,-6.476271e-05,2.97851,4.574257,1.424993
0.8003358,0.06100766,8.094266e-05,2.97851,4.574257,1.575007
0.8003962,0.06103028,-5.750899e-05,2.97851,4.574257,1.624993
0.8002244,0.06102028,0.0003541639,2.97851,4.574257,1.775007
0.7994345,0.06076239,0.0001998271,2.97851,4.574257,1.824993
0.7988817,0.06069441,0.0003764146,2.97851,4.574257,1.975007
0.7984805,0.06052791,0.000214388,2.97851,4.574257,2.024992
0.7981032,0.06057478,0.0009162521,2.978508,4.574257,2.175005
0.7952564,0.05947814,0.000705837,2.978508,4.574257,2.224989
0.7937445,0.05847857,0.001493349,2.97851,4.574263,2.375003
0.7919256,0.05842104,0.001340233,2.978517,4.574274,2.424997
0.7946056,0.05814773,0.001276998,2.978522,4.574285,2.575003
-0.2582072,-0.153309,0.004083105,4.948258,4.458813,2.450207
-0.150857,-0.04367504,0.003333077,4.848953,4.552829,2.450046
-0.2537798,-0.03506462,0.004842788,4.949518,4.554976,2.450069
-0.136496,-0.1422663,0.003558201,4.845478,4.455518,2.55028
-0.2547395,-0.1497484,0.004987161,4.948105,4.458673,2.550607
-0.1487525,-0.04408977,0.004424054,4.848977,4.552814,2.55011
-0.2536606,-0.03820546,0.005169717,4.949524,4.554917,2.550204
0.7833051,0.05700125,-0.0002160926,2.978523,4.574302,2.624993
0.797526,0.05857782,0.003839712,2.978427,4.574361,2.775474
-0.250537,-0.1551104,0.006818791,4.947981,4.458331,2.65121
-0.1506486,-0.0427937,0.005638943,4.848991,4.552742,2.650287
-0.2519029,-0.03874895,0.004359003,4.949535,4.554772,2.650523
-0.1304234,-0.1394386,-0.0008239584,4.845403,4.454759,2.751888
-0.2463919,-0.148663,0.005636342,4.947929,4.457282,2.75286
-0.141854,-0.0424949,0.008965113,4.848987,4.552394,2.750556
-0.2436437,-0.04038186,0.005129674,4.949606,4.554275,2.750993
-0.2405015,-0.3541179,0.0003692065,4.947055,4.251049,2.859942
-0.1139034,-0.2198425,-0.01509715,4.844317,4.351501,2.856194
-0.2207551,-0.2638792,-0.02878751,4.947255,4.352645,2.858287
-0.1469543,-0.3330132,0.01085581,4.847357,4.250044,2.95396
-0.214698,-0.3649473,0.01836159,4.953541,4.248764,2.956422
-0.09360754,-0.2062521,-0.0004706829,4.847157,4.350033,2.95349
-0.2013736,-0.244305,-0.001533212,4.950875,4.348866,2.954862
1.054279,0.07753989,-0.03065918,2.989333,4.287514,0.01063121
1.019413,0.03199028,-0.03292633,2.989345,4.312479,0.01062411
0.8697556,0.04870422,-0.02759136,2.989346,4.487495,0.01062445
-0.05507603,-0.03496153,-0.002681447,4.760261,4.56633,0.03362479
-0.09747008,-0.0324349,0.003643145,4.787319,4.564193,0.01013391
-0.06317674,-0.01064398,0.001077695,4.761866,4.58917,0.01075335
-0.09463697,-0.009788062,0.0005327436,4.787232,4.589832,0.03562612
-0.09292421,-0.0350227,-0.005024706,4.786251,4.56663,0.03331635
-0.05843103,-0.01124145,0.00310072,4.761489,4.589531,0.03522342
-0.0585986,-0.03722144,0.003819365,4.761552,4.564607,0.01043229
-0.01035245,-0.05979781,0.0009393036,4.722298,4.527625,0.1255366
-0.05987036,-0.01823053,-0.005462559,4.772168,4.577685,0.125458
-0.08054915,-0.06113658,-0.00313397,4.768569,4.531315,0.1742814
-0.0144493,-0.01839409,-0.003478427,4.722472,4.577405,0.1751792
-0.08027001,-0.06002207,-0.00376461,4.77022,4.529675,0.1233738
-0.006826929,-0.004832749,-5.806695e-05,4.710254,4.589642,0.1124568
-0.009316441,-0.05551421,-0.005339221,4.721414,4.52679,0.1757944
-0.1593347,-0.06608655,-0.001439728,4.874057,4.529415,0.07057678
-0.1072179,-0.06052973,0.004754332,4.825058,4.526258,0.02295413
-0.1974873,-0.009327657,0.0008512932,4.887473,4.589355,0.01055855
-0.1133883,-0.02564802,-0.001145412,4.824698,4.577104,0.07366529
-0.1031906,-0.05452756,-0.01424405,4.823125,4.528889,0.07121883
-0.1639838,-0.02570682,0.0152283,4.8752,4.577746,0.07469969
-0.1690802,-0.07714016,0.00876295,4.875646,4.52493,0.02217654
0.7250142,0.008416366,-0.02381787,2.989338,4.712492,0.01060345
-0.006997977,-0.05661063,0.00219385,4.720101,4.528711,0.52445
-0.05785149,-0.01340918,-0.006527081,4.77072,4.579807,0.5244453
-0.08098574,-0.06176005,-0.00121692,4.76631,4.533453,0.5750538
-0.01236255,-0.01731019,-0.001158338,4.721163,4.578632,0.57502
-0.08214912,-0.05937874,-0.002576616,4.766303,4.533477,0.5249322
-0.01755411,-0.01672349,-0.003197699,4.721163,4.578641,0.5249793
-0.006691282,-0.05397867,-0.006114237,4.720101,4.528675,0.5755468
-0.008403572,-0.07018831,0.007785583,4.721995,4.524711,2.324539
-0.06781692,-0.01423329,-0.001630718,4.77487,4.57796,2.324524
-0.09259327,-0.07010479,0.002956792,4.77038,4.529454,2.375051
-0.009421017,-0.006312206,0.003072785,4.71058,4.589316,2.38752
-0.09211164,-0.07117205,0.002234168,4.770281,4.529529,2.325029
-0.009509586,-0.006596509,0.002836889,4.71056,4.589332,2.312496
-0.008634082,-0.06969793,-0.002082698,4.722032,4.524637,2.375534
-0.008961044,-0.06763438,0.001292877,4.722046,4.524653,2.475504
-0.09139789,-0.06926635,0.001695024,4.770414,4.529438,2.424995
-0.009647815,-0.006459373,0.00266388,4.710581,4.589316,2.412484
-0.07013182,-0.01353037,0.01026914,4.77503,4.577929,2.475506
-0.008733783,-0.068897,0.006866854,4.722043,4.52463,2.424505
-0.0928598,-0.06820934,0.006474775,4.770419,4.529448,2.475031
-0.009644512,-0.006451936,0.006263506,4.710582,4.589319,2.487517
-0.008502815,-0.0700573,0.01031939,4.722046,4.524676,2.524486
-0.06685586,-0.01368374,0.001540294,4.775034,4.577932,2.524505
-0.09399615,-0.06902049,0.008694957,4.77041,4.529481,2.575049
-0.009184391,-0.006874697,0.008142762,4.710583,4.589325,2.587515
-0.09174174,-0.07090281,0.005198129,4.770417,4.529465,2.524994
-0.009460814,-0.00680986,0.005688615,4.710582,4.58932,2.512482
-0.008907723,-0.06781109,0.004298811,4.722046,4.52471,2.575497
-0.007631514,-0.07027396,0.002690688,4.722052,4.524762,2.675552
-0.09329539,-0.07114634,0.007430966,4.770403,4.529497,2.625046
-0.009306716,-0.006718392,0.007265306,4.710583,4.589326,2.612481
-0.07121784,-0.01451845,0.01278717,4.775036,4.577933,2.67555
-0.007883266,-0.07258531,0.01366166,4.722045,4.524732,2.624505
-0.09467854,-0.06980975,0.00911612,4.770409,4.529488,2.675157
-0.00943275,-0.00677413,0.007977495,4.710582,4.589329,2.687519
-0.007636428,-0.06788733,0.01074059,4.722066,4.524776,2.72461
-0.06424781,-0.01527833,0.004328221,4.77504,4.577918,2.724583
-0.08911151,-0.06595742,0.007230013,4.770527,4.529351,2.775516
-0.008692336,-0.00615645,0.005940212,4.710583,4.589329,2.78754
-0.08772653,-0.0678211,0.007785926,4.770424,4.529474,2.725238
-0.008988101,-0.006670563,0.006798125,4.710582,4.58933,2.712487
-0.007825579,-0.06601683,0.0008497817,4.722141,4.524846,2.775687
1.113704,0.09981091,0.008888949,2.990164,4.212133,2.964137
1.068592,0.09556625,0.03196557,2.989484,4.237464,2.989467
1.072967,0.08973105,0.01074732,2.990227,4.23772,2.964283
0.9715013,0.08848884,0.03847119,2.978448,4.374675,2.925238
0.9950798,0.01775207,0.04600046,2.976904,4.325332,2.976921
0.9620926,0.06523559,0.03485624,2.978576,4.32442,2.925012
-0.01092205,-0.2781643,0.01666266,4.720297,4.275499,2.928235
-0.1031416,-0.3691077,0.03446288,4.767235,4.224915,2.932656
-0.02213263,-0.3574827,0.01572357,4.721738,4.224848,2.978122
-0.04813231,-0.2856373,0.008367343,4.771448,4.275533,2.979632
-0.02148905,-0.3724567,0.03169812,4.72051,4.224401,2.927631
-0.06307864,-0.2791508,0.01120238,4.76684,4.275102,2.933036
-0.006959625,-0.2773301,0.01730506,4.721424,4.274964,2.97843
-0.01663984,-0.2633682,0.005017539,4.720311,4.324516,2.928245
-0.05584859,-0.2403591,-0.02129245,4.767404,4.375473,2.932478
-0.03960402,-0.2563212,0.0009982725,4.771445,4.324528,2.979615
-0.01476683,-0.2336724,-0.002283103,4.721752,4.375172,2.978123
-0.02867906,-0.2366909,-0.01912926,4.766865,4.325144,2.933009
-0.01769917,-0.2330186,-0.01909096,4.720616,4.375599,2.927751
-0.0006445384,-0.2557343,0.0007613479,4.721427,4.32506,2.97843
0.9094441,0.09279173,0.01023997,2.990697,4.411538,2.965189
0.8738624,0.04829323,0.0304063,2.98969,4.437318,2.989647
0.8708119,0.05132131,0.001807353,2.990335,4.437462,2.964796
0.8166379,0.03733561,-0.007304383,2.99066,4.588215,2.965853
0.8205644,0.01566569,0.02605143,2.989761,4.562627,2.989682
0.786805,0.04172756,-0.002969923,2.99033,4.562158,2.965098
-0.01038752,-0.105445,-0.001019555,4.72229,4.474437,2.927629
-0.09150489,-0.195634,0.01115273,4.768583,4.425684,2.931308
-0.02316965,-0.2012902,0.007911446,4.72248,4.424807,2.977398
-0.06501656,-0.116658,0.00074514,4.772192,4.474453,2.9777
-0.02462962,-0.1840741,0.01903704,4.721418,4.424192,2.92677
-0.075816,-0.1190583,-0.002766639,4.770212,4.476567,2.929686
-0.00803796,-0.1199787,0.001263345,4.710251,4.487526,2.989641
-0.1247967,-0.03553272,0.004402979,4.837097,4.566879,2.966965
-0.1142194,-0.007635865,0.006100329,4.811986,4.589903,2.964435
-0.1149672,-0.02898606,-0.002986997,4.811911,4.56424,2.989941
-0.1321301,-0.008280395,-0.001610404,4.837422,4.589337,2.98941
-0.1288896,-0.03798859,-0.005015706,4.83768,4.564207,2.99002
-0.1127648,-0.02906577,0.0125308,4.811731,4.566748,2.96683
-0.1308727,-0.00736443,-0.005426079,4.837729,4.589986,2.964408
-0.05170596,-0.4426036,-0.002169375,4.73579,4.187845,0.009957503
-0.02450429,-0.3071073,-0.006717261,4.732925,4.237519,0.03302349
-0.0636707,-0.3823032,-0.01136852,4.73579,4.21216,0.009956912
-0.0211745,-0.3779532,-0.02039937,4.709898,4.212152,0.03603427
-0.008015818,-0.3161563,0.001000433,4.710579,4.237501,0.01067406
-0.00635162,-0.3132161,-0.002863883,4.709875,4.237743,0.03604094
-0.06877934,-0.3786708,-0.03414155,4.732921,4.21249,0.03302969
-0.02423182,-0.3103617,-0.002665578,4.735805,4.23775,0.009931424
-0.004408845,-0.2806248,0.0005212368,4.732922,4.262499,0.03301885
-0.01342142,-0.302545,-0.008459029,4.709897,4.287851,0.03602027
-0.007252886,-0.3114059,0.001298091,4.710578,4.262499,0.01067286
-0.01836451,-0.2900134,-0.0008160436,4.735789,4.287854,0.009953652
-0.003075952,-0.3145567,0.002117412,4.709874,4.262256,0.03603689
-0.02323588,-0.2723154,-0.01306276,4.732919,4.287534,0.03301951
-0.01404914,-0.3010632,0.003981837,4.735804,4.262259,0.009930356
-0.006413852,-0.2277838,0.02292147,4.73293,4.362556,0.03301924
-0.02231134,-0.2432334,0.0005475079,4.735782,4.387881,0.009963159
-0.007573123,-0.2483416,0.008703478,4.709908,4.387904,0.03600153
-0.005341933,-0.2201754,-0.001055486,4.710578,4.362511,0.01067015
-0.003242695,-0.2383342,0.01372717,4.709878,4.362294,0.03602245
-0.0313099,-0.2404453,0.004520222,4.732944,4.387628,0.03303841
-0.007398299,-0.2290283,0.004792157,4.735802,4.362279,0.009932435
-0.01005049,-0.2289415,0.01034751,4.732928,4.337561,0.03301931
-0.01501121,-0.2668827,-0.01616773,4.709897,4.312175,0.03601652
-0.03398323,-0.2603998,-0.005712142,4.735788,4.312172,0.00995357
-0.005929071,-0.2282371,-0.002840568,4.710578,4.33751,0.01067056
-0.03532168,-0.2472805,-0.01751353,4.732917,4.312521,0.03301582
-0.008437913,-0.236073,-0.005888658,4.709876,4.33777,0.03602685
-0.01678636,-0.2285502,-0.005612096,4.735803,4.337765,0.009930656
-0.04355584,-0.1499302,-0.006887923,4.733001,4.43776,0.03309068
-0.05004291,-0.2115427,-0.009345188,4.73577,4.412204,0.00997143
-0.01897812,-0.21164,-0.01266988,4.709918,4.412236,0.03598316
-0.01156708,-0.1389126,-0.00155756,4.71058,4.437535,0.01066848
-0.01003556,-0.1365103,-0.00211911,4.70994,4.43777,0.03588541
-0.0637398,-0.2080039,-0.02341969,4.732952,4.412646,0.03304411
-0.03661214,-0.1392908,-0.008836447,4.735675,4.437737,0.009994111
-0.01670481,-0.1211063,0.007051065,4.733041,4.462871,0.0331302
-0.00958457,-0.1144071,0.001073075,4.710052,4.488039,0.03576447
-0.007964879,-0.1300761,0.0008419038,4.710585,4.462565,0.01067187
-0.02348679,-0.1088954,-0.003281976,4.735561,4.487976,0.01010942
-0.005004326,-0.1304681,-0.0004092671,4.709977,4.462297,0.0357973
-0.02239509,-0.1107293,0.007534384,4.733161,4.488217,0.03325779
-0.02140129,-0.1250976,0.001381411,4.735592,4.46225,0.01003045
-0.03595756,-0.0367881,-0.001420948,4.733804,4.56608,0.03387472
-0.03894466,-0.01008267,-0.000687541,4.736848,4.588813,0.01109168
-0.01029273,-0.008302052,0.0008238805,4.711069,4.588857,0.03688935
-0.01242646,-0.04086849,0.0007867225,4.711052,4.563004,0.01112411
-0.006671773,-0.04401941,2.471584e-05,4.710366,4.563976,0.03600144
-0.03906541,-0.007316244,0.0008385963,4.735869,4.589538,0.03592281
-0.03733109,-0.04275501,0.001503721,4.735891,4.563905,0.01042279
-0.03079373,-0.05698751,0.001330587,4.733581,4.539646,0.03367519
-0.0117985,-0.09409508,-0.006485866,4.710125,4.512682,0.03580463
-0.03184164,-0.09098737,-0.001756839,4.735618,4.512614,0.01017882
-0.01085965,-0.05599187,-0.001055976,4.710732,4.538049,0.01082173
-0.03705892,-0.08880516,-0.002387017,4.733293,4.513672,0.03338529
-0.009882519,-0.05427017,0.0005574488,4.710418,4.53839,0.03537227
-0.03006784,-0.05600671,-0.001921574,4.735197,4.538339,0.01047837
1.031988,0.06394709,0.02890236,2.989669,4.262654,2.989656
1.050735,0.04677564,0.005013325,2.9907,4.288324,2.965182
1.033229,0.07520468,0.01140306,2.990378,4.262302,2.964653
0.853628,0.02182683,0.02699148,2.989497,4.46251,2.989471
0.853418,0.04913505,0.000329206,2.990076,4.487572,2.964453
0.8450897,0.04268204,0.004462018,2.990152,4.461999,2.964533
0.8290045,0.03978489,0.02455253,2.989547,4.537445,2.989478
0.8285738,0.03252186,-0.01175956,2.9901,4.511932,2.96439
0.7985401,0.03059256,-0.007846885,2.990165,4.537529,2.96459
-0.1498945,-0.0403194,-0.004398884,4.862216,4.566926,2.967013
-0.1701114,-0.01181962,-0.00316161,4.862457,4.589342,2.989417
-0.1996486,-0.009817687,0.007261299,4.887789,4.590052,2.964245
-0.1940893,-0.0302955,-0.00452185,4.887767,4.564024,2.990088
-0.1606489,-0.04083842,-0.008698243,4.862219,4.564118,2.990061
-0.1784479,-0.02950197,0.01037122,4.887335,4.566997,2.967069
-0.1642203,-0.01271542,-0.008103729,4.862255,4.590024,2.96433
-0.2170272,-0.04352075,0.001080496,4.937401,4.567105,2.967172
-0.2321237,-0.009445052,0.002991862,4.93747,4.589369,2.989446
-0.2169194,-0.009100382,0.009818551,4.912115,4.590067,2.964254
-0.2062186,-0.03318255,-0.003086877,4.912099,4.564024,2.990106
-0.2292847,-0.05150139,-0.00378596,4.937711,4.564055,2.990154
-0.1973995,-0.02780818,0.01466699,4.91235,4.567029,2.967101
-0.240708,-0.008095051,-0.001174077,4.937702,4.590111,2.964293
-0.350398,-0.01825201,0.005243293,5.025236,4.577375,0.02256816
-0.3418608,-0.06148598,0.005780886,5.025096,4.526151,0.02116181
-0.3200232,-0.01588329,-0.003061406,5.024696,4.578764,0.07343825
-0.3235309,-0.04838038,-0.017139,5.0248,4.531664,0.06832416
-0.2817901,-0.006919052,0.02830146,4.962273,4.590385,0.03496272
-0.242075,-0.1588592,0.01151902,4.948251,4.4551,2.855511
-0.2451463,-0.0368484,0.0007883551,4.949685,4.552615,2.85161
-0.24524,-0.1932376,0.00408189,4.952033,4.448686,2.9539
-0.2938006,0.001071084,0.007301795,4.987429,4.589514,2.989592
-0.260469,-0.1530912,0.0009453244,4.948108,4.458999,2.250027
-0.2582868,-0.03716213,0.001117467,4.949127,4.555073,2.250015
-0.2585583,-0.1522407,0.002195181,4.948255,4.458886,2.35021
-0.258411,-0.03843021,0.00201228,4.949423,4.555017,2.350044
-0.3007965,-0.08731871,0.003652169,4.976378,4.52579,0.02130761
-0.2855341,-0.01737866,0.02611018,4.975808,4.578581,0.07361299
-0.279127,-0.06282364,-0.006507446,4.974704,4.530565,0.06939471
-0.2788646,-0.01065017,-0.007730653,4.975461,4.578188,2.925627
-0.2892548,-0.07817017,0.006184812,4.975835,4.525063,2.978301
-0.2764419,-0.05516037,0.02074015,4.974639,4.530141,2.930186
-0.3057352,0.005435056,0.006231214,4.987776,4.590217,2.964717
-0.286652,-0.01038648,0.01914645,4.987343,4.56748,2.967517
-0.2989355,-0.02204748,0.008398943,4.987786,4.564499,2.990261
-0.2506333,-0.04575023,-0.005385491,4.96237,4.567219,2.967279
-0.2750617,-0.007510937,0.002806678,4.962447,4.58941,2.989487
-0.269811,-0.05340894,-0.005693719,4.962209,4.564174,2.99019
-0.2828757,-0.006676191,-0.009717842,4.962198,4.590147,2.964407
-0.08155388,-0.3308041,0.0006748564,4.746377,4.249971,0.250187
-0.0199427,-0.1959464,0.01321876,4.746027,4.350968,0.250034
-0.05016037,-0.3636532,-0.008600145,4.746462,4.246186,0.3542045
-0.02233728,-0.2220232,-0.004076738,4.746143,4.351064,0.3503809
-0.23491,-0.1373371,-0.0003654799,4.947338,4.457685,0.2473275
-0.1364089,-0.04009529,-0.003000409,4.84646,4.553292,0.2495008
-0.2295901,-0.0365524,0.004780957,4.948448,4.554433,0.2491171
-0.1368546,-0.1289608,-0.003572894,4.843647,4.457036,0.3494097
-0.2474914,-0.1388724,-0.004935599,4.947003,4.45887,0.3488928
-0.1366504,-0.03640424,-0.001308456,4.845895,4.553831,0.3497231
-0.23152,-0.02755904,0.003407001,4.948134,4.555012,0.3495173
-0.06332462,-0.2799711,-0.005541398,4.749929,4.251341,0.4520933
-0.01420752,-0.2102706,-0.0146011,4.746969,4.351748,0.4502058
-0.1091672,-0.284989,-0.01402755,4.75263,4.256468,0.5530143
-0.01894498,-0.2024507,-0.000185695,4.74771,4.352516,0.5501337
-0.09433021,-0.2792287,0.01008305,4.753443,4.257233,0.6499958
-0.01648472,-0.2095457,-0.002463424,4.748059,4.352676,0.6499896
-0.1117684,-0.284619,-0.00971064,4.753721,4.257073,0.7509968
-0.0156987,-0.1996578,-1.204793e-05,4.748187,4.352513,0.7499313
-0.2451269,-0.1395704,-0.0004372958,4.947192,4.459341,0.6498027
-0.1332873,-0.03761214,-0.001864686,4.845706,4.553942,0.6499804
-0.2303945,-0.02783577,-0.005266747,4.948008,4.555216,0.6499492
-0.1269304,-0.133783,-0.002994827,4.843903,4.457192,0.7499484
-0.2463183,-0.1404862,-0.004224651,4.947298,4.459344,0.7499821
-0.1309627,-0.0373675,-0.001206812,4.845714,4.55393,0.7499873
-0.2295963,-0.02795878,-0.0002053733,4.948036,4.555222,0.749998
-0.1053401,-0.2845953,0.01050714,4.753857,4.256938,0.8489205
-0.0168481,-0.2006726,-0.005889086,4.748232,4.352383,0.8498428
-0.09708707,-0.2826541,-0.01106391,4.753941,4.25684,0.9507789
-0.01693623,-0.2048135,-0.0007272943,4.74826,4.352319,0.9499213
-0.2491341,-0.1360638,-0.004350651,4.947376,4.459374,0.8498755
-0.1267555,-0.03554985,-0.001623317,4.845725,4.553926,0.8499872
-0.2217939,-0.02305671,-0.0002213095,4.948067,4.555237,0.8500061
-0.1316591,-0.1319552,-0.002136484,4.843964,4.457153,0.949966
-0.2491819,-0.1350644,-0.002068975,4.94744,4.459407,0.9500277
-0.1275025,-0.0363673,-0.00291628,4.845734,4.553926,0.9499926
-0.2233458,-0.02447366,-0.002583526,4.9481,4.555254,0.9500101
-0.101408,-0.2847634,0.004036161,4.753975,4.256803,1.048894
-0.01426632,-0.1998599,-0.000617462,4.748271,4.352294,1.04989
-0.1086641,-0.2854773,-0.01182657,4.754017,4.25679,1.150867
-0.01348279,-0.1990465,-0.002618371,4.74828,4.352289,1.149979
-0.100413,-0.2857175,0.005186949,4.754031,4.256791,1.248962
-0.01621451,-0.2022473,-0.002763494,4.748282,4.352293,1.249936
-0.1111026,-0.2853214,-0.01004636,4.75405,4.256798,1.350931
-0.01568118,-0.1996917,-0.002526146,4.748284,4.352301,1.350014
-0.1021412,-0.288229,0.008821415,4.754056,4.256805,1.449007
-0.01497019,-0.2042311,-0.002214142,4.748285,4.352309,1.44996
-0.1072494,-0.2851092,-0.009640674,4.754062,4.256812,1.550975
-0.01480742,-0.2027752,-0.001971893,4.748286,4.352314,1.550034
-0.1028708,-0.2905485,0.0078653,4.754062,4.256816,1.64905
-0.01499153,-0.206958,-0.002081485,4.748286,4.352314,1.649979
-0.1122642,-0.287394,-0.009004404,4.75406,4.256814,1.751027
-0.01480559,-0.2030202,-0.0007591144,4.748286,4.352308,1.750059
-0.1014109,-0.2904655,0.009259995,4.754055,4.256808,1.849116
-0.01591271,-0.2087356,-0.001401068,4.748288,4.352289,1.850017
-0.1126996,-0.2881624,-0.008155426,4.754041,4.256785,1.951101
-0.01577758,-0.2058657,-0.0003847389,4.748295,4.352234,1.950111
-0.101929,-0.2883821,0.01426994,4.754024,4.256735,2.049197
-0.01620436,-0.2080326,-0.001439227,4.748324,4.352081,2.050076
-0.09889684,-0.2901017,-0.01400534,4.753974,4.256676,2.151061
-0.01507263,-0.2093694,0.001619503,4.74838,4.351777,2.150142
-0.1129611,-0.2901364,0.008915723,4.753862,4.256624,2.24896
-0.01614644,-0.20555,3.497031e-05,4.748432,4.351465,2.250049
-0.09676513,-0.2936506,-0.009353426,4.753589,4.256657,2.349977
-0.01545577,-0.2141678,0.005200671,4.748364,4.35134,2.350001
-0.1106135,-0.2914649,0.01426275,4.752769,4.255835,2.446971
-0.01957998,-0.210178,0.001112604,4.748028,4.351069,2.449882
-0.06591208,-0.2916065,0.0105916,4.750008,4.25073,2.547997
-0.01364386,-0.2162299,0.02046517,4.747263,4.3503,2.549896
-0.049826,-0.376274,0.01364582,4.746488,4.245657,2.64612
-0.02294585,-0.230057,0.005963914,4.746373,4.349718,2.649959
-0.08337542,-0.3354953,0.0001507787,4.746227,4.249556,2.75073
-0.01965559,-0.2070208,-0.01133895,4.746044,4.349906,2.750872
1.067397,0.09520585,-0.02983331,2.989341,4.237495,0.01061855
1.118335,0.1032715,-0.007880799,2.990077,4.212137,0.03595738
1.074339,0.09280978,-0.01005759,2.990094,4.237713,0.03597955
0.9906227,0.03131103,-0.03132223,2.989359,4.362496,0.0106421
0.9964079,0.08734093,-0.01925636,2.990083,4.387796,0.03598331
0.9785534,0.06921644,-0.02521892,2.990099,4.362213,0.03598774
0.8760409,0.05994534,-0.02626263,2.989372,4.437482,0.01063613
0.9107228,0.06428918,0.0009808864,2.990085,4.412083,0.03598702
0.882169,0.05596043,0.00087681,2.990064,4.437558,0.03586489
0.826652,0.01243219,-0.02479234,2.989353,4.562477,0.01061811
0.8138467,0.05504612,0.008268086,2.989954,4.587752,0.03545295
0.7965171,0.04152311,0.001148453,2.990007,4.562087,0.03560661
-0.1135308,-0.02876567,0.002793076,4.811988,4.564253,0.01006193
-0.1325472,-0.008000213,0.001068255,4.83742,4.589337,0.01058316
-0.1138249,-0.00781893,-0.00398957,4.811906,4.589907,0.0355696
-0.1320787,-0.006999282,0.005467524,4.83767,4.58998,0.03558145
-0.1119705,-0.02872865,-0.01064149,4.811727,4.566767,0.03317922
-0.1263605,-0.03534979,-0.003151461,4.837091,4.566898,0.03303203
-0.1285701,-0.03816396,0.004624074,4.837733,4.564217,0.009973469
0.7464661,0.0450949,-0.02384857,2.989319,4.637508,0.01056056
0.7584679,0.04084983,0.01697142,2.989939,4.612223,0.03540234
0.7343032,0.03691287,0.01363824,2.989934,4.637776,0.03536454
-0.007716925,-0.05574457,-0.005485239,4.720265,4.528413,0.2754543
-0.08285327,-0.06051638,-0.003730064,4.767345,4.532525,0.2244961
-0.01786336,-0.01690071,-0.002792762,4.721726,4.578145,0.2248111
-0.06148958,-0.01517652,0.0021393,4.771197,4.579663,0.2753981
-0.008092938,-0.05751609,0.001831274,4.720597,4.527812,0.2243829
-0.08169879,-0.06387813,-0.001718963,4.76671,4.53314,0.2748196
-0.0134959,-0.01719944,-0.002278854,4.721358,4.578493,0.2749032
-0.006475195,-0.06071215,0.002062777,4.720161,4.528663,0.3244239
-0.06029975,-0.01410768,-0.006807309,4.770909,4.579766,0.3243752
-0.08455863,-0.06451725,-0.003372653,4.766347,4.533476,0.3750136
-0.01338959,-0.01752854,-0.003581495,4.721185,4.578643,0.3750135
-0.08581874,-0.06293579,-0.003053704,4.766454,4.533379,0.3248227
-0.01757707,-0.01717721,-0.002533106,4.721231,4.578608,0.3249377
-0.006751302,-0.05815172,-0.01015811,4.720119,4.528742,0.3755604
-0.006844797,-0.05448213,-0.005442269,4.720101,4.528735,0.4755681
-0.08286014,-0.0588919,-0.005274811,4.766312,4.533498,0.4249215
-0.01724273,-0.01667387,-0.003436621,4.721169,4.578652,0.4249806
-0.06088693,-0.0139132,0.002763925,4.770724,4.579811,0.4755463
-0.007343408,-0.05675775,-0.001828415,4.720107,4.528759,0.4244658
-0.08188537,-0.06192673,-0.0004768508,4.766302,4.533494,0.4750557
-0.01231607,-0.01682135,-0.002058531,4.721164,4.578648,0.4750252
-0.006892359,-0.05549244,-0.005278455,4.720101,4.528624,0.6755326
-0.08228731,-0.06044179,-0.003259273,4.766313,4.533434,0.6249215
-0.01670086,-0.01651459,-0.002981805,4.721163,4.578625,0.6249731
-0.06130556,-0.01424055,0.003677881,4.770719,4.579793,0.6755471
-0.007431524,-0.0578892,0.001922555,4.720101,4.528651,0.6244268
-0.08129574,-0.06232316,-0.0001438153,4.766315,4.533417,0.6750465
-0.01269048,-0.01709852,-0.001113916,4.721163,4.578618,0.6750162
-0.007553912,-0.05616048,0.002809838,4.720101,4.528608,0.7244178
-0.05649659,-0.01328825,-0.005175117,4.77072,4.57979,0.7244437
-0.07880096,-0.06116649,-0.0001969869,4.766323,4.533392,0.7750468
-0.01231983,-0.01739598,-0.001216639,4.721163,4.57861,0.7750164
-0.08060565,-0.05833424,-0.001678515,4.766318,4.533403,0.7249161
-0.01736186,-0.01672308,-0.002998227,4.721163,4.578614,0.7249708
-0.006879619,-0.05357002,-0.004979194,4.720102,4.528594,0.7755326
-0.006489373,-0.05239332,-0.004687188,4.720103,4.528581,0.8755399
-0.0802343,-0.05700132,-0.001702748,4.766325,4.533385,0.8249163
-0.01771843,-0.01678244,-0.00341534,4.721164,4.578608,0.8249719
-0.05975516,-0.01497163,0.003021232,4.770722,4.579785,0.8755483
-0.007126565,-0.05531211,0.002151532,4.720102,4.528586,0.8244205
-0.0788016,-0.0599865,-0.001046475,4.766325,4.533382,0.8750509
-0.01177454,-0.01746247,-0.001123102,4.721164,4.578607,0.8750184
-0.007039117,-0.05666427,0.002272589,4.720102,4.528579,0.9244282
-0.05559414,-0.01401815,-0.005881066,4.770723,4.579784,0.9244454
-0.07941767,-0.06310804,-0.004405557,4.76633,4.533378,0.9750572
-0.01184259,-0.01733722,-0.002829135,4.721164,4.578606,0.9750205
-0.08027038,-0.05843416,-0.002490757,4.766326,4.533379,0.9249217
-0.01746293,-0.01681283,-0.003823559,4.721164,4.578606,0.924974
-0.006136849,-0.05362062,-0.007966233,4.720103,4.528579,0.9755478
0.8130079,0.08289245,-0.003153616,2.978888,4.52183,2.82461
0.7778499,0.04580076,0.00161985,2.978117,4.574746,2.876778
0.802905,0.07963957,0.01206532,2.978167,4.523382,2.875263
-0.05662152,-0.03759267,0.004075137,4.760261,4.56631,2.966393
-0.09611443,-0.01064747,0.0009631559,4.787312,4.589831,2.964371
-0.09916042,-0.03336346,-0.003996984,4.787241,4.564192,2.989866
-0.06286319,-0.0109948,-0.0009988133,4.761866,4.589171,2.989246
-0.09418577,-0.03666893,0.006491355,4.786255,4.566617,2.96669
-0.0575724,-0.01194223,-0.002855937,4.761542,4.589525,2.964781
-0.05919731,-0.03825328,-0.00391604,4.761499,4.564603,2.989573
0.672827,0.02091907,-0.009425878,2.978236,4.675032,2.826557
0.6939034,0.03495582,0.004025753,2.978152,4.625067,2.877572
0.6782574,0.02120847,0.00624996,2.978283,4.675064,2.87806
0.6655077,0.01582589,-0.0108815,2.978379,4.725446,2.82652
0.6696534,0.01671415,0.01053908,2.978385,4.72527,2.877954
0.6840499,0.02344191,0.0003786548,2.978235,4.675037,0.6249969
0.6991835,0.04625758,-1.966236e-05,2.978242,4.624917,0.6749987
0.6833323,0.02325523,-8.40696e-05,2.978236,4.675037,0.6749971
0.6740444,0.02016915,-0.0001810812,2.978459,4.725595,0.6750004
0.6992044,0.04640084,-0.0004323196,2.978242,4.624917,0.7249992
0.6837252,0.02354806,-0.000863189,2.978237,4.675037,0.7749969
0.6831808,0.02336644,-0.0002173163,2.978237,4.675037,0.7249979
0.6743042,0.020253,-0.0007702825,2.97846,4.725595,0.7749996
0.6740451,0.02017915,-9.00085e-05,2.978459,4.725595,0.7249979
0.6860793,0.0239617,-0.0006819201,2.978237,4.675037,0.8249978
0.7027506,0.04679572,-0.0002040754,2.978243,4.624917,0.8749982
0.6861268,0.02383992,-0.0003822845,2.978238,4.675037,0.8749974
0.6761491,0.02038149,-0.0004404372,2.97846,4.725595,0.8249972
0.6762247,0.02026377,-0.0002172394,2.978461,4.725595,0.8749998
0.702758,0.04686785,-0.0002483254,2.978243,4.624917,0.9249991
0.6860674,0.02405439,-0.0001287243,2.978238,4.675037,0.9749976
0.6859637,0.0238975,-5.339676e-05,2.978238,4.675037,0.9249985
0.6764298,0.02032082,-9.88981e-05,2.978461,4.725595,0.9749996
0.6762291,0.02024965,1.345005e-07,2.978461,4.725595,0.9249975
0.6861109,0.02409114,7.755064e-05,2.978238,4.675037,1.024999
0.7029187,0.047031,-6.080682e-05,2.978244,4.624917,1.074999
0.6860885,0.02396682,-0.0001835966,2.978238,4.675037,1.074998
0.6763642,0.02040746,0.0001010771,2.978461,4.725595,1.024998
0.6763695,0.02035055,-0.0001977279,2.978461,4.725596,1.075
0.7031606,0.04707695,-0.0002212377,2.978244,4.624917,1.124999
0.6864509,0.02414973,-0.0003298862,2.978238,4.675037,1.174998
0.6863554,0.0240035,-5.788334e-05,2.978238,4.675037,1.124999
0.6766298,0.02044803,-0.0003197789,2.978461,4.725596,1.175
0.6765612,0.02037681,-1.489751e-06,2.978461,4.725595,1.124998
0.6870746,0.02422935,-0.0001161799,2.978239,4.675037,1.224999
0.7040246,0.04716481,-1.676003e-05,2.978244,4.624917,1.274999
0.6870944,0.02409379,-0.0001675166,2.978239,4.675037,1.274999
0.6771161,0.0204687,-5.071958e-05,2.978461,4.725596,1.224998
0.6771352,0.0203981,-0.0001499134,2.978461,4.725596,1.275
0.704086,0.04717986,-0.0001137846,2.978244,4.624917,1.325
0.6871667,0.02425134,-6.232765e-05,2.978239,4.675037,1.374999
0.6871315,0.02410892,4.79373e-05,2.978239,4.675037,1.325
0.6772448,0.02047147,-8.657056e-05,2.978461,4.725595,1.375001
0.6771851,0.02040161,6.610199e-05,2.978461,4.725595,1.324998
0.6870427,0.02424351,0.0001382577,2.978239,4.675037,1.425
0.7039619,0.04718328,6.883326e-05,2.978244,4.624917,1.475
0.6870172,0.0241083,-7.419012e-05,2.978239,4.675037,1.475
0.6771179,0.02048618,0.0001601276,2.978461,4.725595,1.424999
0.6770974,0.02042192,-0.0001015737,2.978461,4.725596,1.475001
0.7039593,0.04718295,-6.353508e-05,2.978244,4.624917,1.525
0.6870358,0.02424309,-0.000129362,2.978239,4.675037,1.575
0.6870148,0.0241085,7.888666e-05,2.978239,4.675037,1.525
0.677112,0.02048485,-0.000153692,2.978461,4.725595,1.575001
0.6770928,0.02042104,0.0001062078,2.978461,4.725596,1.524999
0.6871316,0.02424786,7.003194e-05,2.978239,4.675037,1.625001
0.7040437,0.04717182,0.0001192511,2.978244,4.624917,1.675
0.6870916,0.02410388,-4.335568e-05,2.978239,4.675037,1.675
0.6772203,0.02046718,9.205991e-05,2.978461,4.725595,1.624999
0.6771568,0.02039681,-6.474151e-05,2.978461,4.725595,1.675002
0.7039792,0.04715574,2.216358e-05,2.978244,4.624917,1.725001
0.6870375,0.02422064,0.0001305871,2.978238,4.675037,1.775001
0.6870582,0.02408598,0.0001723032,2.978239,4.675037,1.725001
0.6770856,0.0204632,5.864919e-05,2.978461,4.725596,1.775002
0.677107,0.02039353,0.0001511606,2.978461,4.725596,1.725
0.6863654,0.02413502,0.0003397637,2.978238,4.675037,1.825001
0.7030465,0.04705963,0.0002219029,2.978244,4.624917,1.875
0.6862564,0.02398881,5.464877e-05,2.978238,4.675037,1.875001
0.6765691,0.02044264,0.0003274584,2.978461,4.725595,1.825
0.6764975,0.02036795,-5.478983e-06,2.978461,4.725595,1.875002
0.7028115,0.04701338,6.023091e-05,2.978244,4.624917,1.925001
0.686024,0.02407619,-8.167628e-05,2.978238,4.675037,1.975001
0.6860064,0.02394916,0.0001800061,2.978238,4.675037,1.925002
0.6762931,0.02040464,-0.0001218956,2.978461,4.725595,1.975002
0.676309,0.02034787,0.0001882968,2.978461,4.725596,1.925
0.6859588,0.02403076,0.0001184255,2.978238,4.675037,2.025002
0.7025969,0.04684135,0.0002503334,2.978243,4.624917,2.075001
0.6858458,0.02386952,5.327578e-05,2.978238,4.675037,2.075002
0.6764062,0.02032219,7.726474e-05,2.978461,4.725595,2.025
0.6761905,0.02024983,-1.854487e-05,2.97846,4.725595,2.075002
0.7026736,0.04679215,0.0001970121,2.978243,4.624917,2.125001
0.6860226,0.023974,0.0007911097,2.978237,4.675037,2.175002
0.6860837,0.02383353,0.0003651419,2.978237,4.675037,2.125002
0.6760249,0.02040777,0.0005465426,2.97846,4.725595,2.175002
0.6761671,0.0203009,0.0001941566,2.97846,4.725595,2.125
0.6832693,0.02361003,0.0008929214,2.978237,4.675037,2.225003
0.6988545,0.04645717,0.0007521022,2.978242,4.624917,2.275
0.6828892,0.02319962,0.000380468,2.978237,4.675037,2.275001
0.6740022,0.02038648,0.0007877983,2.97846,4.725595,2.225
0.6741373,0.02024101,0.000130745,2.97846,4.725594,2.275001
0.6981323,0.04622983,0.0002049418,2.978242,4.624917,2.325
0.6841922,0.02296531,-0.0003626303,2.978246,4.675054,2.37502
0.6825578,0.0231444,0.0001821993,2.978238,4.675036,2.325001
0.674819,0.0201693,-0.0005817517,2.978472,4.725599,2.375023
0.6734634,0.02017135,-0.0005005779,2.978463,4.725594,2.324999
0.6835971,0.02237737,0.0004418616,2.978315,4.675277,2.425233
0.6987873,0.04615277,-0.001907926,2.978321,4.625164,2.475228
0.6871945,0.01936082,-0.003111101,2.978746,4.676685,2.476489
0.6743441,0.01866063,-0.0002768866,2.978511,4.725729,2.425196
0.6773693,0.01282897,-0.01952157,2.978481,4.726633,2.475873
0.7036386,0.04609987,-0.0003906979,2.978287,4.625126,2.525115
0.6959122,0.006550407,0.005803732,2.978299,4.676249,2.574309
0.6944454,0.005535538,-0.003831852,2.978298,4.676248,2.525717
0.6819492,0.0196531,0.002803888,2.978754,4.676687,2.623556
0.6882918,0.04405285,-0.0003463354,2.978303,4.625056,2.674971
0.675302,0.02240052,-0.001885795,2.978322,4.675282,2.674881
0.6704009,0.01254101,0.01896445,2.978484,4.726631,2.624179
0.6646177,0.01814603,-0.0001192214,2.978509,4.725726,2.674931
0.7012707,0.04362264,-0.004283302,2.978254,4.624944,2.725238
0.699038,0.02567697,0.001623227,2.978231,4.67504,2.775698
0.6862037,0.02377457,-0.004602706,2.978252,4.67506,2.725268
0.6837318,0.01984692,0.001107597,2.978427,4.725571,2.775735
0.6728104,0.01987833,-0.002020714,2.978463,4.725596,2.72529
0.8287923,0.03857625,-0.02296009,2.989357,4.537487,0.01062757
0.8291143,0.03392568,0.01155594,2.990009,4.511946,0.03574327
0.7986022,0.03383668,0.008297581,2.990022,4.537545,0.03571156
-0.03693509,-0.03235072,0.0001330099,4.733484,4.566421,0.06030844
-0.007183151,-0.03304328,-0.006248238,4.710017,4.564544,0.08735564
-0.007764138,-0.006735339,-0.00150599,4.710707,4.58922,0.0618724
-0.03176459,-0.006172999,0.00266712,4.735242,4.589943,0.08731045
-0.005873806,-0.03070355,-0.0003013535,4.710387,4.564745,0.0615995
-0.04026029,-0.03371706,-0.0006406405,4.732999,4.5669,0.08628501
-0.02702954,-0.007708112,-0.001357616,4.735073,4.589561,0.06153533
-0.2387456,-0.03057447,-0.001052969,4.937358,4.567317,0.03258904
-0.230259,-0.04514265,-0.005081976,4.937738,4.564325,0.009755778
-0.2168181,0.001338524,-0.01050121,4.93744,4.589467,0.01044719
-0.2086375,-0.005016624,-0.003721651,4.912429,4.589385,0.01052977
-0.2205771,-0.005773027,-0.00714391,4.912051,4.590095,0.03562531
-0.2101204,-0.02874472,-0.001929403,4.912125,4.564135,0.009858342
-0.2083713,-0.02586801,-0.01061157,4.912325,4.567135,0.03280045
0.7318764,0.0192362,-0.02374621,2.989321,4.662491,0.01056093
0.7159745,0.03364611,0.01563795,2.98994,4.687776,0.03540389
0.709277,0.03015498,0.0113804,2.989935,4.662222,0.03536511
-0.03697294,-0.03033289,-0.0001477061,4.732158,4.56766,2.237637
-0.02697258,-0.002756968,-0.005574938,4.734232,4.590693,2.211733
-0.004204643,-0.03108913,0.006669134,4.709225,4.565387,2.211694
-0.00780953,-0.00489237,0.00134639,4.710215,4.589648,2.237361
-0.02660848,-0.002332508,0.00138643,4.734921,4.590363,2.237698
-0.03561235,-0.02996941,-0.002152987,4.731403,4.568413,2.212607
-0.003285227,-0.03106478,-0.0008755891,4.709567,4.564721,2.237686
-0.03846635,-0.03148261,0.001179256,4.732568,4.567265,2.26257
-0.005628987,-0.03254329,-0.0008260202,4.709855,4.564066,2.28788
-0.008620559,-0.005485142,0.0008783632,4.710436,4.58944,2.262546
-0.02796889,-0.003002002,0.004368177,4.735618,4.590098,2.287866
-0.02736316,-0.002736404,-0.0006023329,4.735393,4.590185,2.26227
-0.003588834,-0.03154615,0.00449435,4.709752,4.564275,2.262283
-0.03970055,-0.03166206,0.003195669,4.732752,4.567084,2.287558
-0.0348897,-0.03222533,0.004562826,4.732999,4.566905,2.837767
-0.02510683,-0.002949621,0.005493479,4.735773,4.590042,2.812207
-0.003598529,-0.03127959,0.008654443,4.709925,4.564017,2.812236
-0.00744828,-0.005955105,0.004553906,4.710582,4.589333,2.837538
-0.03627572,-0.03275027,0.005712635,4.732956,4.566958,2.812645
-0.004982818,-0.03154504,0.001355466,4.709946,4.564114,2.837775
-0.0267202,-0.003930503,0.005849882,4.735675,4.590018,2.837742
-0.03561111,-0.03209204,0.004089175,4.73304,4.566866,2.862882
-0.006401604,-0.02984735,0.002829642,4.710059,4.564235,2.888054
-0.007709159,-0.006324989,0.003476397,4.710589,4.58933,2.862572
-0.02675749,-0.004880832,0.003075092,4.735565,4.5899,2.888008
-0.004448313,-0.02984739,0.006930943,4.709983,4.564202,2.862303
-0.03492948,-0.03217473,0.004297073,4.733169,4.566742,2.888241
-0.0244127,-0.004253794,0.002752733,4.735594,4.589981,2.862267
-0.0358542,-0.0363242,0.00253644,4.733804,4.566055,2.966149
-0.0387817,-0.01086933,0.0007402106,4.736848,4.588814,2.988908
-0.0100088,-0.008945498,0.000657116,4.711083,4.588845,2.963111
-0.01223897,-0.04091489,-0.0007554018,4.711038,4.563003,2.988888
-0.00710163,-0.04267316,0.00162337,4.710366,4.563941,2.964033
-0.03819037,-0.007937655,0.0004496548,4.735911,4.589527,2.964077
-0.03761008,-0.04252385,-0.001243858,4.735849,4.563905,2.989588
-0.03727612,-0.03396329,0.001825513,4.733588,4.566311,2.939705
-0.006312938,-0.03340951,0.007926805,4.710133,4.564194,2.912707
-0.03151353,-0.006782946,0.0007042357,4.73563,4.589829,2.91268
-0.008069708,-0.007362216,0.002601907,4.710757,4.589177,2.938113
-0.04148134,-0.03515214,0.003433987,4.733306,4.566614,2.913711
-0.007321345,-0.03295604,0.001607057,4.710423,4.564618,2.938431
-0.02841979,-0.008830007,0.002611013,4.735213,4.589522,2.938452
-0.0293381,-0.06134091,-0.001796286,4.733478,4.539629,2.966434
-0.01145699,-0.09096799,0.00841433,4.710015,4.512619,2.964544
-0.03348982,-0.09035765,0.002446736,4.735231,4.512618,2.989944
-0.01075244,-0.05948202,0.001656436,4.710684,4.538063,2.989221
-0.03910221,-0.08683111,0.004622116,4.732991,4.513665,2.966904
-0.01074798,-0.05816746,0.0002933881,4.710385,4.538358,2.964754
-0.02938167,-0.05995726,0.002514966,4.735056,4.538352,2.989564
0.8488295,0.1057637,0.005103394,2.979388,4.52081,0.4754866
0.7910951,0.05647971,-0.0009878673,2.978507,4.574255,0.525015
0.8480641,0.1100033,0.005307868,2.979352,4.52085,0.5756615
0.8461776,0.1095962,-0.005395953,2.979394,4.520801,0.5245791
0.7939621,0.05712011,4.78254e-05,2.978512,4.574249,0.6750009
0.8549454,0.1183992,-0.01058934,2.979353,4.520848,0.6243838
0.8540828,0.1175222,0.003996009,2.979404,4.520787,0.6754689
0.7946938,0.05747534,-0.0009179172,2.978513,4.574249,0.7250098
0.855558,0.1169253,0.007273047,2.979357,4.520845,0.7756495
0.854417,0.1166309,-0.005517466,2.979405,4.520787,0.7245632
0.7979974,0.05893031,0.0001698757,2.978514,4.574249,0.8749967
0.8570796,0.1161676,-0.007943999,2.979357,4.520845,0.8243734
0.8563902,0.1158432,0.004737793,2.979406,4.520786,0.8754591
0.7982756,0.05890223,-0.0007981317,2.978514,4.574249,0.9250064
0.8575056,0.1165258,0.006963162,2.979359,4.520845,0.9756421
0.8566484,0.1162477,-0.005422596,2.979407,4.520786,0.924555
0.7989723,0.05905397,0.0002969767,2.978515,4.574248,1.074995
0.8587776,0.117905,-0.00828116,2.979358,4.520845,1.024367
0.8582392,0.1174764,0.004773024,2.979407,4.520786,1.075454
0.7993392,0.05909943,-0.0006737136,2.978515,4.574249,1.125005
0.8593448,0.1177691,0.007383546,2.979359,4.520845,1.175639
0.8586162,0.1174611,-0.005347319,2.979407,4.520786,1.124551
0.8001613,0.05934771,0.0003899913,2.978515,4.574249,1.274995
0.859939,0.1177481,-0.007855899,2.979359,4.520845,1.224365
0.8593143,0.1174027,0.004984461,2.979407,4.520786,1.275452
0.8002732,0.05935571,-0.0005628359,2.978515,4.574248,1.325005
0.860114,0.117824,0.007574841,2.979359,4.520845,1.375638
0.8594172,0.1174982,-0.005194705,2.979407,4.520786,1.324549
0.8002431,0.05932424,0.0004888956,2.978515,4.574248,1.474995
0.8601695,0.1179955,-0.007694761,2.979359,4.520845,1.424363
0.859542,0.1176504,0.0051084,2.979408,4.520786,1.475451
0.8002374,0.05932717,-0.0004802565,2.978515,4.574249,1.525005
0.8601573,0.1179962,0.007720701,2.979359,4.520845,1.575636
0.8595339,0.11765,-0.005092822,2.979408,4.520786,1.524549
0.8002234,0.05934296,0.0005700118,2.978515,4.574248,1.674995
0.8600478,0.1177862,-0.007546986,2.979359,4.520845,1.624362
0.859344,0.1174601,0.005211715,2.979407,4.520786,1.675451
0.8001057,0.05933002,-0.0003824899,2.978515,4.574249,1.725005
0.859865,0.1177103,0.00788212,2.979359,4.520845,1.775635
0.8592424,0.1173653,-0.004966458,2.979407,4.520786,1.724548
0.7992347,0.05906748,0.000674862,2.978515,4.574249,1.874995
0.8592077,0.1176842,-0.007354904,2.979359,4.520845,1.824361
0.8584785,0.1173769,0.005353115,2.979407,4.520786,1.875449
0.7988691,0.05900707,-0.0003020475,2.978515,4.574248,1.925005
0.8586368,0.117826,0.008287776,2.979358,4.520845,1.975632
0.8581093,0.1173917,-0.004768774,2.979407,4.520786,1.924545
0.7981593,0.05885015,0.0007864718,2.978514,4.574249,2.074994
0.8573496,0.1163607,-0.006944104,2.979358,4.520845,2.024358
0.8564822,0.1160852,0.005428865,2.979406,4.520786,2.075445
0.7979264,0.05888351,-0.0002016475,2.978514,4.574249,2.125003
0.8569403,0.1160351,0.007978445,2.979357,4.520845,2.175627
0.8562833,0.1156891,-0.004715664,2.979406,4.520786,2.124541
0.794646,0.05757241,0.001017112,2.978512,4.574249,2.27499
0.8553342,0.1166764,-0.007198771,2.979357,4.520845,2.224351
0.8542377,0.1164037,0.005549315,2.979405,4.520787,2.275437
0.7931105,0.05679717,1.366145e-05,2.978513,4.574249,2.324998
0.8549335,0.1182311,0.01085056,2.979356,4.520848,2.375617
0.8540915,0.1172651,-0.003979057,2.979405,4.520787,2.324531
0.7911059,0.05616347,0.001235848,2.978525,4.574273,2.475002
0.8477617,0.1095873,-0.004947131,2.979359,4.52085,2.42434
0.846252,0.1089091,0.005619598,2.979406,4.520801,2.475423
0.7922535,0.05660439,-0.0004441969,2.978526,4.574271,2.525005
0.8506476,0.1054753,0.00540339,2.979346,4.520899,2.575601
0.8479887,0.105421,-0.004729733,2.979407,4.520811,2.524518
0.7786787,0.05662863,0.001268805,2.978509,4.574315,2.67504
0.8456493,0.1185388,-0.01247045,2.979334,4.520937,2.624323
0.8407175,0.117253,0.004744593,2.979283,4.52115,2.675264
0.7840125,0.0556719,-0.002877278,2.978482,4.574331,2.725176
0.8489891,0.1065579,0.01831254,2.97904,4.521636,2.775521
0.8377843,0.1103034,-0.007904481,2.979209,4.52138,2.724312
1.039765,0.06045328,-0.02880541,2.989333,4.262492,0.01062914
1.049392,0.08055246,-0.007885381,2.990071,4.287809,0.03596531
1.041218,0.07844147,-0.01238163,2.990098,4.262208,0.0359919
0.995004,0.0624291,-0.02914109,2.989351,4.337495,0.01062673
1.017436,0.05415358,-0.009227735,2.990067,4.312119,0.03595323
0.9836594,0.05873986,-0.01810842,2.990089,4.337702,0.03596216
0.8592421,0.02681148,-0.02523083,2.989352,4.462473,0.01062532
0.8558901,0.05121083,0.0002922192,2.989986,4.487558,0.03567814
0.8515691,0.04390346,-0.00232287,2.990032,4.46199,0.03574752
-0.004031135,-0.02805489,-0.001019251,4.709756,4.565052,0.1120796
-0.02454659,-0.003523866,-0.0001085402,4.734693,4.590197,0.112046
-0.005701809,-0.003861996,-0.0003585865,4.709759,4.590133,0.1387306
-0.03371087,-0.03007838,-0.002158885,4.732438,4.567446,0.1117009
-0.003923662,-0.02821596,-0.006667332,4.709308,4.565709,0.138194
-0.02231987,-0.00358678,0.003210938,4.734015,4.590621,0.1381294
-0.03127068,-0.02915877,-0.0007396633,4.73154,4.568345,0.1370389
-0.169641,-0.01139377,0.002745213,4.862453,4.589345,0.01057183
-0.2008771,-0.008570652,-0.006573323,4.887734,4.590054,0.03569544
-0.195795,-0.02808884,0.003990692,4.887805,4.564066,0.009891429
-0.1655311,-0.01181457,0.006882449,4.8622,4.590021,0.03564822
-0.1833661,-0.03052071,-0.007883366,4.887319,4.567051,0.03289086
-0.153071,-0.04031509,0.00499961,4.86221,4.566956,0.03297462
-0.1610962,-0.04121975,0.008799808,4.862263,4.564139,0.009929664
0.7031541,0.03585683,-0.02282649,2.989361,4.737526,0.0106202
0.6972987,0.02031965,0.01303738,2.989956,4.712249,0.03545594
0.6739327,0.02927406,0.005259716,2.990007,4.73791,0.03560457
-0.008969208,-0.006317451,0.001829867,4.710574,4.589319,2.362502
-0.005282655,-0.03254906,0.00014551,4.7099,4.563932,2.387852
-0.004281088,-0.0322244,0.005016722,4.709871,4.563929,2.362265
-0.03898084,-0.03235545,0.002177602,4.732904,4.566968,2.362497
-0.02804741,-0.00333232,0.004530392,4.735783,4.59005,2.387844
-0.03998668,-0.0329558,0.003408468,4.732915,4.566961,2.38752
-0.02731812,-0.003538745,0.001143076,4.735788,4.590071,2.362256
-0.00483999,-0.03303429,0.006852362,4.709882,4.563985,2.312176
-0.02746152,-0.003601159,0.001531573,4.735711,4.590071,2.312174
-0.008600217,-0.006285807,0.002864656,4.710569,4.589322,2.337508
-0.03813359,-0.03324016,0.002984032,4.732838,4.567011,2.312513
-0.005111856,-0.03234811,-0.0008451091,4.709866,4.56394,2.337758
-0.03742812,-0.03308334,0.002149905,4.732885,4.566981,2.337527
-0.02727455,-0.00353109,0.003848995,4.73577,4.590076,2.337755
-0.005283569,-0.03272571,0.006257041,4.709901,4.563932,2.412162
-0.008984503,-0.006512969,0.003955933,4.710579,4.589318,2.437503
-0.003862436,-0.0319838,0.001359779,4.709875,4.563927,2.437748
-0.03879165,-0.03262852,0.003283794,4.732922,4.566962,2.437516
-0.02757891,-0.003438059,0.001709755,4.735787,4.590049,2.41216
-0.03855065,-0.03296268,0.002483286,4.732919,4.56696,2.412492
-0.02858391,-0.003155792,0.005067528,4.735803,4.59007,2.437749
-0.005338485,-0.03167207,0.00368529,4.709902,4.563946,2.487843
-0.009245549,-0.005913323,0.003321555,4.710579,4.589319,2.462498
-0.004587517,-0.03156924,0.006246991,4.709876,4.563931,2.462257
-0.03922383,-0.03160276,0.004238971,4.732923,4.566965,2.462489
-0.02918506,-0.003083892,0.008312866,4.735791,4.590051,2.487842
-0.04125917,-0.03171499,0.006750627,4.732924,4.566967,2.487513
-0.02764449,-0.003080658,0.003066125,4.735804,4.59007,2.462252
-0.009109115,-0.006240718,0.004699509,4.710579,4.589324,2.562497
-0.005698136,-0.0309177,0.005887883,4.709903,4.563967,2.587837
-0.00435664,-0.03074954,0.008067957,4.709876,4.563949,2.56225
-0.0388524,-0.03170101,0.006332762,4.732923,4.566978,2.562486
-0.02982028,-0.003659415,0.009316204,4.735792,4.590057,2.587842
-0.03971054,-0.0315488,0.008831121,4.732921,4.56698,2.587513
-0.02760369,-0.003546533,0.004849058,4.735805,4.590074,2.562252
-0.004624232,-0.03247987,0.01051141,4.709902,4.563949,2.512154
-0.008776569,-0.006764827,0.00590277,4.710579,4.589323,2.537501
-0.003548135,-0.0321922,0.003376925,4.709876,4.563945,2.53774
-0.03789109,-0.03275954,0.005652585,4.732924,4.566975,2.537511
-0.02652454,-0.003868523,0.005906746,4.735791,4.590052,2.512159
-0.03732097,-0.03317718,0.006722001,4.732924,4.56697,2.512486
-0.02800809,-0.003641236,0.007144409,4.735805,4.590073,2.537748
-0.004601964,-0.0334398,0.01255655,4.709903,4.56397,2.612151
-0.008726323,-0.006909341,0.006734335,4.710579,4.589328,2.637501
-0.004300168,-0.0330301,0.003674748,4.709876,4.563962,2.637741
-0.03784968,-0.03366245,0.006512225,4.732923,4.566987,2.637518
-0.0266396,-0.003815224,0.007500544,4.735791,4.590058,2.612161
-0.03846042,-0.03454228,0.008257658,4.73292,4.566983,2.612489
-0.02880498,-0.004055189,0.007529163,4.735805,4.590076,2.637751
-0.005653869,-0.03256798,0.003788163,4.709903,4.563983,2.687852
-0.009062477,-0.006279463,0.005961186,4.710579,4.589328,2.662498
-0.004267765,-0.031731,0.009597757,4.709876,4.563965,2.662257
-0.03891181,-0.03235443,0.007067893,4.732922,4.56699,2.662498
-0.02936083,-0.00375125,0.009906801,4.735792,4.59006,2.68785
-0.04007656,-0.0325019,0.009003765,4.732923,4.566989,2.687534
-0.02750285,-0.003561221,0.006190363,4.735804,4.590076,2.662257
-0.0280732,-0.003465838,0.008272204,4.735784,4.590049,2.787878
-0.008413633,-0.005768967,0.004707286,4.710579,4.58933,2.762511
-0.005799744,-0.03161221,0.002461776,4.709914,4.563999,2.787905
-0.003762544,-0.03089647,0.007869688,4.709881,4.563978,2.762294
-0.03762361,-0.03207399,0.007099914,4.732949,4.566965,2.787628
-0.03796969,-0.03177845,0.005568894,4.732933,4.566985,2.762556
-0.02571202,-0.002967966,0.004889279,4.735803,4.590073,2.762276
-0.004467248,-0.03283735,0.01088922,4.709904,4.563986,2.712173
-0.008284532,-0.00635373,0.005824094,4.710579,4.58933,2.737509
-0.005099122,-0.03266634,0.001412616,4.709879,4.563974,2.737768
-0.03588946,-0.03313625,0.005826202,4.732931,4.566986,2.737559
-0.02530374,-0.003571349,0.007789302,4.735792,4.590059,2.712173
-0.035373,-0.03341636,0.008143059,4.732922,4.566991,2.712518
-0.02732439,-0.00375164,0.007216374,4.735804,4.590075,2.737766
-0.005959713,-0.125447,-0.002762,4.709755,4.487906,2.965051
-0.001692136,-0.1098574,-0.003640269,4.709761,4.46126,2.990132
-0.01333662,-0.1194313,0.0001074637,4.734691,4.487914,2.990197
-0.002978002,-0.1108198,0.0137724,4.709308,4.461797,2.965705
-0.01610193,-0.122126,-0.0104772,4.732434,4.488265,2.967448
-0.03052831,-0.1091386,-0.001381054,4.73402,4.461849,2.99062
-0.02210719,-0.1191332,-0.002798083,4.731542,4.462941,2.968344
-0.2816862,-0.02954214,0.01023423,4.962308,4.56772,0.03219328
-0.2705809,-0.06063182,0.0008836658,4.96233,4.564777,0.009573255
-0.2432233,0.002805476,-0.008051842,4.962626,4.589678,0.01022949
-0.2830303,-0.008498702,0.009045979,4.988809,4.590136,0.009778808
-0.3227392,-0.01318667,0.0146478,4.98824,4.59071,0.0343075
-0.3211622,-0.03117762,0.004162597,4.98832,4.565457,0.009231862
-0.3274124,-0.01652561,0.003351494,4.987351,4.568492,0.0314683
-0.3672799,-0.3341462,0.005612235,5.101004,4.300805,0.09729311
-0.3342464,-0.1448346,-0.01367137,5.051726,4.450888,0.04639394
-0.3616787,-0.3360203,0.003190542,5.100305,4.304219,0.2930833
-0.3421893,-0.1196849,0.0007398193,5.04911,4.458126,0.2467606
-0.356437,-0.3316301,0.001202688,5.102337,4.305319,0.4970859
-0.3659491,-0.1093194,0.004485816,5.049128,4.459727,0.4492682
-0.3630193,-0.3334545,-0.00306159,5.104109,4.305743,0.6987502
-0.3656548,-0.1085835,0.001846356,5.049362,4.459883,0.6497904
-0.3659759,-0.3365078,-0.003786758,5.105203,4.306144,0.8994273
-0.3715903,-0.1072709,-0.008163893,5.049627,4.460138,0.849945
-0.3650663,-0.3378826,-0.002211528,5.105659,4.306253,1.099659
-0.3715918,-0.1105482,-0.002527926,5.049743,4.46031,1.049965
-0.3633752,-0.3411925,-0.004305464,5.105627,4.306131,1.299839
-0.3621506,-0.1213066,-0.007424205,5.049499,4.460067,1.249981
-0.3627389,-0.3500596,-0.001649142,5.10554,4.306281,1.500007
-0.3689722,-0.1319209,-0.01356439,5.049314,4.46022,1.450022
-0.3622255,-0.3521564,0.0003224126,5.105456,4.306269,1.700099
-0.3737957,-0.1376586,-0.004251811,5.049272,4.460341,1.650021
-0.3593661,-0.3508573,7.257187e-05,5.105285,4.306096,1.900295
-0.3689621,-0.1335408,0.002207705,5.049237,4.460065,1.850038
-0.3587395,-0.3537924,-0.0004506316,5.104987,4.306194,2.100617
-0.37425,-0.1418007,-0.001101958,5.049506,4.460258,2.150078
-0.3625186,-0.3568397,0.001806507,5.104161,4.30614,2.301255
-0.3746302,-0.1443868,-0.0009419288,5.049652,4.460272,2.250137
-0.3541594,-0.3535697,0.004129123,5.102352,4.305595,2.502942
-0.3570446,-0.05217342,0.008800425,5.049619,4.555507,2.449981
-0.3555208,-0.3524095,0.005285499,5.100091,4.304423,2.70719
-0.361042,-0.135745,0.002541761,5.049207,4.458235,2.753519
-0.3566759,-0.3512987,-0.003717964,5.100523,4.301096,2.902891
-0.3761849,-0.1425645,0.008196708,5.049333,4.456321,2.856668
-0.3735075,-0.1247184,-0.006801736,5.049436,4.456102,0.143678
-0.3176552,-0.0339603,0.002776925,5.049566,4.553114,0.1472952
-0.3364125,-0.04072356,0.01913035,5.050562,4.553525,2.853255
-0.3563817,-0.1360286,0.00700919,5.052372,4.451288,2.954112
-0.3230233,-0.04306308,0.03204989,5.024724,4.531167,2.931167
-0.3571044,-0.04015239,0.002479013,5.074974,4.532378,0.06756457
-0.3879963,-0.01495656,0.007535175,5.074989,4.577969,0.02195817
-0.3466368,-0.00396541,0.005605087,5.075434,4.579276,0.07245198
-0.3744131,-0.0509113,0.0101483,5.075914,4.52695,0.02055475
-0.4149757,-0.01885403,0.02260468,5.125033,4.532277,0.06758101
-0.4391039,-0.007431431,0.0002168873,5.124928,4.577901,0.02184383
-0.3673023,0.001660458,0.001748534,5.124121,4.579173,0.07223005
-0.4483878,-0.02626845,0.01041656,5.124769,4.526753,0.02052928
-0.3012684,-0.003997912,0.0163799,5.025091,4.578892,2.926989
-0.3146703,-0.05817327,0.01678997,5.025366,4.526624,2.978961
-0.2810081,0.008157525,0.01401394,5.012587,4.589789,2.989868
-0.3378902,-0.01515542,0.0090973,5.077708,4.578271,2.978331
-0.3137133,-0.01367017,-0.01122976,5.076696,4.579414,2.927698
-0.3236404,-0.07200349,0.01305623,5.077105,4.527078,2.979545
-0.363525,-0.03498307,0.01943508,5.074952,4.532747,2.932777
-0.3135234,-0.04514174,0.007477279,5.049133,4.554561,0.2489049
-0.3719205,-0.1168662,-0.008213357,5.049091,4.459275,0.3485315
-0.3182391,-0.03365603,0.0004901017,5.048999,4.55513,0.3496476
-0.2991878,-0.02176101,0.00789868,5.048895,4.555261,0.4498951
-0.3636002,-0.1089535,-0.0005579742,5.049294,4.459904,0.5496247
-0.2967458,-0.01874935,-0.005031703,5.048911,4.555315,0.5497317
-0.3207165,-0.03517482,-0.001029573,5.049072,4.555394,0.6497887
-0.3611264,-0.1091499,-0.0069409,5.049504,4.459963,0.7498771
-0.3206416,-0.03703166,-0.002084714,5.049133,4.555424,0.7501442
-0.2997831,-0.01563965,-0.0002183264,5.049182,4.555459,0.8502803
-0.3708684,-0.1082726,-0.003458204,5.049741,4.460296,0.9499379
-0.2989331,-0.01422475,-0.005263749,5.049384,4.555568,0.9501174
-0.3053492,-0.0168365,-0.004567142,5.04938,4.555573,1.049863
-0.358593,-0.1120465,-0.001405943,5.049656,4.460202,1.149936
-0.3039769,-0.02442377,-0.01423602,5.049156,4.555477,1.149694
-0.3403004,-0.04290931,-0.0133274,5.049052,4.555458,1.249818
-0.3649846,-0.1215594,-0.01219365,5.049379,4.460076,1.349973
-0.3465589,-0.04794009,-0.0212302,5.048941,4.555462,1.350161
-0.3409875,-0.047312,-0.0220109,5.048848,4.555485,1.450288
-0.3724992,-0.1359277,-0.004794871,5.049291,4.460343,1.54999
-0.3510188,-0.04899039,-0.01123915,5.048958,4.555585,1.550126
-0.3549118,-0.05112226,-0.003683526,5.04895,4.555584,1.649877
-0.3706527,-0.1376097,0.003151429,5.049247,4.460211,1.749989
-0.3473077,-0.05128542,0.007466477,5.048816,4.555484,1.749713
-0.3625623,-0.05412367,0.008782523,5.048859,4.555461,1.849836
-0.3690459,-0.1343717,-0.005293771,5.049267,4.460048,1.950032
-0.3618813,-0.05427554,-0.01290706,5.048898,4.555457,1.950176
-0.3546646,-0.0529416,-0.005029612,5.049274,4.555567,2.150154
-0.3705654,-0.1396007,-0.006481837,5.049375,4.460169,2.050085
-0.3488483,-0.05209223,-0.01200264,5.048962,4.555471,2.0503
-0.3592281,-0.05099332,-0.001222761,5.049586,4.555628,2.250039
-0.3600838,-0.05151024,0.003583839,5.049703,4.555608,2.350044
-0.3751404,-0.1440407,0.002491922,5.049669,4.4602,2.35021
-0.3768089,-0.1442952,0.004583224,5.04964,4.46008,2.450379
-0.3706124,-0.1409207,0.008963691,5.049444,4.459766,2.550778
-0.3523455,-0.05264265,0.01727372,5.049461,4.555346,2.550007
-0.3406628,-0.04897444,0.0002889008,5.049644,4.554655,2.751512
-0.3720071,-0.139493,0.0128297,5.049337,4.459284,2.651594
-0.356995,-0.05070339,0.01954974,5.04949,4.555185,2.650538
-0.3006591,0.009158132,0.004368087,5.012143,4.590454,2.965312
-0.3127243,-0.006102666,0.01724388,5.012251,4.56803,2.968044
-0.2978563,-0.02023709,0.01539327,5.012158,4.565123,2.990496
-0.2626385,-0.004432346,0.004446836,5.039283,4.590411,2.990438
-0.2971673,-0.005010626,-0.002845652,5.03833,4.591018,2.966147
-0.2984869,-0.02057666,0.004611257,5.038378,4.566046,2.991059
-0.3321348,-0.01226432,0.007086451,5.037257,4.569101,2.969073
-0.5720244,-0.4803223,0.004521624,5.301098,4.298695,0.09524171
-0.6697937,-0.2446989,-0.009875349,5.249506,4.44636,0.04547334
-0.5880233,-0.4648642,0.004628244,5.30149,4.300821,0.2906467
-0.6742805,-0.2074609,0.01450165,5.251785,4.453852,0.2466184
-0.5850713,-0.4704713,0.009024668,5.302938,4.300841,0.4954218
-0.7027375,-0.1745588,-0.001232925,5.252393,4.45444,0.4490153
-0.5856473,-0.4646649,-0.008103469,5.304108,4.301341,0.6978197
-0.6975299,-0.2074486,0.01274903,5.252633,4.45454,0.6496165
-0.5933106,-0.4830935,0.001953273,5.304896,4.302271,0.8989234
-0.7204678,-0.17238,-0.01981904,5.252963,4.455485,0.8498845
-0.5887655,-0.4791129,0.003316024,5.30513,4.302671,1.099388
-0.7099886,-0.1798,-0.00219524,5.253094,4.456174,1.049904
-0.5702629,-0.4735175,-0.002328973,5.304667,4.302662,1.299705
-0.6941146,-0.2287289,-0.001700202,5.252192,4.455568,1.249913
-0.564055,-0.4888097,0.004916465,5.304116,4.302866,1.500002
-0.6724435,-0.2566698,-0.03513395,5.251134,4.456026,1.450035
-0.5583271,-0.4882578,-0.002190125,5.303909,4.30283,1.700212
-0.6601948,-0.2789007,-0.004325324,5.250927,4.456342,1.650018
-0.5585313,-0.4851201,0.001053391,5.303752,4.302638,1.900562
-0.6715594,-0.2605239,0.01995229,5.250924,4.455598,1.850048
-0.556002,-0.4894931,0.0008558664,5.303407,4.302772,2.101133
-0.6526944,-0.2699459,-0.02003298,5.250895,4.455983,2.050155
-0.5563,-0.486241,0.001750226,5.302757,4.30278,2.302183
-0.6495478,-0.2833895,-0.00342428,5.250895,4.456488,2.250231
-0.557018,-0.4878845,-0.00362951,5.301693,4.302356,2.504527
-0.6557491,-0.2845487,0.003833952,5.250791,4.456301,2.450553
-0.5645841,-0.4782445,0.009819551,5.300472,4.301887,2.709415
-0.678788,-0.2611568,0.02959265,5.250597,4.455301,2.651756
-0.5614542,-0.4967623,0.002006926,5.300536,4.299359,2.904912
-0.6727671,-0.25637,0.02988182,5.250155,4.454738,2.857339
-0.4414963,-0.1928168,-0.01193038,5.15163,4.448097,0.04535925
-0.4193288,0.03266127,-0.003642031,5.174679,4.577258,0.02242975
-0.4889178,-0.1766358,-0.010426,5.150175,4.455471,0.1432783
-0.4116139,0.03628074,0.02927803,5.149622,4.552476,0.147009
-0.9603671,-0.4684187,-0.05885009,5.351974,4.444622,0.04520036
-0.3653662,0.01051855,0.001353704,5.211177,4.590128,0.009823757
-0.7686429,-0.2767177,-0.01164141,5.251137,4.453523,0.1436555
-0.9693271,-0.6296305,-0.01564395,5.35216,4.450018,0.1432976
-0.1944411,0.1190773,0.01293808,5.223582,4.578585,0.1746466
-1.156985,-1.56187,-0.04226447,5.379701,4.572193,0.1757443
-0.9649067,-0.514676,0.02357417,5.353631,4.44869,0.2462089
-0.31214,0.06332953,-0.0002402953,5.223466,4.578722,0.2239552
-0.7397829,-0.6867815,-0.04399606,5.380093,4.570789,0.2258506
-0.7365229,-0.2229811,-0.01849361,5.252246,4.454252,0.348336
-0.9505947,-0.5954951,0.005821071,5.354139,4.448164,0.347853
-0.2843758,0.06758992,0.0261671,5.224071,4.578978,0.3765358
-0.8632337,-1.007225,-0.1237634,5.380098,4.570321,0.3752013
-0.9333173,-0.5451606,0.04439543,5.354558,4.447818,0.448701
-0.4393869,0.03474218,0.0428248,5.250865,4.55211,0.4500158
-0.7407894,-0.6751994,0.0603491,5.380108,4.570287,0.4250861
-0.6880403,-0.168702,0.01034924,5.252569,4.45458,0.5494099
-0.924561,-0.5202704,0.002414967,5.354645,4.44788,0.5491444
-0.4278473,0.04303057,-0.03016799,5.250892,4.55213,0.5497014
-0.7373386,-0.686231,0.05405841,5.380118,4.570292,0.5747973
-0.9422505,-0.5490765,-0.002737367,5.354634,4.448141,0.6494622
-0.2910613,0.06431537,-0.01757168,5.224106,4.578999,0.6233479
-0.9063395,-1.232414,0.007446863,5.380131,4.570316,0.6246639
-0.6792256,-0.1896484,-0.02243458,5.252803,4.454836,0.749792
-0.9437856,-0.5184685,-0.003760178,5.354745,4.448834,0.7496404
-0.33532,0.01912925,0.004749699,5.224261,4.579046,0.7766502
-0.6843261,-0.644634,0.08351578,5.380212,4.57088,0.7740071
-0.9487663,-0.6107103,-0.006161053,5.354972,4.449788,0.8497781
-0.4396256,0.04936231,0.04052037,5.251258,4.552595,0.8502366
-0.9025821,-1.302043,0.03376617,5.380241,4.572106,0.8238863
-0.7197989,-0.1804722,-0.00992072,5.25313,4.456067,0.9498992
-0.9525897,-0.5982474,-0.008544391,5.355099,4.450544,0.949808
-0.451893,0.04093583,-0.01716854,5.251922,4.552707,0.9500682
-0.7679902,-0.6972214,-0.03850341,5.38009,4.572807,0.9749705
-0.937637,-0.5738685,0.01834647,5.355057,4.450752,1.049851
-0.4450032,0.04279662,-0.02071995,5.251924,4.552748,1.049901
-0.8953928,-1.250703,-0.02430229,5.380097,4.572826,1.025013
-0.6654601,-0.161875,-0.008634999,5.252795,4.455895,1.149877
-0.9395676,-0.5298187,-0.03476968,5.354694,4.450688,1.149886
-0.4448195,0.05430847,-0.06182898,5.251138,4.552761,1.149705
-0.7428082,-0.6809287,0.01103046,5.379971,4.572677,1.174731
-0.9542141,-0.5619315,-0.0250524,5.353627,4.450775,1.249913
-0.2441291,0.1102149,-0.07774386,5.223914,4.579116,1.223336
-1.062643,-1.47584,0.002183545,5.37936,4.572861,1.224666
-0.6821525,-0.2322224,-0.03689884,5.251549,4.455625,1.349955
-0.9728802,-0.4573584,0.01591671,5.352462,4.451032,1.349946
-0.3220672,0.1088653,-0.1097797,5.223091,4.579121,1.376631
-0.9511713,-0.4781539,0.001856568,5.35186,4.45118,1.449985
-0.5878299,0.008426347,-0.01634897,5.248991,4.552801,1.450234
-0.6671424,-0.2656627,-0.004249566,5.250982,4.456363,1.550007
-0.9435316,-0.454375,0.00834748,5.351645,4.451294,1.550018
-0.6102969,0.009653184,-0.008688207,5.249323,4.552809,1.550082
-0.9343501,-0.4585844,-0.0002099618,5.351576,4.451247,1.650025
-0.6377396,0.005656175,-0.003418437,5.249306,4.552797,1.649927
-0.6568653,-0.2658758,0.0188496,5.250901,4.45598,1.749985
-0.933555,-0.4536369,-0.01314585,5.351551,4.451076,1.750058
-0.6102419,0.003299968,0.01089766,5.248882,4.552775,1.749764
-0.9535125,-0.4778383,-0.009119483,5.351487,4.451006,1.850085
-0.3199662,0.1099903,0.03346973,5.22287,4.579112,1.823362
-0.6710597,-0.2611826,-0.02153374,5.250913,4.45559,1.95008
-0.9528684,-0.4776924,0.01014745,5.351482,4.450996,1.950127
-0.3204511,0.1095253,-0.03697756,5.222876,4.579112,1.97664
-0.9303336,-0.4544249,0.01439676,5.351515,4.451079,2.050174
-0.6098019,0.002493488,-0.01134274,5.248898,4.552775,2.050253
-0.6551766,-0.2790887,-0.002490526,5.250886,4.456348,2.150167
-0.9295547,-0.4561008,0.005951125,5.351517,4.451224,2.150251
-0.619124,0.009328867,-0.002450238,5.249347,4.552805,2.150105
-0.9242485,-0.4609067,0.002082362,5.351489,4.451309,2.250333
-0.6304297,0.008609255,-0.001523668,5.249475,4.552882,2.250041
-0.6511415,-0.2835385,0.003489216,5.250831,4.456445,2.350364
-0.9250587,-0.4618633,-0.002372429,5.35147,4.451277,2.350509
-0.6307314,0.008813038,0.002185016,5.249479,4.552874,2.350066
-0.9290946,-0.4577334,-0.005703925,5.351393,4.451243,2.450738
-0.6270622,0.009374217,0.001487469,5.249362,4.552788,2.450037
-0.6531217,-0.2756858,0.01855018,5.25064,4.455788,2.550963
-0.9327283,-0.4598433,-0.02164239,5.351351,4.451011,2.551197
-0.6245296,-0.0001938947,0.009421814,5.248906,4.552736,2.549951
-0.9566913,-0.484579,-0.01659367,5.351142,4.450985,2.651995
-0.33075,0.1097151,0.04172573,5.222909,4.579097,2.623525
-0.6869961,-0.2648582,-0.01698645,5.250318,4.454821,2.753743
-0.9685017,-0.5028758,-0.00228148,5.350995,4.450842,2.753733
-0.3233451,0.1057733,-0.004980761,5.222869,4.57894,2.777583
-0.9434529,-0.4823431,0.0114768,5.350433,4.451255,2.856887
-0.5811806,0.003262904,0.004726181,5.248497,4.552351,2.853732
-0.6569432,-0.2537957,0.01497201,5.248158,4.448387,2.955533
-0.9399898,-0.4843325,0.0004421033,5.351079,4.445427,2.955079
-0.3123304,0.08734744,-0.006509366,5.222158,4.578949,2.979196
-0.4857079,-0.1766504,0.01718229,5.149827,4.456391,2.857661
-0.4495244,-0.02419406,0.007370676,5.148991,4.551847,2.85335
-0.4796158,-0.1971672,-0.002444872,5.151468,4.447438,2.954435
-0.3939395,0.007471816,0.03189932,5.149944,4.551027,2.952182
-0.5066962,0.02810338,0.001905317,5.175435,4.525588,0.02106671
-0.373659,0.05388798,-0.0348936,5.173893,4.578096,0.0718619
-0.486718,0.0302778,-0.00635353,5.175258,4.531324,0.0684212
-0.7288062,0.1257522,-0.03022257,5.275945,4.528973,0.07033501
-0.5790387,0.05626985,-0.02337777,5.22402,4.525307,0.02125334
0.06656248,0.1380138,0.005335373,5.287674,4.589345,0.01052415
-0.295874,0.1063017,-0.02559021,5.223583,4.578232,0.0728446
-0.5696874,0.05318585,-0.0298311,5.225504,4.530061,0.06968374
-0.2114676,0.1652736,-0.03266248,5.275823,4.577103,0.07260288
-0.7336814,0.05168709,-0.07374089,5.275659,4.524097,0.02168199
-0.9711905,0.02611456,-0.01560449,5.326579,4.527419,0.07058107
-1.142477,-0.857857,-0.007668588,5.376844,4.52251,0.02157649
0.4112294,0.129819,-0.02478977,5.312733,4.589265,0.01058195
-0.8572815,-1.105655,0.1717736,5.377806,4.573789,0.07386442
-1.003918,-0.5144367,0.1068555,5.377461,4.524716,0.07043357
-0.08276359,-0.09581258,-0.004492467,5.326823,4.576022,0.07294406
-1.042943,-0.2337375,-0.1096823,5.325019,4.523392,0.0218092
-1.008748,-0.1352312,0.03374407,5.32783,4.526894,0.1221956
-0.9464355,-0.8946735,0.3872343,5.378943,4.572768,0.1244187
-1.159869,-1.469325,-0.03197593,5.380598,4.521168,0.1730338
0.176935,-0.5671922,-0.05152674,5.32822,4.575636,0.1745047
-1.023738,-0.498164,0.08449554,5.37957,4.522627,0.1220914
-0.2772489,-0.3197185,0.2545098,5.327771,4.575874,0.1239357
-0.9972718,-0.7313838,-0.03141296,5.328662,4.526458,0.173316
-0.8276372,-0.2409603,-0.004934088,5.32939,4.525574,0.2742738
-0.8376103,-0.3964679,0.07881935,5.381751,4.519948,0.2238689
-0.1740765,-0.09348892,-0.1060045,5.328651,4.575336,0.2248824
-0.8770298,-1.250956,-0.0004490428,5.380315,4.570468,0.2750663
-0.7661687,-0.04755761,0.09315384,5.329209,4.525938,0.2239518
-0.9180002,-1.09648,0.009949822,5.38187,4.519009,0.2739656
0.1938415,-0.2100725,0.1045863,5.328609,4.575107,0.274785
-0.8410318,-0.2502477,0.02386862,5.329426,4.525347,0.3245579
-0.8874278,-1.11234,-0.01612908,5.380185,4.570359,0.3249219
-0.8684315,-0.8145852,-0.00866071,5.38199,4.518326,0.3743624
-0.08487455,-0.3020901,-0.0682753,5.327068,4.575589,0.3763166
-0.8987128,-0.9883528,0.009170499,5.381944,4.518491,0.3245475
-0.01762657,-0.39661,-0.004824513,5.328392,4.575109,0.3251422
-0.8162347,-0.164809,0.03084017,5.329528,4.525281,0.3746504
-0.8011177,-0.2944421,-0.03887647,5.329893,4.525068,0.4747789
-0.7958609,-0.4222225,-0.0191592,5.382142,4.518161,0.4247991
-0.03776875,-0.07715605,0.003721743,5.32751,4.575056,0.4259551
-0.8872963,-1.236816,-0.01970887,5.380025,4.57032,0.4751259
-0.7506157,-0.07906003,0.005078126,5.329758,4.525051,0.4247761
-0.9033476,-1.109329,-0.02114611,5.382195,4.518154,0.4745622
0.1148965,-0.3021568,0.06460996,5.326136,4.575547,0.4756111
-0.774998,-0.2372565,0.05726676,5.3299,4.52506,0.5248919
-0.851927,-1.121098,-0.05267678,5.38003,4.570317,0.5247701
-0.7871909,-0.4142163,0.004921634,5.382166,4.518181,0.5746431
-0.04087505,-0.0814812,0.03271257,5.327525,4.575061,0.5739615
-0.863594,-0.9483106,-0.014399,5.382226,4.518128,0.5249436
0.09417411,-0.2318633,-0.09134415,5.326139,4.575547,0.524315
-0.7340889,-0.0863679,-0.009523123,5.329805,4.525073,0.5748602
-0.7387156,-0.1123784,0.01882595,5.329599,4.525406,0.6749235
-0.9019348,-1.057464,0.00558939,5.38211,4.518273,0.6250132
-0.02552659,-0.3311743,0.03473351,5.327102,4.575595,0.6235838
-0.7442007,-0.6939835,0.03074731,5.380237,4.570376,0.6749256
-0.7978151,-0.2240366,0.008450782,5.329608,4.525289,0.6249387
-0.7937895,-0.4901659,0.03436553,5.382098,4.518496,0.6747331
-0.1931177,-0.2226483,0.0407171,5.328455,4.575135,0.6747366
-0.7832271,-0.2837411,0.007087252,5.329713,4.525649,0.7250284
-0.87228,-1.232526,0.02608792,5.380352,4.570544,0.7248277
-0.776095,-0.3855527,0.02934367,5.382406,4.519905,0.7748264
-0.2074781,-0.1283777,0.04578641,5.32747,4.575974,0.776207
-0.8989823,-1.094892,0.01655235,5.382236,4.518943,0.7251191
0.1661121,-0.3069301,-0.03633977,5.328566,4.575225,0.7252283
-0.7168662,-0.01524428,-0.01740711,5.32989,4.5261,0.7749673
-0.7870572,-0.1339469,-0.006428981,5.330266,4.526969,0.8750087
-0.9260474,-1.178191,0.03028517,5.382133,4.520793,0.825032
0.2590493,-0.3090469,0.002815084,5.327843,4.575776,0.8257548
-0.7505071,-0.6981956,0.01797112,5.380047,4.572491,0.8748782
-0.8069876,-0.3221526,0.01424045,5.330051,4.526451,0.8249886
-0.8316336,-0.4916257,0.01474258,5.3823,4.521755,0.8749619
-0.08290912,-0.12593,0.005526744,5.326658,4.576521,0.8756835
-0.8384893,-0.3318741,-0.01322123,5.330421,4.527301,0.9250043
-0.9153079,-1.258569,-0.01187068,5.380045,4.572729,0.9250058
-0.8496721,-0.520568,-0.02437096,5.382496,4.522423,0.9749297
-0.0428246,-0.1505475,-0.03795554,5.326709,4.576768,0.9754983
-0.9486658,-1.172015,-0.01044484,5.382446,4.522219,0.9249897
0.2255444,-0.2821688,0.007723722,5.326605,4.5767,0.9245511
-0.7856637,-0.1359105,-0.02564237,5.330499,4.527463,0.9749803
-0.7692255,-0.1374889,-0.02310646,5.330439,4.527472,1.074971
-0.911053,-1.09741,-0.02873599,5.382501,4.522478,1.024989
0.1700914,-0.2851537,-0.02294316,5.326725,4.576781,1.024501
-0.7454577,-0.6886743,-0.06370019,5.380076,4.572814,1.074964
-0.8164151,-0.2494808,-0.0111168,5.330506,4.527505,1.024983
-0.8229329,-0.455127,-0.03229403,5.382437,4.522478,1.074938
-0.03879959,-0.1428126,-0.05098756,5.326667,4.576759,1.075458
-0.8289764,-0.1635897,-0.0003135154,5.330257,4.527382,1.124974
-0.8397257,-1.20553,-0.01377219,5.380096,4.572731,1.124893
-0.8724753,-0.3611669,-0.08571822,5.381922,4.522339,1.174942
0.004489051,-0.07345091,0.1470425,5.327807,4.576151,1.174012
-0.9012342,-0.9689289,-0.02195655,5.382287,4.522419,1.124998
0.179594,-0.147308,-0.0557004,5.326715,4.576665,1.124241
-0.8092835,-0.1397013,-0.08185998,5.329841,4.527276,1.174977
-0.953199,-0.002612968,0.08093807,5.328217,4.527587,1.274969
-1.081435,-1.341129,-0.006672702,5.381043,4.522501,1.224992
0.04891928,-0.5185195,0.03567444,5.326751,4.576661,1.223379
-0.774169,-0.7932529,-0.4947913,5.378509,4.573306,1.274586
-0.9658284,-0.6207301,0.01767938,5.329062,4.527439,1.224959
-0.9970608,-0.3523406,-0.05913179,5.379804,4.522987,1.274967
-0.1263365,-0.1387919,-0.1381629,5.326955,4.576069,1.274214
-1.063616,-0.08203897,0.05848671,5.327406,4.527734,1.324989
-1.180003,-0.8183755,-0.01215466,5.377833,4.523716,1.374984
0.01106183,0.2751008,0.2222546,5.32469,4.576805,1.376297
-1.18822,-0.8292315,-0.03329787,5.378567,4.523518,1.324995
-0.06796713,0.3093523,0.1260708,5.326754,4.57646,1.324593
-1.057788,-0.1422477,-0.01153904,5.326902,4.527867,1.375005
-1.126054,0.07863072,0.03033447,5.326611,4.527986,1.474993
-1.187129,-0.9081201,0.01859842,5.377526,4.523766,1.425007
-0.5275379,0.1637558,0.1219959,5.324869,4.576376,1.425839
-1.122104,0.0406856,0.01055943,5.326695,4.527848,1.425005
-1.210681,-0.8660403,0.01909445,5.3774,4.523809,1.474986
-0.6131523,0.1361093,0.02758302,5.323422,4.576872,1.47571
-1.11569,0.01335566,-0.0143733,5.326568,4.52806,1.525019
-0.6797182,0.06417812,0.00960366,5.323302,4.576972,1.575493
-1.216584,-0.8849287,0.01383442,5.377354,4.523821,1.525015
-0.3389257,0.3710484,0.02651394,5.323286,4.576957,1.524533
-1.106139,0.1713251,-0.04021214,5.326554,4.528086,1.574991
-1.083602,0.1747543,0.01174177,5.326537,4.528003,1.67499
-0.6522674,0.1150261,-0.01527402,5.323302,4.576963,1.624511
-1.089193,0.1585261,0.0001838493,5.326547,4.528065,1.625018
-0.6628486,0.09389168,-0.01160382,5.323279,4.576935,1.67547
-1.090547,0.07562579,-0.002041386,5.326527,4.527907,1.725016
-0.6707177,0.05281789,-0.03566056,5.324768,4.576342,1.774161
-0.462319,0.3061533,-0.05897749,5.323394,4.576842,1.724295
-1.091205,0.1568078,-0.01480252,5.326488,4.527768,1.775004
-1.047361,0.09727346,-0.02896749,5.326407,4.527783,1.875009
-0.02983041,0.2970244,-0.1125853,5.324352,4.576767,1.823626
-1.076925,-0.1571382,0.0134332,5.326427,4.52782,1.824999
-0.6051018,0.08058015,0.01912283,5.325665,4.576289,1.874816
-1.047029,0.09988456,0.02735571,5.326407,4.527783,1.925015
-0.02933305,0.2973184,0.1091369,5.324353,4.576767,1.976378
-0.6140138,0.07324191,-0.0153307,5.325666,4.576289,1.925188
-1.076536,-0.157688,-0.007996138,5.326427,4.527818,1.975027
-1.081945,0.08985305,0.0252529,5.326529,4.527902,2.075014
-0.667656,0.05199659,0.03532003,5.32477,4.576342,2.025843
-1.087567,0.1463725,0.009415586,5.326489,4.527767,2.025025
-0.4959195,0.2693075,0.01749569,5.323397,4.576841,2.07571
-1.08005,0.09863579,-0.01899759,5.326541,4.527996,2.125043
-0.6646361,0.09720204,0.01749297,5.323313,4.576959,2.175496
-0.5209711,0.2527645,0.02826027,5.323285,4.576933,2.124535
-1.077294,0.1804369,-0.02541717,5.32655,4.528053,2.175022
-1.065301,0.1892993,-0.01563304,5.32655,4.528087,2.275035
-0.6630419,0.1056216,-0.003553452,5.323323,4.576966,2.224517
-1.065086,0.178542,0.005422598,5.326554,4.52808,2.225055
-0.6580302,0.1178842,0.01308288,5.323328,4.576968,2.275497
-1.064421,0.2090329,0.01833228,5.32655,4.52809,2.325073
-0.5925643,0.1921528,0.008618599,5.323325,4.576965,2.375504
-0.6931812,0.0645717,-0.004804473,5.323328,4.576968,2.324523
-1.072227,0.1450156,-0.0006137344,5.326548,4.528074,2.375067
-1.078627,0.1395165,-0.003541647,5.326532,4.527988,2.475107
-0.6745319,0.0852814,-0.01268852,5.323316,4.576959,2.424529
-1.074074,0.1861744,0.003828556,5.326547,4.528056,2.42511
-0.6014728,0.17634,0.0002672383,5.323289,4.576931,2.475493
-1.084054,0.1593447,-0.009428818,5.326522,4.527902,2.525164
-0.6346473,0.1110211,-0.06261689,5.324768,4.576338,2.574206
-0.6619776,0.09207445,-0.01718076,5.323401,4.576839,2.524326
-1.089851,0.1372407,0.01417223,5.326464,4.527751,2.575215
-1.059674,0.08822446,-0.02523382,5.326361,4.527751,2.67544
-0.04053307,0.3044809,-0.08608426,5.32435,4.576763,2.623695
-1.080675,-0.1477351,0.0002509579,5.326404,4.527814,2.625285
-0.6159643,0.07780514,0.01664984,5.325657,4.576279,2.674937
-1.072748,0.06793194,0.01746477,5.326349,4.527758,2.725674
-0.07860887,0.2817707,0.03540168,5.324315,4.576719,2.776777
-0.605084,0.07924348,-0.02352011,5.325645,4.576274,2.725413
-1.097937,-0.1777861,-0.01920452,5.326293,4.527736,2.776136
-1.119901,-0.03872343,0.03980121,5.325957,4.527909,2.878352
-0.6482546,0.04948754,-0.02226714,5.324803,4.576234,2.826465
-1.134285,0.07118662,-0.007888661,5.32626,4.527734,2.826855
-0.2638838,0.3002352,-0.2689654,5.324632,4.576301,2.876212
-0.619641,0.07178551,-0.005356922,5.27535,4.531368,2.932123
-0.3252099,0.1082024,0.06855722,5.222938,4.579841,2.929079
-0.5629889,0.01784904,-0.01493268,5.223244,4.527763,2.980281
-0.1385268,0.2105679,0.01657999,5.274272,4.577581,2.977941
-0.5338881,0.06115898,0.00195161,5.225052,4.533374,2.933787
0.006119351,0.2514853,0.03289164,5.273564,4.578123,2.928821
-0.6945855,0.005856194,0.03379487,5.274887,4.52612,2.97934
-1.046429,-0.09062563,-0.07802736,5.325517,4.528568,2.930312
0.3238267,0.1741612,0.05187699,5.311143,4.590069,2.990239
-0.1779393,0.2477582,-0.2110096,5.323764,4.577206,2.927152
-0.9877142,-0.1202075,0.05176057,5.324091,4.524859,2.97885
-0.6881595,-0.5099782,-0.06333038,5.365268,4.562491,1.362536
0.8432864,0.00490838,0.2858138,5.362748,4.587859,1.387954
0.6313961,-0.04618746,-0.1113704,5.362975,4.587856,1.36245
-0.4786208,-0.6839101,0.09612893,5.365075,4.562527,1.387477
-0.7318516,-0.5845398,0.1002191,5.364928,4.562547,1.437475
0.7051117,-0.3031465,0.2500527,5.362724,4.587845,1.412462
-0.7252168,-0.5491219,0.1017047,5.364975,4.562541,1.412532
0.6779023,-0.3365177,0.1580224,5.362616,4.58788,1.437891
-0.8516498,-0.4105076,0.05686181,5.364883,4.562578,1.562528
0.6654614,-0.3874883,0.05123284,5.362378,4.587938,1.587779
0.6723035,-0.3777218,0.1067052,5.362353,4.587967,1.562311
-0.8624231,-0.3917537,0.04272167,5.364882,4.562584,1.58747
-0.8610734,-0.4031346,0.006073306,5.364885,4.562555,1.637475
0.6036767,-0.3367391,-0.03180283,5.362379,4.587936,1.612222
-0.8912148,-0.3388371,0.001241379,5.364883,4.562577,1.612533
0.6772354,-0.3346887,0.02269782,5.362353,4.587961,1.63769
-0.8556498,-0.3888035,-0.04339248,5.364874,4.562482,1.762527
0.7024001,-0.3429953,-0.2067017,5.362656,4.587827,1.787538
0.6323154,-0.3609728,-0.08202795,5.362587,4.587863,1.76211
-0.7947633,-0.508516,-0.1035865,5.364864,4.562477,1.787473
-0.6068825,-0.6284554,0.07739593,5.364849,4.562464,1.837477
0.760873,-0.09857606,-0.2287674,5.362597,4.587844,1.812042
-0.6174882,-0.5175418,-0.1018261,5.364856,4.562472,1.812529
0.8483267,-0.112133,0.1398406,5.362633,4.587846,1.837504
-0.6186621,-0.6043592,-0.07762602,5.364849,4.562464,1.96253
0.7810718,-0.0932924,0.2191532,5.362597,4.587844,1.987959
0.8336588,-0.1181991,-0.1395677,5.362634,4.587846,1.962498
-0.6071097,-0.5430498,0.1021725,5.364856,4.562472,1.987478
-0.837171,-0.4167037,0.04586647,5.364874,4.562481,2.03748
0.7043715,-0.3414389,0.2107211,5.362656,4.587827,2.012463
-0.792452,-0.4975516,0.1028604,5.364863,4.562477,2.012534
0.654371,-0.3832202,0.06012473,5.362588,4.587862,2.037892
-0.8766066,-0.343608,0.03157524,5.364889,4.562546,2.162533
0.6777036,-0.3601691,0.07630755,5.362383,4.587932,2.187779
0.6353438,-0.3592139,0.05921735,5.362356,4.587959,2.162312
-0.8588834,-0.3818195,0.0425182,5.364889,4.562562,2.187477
-0.8788755,-0.3581088,0.02812996,5.364892,4.562553,2.237482
0.6407326,-0.3459074,-0.01190839,5.362384,4.587932,2.212222
-0.885034,-0.3385055,0.01203303,5.36489,4.562565,2.21254
0.6783171,-0.3351624,0.06594027,5.36236,4.58796,2.237689
-0.8662813,-0.3594045,-0.03725721,5.364893,4.562554,2.362543
0.6827154,-0.3338902,0.03353192,5.362385,4.587932,2.387784
0.6826942,-0.3214421,-0.08253323,5.362361,4.587961,2.362316
-0.8563079,-0.3803608,-0.0005292676,5.36489,4.562564,2.387489
-0.8880608,-0.328598,-0.01020217,5.364889,4.562546,2.437496
0.6693046,-0.3568175,-0.05652163,5.362384,4.587932,2.412227
-0.8628808,-0.3793799,-0.02435318,5.36489,4.562564,2.412553
0.6258213,-0.3546696,-0.02521736,5.362357,4.587959,2.437695
-0.8677246,-0.3662986,-0.08038527,5.364873,4.562484,2.562566
0.7160834,-0.3362066,-0.1987037,5.362657,4.587827,2.587549
0.6105029,-0.3318449,-0.1166038,5.362588,4.587863,2.562118
-0.7830704,-0.5162517,-0.1092551,5.36486,4.562477,2.587523
-0.5885962,-0.653594,0.07026802,5.364844,4.562465,2.637542
0.7516458,-0.1134801,-0.2244181,5.362597,4.587845,2.612055
-0.6364375,-0.5024296,-0.1004071,5.364854,4.562476,2.612586
0.8623105,-0.08926158,0.1479366,5.362633,4.587846,2.637519
-0.6010864,-0.598019,-0.119637,5.364831,4.562478,2.762748
0.7184517,-0.1386748,0.1408498,5.362587,4.587842,2.788075
0.826462,-0.1106407,-0.1987233,5.362626,4.587846,2.762576
-0.6167632,-0.5572108,0.03471779,5.364814,4.562474,2.787789
-0.744712,-0.5360759,-0.09381648,5.364773,4.562499,2.838074
0.7068685,-0.3534014,0.07116645,5.362655,4.58782,2.812623
-0.7391004,-0.5664882,0.001336163,5.364815,4.562503,2.812948
0.7159889,-0.3637687,-0.1100476,5.362689,4.587812,2.838065
-0.6535729,-0.368223,-0.01548694,5.362943,4.564537,2.966606
0.5361417,-0.1840887,0.1250181,5.362935,4.588626,2.989212
0.4178842,-0.1695362,0.1096273,5.362359,4.58858,2.964478
-0.6502667,-0.8064281,0.05369939,5.362295,4.562746,2.990106
-0.6096123,-0.5906005,-0.06887719,5.365606,4.562408,1.337498
0.6783138,-0.2337285,-0.1774316,5.364086,4.587609,1.311699
-0.5904275,-0.4337551,-0.3699077,5.366057,4.562223,1.312581
0.4508944,-0.2758249,-0.1101783,5.363431,4.587797,1.337669
-0.8405091,-0.4265236,0.05246525,5.364904,4.562564,1.462527
0.724062,-0.3014421,0.06545631,5.362392,4.587933,1.487797
-0.7832852,-0.5202773,0.0208821,5.364889,4.562591,1.487469
0.5851592,-0.289317,0.03355138,5.3625,4.587912,1.46243
-0.7576685,-0.4741848,0.08765158,5.364883,4.562583,1.537473
0.6588537,-0.2895226,-0.0482306,5.362379,4.587938,1.512225
-0.7525157,-0.5042847,-0.003369782,5.364884,4.562595,1.51253
0.6893647,-0.2384842,0.1628944,5.362351,4.587969,1.537687
-0.8876653,-0.3184789,-0.04250863,5.364884,4.562546,1.66253
0.6851971,-0.3625742,-0.05086295,5.362378,4.587925,1.687776
-0.8383086,-0.4292303,-0.03884161,5.36488,4.562546,1.687472
0.6037702,-0.3450179,-0.07931402,5.362351,4.587959,1.662315
-0.8032561,-0.4481834,-0.006910461,5.364877,4.562502,1.737477
0.6364271,-0.2907455,-0.1404288,5.362388,4.587917,1.712204
-0.7944799,-0.4222564,-0.06626992,5.364878,4.562534,1.712533
0.6568766,-0.3099328,0.002157123,5.362487,4.587895,1.737571
-0.848784,-0.4042358,0.07293309,5.364846,4.56246,1.862529
0.7045237,-0.301489,0.08558303,5.362834,4.587785,1.8877
-0.7988183,-0.5130645,0.01880091,5.364843,4.562459,1.887478
0.6475295,-0.2721476,0.114766,5.362724,4.587824,1.862166
-0.8479832,-0.4031303,-0.07376478,5.364845,4.56246,1.937478
0.7126829,-0.3014346,-0.08135261,5.362834,4.587785,1.912301
-0.80271,-0.5106147,-0.01725436,5.364843,4.562459,1.912529
0.6558959,-0.2748976,-0.1234071,5.362724,4.587824,1.937835
-0.843395,-0.389104,0.007015941,5.364878,4.562501,2.06253
0.6582406,-0.2891738,0.1189875,5.362389,4.587917,2.087797
-0.7756012,-0.4667993,0.04089452,5.364879,4.562532,2.087474
0.5526733,-0.2728447,-0.01007697,5.362488,4.587895,2.06243
-0.8425069,-0.3700455,0.06612807,5.364887,4.56254,2.137478
0.694673,-0.3302924,0.01258802,5.36238,4.587924,2.112226
-0.7867898,-0.4790121,0.02642567,5.364882,4.562543,2.112535
0.6353574,-0.3061319,0.1123287,5.362353,4.587958,2.137687
-0.8895543,-0.3309641,-0.006673735,5.364893,4.562554,2.262537
0.6575928,-0.3520714,0.05818592,5.362386,4.587933,2.287781
-0.8814739,-0.351052,0.01764894,5.364891,4.562567,2.287481
0.6553348,-0.3503435,-0.02868066,5.362361,4.587961,2.262314
-0.8956502,-0.3369541,-0.00354401,5.364893,4.562554,2.337487
0.6494036,-0.3730705,-0.03734183,5.362386,4.587933,2.312224
-0.8898685,-0.3432547,-0.01216909,5.364891,4.562568,2.312544
0.6535071,-0.3663748,0.003836494,5.362361,4.587961,2.337691
-0.8874121,-0.3312801,-0.04604281,5.364888,4.562542,2.462552
0.7051667,-0.3192206,0.01397106,5.362381,4.587924,2.487781
-0.8277974,-0.4393299,-0.01723251,5.364883,4.562543,2.4875
0.624511,-0.2996369,-0.08252194,5.362354,4.587958,2.46232
-0.8773204,-0.3567985,-0.03513889,5.364877,4.562501,2.53751
0.6720767,-0.3326386,-0.0981678,5.36239,4.587917,2.512211
-0.8431238,-0.391057,-0.04397701,5.36488,4.562535,2.512563
0.6189136,-0.3329961,-0.05844988,5.362489,4.587895,2.537578
-0.8244428,-0.460682,0.05698635,5.364842,4.562467,2.662607
0.71025,-0.3034073,0.05426457,5.362832,4.587785,2.687728
-0.8247882,-0.488159,0.005474702,5.364833,4.562461,2.687582
0.7221715,-0.2954752,0.1062523,5.362724,4.587825,2.662186
-0.7960233,-0.5185947,-0.09696353,5.364827,4.562463,2.737645
0.6812205,-0.3256821,-0.07835363,5.362831,4.587786,2.712339
-0.8249582,-0.461599,-0.04793591,5.364834,4.56247,2.712657
0.7492732,-0.2984112,-0.1416293,5.362718,4.587825,2.737891
-0.6718041,-0.5478252,-0.1307375,5.364732,4.562568,2.863383
0.6152913,-0.3032782,-0.1035253,5.362523,4.587859,2.888345
-0.621863,-0.6246307,-0.07846944,5.364559,4.562647,2.888788
0.5858488,-0.2644008,-0.1797328,5.362666,4.587821,2.862692
-0.6399658,-0.3662275,-0.009084003,5.363743,4.563362,2.940299
0.6921028,-0.1551038,-0.2324354,5.362421,4.587912,2.913189
-0.4679393,-0.7164267,-0.08431561,5.364328,4.562898,2.91444
0.6484899,-0.1049433,-0.1017303,5.362828,4.587882,2.938798
-0.438038,-0.1402231,0.009830124,5.150414,4.45674,0.2464934
-0.3988165,0.01698873,0.02098623,5.149329,4.553311,0.248959
-0.482851,-0.1484905,-0.01351129,5.150511,4.457694,0.348371
-0.3860135,0.03097054,0.00244174,5.149739,4.554153,0.3506103
-0.4812159,-0.1259169,0.008278754,5.150718,4.458222,0.4491164
-0.3459087,0.0181761,0.006148047,5.148928,4.553903,0.4506656
-0.4795298,-0.1248378,0.001089006,5.150826,4.458385,0.5495087
-0.3400979,0.02287876,0.004824011,5.148964,4.553948,0.5489605
-0.4561689,-0.1282463,0.006193519,5.150875,4.458179,0.6496612
-0.3785638,0.02721868,0.005613873,5.149879,4.554372,0.6489262
-0.4501507,-0.1242377,-0.01225925,5.151001,4.458328,0.7498814
-0.3785293,0.02508828,-0.007696949,5.149961,4.55443,0.7509925
-0.497291,-0.1299257,-0.0139362,5.151224,4.45884,0.849901
-0.3324468,0.02692737,-0.01698669,5.149412,4.554214,0.8511113
-0.4993538,-0.1337079,-0.003982839,5.151391,4.459247,0.9499675
-0.3331591,0.02074042,-0.007819459,5.150369,4.554925,0.9501925
-0.5016857,-0.1382377,0.002193121,5.151381,4.459285,1.049891
-0.3394698,0.01770512,-0.005538549,5.150358,4.554939,1.049781
-0.4783407,-0.1308264,0.0002736926,5.151156,4.458987,1.149933
-0.3491606,0.01175958,-0.01813449,5.149332,4.554265,1.148849
-0.4677363,-0.1643889,-0.003405408,5.150781,4.458582,1.249896
-0.4035635,0.02053574,-0.01407778,5.149698,4.554526,1.248952
-0.4596982,-0.1541544,-0.02263502,5.150489,4.458595,1.350031
-0.4093608,0.0206545,-0.0378693,5.149388,4.554534,1.351002
-0.4914002,-0.1724615,-0.02181043,5.150372,4.459025,1.449995
-0.449803,-0.03012925,-0.04544319,5.148536,4.554276,1.451107
-0.4921019,-0.1782144,-0.004704648,5.150331,4.459345,1.550053
-0.4667281,-0.03369193,-0.01359211,5.149276,4.554956,1.550201
-0.4912835,-0.1819472,-0.004389086,5.150293,4.459338,1.649964
-0.4787107,-0.03849567,-0.006913948,5.14926,4.554953,1.649803
-0.4897578,-0.1798184,0.00975304,5.150232,4.459005,1.75002
-0.4641168,-0.03971527,0.02843588,5.148463,4.554271,1.748893
-0.4718217,-0.1718509,0.01003473,5.150155,4.45858,1.849978
-0.4328462,0.001696305,0.01763248,5.149171,4.554534,1.848987
-0.4724174,-0.172737,-0.01152253,5.150167,4.458573,1.950115
-0.4326682,0.001407333,-0.02205551,5.149186,4.554533,1.951025
-0.4890135,-0.182681,-0.01168566,5.15027,4.459005,2.050085
-0.4647149,-0.04115912,-0.03221569,5.148521,4.554271,2.051122
-0.4903497,-0.1851601,-0.00118186,5.150361,4.459348,2.150167
-0.4727615,-0.03988403,-0.008182835,5.149395,4.55497,2.150233
-0.4934995,-0.1922201,-0.002168444,5.150406,4.459474,2.250142
-0.4780753,-0.04189905,-0.006833953,5.149672,4.555096,2.250045
-0.4936538,-0.1916319,0.003200116,5.150394,4.459432,2.350323
-0.4790049,-0.04270902,0.007112296,5.14971,4.555086,2.350055
-0.4910459,-0.1878774,0.004662071,5.150316,4.459273,2.450447
-0.4768927,-0.04018339,0.009655445,5.149501,4.554942,2.449919
-0.4889992,-0.1844021,0.01242614,5.150164,4.45876,2.550921
-0.4725925,-0.04389593,0.03322314,5.148657,4.5542,2.549175
-0.4765328,-0.1771935,0.01996878,5.149957,4.458097,2.651779
-0.4302219,0.005096625,0.02942622,5.149328,4.554359,2.649651
-0.4729548,-0.1797693,-0.01111431,5.149919,4.457284,2.754012
-0.4300117,0.001897264,-0.00509872,5.149438,4.553906,2.752533
-0.2815216,0.1685122,0.004934079,5.237795,4.567636,0.03232121
-0.4016835,0.09553353,-0.007862826,5.211735,4.565451,0.009271877
-0.2841188,0.02999268,0.007057034,5.237393,4.58967,0.01025274
-0.3488058,0.001010541,-0.001365231,5.211609,4.590665,0.03422188
-0.2548695,0.01757283,-0.01159796,5.237682,4.590283,0.034818
-0.3282392,0.0798845,0.02948324,5.212689,4.5684,0.03156181
-0.3220746,0.1909514,-0.02783045,5.237723,4.56475,0.00958811
-0.6090988,-0.4614639,0.5003113,5.363761,4.564863,0.03347961
0.8544776,-0.1095364,-0.1140915,5.363174,4.58882,0.01098618
1.04513,-0.1173758,0.1878392,5.363671,4.588723,0.03624529
-0.5710827,-0.7975982,-0.04270114,5.362729,4.563047,0.01001835
-0.8796965,0.03492015,0.03003295,5.27677,4.529308,0.1219818
-0.3074111,0.08961175,0.03535659,5.224609,4.577984,0.1238582
-0.6675726,0.05531168,0.05595922,5.226332,4.530965,0.1729026
-0.09710161,0.1362832,0.01618166,5.27679,4.577572,0.1742336
-0.6493941,0.0541031,-0.01801177,5.225937,4.530516,0.1214748
-0.2569598,0.05258589,0.1412769,5.276459,4.57745,0.1236623
-0.9119957,-0.06900215,0.0292868,5.277272,4.529501,0.1732044
-0.672628,0.1204134,0.004353117,5.277772,4.529402,0.27432
-0.5084019,0.04493368,0.06027962,5.226498,4.531099,0.2236869
-0.2688084,0.09222633,-0.04444058,5.276958,4.577595,0.2245609
-0.2302392,0.1075654,0.02225697,5.223469,4.578823,0.2752646
-0.5771311,0.08942179,0.05900517,5.277643,4.529421,0.2238965
-0.5518836,0.08093645,0.007400005,5.226641,4.531287,0.274242
-0.1612766,0.1974988,0.05802285,5.277007,4.577579,0.2747481
-0.7362346,0.05237639,0.02103748,5.277855,4.529381,0.3245688
-0.2622221,0.06071596,0.01912806,5.223604,4.57889,0.3246601
-0.5434047,0.07303676,0.1077178,5.226752,4.531699,0.3747028
-0.1969517,0.08711956,-0.04526376,5.276131,4.577595,0.3758451
-0.5402868,0.06558804,0.02959721,5.226684,4.531409,0.3245099
-0.1904546,0.06375578,-0.03151379,5.276907,4.577604,0.3250549
-0.7063811,0.09286961,0.05997308,5.277941,4.529469,0.3747251
-0.6290571,0.06880681,0.009212421,5.277999,4.529492,0.6749555
-0.5181593,0.08397891,-0.07566185,5.226825,4.531766,0.6248957
-0.1873206,0.09533391,0.01754143,5.276164,4.577609,0.6240533
-0.304536,0.03026765,-6.560527e-05,5.22371,4.578957,0.6752445
-0.676668,0.1029296,-0.03250773,5.278027,4.529505,0.6249087
-0.4932686,0.07165607,0.001941474,5.226835,4.531595,0.6749576
-0.2600422,0.0241945,0.02763651,5.276977,4.577641,0.6748154
-0.6965021,0.0863016,0.01056863,5.278077,4.529594,0.7249993
-0.2343418,0.07121839,0.005399101,5.223762,4.578971,0.7247615
-0.4780844,0.07097581,0.1010635,5.226989,4.531933,0.7750135
-0.2874006,0.04469905,-0.06725691,5.276372,4.577737,0.7759255
-0.5221826,0.0928971,0.01361131,5.22689,4.531643,0.7249845
-0.141648,0.1191733,-0.01087935,5.27706,4.577678,0.725204
-0.5748741,0.1022163,0.02483412,5.278215,4.529845,0.7750139
-0.7568032,0.1176052,-0.0001332248,5.27707,4.530343,1.27497
-0.6385343,0.09406935,-0.1221184,5.226568,4.532176,1.224956
-0.09426979,0.1114055,-0.055791,5.27579,4.577924,1.223956
-0.3177702,0.07553953,-0.05790031,5.223191,4.57906,1.275225
-0.8445263,-0.01934658,-0.06622387,5.277615,4.530397,1.224936
-0.5912329,0.0698704,-0.002312013,5.226241,4.531957,1.27498
-0.2607403,0.09059492,-0.1366428,5.275999,4.577937,1.274646
-0.7106144,0.08321701,0.01278806,5.276568,4.530386,1.324988
-0.277831,0.1185637,-0.003380862,5.222894,4.579064,1.324729
-0.5846772,0.0728578,-0.02321312,5.225739,4.532211,1.375022
-0.01514702,0.2541293,-0.08706218,5.274262,4.577958,1.375851
-0.5957473,0.08166971,-0.01130567,5.22593,4.53197,1.324998
-0.06936883,0.2237352,-0.003606126,5.275465,4.577967,1.325014
-0.6478743,0.08089073,-0.03564772,5.276254,4.530515,1.375017
-0.7830385,0.02838679,-0.02230201,5.275818,4.530377,1.875005
-0.5725504,0.0657938,-0.00606811,5.225423,4.53219,1.824984
0.04321437,0.2464898,-0.04760881,5.27392,4.577926,1.824083
-0.4048801,0.06088655,-0.08138963,5.222479,4.579056,1.875252
-0.6372674,0.06437863,0.003533639,5.275846,4.53048,1.824983
-0.6327187,-0.009107263,-0.03995609,5.225401,4.531956,1.874999
-0.4042897,0.1103503,-0.007809186,5.274754,4.577936,1.874829
-0.7809172,0.02727237,0.02096967,5.275819,4.530377,1.925012
-0.4059975,0.06023163,0.07737095,5.22248,4.579056,1.92475
-0.5719017,0.06526592,0.002306552,5.225429,4.532189,1.975034
0.04203582,0.2466093,0.04503603,5.273922,4.577926,1.97592
-0.6324107,-0.01001084,0.03715538,5.225403,4.531957,1.925016
-0.4112833,0.1093691,0.00643052,5.274754,4.577936,1.925175
-0.6359958,0.06434666,-0.0054399,5.275849,4.530479,1.975037
-0.7948427,0.02813208,-0.01488239,5.275803,4.530309,2.675497
-0.5754718,0.07070873,0.001689425,5.225435,4.532135,2.625369
0.04317945,0.2486132,-0.03915083,5.27393,4.577917,2.624192
-0.4071283,0.06222959,-0.06163294,5.222509,4.579022,2.675552
-0.6446303,0.06664436,0.008229362,5.275831,4.530455,2.625299
-0.6372641,-0.007843798,-0.02489535,5.225388,4.531836,2.675621
-0.4126433,0.1121257,-0.001918518,5.274755,4.577918,2.67503
-0.8131049,0.02115556,0.02148051,5.27577,4.530284,2.725809
-0.4027028,0.07009139,0.08607764,5.222489,4.578996,2.725343
-0.5877586,0.05211966,0.03233045,5.225286,4.531768,2.776876
-0.01238676,0.2322719,0.05952476,5.273872,4.577829,2.776575
-0.6393361,-0.01044203,0.04575587,5.225376,4.531773,2.726062
-0.3798716,0.1107333,0.01586357,5.274741,4.577901,2.725565
-0.6727612,0.04488864,0.01462984,5.275788,4.530264,2.776355
-0.2277324,0.2592904,0.04278658,5.2628,4.5672,0.03270382
-0.1528748,0.0888258,0.002929303,5.262604,4.589444,0.01043872
0.09196246,0.1126499,-0.09516894,5.288243,4.58994,0.03525902
-0.1568031,0.3229396,-0.03687167,5.287963,4.563999,0.009870654
-0.1260754,0.03687193,0.02066323,5.262389,4.590073,0.03513263
-0.1352735,0.3116083,-0.009116905,5.287949,4.566906,0.03291201
-0.2835862,0.255673,-0.02981196,5.262322,4.564261,0.00976406
-0.2045118,0.25599,0.145153,5.338418,4.566011,0.03322269
0.4711302,0.1551798,-0.06278045,5.337918,4.589129,0.01070184
0.4000323,0.09611315,-0.07914543,5.312971,4.589819,0.03540474
-0.2017627,0.167299,-0.05602232,5.312311,4.563808,0.009918359
-0.1078721,0.2493617,0.06803499,5.313086,4.566624,0.0330338
0.4307142,0.22076,-0.1993404,5.338891,4.589472,0.03567143
-0.196025,-0.08915124,-0.1410257,5.338011,4.563504,0.009947351
-0.5097798,0.1860481,-0.0113029,5.337951,4.566585,2.967359
0.2505365,0.1411726,0.1533514,5.337422,4.589331,2.989718
0.2687258,0.1276991,-0.2615933,5.311583,4.590507,2.965968
-0.3437713,0.06363478,0.05682245,5.311726,4.565424,2.990722
-0.2515229,0.2450092,-0.2183877,5.312812,4.568126,2.968433
0.1801105,0.1576069,0.05282376,5.337267,4.589576,2.965667
-0.5633284,-0.2872178,0.1002115,5.337696,4.564151,2.990327
0.5741623,0.09298658,-0.03431449,2.855926,4.850084,2.857068
0.6678916,-0.01112253,0.01245644,2.978711,4.777659,0.1751743
0.5853629,0.02432391,-0.009510774,2.952239,4.851159,0.1486766
0.5796519,0.02226296,-0.007479165,2.953882,4.953129,0.1513664
0.58959,0.02285909,0.01208361,2.952775,4.851163,2.85236
0.5824483,0.02401101,0.008101562,2.954159,4.953078,2.849203
0.5984098,0.05986225,0.02944268,2.847446,4.848993,2.955022
0.6129349,0.1074548,0.03058715,2.847062,4.950977,2.954926
0.5863332,0.060987,-0.04917512,2.930632,4.975003,2.930685
0.685105,0.00701716,-0.003456946,2.978915,4.777948,0.2242758
0.6703991,-0.005690179,0.002655299,2.979095,4.7781,0.3754897
0.683035,0.0001450978,-0.006137562,2.979102,4.77811,0.4244872
0.6778133,-0.00154603,0.004010654,2.979119,4.778124,0.5755119
0.6778728,-0.001632141,-0.003003057,2.979119,4.778125,0.6244968
0.5599558,0.04966662,0.04871629,2.929491,4.874997,0.0702058
0.6272759,0.05516291,-0.02695542,2.923919,4.824367,0.02181179
0.6087054,0.02845541,-0.02945884,2.977287,4.825956,0.07353749
0.5971241,0.07091255,0.05451043,2.929312,4.824977,0.07035181
0.5876416,0.02948566,-0.03973182,2.977868,4.876078,0.0750278
0.6156312,0.06757789,-0.02296041,2.92389,4.875455,0.02173419
0.5568977,0.0589832,0.04541783,2.929653,4.924983,0.07009832
0.6235113,0.07797332,-0.02770746,2.924281,4.975659,0.02165471
0.588293,0.02545037,-0.03220252,2.978197,4.976018,0.07524698
0.5735642,0.01506292,-0.03344275,2.978039,4.924994,0.07531477
0.6153985,0.03758177,-0.02534678,2.923961,4.924529,0.02169993
0.5784977,0.05286867,0.04848278,2.929906,4.974977,0.06990685
0.6857366,0.09372802,0.0428702,2.926074,4.775357,2.97902
0.6975864,0.09078014,-0.0154483,2.931629,4.774972,2.93149
0.6049378,0.04861434,-0.05053787,2.931309,4.875117,2.931369
0.6355181,0.05877848,0.02531157,2.926607,4.82434,2.979288
0.6093735,0.07003363,-0.05767444,2.93113,4.825008,2.931204
0.5831531,0.07732949,0.03029441,2.925172,4.87574,2.978889
0.5001373,0.04018359,0.04988841,2.930399,5.025013,0.06945571
0.515776,0.01649703,-0.05725026,2.953422,5.051952,0.1499692
0.5148581,0.01933809,0.05642642,2.953405,5.051863,2.849873
0.5022543,0.04054705,-0.05080134,2.930371,5.025046,2.930422
0.7142077,0.1022422,-0.0386537,2.92392,4.775623,0.02184295
0.6715994,0.03060843,-0.00156536,2.977675,4.776429,0.07415557
0.6861998,0.08691218,0.01002124,2.929273,4.774992,0.07055069
0.6191153,0.07456377,0.02866349,2.925384,4.975224,2.97881
0.6033675,0.0650029,-0.04711435,2.931175,4.924968,2.931213
0.5873475,0.0273046,0.0331641,2.924876,4.924252,2.978785
0.5466038,0.0395646,-0.01623571,2.925025,5.024839,0.02126015
0.5456701,0.01469033,-0.04495794,2.978563,5.025328,0.07441579
0.513842,0.0342857,0.04344611,2.931026,5.075064,0.06889721
0.5465692,0.01563295,-0.03354099,2.976872,5.075395,0.02309863
0.5184391,0.02284817,-0.02431518,2.978571,5.076198,0.07503254
0.4991949,0.0652125,-0.02748308,2.924496,5.075768,0.0212447
0.551212,0.04139514,0.01590412,2.924978,5.024782,2.978656
0.5211538,0.03999391,-0.04272882,2.930428,5.075003,2.930447
0.4942046,0.05384617,0.03219898,2.923768,5.075394,2.978194
0.5819246,-0.01454541,0.001193728,2.954903,4.952873,0.2512404
0.6002742,0.02606693,0.001427944,2.953602,4.851851,0.2496555
0.5889397,0.02376624,0.002532391,2.954213,4.85222,0.3498472
0.5866149,-0.02147363,0.01041846,2.956597,4.9558,0.3512686
0.6004317,0.02632529,0.0006844389,2.954479,4.852458,0.4498424
0.5952158,-0.00526117,-0.004462527,2.957018,4.956387,0.4490026
0.5941241,0.02689629,0.0008135177,2.954583,4.852496,0.5499174
0.5916542,-0.007679904,0.00702607,2.957248,4.956602,0.5509449
0.5943629,0.02629912,-7.60322e-05,2.954612,4.852498,0.6499433
0.5927125,-0.009686568,-0.005032437,2.957303,4.956624,0.6489588
0.5938582,0.02670431,-4.75899e-05,2.954634,4.852501,0.74997
0.5915533,-0.01016466,0.00438683,2.957341,4.956635,0.750983
0.5961008,0.02699647,-0.0003985107,2.954639,4.8525,0.8499714
0.5934651,-0.007988276,-0.00467277,2.95735,4.956637,0.8489777
0.5955549,0.02710797,0.0001034931,2.954647,4.852501,0.9499839
0.5932775,-0.00815865,0.004295464,2.957361,4.956636,0.9509943
0.5953136,0.0271301,-4.147145e-05,2.954648,4.8525,1.049982
0.5929714,-0.008276966,-0.00421606,2.957362,4.956636,1.048984
0.5954489,0.0271717,-0.0001129482,2.954651,4.852501,1.149992
0.5930516,-0.008298765,0.004068119,2.957367,4.956636,1.150998
0.5960681,0.02723497,-0.000184706,2.954651,4.8525,1.249989
0.5935778,-0.008059736,-0.004304034,2.957367,4.956635,1.248988
0.5960273,0.02725805,6.968669e-05,2.954653,4.8525,1.349998
0.5936048,-0.008072816,0.004208423,2.957369,4.956635,1.351002
0.5958277,0.02726802,8.680294e-06,2.954653,4.8525,1.449995
0.5933649,-0.008065615,-0.004135756,2.957369,4.956635,1.448993
0.595828,0.02726571,-4.423796e-06,2.954653,4.8525,1.550004
0.5933654,-0.008065677,0.004135718,2.957369,4.956635,1.551007
0.5960192,0.02725123,-6.65683e-05,2.954653,4.8525,1.650002
0.5935998,-0.008071343,-0.004209938,2.957369,4.956635,1.648998
0.5960681,0.02722412,0.0001996138,2.954651,4.8525,1.750011
0.5935747,-0.008057421,0.004304707,2.957367,4.956635,1.751012
0.5954214,0.02716113,0.0001231486,2.954651,4.852501,1.850008
0.5930206,-0.008279114,-0.004067394,2.957367,4.956636,1.849002
0.5953037,0.02711509,7.313842e-05,2.954648,4.8525,1.950018
0.5929268,-0.00824655,0.004181408,2.957362,4.956636,1.951016
0.5955493,0.02710228,-9.732482e-05,2.954647,4.852501,2.050016
0.5933366,-0.00818914,-0.004293424,2.957361,4.956636,2.049006
0.596209,0.02697995,0.0006668746,2.954639,4.8525,2.150028
0.5933888,-0.00794434,0.004631676,2.957351,4.956637,2.151024
0.5936369,0.02669311,0.0001188099,2.954641,4.852498,2.250038
0.5916905,-0.01025054,-0.004221952,2.957349,4.956627,2.249032
0.5953122,0.0258303,0.001380169,2.954676,4.852447,2.3502
0.5926934,-0.009257309,0.004855699,2.957355,4.956547,2.35117
0.5966999,0.02613194,-0.002690104,2.955054,4.852085,2.451111
0.5919123,-0.00926373,-0.007702577,2.957299,4.956557,2.449237
0.5877949,0.03339322,-0.0008983562,2.954067,4.853535,2.550197
0.5969745,-0.003416055,0.00463223,2.957042,4.956454,2.551037
0.5812699,-0.01381126,-0.002349792,2.955043,4.95278,2.74888
0.5919103,0.022839,0.0002026785,2.954734,4.851822,2.649233
0.5873548,-0.02210971,-0.009199693,2.956681,4.955762,2.64867
0.5999753,0.02554947,-0.004232492,2.953793,4.851806,2.750551
0.7105298,0.0791763,-0.03052912,2.964061,4.78785,0.009933357
0.7241843,0.07348894,0.01793871,2.966982,4.787512,0.03302171
0.7197611,0.07035942,0.01015063,2.966977,4.762484,0.03303798
0.7051664,0.04789901,-0.02746625,2.964042,4.762262,0.009910009
0.6647898,-0.006877401,-0.001552933,2.977907,4.776228,0.1247618
0.6663879,0.07751421,0.02012033,2.931336,4.775004,0.1733736
0.6723183,0.07713668,-0.007032015,2.930401,4.775051,0.1222006
0.6489879,0.05239785,0.02325732,2.966991,4.83751,0.03298374
0.6141062,0.05109928,-0.02453588,2.96403,4.812139,0.009927755
0.6557872,0.05802549,0.02620001,2.966977,4.812478,0.03300549
0.6037786,0.05592956,-0.02540802,2.963974,4.837737,0.00988187
0.602828,0.06341775,-0.02886472,2.964275,4.987831,0.009796308
0.6198344,0.05890626,0.02095438,2.9673,4.987452,0.03269881
0.6167173,0.05221322,0.01656237,2.967146,4.962459,0.03282704
0.5982142,0.02131666,-0.02549016,2.964054,4.962237,0.009825906
0.6697644,0.07686858,-0.02160645,2.931831,4.775018,2.827559
0.6652538,0.07723587,0.001638877,2.931516,4.775055,2.879297
0.6360343,0.04480379,-0.01334081,2.969084,4.837593,2.968942
0.5930795,-0.002441273,0.02744888,2.966438,4.811794,2.990969
0.6304165,0.03984884,-0.008433758,2.969166,4.8125,2.968994
0.6022157,0.04822151,0.0304621,2.966293,4.838141,2.990978
0.6853189,0.07913187,0.0003693215,2.931682,4.775057,0.2240076
0.6779044,0.00010303,0.008707194,2.979036,4.778061,0.2753892
0.6807563,0.0735077,0.002384588,2.931981,4.775019,0.2744437
0.670191,-0.005645758,-0.004538788,2.979068,4.778078,0.3244496
0.6673391,0.0712376,-0.001606513,2.932163,4.775017,0.3747539
0.6651353,0.07102169,0.002743623,2.932067,4.775038,0.3246539
0.6819155,-0.0008756903,0.004288054,2.979113,4.778121,0.4755071
0.6877674,0.0753493,-0.001111264,2.932175,4.775036,0.4248324
0.6873613,0.07421797,-0.00260132,2.932224,4.775023,0.4748809
0.6775038,-0.0019669,-0.003206423,2.979116,4.778123,0.5244976
0.6813178,0.07330769,-0.0007340617,2.932253,4.775022,0.5749152
0.6808897,0.07283789,0.001752954,2.932231,4.77503,0.5249285
0.6778043,-0.001926038,0.003526954,2.979122,4.778126,0.6755106
0.6802493,0.0735848,0.001815366,2.932248,4.775032,0.6249484
0.680055,0.07334302,-0.001872746,2.932263,4.775027,0.6749447
0.680482,0.07339005,-0.00259318,2.932272,4.775025,0.7749499
0.6802729,0.07333158,0.001170093,2.932263,4.77503,0.7249761
0.6843232,0.0740533,0.0003493315,2.932268,4.77503,0.824979
0.6842488,0.07399401,-0.002196518,2.932273,4.775028,0.8749632
0.683973,0.07402853,-0.001649401,2.932278,4.775026,0.9749649
0.6838743,0.07392209,0.001268031,2.932273,4.775029,0.924992
0.6835106,0.07411036,0.001538415,2.932276,4.775028,1.024994
0.6834355,0.07411647,-0.001767674,2.932277,4.775028,1.074973
0.6838345,0.07417577,-0.001972142,2.93228,4.775026,1.174975
0.6837479,0.07417533,0.001356,2.932277,4.775028,1.125001
0.6847642,0.07432922,0.001227912,2.932279,4.775027,1.225003
0.6846917,0.07432892,-0.001763083,2.932279,4.775027,1.27498
0.6847752,0.07435166,-0.00155609,2.932281,4.775026,1.374982
0.6846947,0.0743288,0.001519591,2.932278,4.775028,1.325008
0.6844745,0.07434349,0.001673803,2.93228,4.775027,1.425011
0.6843989,0.07435028,-0.001577698,2.932279,4.775027,1.474986
0.6844753,0.07434216,-0.001657933,2.93228,4.775027,1.574989
0.6843998,0.07434925,0.00158907,2.932279,4.775027,1.525014
0.6847449,0.07434225,0.001570282,2.932281,4.775026,1.625018
0.6846645,0.07431713,-0.001509199,2.932278,4.775028,1.674992
0.6847471,0.07431494,-0.001205439,2.932279,4.775027,1.774997
0.6846748,0.07431482,0.001773111,2.932279,4.775027,1.72502
0.683755,0.07415368,0.001984036,2.93228,4.775026,1.825025
0.6836675,0.07414953,-0.001354992,2.932277,4.775028,1.874999
0.6834389,0.07408602,-0.00155171,2.932275,4.775028,1.975006
0.6833693,0.0740954,0.001748592,2.932277,4.775027,1.925027
0.6839861,0.07400142,0.001617218,2.932278,4.775026,2.025035
0.683882,0.07387786,-0.001226273,2.932273,4.775029,2.075008
0.6843619,0.07398713,-3.64198e-05,2.932268,4.77503,2.17502
0.6843722,0.07396894,0.00218731,2.932273,4.775027,2.125036
0.6808929,0.0733194,0.003078148,2.932273,4.775025,2.225049
0.6804167,0.07344364,0.0003639502,2.932268,4.775029,2.275022
0.6785349,0.07253776,0.005685964,2.9323,4.775033,2.375051
0.677727,0.07235274,0.002923136,2.93228,4.775027,2.325053
0.6728062,0.07096224,0.003614227,2.932391,4.775027,2.42509
0.6861136,0.07076297,0.02355985,2.932563,4.775049,2.475102
0.6730886,0.06982693,-0.02645633,2.932547,4.775034,2.625294
0.6591249,0.06848728,-0.006751551,2.932291,4.775045,2.675458
0.6828444,0.07837186,-0.003553668,2.931948,4.775063,2.776492
0.6796885,0.07260815,-0.01071074,2.932171,4.775024,2.725806
0.620636,0.04998476,0.02187996,2.967006,4.862491,0.03296397
0.5990015,0.05319215,-0.0217721,2.963951,4.887848,0.009883364
0.6208324,0.04861116,0.02701195,2.967028,4.887513,0.03293765
0.5955603,0.04137737,-0.02453047,2.963945,4.862253,0.009866288
0.6088864,0.03373853,0.0196505,2.967077,4.937496,0.03288246
0.5906069,0.01305305,-0.02364221,2.963958,4.912157,0.009878203
0.6122364,0.03342128,0.02382703,2.967044,4.912487,0.03291454
0.5886915,0.03984364,-0.02282969,2.963976,4.937746,0.009844218
0.5885703,0.05541977,0.03005169,2.965067,4.987799,2.990387
0.5913755,-0.0006335447,0.02874099,2.965473,4.961795,2.990704
0.6104498,0.04871111,-0.009607367,2.968437,4.962523,2.96832
0.6054019,0.05472136,-0.02048959,2.967871,4.987571,2.967748
0.5091714,0.02924469,-0.02338837,2.964687,5.012225,0.009646248
0.5420949,0.03862324,0.02225748,2.967638,5.012408,0.03237021
0.5506203,0.03253053,0.0175099,2.968251,5.037467,0.03172618
0.5104688,0.04416202,-0.02674124,2.965194,5.038208,0.00930578
0.5108836,0.02026401,0.02426052,2.964898,5.012295,2.990334
0.5139515,0.04131908,0.02791504,2.964878,5.038288,2.990495
0.5542875,0.03097355,-0.01575783,2.967917,5.037559,2.9678
0.5439483,0.03480561,-0.02077245,2.96772,5.012523,2.9676
0.5151148,0.03373195,-0.008662228,2.903103,5.101517,0.2984622
0.4650927,0.02827747,-0.01299622,2.904454,5.300494,0.2994304
0.4234181,0.02269546,-0.01261425,2.904941,5.500027,0.2997099
0.3890841,0.01783381,-0.01193721,2.90504,5.699964,0.2997503
0.3618937,0.01411638,-0.01134665,2.905038,5.899939,0.2997633
0.3399011,0.01097621,-0.01054727,2.90492,6.099903,0.2997837
0.3232894,0.008637012,-0.01002684,2.904334,6.299589,0.2997594
0.3084917,0.009415171,-0.006254942,2.902736,6.499621,0.2992573
0.509069,0.03847532,0.006059473,2.906029,5.102568,0.4992237
0.4610358,0.027294,0.006513836,2.908692,5.300869,0.4994362
0.4174693,0.02075087,0.006027939,2.909527,5.500031,0.4996257
0.3831009,0.01577604,0.005573862,2.909714,5.699914,0.4996697
0.3559861,0.01197523,0.005057033,2.909706,5.899855,0.4997011
0.3351992,0.008941418,0.004620244,2.90949,6.099759,0.4997454
0.3192256,0.006068922,0.004045473,2.908564,6.299103,0.4997268
0.3059021,0.00552074,0.003085321,2.905611,6.49859,0.499732
0.5128169,0.03532324,7.174712e-05,2.906963,5.102755,0.6994566
0.4679527,0.02717579,-0.0002649091,2.909996,5.301018,0.6994099
0.4266131,0.02128384,-0.0004203453,2.911024,5.500015,0.6994461
0.3916168,0.01621815,-0.0004568187,2.911259,5.699857,0.6994781
0.3645901,0.01253252,-0.0005339205,2.91125,5.899761,0.6995074
0.3424386,0.009477224,-0.0004308981,2.910978,6.099599,0.699547
0.3268492,0.006735955,-0.0005856842,2.90984,6.298725,0.6996181
0.308822,0.007584813,-0.0003703799,2.90644,6.498172,0.6997766
0.5131268,0.03662399,0.0006730802,2.907219,5.102741,0.8997106
0.4683239,0.02717394,0.001090133,2.910366,5.30101,0.8996893
0.4257962,0.0209783,0.0009877437,2.911449,5.499988,0.8997109
0.3911577,0.01597609,0.0011183,2.911706,5.699805,0.8997343
0.3638292,0.01220258,0.000906981,2.911695,5.899676,0.8997571
0.342321,0.009074912,0.0009168721,2.911396,6.099467,0.8997852
0.3256427,0.006310895,0.0005188505,2.910186,6.298535,0.8998291
0.3093448,0.006842394,0.0004159231,2.906623,6.498008,0.8999066
0.5125647,0.03659469,0.0001103752,2.907302,5.102723,1.09985
0.4679834,0.02729009,0.0001233388,2.910483,5.300991,1.099847
0.4261743,0.02118438,0.0001355448,2.911584,5.499962,1.099864
0.3914988,0.01605067,0.0001397193,2.911848,5.699764,1.09988
0.3645003,0.01224655,8.987165e-05,2.911835,5.899614,1.099895
0.3423897,0.009074224,0.000103831,2.911524,6.099379,1.099911
0.3262225,0.006271787,1.294262e-05,2.910286,6.298426,1.099932
0.3087628,0.00685128,-3.66086e-05,2.906666,6.497923,1.099962
0.5132384,0.03679012,3.161908e-05,2.907332,5.102714,1.299934
0.4685955,0.02727408,0.0001191224,2.910525,5.300979,1.299934
0.4264055,0.0210952,8.613703e-05,2.911631,5.499946,1.299943
0.3917104,0.01600852,0.0001407775,2.911898,5.699739,1.299951
0.3644619,0.01222498,7.523835e-05,2.911885,5.899577,1.299958
0.3427679,0.009050334,0.0001304383,2.911568,6.09933,1.299966
0.3262989,0.006216785,2.67428e-05,2.910319,6.298369,1.299974
0.3092025,0.006810861,3.350271e-05,2.906678,6.497881,1.299985
0.5127398,0.03681332,-1.72463e-07,2.907339,5.102711,1.5
0.4680545,0.02731896,-2.48584e-06,2.910536,5.300975,1.500001
0.4260548,0.02117569,-5.034633e-06,2.911644,5.49994,1.500001
0.3913998,0.01602214,-5.959497e-06,2.911911,5.69973,1.500001
0.3642426,0.01221339,-7.544767e-06,2.911897,5.899565,1.500001
0.3423913,0.009027303,-4.947777e-06,2.911579,6.099315,1.500001
0.3261472,0.006181513,-5.65775e-06,2.910327,6.298351,1.500001
0.3088174,0.006753087,6.878883e-07,2.90668,6.497868,1.5
0.5132507,0.03678972,-1.395444e-05,2.907332,5.102714,1.700067
0.4686245,0.02726732,-0.0001021849,2.910526,5.300979,1.700068
0.4264124,0.02108783,-7.004093e-05,2.911632,5.499946,1.700061
0.3917175,0.01600331,-0.0001138942,2.911899,5.699739,1.700054
0.364475,0.01222296,-6.536372e-05,2.911885,5.899577,1.700047
0.3427731,0.009050656,-9.801792e-05,2.911569,6.09933,1.700039
0.3263095,0.006222119,-2.233537e-05,2.910319,6.298368,1.70003
0.3092366,0.006811086,-1.481619e-05,2.906678,6.49788,1.700017
0.5125402,0.03662352,-0.0001214356,2.907303,5.102723,1.900154
0.4679894,0.02728781,-0.0001405856,2.910485,5.300991,1.900162
0.4261281,0.02118791,-0.0001452769,2.911585,5.499963,1.900151
0.3914964,0.01604101,-0.0001504968,2.911849,5.699764,1.900138
0.3644227,0.01224545,-0.0001003316,2.911837,5.899614,1.900124
0.3424101,0.009067689,-0.0001059794,2.911526,6.099379,1.900107
0.3261755,0.006257198,-1.876933e-05,2.910288,6.298426,1.900083
0.3087764,0.00683242,4.174316e-05,2.906666,6.497922,1.900045
0.5132285,0.03663653,-0.0006169621,2.907222,5.102742,2.100302
0.4683694,0.02715538,-0.001004756,2.910371,5.301011,2.100341
0.4257766,0.0209633,-0.0008552459,2.911455,5.499989,2.100336
0.3911316,0.01595462,-0.0009872226,2.911712,5.699805,2.100322
0.3638112,0.01219735,-0.0007748512,2.911701,5.899676,2.100303
0.3422713,0.00907166,-0.0007948582,2.911402,6.099467,2.100275
0.3256311,0.006322252,-0.000426894,2.910191,6.298534,2.10022
0.3094577,0.006828763,-0.0003454681,2.906626,6.498006,2.100117
0.5127891,0.03543547,-0.000181202,2.90698,5.102754,2.300586
0.4679754,0.02724243,0.0002512209,2.910011,5.301019,2.300678
0.4266096,0.02132453,0.0004464762,2.911042,5.500016,2.300689
0.3916542,0.01620248,0.0005043277,2.91128,5.699856,2.300682
0.3646717,0.01251915,0.0005770206,2.911272,5.899761,2.300663
0.3424658,0.00942638,0.0005307163,2.911001,6.099599,2.300629
0.3268318,0.006674322,0.0006401847,2.909861,6.298722,2.300528
0.308812,0.007452372,0.0003659797,2.906451,6.498168,2.300297
0.5095166,0.03841484,-0.005744113,2.906071,5.102573,2.500874
0.4610962,0.02733648,-0.006160356,2.908744,5.300869,2.500785
0.4173832,0.0207409,-0.005520187,2.909598,5.500034,2.50072
0.382918,0.01573142,-0.005142663,2.909792,5.699909,2.500728
0.3558446,0.0119797,-0.004682301,2.909788,5.899855,2.500716
0.3348923,0.008918192,-0.004216274,2.909582,6.099761,2.500711
0.3191109,0.005980922,-0.003693882,2.908647,6.299095,2.500661
0.3058424,0.005460848,-0.002842908,2.905658,6.498582,2.500473
0.5150826,0.0339383,0.008821563,2.903213,5.101523,2.701673
0.4650555,0.02827508,0.01270774,2.90468,5.300496,2.701133
0.4233691,0.02262143,0.01262303,2.905279,5.500037,2.70119
0.3892486,0.0178172,0.01209116,2.905377,5.699945,2.701164
0.3621778,0.01396597,0.01141975,2.905387,5.899944,2.701184
0.3402378,0.01078341,0.01108337,2.905358,6.099918,2.701392
0.3235316,0.008641355,0.01019583,2.904736,6.299557,2.701295
0.3087581,0.009041488,0.006168702,2.902955,6.499591,2.701229
0.5129904,0.02997277,-0.06023703,2.954471,5.151673,0.1526537
0.4636561,0.01766879,-0.05695701,2.954584,5.249234,0.1535217
0.4530575,0.02256634,-0.05867706,2.954647,5.35106,0.1538921
0.4165281,0.01101478,-0.05363247,2.954657,5.449045,0.1539554
0.4091303,0.01763024,-0.05541216,2.95467,5.551004,0.1539906
0.381083,0.007413445,-0.05152454,2.954671,5.649016,0.154015
0.3756129,0.01428741,-0.05294762,2.954673,5.750993,0.1540212
0.3533727,0.00472861,-0.04954958,2.954674,5.849006,0.154009
0.3485122,0.01155938,-0.05065794,2.954686,5.950986,0.1539862
0.3314723,0.001758261,-0.04803454,2.954727,6.04904,0.1538998
0.3259528,0.009576723,-0.04830725,2.954683,6.150975,0.1538727
0.3174202,0.002047252,-0.04652538,2.954658,6.248944,0.1539316
0.3149962,0.006919177,-0.04743442,2.954478,6.35082,0.1538278
0.3109202,-0.0009330038,-0.04478679,2.954208,6.448495,0.1534479
0.3026131,0.006929301,-0.04804226,2.953106,6.548662,0.1508513
0.3063593,0.003325314,-0.006466861,2.953672,6.648337,0.1518754
0.3031773,0.01266208,-0.0149041,2.952129,6.752532,0.149213
0.2979866,0.02223663,0.007653208,2.979165,6.828259,0.1754538
0.3020813,0.01594552,-0.003106072,2.979569,6.828784,0.2243249
0.301916,0.01821893,0.006160576,2.979815,6.829156,0.3755757
0.3011725,0.01789668,-0.004768086,2.979819,6.829162,0.4244661
0.2994473,0.01861963,0.005338225,2.979811,6.829149,0.5755732
0.299961,0.0191736,-0.005390555,2.979806,6.829148,0.6244541
0.2992452,0.0193969,0.005209557,2.979796,6.829144,0.7755615
0.2999381,0.01951921,-0.005489894,2.979794,6.829144,0.8244449
0.2996843,0.01959289,0.005325743,2.979792,6.829144,0.9755591
0.2998138,0.0196529,-0.005388351,2.979792,6.829144,1.024443
0.2997348,0.01967908,0.00530929,2.979792,6.829145,1.175559
0.2999003,0.01974759,-0.005415722,2.979792,6.829145,1.224443
0.299885,0.01975623,0.005368203,2.979792,6.829145,1.375558
0.2998675,0.01975184,-0.005360851,2.979792,6.829145,1.424442
0.2998711,0.01975125,0.005356314,2.979792,6.829145,1.575558
0.2999013,0.01975829,-0.005372961,2.979792,6.829145,1.624442
0.2999231,0.01974888,0.005413443,2.979792,6.829145,1.775557
0.2997632,0.01967986,-0.005312701,2.979792,6.829145,1.824441
0.2998571,0.01965268,0.005379163,2.979792,6.829145,1.975557
0.5148091,0.02759101,0.05996528,2.954606,5.151756,2.847488
0.4609758,0.01412998,0.0573393,2.955002,5.249301,2.847737
0.4511856,0.02368833,0.05895737,2.955174,5.350984,2.847511
0.4142328,0.009585342,0.05292369,2.955278,5.449058,2.847736
0.4077814,0.01687247,0.05638174,2.955506,5.551046,2.848455
0.3799793,0.008779476,0.05171009,2.955386,5.648936,2.84815
0.3741404,0.01377725,0.05251737,2.95526,5.751016,2.84754
0.3502244,0.003685077,0.04922712,2.955281,5.849057,2.847842
0.3473518,0.01236214,0.05016808,2.95539,5.950979,2.847992
0.3303307,0.001941702,0.04737212,2.95552,6.049031,2.848503
0.3286233,0.009738931,0.04908195,2.955708,6.150971,2.84907
0.3176437,2.218266e-05,0.04691012,2.955657,6.24899,2.849008
0.3138064,0.007586169,0.04738352,2.955212,6.350762,2.848335
0.3102789,0.0004359334,0.04453193,2.95461,6.44842,2.847534
0.3023275,0.00576799,0.04766082,2.953449,6.548739,2.849926
0.3096816,0.002596027,0.007312583,2.954123,6.648378,2.849366
0.3050325,0.01377164,0.01492131,2.952463,6.752415,2.851566
0.2997537,0.01959939,-0.00533729,2.979792,6.829144,2.024441
0.3000334,0.01952417,0.00548929,2.979794,6.829144,2.175555
0.2993336,0.01939635,-0.005212801,2.979796,6.829144,2.224439
0.3001463,0.01915825,0.00535945,2.979806,6.829148,2.375547
0.299692,0.01864776,-0.005393545,2.979811,6.82915,2.424429
0.3016539,0.0178686,0.004733045,2.97982,6.829161,2.575545
0.3024127,0.01821205,-0.006204634,2.979816,6.829154,2.624443
0.4255269,0.02381844,0.04245025,2.929878,5.275026,0.07002931
0.487221,0.02020369,-0.01392139,2.924285,5.224345,0.02164352
0.4925268,0.009891628,-0.04909048,2.978339,5.224392,0.07568446
0.4352828,0.03518402,0.04725029,2.930041,5.22505,0.0698495
0.4789221,0.01459814,-0.05496289,2.978308,5.275497,0.07599367
0.477413,0.04110022,-0.01413416,2.923975,5.275473,0.02168175
0.4248482,0.02968214,0.04063477,2.929815,5.325024,0.07009045
0.4790185,0.04801273,-0.0156719,2.923935,5.375635,0.02176053
0.4735506,0.01986758,-0.0539132,2.978229,5.375643,0.07603452
0.4697352,0.005244303,-0.05483622,2.978284,5.324566,0.0760607
0.4260744,0.03144424,0.04278001,2.929797,5.374999,0.07009537
0.474528,0.01219462,-0.01584132,2.923898,5.324549,0.0217025
0.3823743,0.02252049,0.03932416,2.929791,5.52501,0.07014356
0.4358237,0.04064494,-0.01337476,2.923948,5.575628,0.02177598
0.4304555,0.01603228,-0.05114785,2.978233,5.575634,0.07608047
0.4261609,0.002891578,-0.05230682,2.978283,5.524547,0.07612606
0.3847796,0.02395624,0.04170212,2.929797,5.574989,0.0701313
0.4314921,0.006747428,-0.01354359,2.923879,5.524544,0.02172195
0.3486682,0.01103802,0.03874504,2.929806,5.674995,0.07017222
0.402964,0.00582109,-0.0094405,2.923967,5.624369,0.02178089
0.4061584,0.005564123,-0.04713694,2.978235,5.624372,0.07611298
0.3545981,0.01873001,0.04236463,2.929804,5.625014,0.07014381
0.3975554,0.00981595,-0.05040727,2.978283,5.675464,0.07619829
0.3988554,0.02797689,-0.01054425,2.923919,5.675454,0.02172854
0.321904,0.008021459,0.03720494,2.929801,5.874992,0.07015945
0.3742239,0.001967858,-0.008712176,2.923955,5.824368,0.02177938
0.3770188,0.003605421,-0.04611727,2.978231,5.824372,0.07611451
0.3278002,0.01456771,0.04061023,2.929802,5.825012,0.07014447
0.3694255,0.008389762,-0.04879143,2.978283,5.875455,0.07616603
0.3709753,0.0240484,-0.009587919,2.923894,5.875462,0.02172725
0.3220287,0.01415474,0.03671472,2.929814,5.925001,0.07015236
0.3739372,0.03147243,-0.01050716,2.924014,5.975624,0.02176777
0.3697317,0.01125233,-0.04750483,2.978252,5.975625,0.07608381
0.3650432,6.900489e-05,-0.04925374,2.978291,5.924538,0.07615151
0.3263243,0.01368832,0.03983593,2.929847,5.974978,0.07011518
0.3697321,0.0003908317,-0.01110101,2.923909,5.924539,0.02172641
0.27484,-0.0002241697,0.03287742,2.929699,6.475081,0.07025616
0.3205978,-0.00490761,-0.007880889,2.924003,6.424339,0.02181596
0.3227533,-0.001948988,-0.04519727,2.978196,6.424321,0.07603966
0.2763587,0.005186518,0.03486907,2.92974,6.425049,0.07019398
0.3196376,0.003877214,-0.04656727,2.978159,6.475232,0.07585207
0.320537,0.0168502,-0.007902931,2.924191,6.475248,0.02185461
0.2751775,0.001109544,0.0333003,2.929669,6.525134,0.0702939
0.3130394,0.01357624,-0.006924753,2.924516,6.575303,0.02197662
0.3194053,0.007583876,-0.04815957,2.978027,6.57529,0.07554351
0.3179385,-0.003394483,-0.04781852,2.978102,6.524208,0.07567502
0.2758658,0.003952534,0.03489668,2.929598,6.575266,0.07035611
0.3111615,-0.0077348,-0.005656456,2.924387,6.52421,0.0219016
0.3198411,0.003995234,0.005719897,2.926746,6.877786,0.07448188
0.3269606,0.004693863,-0.003940948,2.925648,6.826156,0.02279271
0.3038151,0.01099329,-0.00490308,2.977644,6.826929,0.07475456
0.2975217,-0.01114971,0.01001733,2.928797,6.829138,0.07167342
0.2989459,0.00212921,-0.002505056,2.91287,6.889509,0.0106116
0.3489559,0.01616527,-0.03311505,2.932188,5.924908,2.932111
0.3727424,0.0318422,0.01200727,2.926907,5.975683,2.979474
0.3415176,0.01572664,-0.04219927,2.931939,5.974972,2.931895
0.3358768,-0.008431185,0.02797186,2.925842,5.924236,2.979212
0.3301927,0.006877334,-0.03169281,2.933295,6.07496,2.93317
0.3168789,0.01037425,0.02618403,2.926438,6.024623,2.979241
0.3343827,0.00764747,-0.03428285,2.932556,6.024988,2.932478
0.3161131,0.02262048,0.02233977,2.927317,6.075456,2.979791
0.2802103,0.0002382429,-0.03307374,2.930365,6.4751,2.930266
0.3220322,-0.01384109,0.01002515,2.925725,6.423843,2.978853
0.2853035,0.009600494,-0.03565144,2.930986,6.425074,2.930903
0.3210594,0.01711869,0.01024499,2.924953,6.475204,2.978368
0.2791787,-9.640125e-05,-0.03315783,2.930287,6.525098,2.930184
0.3157522,0.02000736,0.007934027,2.926016,6.575757,2.978647
0.2834447,-0.001171872,-0.03465747,2.930672,6.575232,2.930558
0.3114761,-0.009210429,0.007879658,2.925094,6.524235,2.978303
0.3102555,-0.003617221,-0.03509448,2.931828,6.675699,2.931692
0.300396,-0.002329093,0.02125254,2.92589,6.624503,2.978758
0.3117098,-0.003582241,-0.03325219,2.931528,6.625373,2.931411
0.3030075,0.01848319,0.01824256,2.926514,6.675314,2.979065
0.2982068,-0.005815652,-0.02700174,2.931181,6.726097,2.931004
0.3130673,0.008782165,0.005936344,2.927699,6.774674,2.977649
0.2945047,0.002998944,-0.02604873,2.929967,6.777288,2.929581
0.280106,-0.0095047,0.01518036,2.926337,6.724121,2.978485
0.3197358,0.003980894,-0.001436269,2.926805,6.877686,2.925236
0.3271769,0.01003594,0.004407427,2.926118,6.825811,2.977215
0.301099,-0.007716759,-0.008950989,2.929054,6.828946,2.92833
0.2706744,0.004051802,0.00212118,2.912885,6.889378,2.989282
0.2801115,0.01503956,-0.01719685,2.875223,6.877888,0.0724718
0.2909052,0.01788188,-0.009250307,2.874571,6.827875,0.02231259
0.3050862,0.00675342,-0.003959286,2.877148,6.830136,0.07032775
0.2864912,0.005636531,-0.00692079,2.887593,6.889759,0.01037094
0.3063538,0.02849502,0.001318908,2.954783,6.649545,0.2516114
0.3025037,0.01278999,0.000226518,2.953613,6.753351,0.2499947
0.3121313,0.02837191,0.005999108,2.956468,6.646977,0.351499
0.3033225,0.01356976,-0.001233982,2.954196,6.753413,0.3500591
0.3164481,0.0217221,-0.002675418,2.956877,6.646505,0.4491614
0.3062052,0.01277995,0.0004492157,2.954431,6.753259,0.4499948
0.3142188,0.02199111,0.004317789,2.957075,6.646298,0.5510523
0.3055403,0.01335674,-0.0005358195,2.954482,6.75323,0.5500228
0.317276,0.0229656,-0.004461942,2.957112,6.646265,0.6490354
0.3076031,0.01378676,-0.0004768171,2.954482,6.753217,0.6500132
0.3162505,0.02297937,0.004110465,2.95713,6.646235,0.7510371
0.3070764,0.01403051,-0.0002038146,2.954473,6.753208,0.7500191
0.3173564,0.0219214,-0.004164184,2.957129,6.646223,0.8490162
0.3082086,0.01417422,-0.0002905075,2.954465,6.753203,0.8500024
0.3170222,0.02195401,0.0039374,2.95713,6.646213,0.9510233
0.3080191,0.0142778,-2.011448e-05,2.95446,6.753199,0.9500099
0.3173195,0.02200642,-0.00399213,2.957128,6.646209,1.049004
0.3081632,0.014284,-0.000117117,2.954458,6.753197,1.049997
0.3172308,0.02202906,0.003818205,2.957129,6.646205,1.151014
0.3080532,0.01432071,-4.475945e-05,2.954458,6.753195,1.150007
0.3175165,0.02188786,-0.003992486,2.957128,6.646203,1.248997
0.3083147,0.01436344,-0.0001399869,2.954458,6.753195,1.249995
0.3174737,0.02190068,0.00390387,2.957128,6.646201,1.351009
0.3082709,0.01438191,5.239261e-05,2.954458,6.753194,1.350006
0.3174335,0.02188252,-0.003881125,2.957128,6.646201,1.448994
0.3082181,0.01435887,-3.774854e-05,2.954458,6.753194,1.449995
0.3174333,0.02188233,0.003874397,2.957128,6.646201,1.551006
0.3082167,0.01435812,3.163895e-05,2.954458,6.753194,1.550005
0.3174897,0.02189159,-0.003909736,2.957128,6.646201,1.648991
0.3082836,0.01438448,-5.892299e-05,2.954458,6.753194,1.649994
0.3175348,0.02187846,0.003988909,2.957128,6.646203,1.751003
0.3083276,0.01436478,0.0001377527,2.954458,6.753195,1.750005
0.3172464,0.02199177,-0.003816179,2.957129,6.646205,1.848987
0.3080651,0.01432159,4.125383e-05,2.954458,6.753195,1.849993
0.3173386,0.0219701,0.003972864,2.957128,6.646208,1.950997
0.3081783,0.01428161,0.0001029156,2.954458,6.753197,1.950003
0.3170732,0.02191261,-0.003939629,2.95713,6.646213,2.048979
0.3080659,0.01428785,3.199815e-06,2.95446,6.753199,2.049991
0.3174208,0.02187815,0.004156519,2.95713,6.646223,2.15099
0.3082667,0.01417996,0.000293585,2.954465,6.753203,2.149999
0.3162482,0.02281622,-0.004086383,2.95713,6.646235,2.248974
0.3070933,0.0140302,0.0001980358,2.954473,6.753208,2.249984
0.3173035,0.02280561,0.004366196,2.957114,6.646265,2.35099
0.3076648,0.01376506,0.0004221035,2.954483,6.753217,2.349995
0.3142896,0.02187095,-0.004320187,2.957077,6.646299,2.448998
0.3056621,0.01340088,0.0004764232,2.954483,6.753229,2.449996
0.3166575,0.02158459,0.002514469,2.956886,6.646504,2.550951
0.3064579,0.01269517,-0.0004496244,2.954436,6.753254,2.55005
0.3121567,0.02782347,-0.005811646,2.956496,6.646974,2.648735
0.3032487,0.01360902,0.001263132,2.954213,6.753401,2.65005
0.3066605,0.02799129,-0.002359335,2.954893,6.649533,2.74889
0.3028264,0.01253794,-0.0003594167,2.953681,6.753321,2.750279
0.509172,0.04877655,0.04283055,2.931052,5.124965,0.06888868
0.5343853,0.02157937,-0.03286606,2.976865,5.124665,0.02310436
0.5346515,0.05765281,-0.02094451,2.925012,5.175169,0.02125591
0.5330961,0.02160031,-0.04986076,2.978711,5.175235,0.07494642
0.5112012,0.005574164,-0.02578982,2.978613,5.124522,0.07523566
0.4908555,0.05009356,0.04858131,2.930484,5.175005,0.06941192
0.5000101,0.0132349,-0.03167304,2.924485,5.124243,0.02124462
0.4805393,0.01947637,0.01606522,2.967155,5.237548,0.03282042
0.4577289,0.007217478,-0.02376248,2.964246,5.212169,0.009792696
0.4862728,0.02337705,0.01924981,2.967304,5.212559,0.03268778
0.4520733,0.02743107,-0.02307516,2.964041,5.237763,0.00982844
0.4703451,0.02675619,0.01635946,2.967025,5.362494,0.03291989
0.4522031,0.03380459,-0.02411369,2.963934,5.387852,0.009895455
0.473111,0.029535,0.01911031,2.967031,5.387512,0.03292669
0.4486817,0.004257959,-0.02290104,2.963915,5.362263,0.009868449
0.3821129,0.01537072,0.0402355,2.92979,5.475,0.07013929
0.4391146,0.01114871,-0.01050978,2.923941,5.424377,0.02176846
0.4428915,0.00818239,-0.04854805,2.97823,5.424378,0.0760542
0.3883481,0.02442757,0.0440924,2.929792,5.425021,0.07011044
0.4329313,0.01191254,-0.05236502,2.978283,5.475467,0.07612377
0.4335822,0.03315377,-0.01193058,2.92388,5.475458,0.02172148
0.3489259,0.01775989,0.03794571,2.929807,5.725007,0.07017437
0.4011489,0.0351871,-0.0116441,2.923971,5.77563,0.02178345
0.3963584,0.0132369,-0.04922985,2.978236,5.775632,0.07612748
0.3921181,0.001235461,-0.05050072,2.978283,5.724541,0.07620137
0.3516141,0.01862475,0.04041641,2.929807,5.774987,0.07015155
0.3973401,0.003120421,-0.01189877,2.92392,5.724546,0.02172908
0.3071797,0.001572156,0.03747713,2.930088,6.07501,0.06992005
0.35245,-0.002200323,-0.009157614,2.924141,6.024433,0.02170934
0.3549172,0.002805474,-0.04576179,2.978309,6.024437,0.0760195
0.3086523,0.01022317,0.038957,2.929928,6.025005,0.07005487
0.3496337,0.009084889,-0.04528846,2.978597,6.075982,0.07575863
0.3518515,0.02725449,-0.006988462,2.924433,6.075984,0.02142314
0.3266158,0.01188661,0.03221901,2.930202,6.125001,0.06979779
0.3486486,0.0001130698,-0.02645117,2.976223,6.125005,0.02383672
0.3520487,0.02168709,-0.008796352,2.924451,6.175194,0.0214879
0.3486816,0.006728429,-0.044797,2.978528,6.17517,0.07565129
0.3295575,-0.0008297569,-0.02711568,2.97813,6.124597,0.07675524
0.3083732,0.01687394,0.04017701,2.930079,6.174976,0.06988531
0.320787,-0.001990933,-0.02364682,2.92341,6.124602,0.02189221
0.2837253,0.004407582,0.03467298,2.92982,6.275006,0.07014324
0.3355422,-0.002619622,-0.009477129,2.924104,6.224325,0.02171782
0.3375996,-0.0008735328,-0.0449303,2.9783,6.22431,0.07596485
0.2919539,0.009412908,0.03779682,2.9299,6.225017,0.07005015
0.330129,0.005941456,-0.04667548,2.978296,6.275445,0.07612701
0.3322261,0.01761509,-0.007991263,2.92394,6.275458,0.02172331
0.2824108,0.008621458,0.03299621,2.929785,6.325016,0.07017724
0.3330505,0.02343596,-0.00862712,2.92398,6.375617,0.02180204
0.3309702,0.006761509,-0.04665854,2.978206,6.375601,0.07608464
0.3271876,-0.002432523,-0.04775022,2.978275,6.324527,0.07616468
0.2859646,0.008012205,0.03514048,2.929757,6.375016,0.07018288
0.330465,-0.003930145,-0.008893029,2.923911,6.324539,0.02173687
0.3107508,0.0006875915,0.01611119,2.967039,6.437514,0.03296549
0.2976922,-0.005405569,-0.0190242,2.963952,6.412161,0.009901752
0.3134966,0.003516287,0.01791328,2.967046,6.412496,0.03297785
0.2951263,0.01250081,-0.01866077,2.963939,6.437736,0.00987331
0.303248,0.003960011,0.01512537,2.967033,6.562518,0.03298887
0.2891243,0.01107633,-0.01923015,2.964045,6.587846,0.009924432
0.3053546,0.002584041,0.01793761,2.967036,6.587563,0.03300171
0.2873223,-0.007719864,-0.01856158,2.964052,6.56224,0.009912017
0.2929521,-0.003215078,0.03769134,2.929439,6.675767,0.07052714
0.3268316,-0.01166638,-0.009036124,2.924392,6.624242,0.02196773
0.3120447,-0.000396425,-0.03190835,2.978048,6.624252,0.07566134
0.2907779,0.000888393,0.03871304,2.929566,6.62542,0.07038797
0.3124197,0.003658032,-0.03169694,2.977974,6.67546,0.07552862
0.3262637,0.01797595,-0.01130141,2.924489,6.675403,0.02203624
0.2806427,-0.007333124,0.03460067,2.929332,6.726282,0.07067303
0.3103298,0.01472454,-0.005611848,2.926214,6.775381,0.02290328
0.308949,0.003613728,-0.04308201,2.977215,6.775741,0.07379782
0.3101174,-0.003897892,-0.04216127,2.977812,6.724768,0.07517903
0.289061,-0.002880587,0.0295507,2.929029,6.777464,0.07112757
0.3058913,-0.001585893,-0.001491709,2.924821,6.724628,0.02222045
0.2821626,0.0188143,-0.001957616,2.927918,6.877965,0.1250441
0.2947387,0.02448337,0.000459679,2.977843,6.828199,0.1253248
0.2958463,-0.02391684,0.00941258,2.932275,6.832447,0.1740524
0.3070324,0.01520825,0.005689077,2.978153,6.878282,0.1749131
0.3014132,-0.01653771,-0.001915727,2.930699,6.830968,0.1230967
0.3079656,0.01293998,-0.01392537,2.977357,6.877477,0.1249022
0.2793127,0.01384717,0.009703613,2.927993,6.879247,0.1752455
0.2821933,0.01885226,0.01140666,2.928675,6.879827,0.2753847
0.300752,-0.02600854,0.0008639979,2.932997,6.833166,0.2243879
0.3117866,0.01461572,-0.006247453,2.978476,6.878627,0.2248105
0.3004059,0.01612882,0.005545652,2.979742,6.829017,0.2754962
0.2818515,0.02076223,-0.01295221,2.928464,6.879661,0.2241595
0.2993962,-0.0262636,0.002493286,2.933354,6.833508,0.2747869
0.3109509,0.01441662,0.004812793,2.978601,6.878762,0.2749455
0.2829763,0.01888583,-0.01279495,2.928769,6.879877,0.3243829
0.3023389,0.01855148,-0.005464576,2.97979,6.829129,0.3244437
0.300203,-0.02502446,0.002717921,2.933531,6.833672,0.375013
0.31227,0.01375024,0.005834557,2.978655,6.878825,0.3750242
0.3016345,-0.02500243,-0.0007249285,2.933472,6.833626,0.3248156
0.3129035,0.0143366,-0.00574989,2.978643,6.87881,0.3249561
0.2831005,0.01808111,0.01326747,2.928788,6.879896,0.3755422
0.2817904,0.01802563,0.01375543,2.928749,6.879901,0.4755676
0.2995196,-0.02517214,0.001038008,2.933535,6.83368,0.4249356
0.3112067,0.01376713,-0.004714409,2.978654,6.878829,0.4249887
0.3011759,0.01780813,0.005873898,2.97982,6.829156,0.475577
0.2815437,0.01828803,-0.01115938,2.928781,6.879899,0.4244595
0.2991208,-0.0254214,0.002007364,2.933524,6.833677,0.4750649
0.311364,0.01361696,0.005863217,2.978647,6.878828,0.4750325
0.2787488,0.01777203,-0.01117873,2.928723,6.879899,0.5244556
0.2994593,0.01875992,-0.00484384,2.979816,6.829155,0.5244623
0.2957136,-0.0244119,0.001086208,2.933485,6.833658,0.5750639
0.3097497,0.01340129,0.005205183,2.978631,6.878825,0.5750261
0.2963667,-0.02444315,0.0003874868,2.933506,6.833671,0.5249521
0.3098975,0.0135989,-0.004586038,2.97864,6.878827,0.5249861
0.2787942,0.01758218,0.01282751,2.928686,6.879898,0.5755517
0.279549,0.01768339,0.01291864,2.928635,6.879898,0.6755373
0.29669,-0.02405234,-0.0002454161,2.933466,6.833653,0.6249405
0.3100895,0.01352629,-0.005225103,2.978623,6.878825,0.624978
0.3000291,0.0191343,0.005593058,2.979802,6.829148,0.6755645
0.279544,0.0177333,-0.01208351,2.928662,6.879897,0.6244348
0.296436,-0.02404533,0.001180492,2.933447,6.83365,0.6750541
0.3100514,0.01342917,0.005470726,2.978617,6.878824,0.6750202
0.2778762,0.01753918,-0.01192033,2.928619,6.879897,0.7244247
0.2993593,0.01938423,-0.005176874,2.979798,6.829147,0.7244491
0.2948839,-0.02377786,0.0005171763,2.933424,6.83364,0.7750511
0.3093393,0.01339487,0.005031907,2.978609,6.878823,0.7750191
0.294927,-0.02376938,-0.0003717905,2.933434,6.833647,0.7249316
0.3093255,0.01340464,-0.004934656,2.978612,6.878824,0.7249743
0.2778902,0.01751176,0.01217895,2.928605,6.879896,0.7755361
0.2790706,0.01771717,0.01244915,2.92859,6.879896,0.8755415
0.295933,-0.0237662,-0.0007640625,2.933416,6.833638,0.8249287
0.309962,0.01342978,-0.005346001,2.978606,6.878824,0.8249738
0.3000117,0.0195219,0.005406127,2.979793,6.829146,0.8755584
0.2790736,0.01765576,-0.01262241,2.928597,6.879896,0.824426
0.2959547,-0.02374271,0.0008169264,2.93341,6.833641,0.8750522
0.3099994,0.01343851,0.005262139,2.978605,6.878824,0.8750201
0.2783823,0.01765132,-0.01220864,2.928587,6.879897,0.9244321
0.2997461,0.01957673,-0.005317889,2.979792,6.829146,0.9244448
0.2952851,-0.02370614,0.0006318428,2.933406,6.833635,0.9750561
0.3097585,0.01341742,0.005155635,2.978604,6.878824,0.9750217
0.295308,-0.02371016,-0.0006858209,2.933406,6.83364,0.9249314
0.3097513,0.01342677,-0.005085416,2.978604,6.878824,0.9249752
0.2783846,0.01759448,0.01236654,2.928586,6.879896,0.9755485
0.2786607,0.01768245,0.01239243,2.928586,6.879896,1.075553
0.2955154,-0.02366251,-0.0006379877,2.933405,6.833634,1.024933
0.3098902,0.01342305,-0.00520699,2.978604,6.878824,1.024976
0.2998893,0.01965183,0.00537724,2.979792,6.829147,1.075557
0.2786541,0.01763276,-0.01236443,2.928586,6.879896,1.024437
0.2955371,-0.0236638,0.0007546144,2.933404,6.833638,1.075058
0.3099314,0.01343278,0.005205594,2.978604,6.878824,1.075022
0.2784315,0.01765483,-0.0123033,2.928587,6.879896,1.124441
0.2998012,0.01966651,-0.005371947,2.979792,6.829147,1.124444
0.2953184,-0.02362967,0.00054711,2.933405,6.833634,1.175061
0.3098325,0.01342058,0.005129948,2.978604,6.878824,1.175023
0.2953373,-0.02364866,-0.0007564075,2.933404,6.833638,1.124936
0.3098522,0.01342979,-0.00514626,2.978604,6.878824,1.124977
0.2784257,0.01761027,0.01226851,2.928588,6.879896,1.175555
0.2786691,0.01769265,0.01233701,2.928589,6.879896,1.275556
0.2955329,-0.02359091,-0.0007024066,2.933405,6.833633,1.224937
0.3099975,0.01343324,-0.005228576,2.978604,6.878824,1.224977
0.2999877,0.01974177,0.005373649,2.979792,6.829147,1.275557
0.2786624,0.01763992,-0.01243906,2.928588,6.879896,1.224443
0.295562,-0.023592,0.0007416514,2.933405,6.833637,1.275061
0.3100379,0.01344261,0.005181077,2.978604,6.878825,1.275023
0.2785784,0.01768215,-0.0123173,2.928589,6.879896,1.324443
0.2999591,0.0197449,-0.005382091,2.979792,6.829147,1.324443
0.2954617,-0.0235768,0.0006290666,2.933406,6.833633,1.375062
0.3099851,0.01343366,0.005183621,2.978605,6.878824,1.375023
0.295483,-0.0235903,-0.0007629985,2.933405,6.833637,1.324938
0.3100151,0.01344297,-0.005164319,2.978604,6.878825,1.324977
0.2785716,0.01762846,0.01236653,2.92859,6.879896,1.375557
0.2785757,0.01767673,0.01233325,2.92859,6.879896,1.475557
0.2954552,-0.02357426,-0.0006120235,2.933406,6.833633,1.424938
0.3099754,0.01343142,-0.005172077,2.978605,6.878824,1.424977
0.2999469,0.01974351,0.00537825,2.979792,6.829148,1.475557
0.2785663,0.01762682,-0.01233081,2.92859,6.879896,1.424443
0.2954806,-0.02358851,0.000753212,2.933405,6.833637,1.475062
0.3100144,0.01344132,0.005173072,2.978605,6.878825,1.475023
0.2785744,0.0176767,-0.01233881,2.92859,6.879896,1.524443
0.2999488,0.01974337,-0.005381089,2.979792,6.829148,1.524443
0.2954584,-0.02357486,0.0006034324,2.933406,6.833633,1.575062
0.3099793,0.01343154,0.005167386,2.978605,6.878824,1.575023
0.2954831,-0.0235881,-0.0007591606,2.933405,6.833637,1.524938
0.3100156,0.01344176,-0.005174909,2.978605,6.878825,1.524977
0.2785669,0.01762651,0.01232116,2.92859,6.879896,1.575557
0.2785937,0.01768368,0.0123108,2.928589,6.879896,1.675557
0.2954788,-0.02357745,-0.0006375144,2.933406,6.833633,1.624938
0.3100002,0.01343497,-0.005188349,2.978605,6.878824,1.624977
0.2999757,0.01974674,0.005379753,2.979792,6.829147,1.675556
0.2785856,0.01762914,-0.01237549,2.92859,6.879896,1.624443
0.2955001,-0.02359172,0.0007569411,2.933405,6.833637,1.675062
0.310032,0.0134441,0.005162012,2.978604,6.878825,1.675023
0.2786869,0.0176936,-0.01234305,2.928589,6.879896,1.724444
0.3000085,0.01974327,-0.005376168,2.979792,6.829147,1.724443
0.2955545,-0.02359303,0.0006964702,2.933405,6.833634,1.775063
0.3100202,0.01343415,0.005226139,2.978604,6.878824,1.775023
0.2955831,-0.02359309,-0.000747402,2.933405,6.833637,1.724939
0.3100584,0.01344389,-0.005183747,2.978604,6.878825,1.724977
0.2786816,0.017641,0.0124338,2.928588,6.879896,1.775557
0.2784565,0.01765594,0.012294,2.928587,6.879896,1.875559
0.2953457,-0.02363465,-0.000553634,2.933405,6.833634,1.824939
0.3098611,0.01342213,-0.005133996,2.978604,6.878824,1.824977
0.299831,0.01966605,0.005368404,2.979792,6.829147,1.875556
0.2784502,0.01761143,-0.01227595,2.928588,6.879896,1.824445
0.2953656,-0.02365492,0.0007474423,2.933404,6.833638,1.875064
0.3098833,0.01343182,0.005142778,2.978604,6.878824,1.875023
0.2786938,0.01768344,-0.01240591,2.928586,6.879896,1.924447
0.2999285,0.01965113,-0.00538302,2.979792,6.829147,1.924443
0.2955556,-0.02366924,0.0006199794,2.933405,6.833634,1.975067
0.3099334,0.01342401,0.005199379,2.978603,6.878824,1.975024
0.2955763,-0.02367071,-0.0007655071,2.933404,6.833638,1.924942
0.3099712,0.0134351,-0.005211707,2.978603,6.878824,1.924978
0.2786894,0.01763356,0.01234606,2.928586,6.879896,1.975563
0.4902777,0.04641908,-0.04385088,2.930497,5.12496,2.930485
0.5359385,0.06916342,0.02123165,2.925602,5.176078,2.978899
0.4915513,0.03807263,-0.04514458,2.930909,5.174997,2.93088
0.5348833,0.0161264,0.02078243,2.924972,5.124048,2.978751
0.4532235,0.02381893,-0.03721852,2.932297,5.275013,2.932199
0.4384543,0.02746147,0.02876471,2.925543,5.224711,2.978946
0.4626433,0.02880961,-0.04011252,2.931806,5.225032,2.931753
0.440024,0.03997035,0.0233683,2.92601,5.275485,2.979391
0.4540856,0.03477492,-0.03709575,2.931904,5.32494,2.931793
0.4774806,0.04286418,0.01881611,2.925946,5.375208,2.978992
0.4386113,0.03610882,-0.04513083,2.931269,5.37496,2.931188
0.4380133,0.00416744,0.03238303,2.925569,5.324197,2.979045
0.4148146,0.01261521,-0.03614001,2.932185,5.475009,2.932097
0.4408896,0.01700603,0.01337809,2.925991,5.424745,2.979029
0.4018643,0.02084423,-0.04403398,2.931336,5.425001,2.931283
0.3929694,0.04118851,0.0276968,2.925832,5.475751,2.979194
0.4084921,0.02231321,-0.03536877,2.933014,5.524938,2.93292
0.3972014,0.03956013,0.02895963,2.927257,5.575674,2.979835
0.4131831,0.02390138,-0.03587053,2.933255,5.575023,2.933211
0.3986361,0.004048312,0.02613714,2.92681,5.5245,2.979758
0.3628879,0.02113603,-0.03981331,2.931315,5.724998,2.931264
0.3999633,0.04099164,0.01489537,2.925863,5.776128,2.979013
0.3630328,0.01578371,-0.04173523,2.931251,5.77503,2.931212
0.3975563,-0.005880033,0.01498811,2.925934,5.72408,2.97908
0.3499535,0.00869666,-0.03478837,2.932431,5.87499,2.932368
0.3389637,0.009861438,0.02568876,2.925572,5.824719,2.979009
0.356835,0.009861646,-0.03580381,2.931962,5.825033,2.931933
0.3401165,0.02595993,0.0200709,2.926033,5.875473,2.979465
0.3276789,0.01057896,-0.02876752,2.933717,6.124922,2.93357
0.3164295,0.02734774,0.02498907,2.928132,6.175667,2.980007
0.329829,0.0117879,-0.03058584,2.933856,6.175004,2.933715
0.3138035,-0.002084474,0.02585393,2.927889,6.12445,2.979994
0.3124776,0.005183144,-0.02732624,2.93365,6.275089,2.9335
0.2987126,-0.006003041,0.02364196,2.92812,6.224338,2.980003
0.3162153,0.007946791,-0.03003681,2.93384,6.224994,2.933698
0.2959592,0.01640253,0.02417491,2.927836,6.275555,2.979972
0.3076944,0.008170981,-0.02888976,2.933131,6.325066,2.932995
0.3015907,0.01219668,0.02380474,2.926016,6.375339,2.979048
0.309926,0.01348735,-0.03077719,2.932161,6.375068,2.932058
0.3011526,-0.008702627,0.02168267,2.927166,6.324555,2.979728
0.2944523,-0.003502999,-0.0139634,2.967886,6.437625,2.967743
0.2953574,-0.01534703,0.02410667,2.965722,6.411725,2.990717
0.2879608,0.005044826,0.01830278,2.96504,6.437678,2.990387
0.312447,0.00253457,-0.01179346,2.968653,6.412609,2.968491
0.2894072,0.006846619,-0.01307181,2.967815,6.562416,2.967697
0.2861073,0.02035403,0.02312771,2.965638,6.588284,2.99069
0.2798024,-0.001348902,0.01784292,2.965017,6.562303,2.990368
0.3059088,0.003781723,-0.01175381,2.968506,6.587477,2.968405
0.3018322,0.005520304,-0.01110829,2.968413,6.763131,2.968252
0.2733537,0.008673585,0.01902618,2.965267,6.788019,2.990195
0.2917947,0.003987097,-0.01552834,2.96759,6.788535,2.96739
0.275697,-0.01141379,0.02192355,2.96587,6.761897,2.990619
0.2831838,0.01914826,0.001361577,2.927985,6.877901,2.874701
0.2973214,-0.02386545,-0.009145115,2.93231,6.832415,2.825935
0.2805644,0.01426905,-0.009038859,2.927993,6.879231,2.824596
0.3027203,-0.01538999,0.0005648577,2.930833,6.830862,2.876901
0.2842979,0.01468161,0.02381043,2.87563,6.877353,2.926446
0.2982828,0.02189962,0.008584281,2.875286,6.826674,2.977216
0.3060031,0.00895134,0.006007336,2.877376,6.829365,2.929052
0.2476748,-0.0003750554,-0.001939656,2.887786,6.889436,2.989334
0.3099976,0.002988468,-0.01588521,2.96662,6.839963,2.966441
0.2979311,-0.008348261,0.01171516,2.964759,6.812767,2.989943
0.3102866,-0.002433636,-0.0185767,2.967076,6.813992,2.966901
0.2957968,0.01096263,0.01229948,2.964949,6.838533,2.989562
0.2953509,-0.02371324,-0.0006507262,2.933406,6.833635,2.024944
0.309825,0.01342095,-0.005166614,2.978604,6.878824,2.024978
0.2998152,0.01958272,0.005311373,2.979792,6.829146,2.075555
0.2784414,0.01759727,-0.01238819,2.928586,6.879896,2.024451
0.3098189,0.01343105,0.005077993,2.978604,6.878824,2.075025
0.2784411,0.01765582,0.01218942,2.928587,6.879897,2.075568
0.2953752,-0.02371774,0.0006691697,2.933406,6.83364,2.075069
0.3001018,0.01952723,-0.005412943,2.979793,6.829146,2.124441
0.3100553,0.0134341,0.005345988,2.978606,6.878824,2.175026
0.3100878,0.01344335,-0.005271294,2.978605,6.878824,2.12498
0.2791579,0.01772408,-0.01246701,2.92859,6.879896,2.124458
0.2960304,-0.02377725,0.0007561747,2.933416,6.833639,2.175071
0.2960505,-0.02375084,-0.000828349,2.933409,6.833641,2.124948
0.279164,0.01766165,0.01262011,2.928597,6.879896,2.175574
0.3094229,0.01339857,-0.005035585,2.978608,6.878823,2.224981
0.2994471,0.01938226,0.005156215,2.979798,6.829148,2.275551
0.3094125,0.01340743,0.004909278,2.978612,6.878824,2.275026
0.2779265,0.01753548,0.01186742,2.928619,6.879897,2.275575
0.2949521,-0.02379849,-0.0005284363,2.933424,6.83364,2.224949
0.2779375,0.01750764,-0.01218871,2.928605,6.879896,2.224464
0.2949941,-0.02379254,0.0003286668,2.933434,6.833647,2.275069
0.3001865,0.01912577,-0.005614784,2.979802,6.829148,2.324436
0.3102657,0.01353362,0.005199191,2.978623,6.878825,2.375022
0.3102087,0.01343691,-0.005502502,2.978617,6.878824,2.32498
0.2797094,0.01769089,-0.01298446,2.928635,6.879898,2.324462
0.2968569,-0.0240975,0.0001747399,2.933467,6.833653,2.37506
0.2966108,-0.02407818,-0.00122097,2.933447,6.83365,2.324947
0.2797108,0.0177426,0.01201327,2.928662,6.879898,2.375565
0.309973,0.01341634,-0.005241979,2.978631,6.878825,2.424974
0.2996731,0.01880879,0.004800969,2.979816,6.829155,2.475541
0.3101199,0.01362078,0.004515149,2.97864,6.878827,2.475014
0.2788696,0.0177849,0.01102033,2.928723,6.879899,2.475542
0.2959005,-0.02444169,-0.001181225,2.933486,6.833658,2.424937
0.2789197,0.01758543,-0.01291473,2.928686,6.879899,2.424447
0.2966002,-0.02448035,-0.0005209483,2.933507,6.83367,2.475049
0.3016159,0.01778384,-0.005896692,2.97982,6.829156,2.524429
0.3116623,0.01377968,0.004694458,2.978655,6.878828,2.575012
0.3117988,0.01363288,-0.005932992,2.978647,6.878828,2.524968
0.2822846,0.0180495,-0.0138985,2.928749,6.879901,2.524428
0.3000206,-0.02528081,-0.001205628,2.933536,6.833678,2.575064
0.2996308,-0.02550373,-0.002085764,2.933525,6.833677,2.524936
0.2820448,0.01831084,0.01102844,2.928782,6.879899,2.575529
0.312757,0.01375894,-0.005854151,2.978655,6.878824,2.624976
0.3027526,0.01864721,0.005343349,2.979793,6.829124,2.675591
0.3132439,0.01435526,0.00557175,2.978645,6.878806,2.675043
0.2831549,0.01891089,0.01238741,2.928772,6.879874,2.675577
0.3005538,-0.02515537,-0.002834985,2.933533,6.833669,2.624985
0.2833709,0.0180961,-0.01336979,2.928789,6.879895,2.624438
0.3019735,-0.02511026,0.0003070649,2.933478,6.833619,2.67518
0.3015558,0.01586442,-0.00563969,2.979749,6.829012,2.724557
0.3022392,-0.02605488,-0.001677167,2.933012,6.833149,2.775603
0.3125255,0.01470146,0.006140695,2.978484,6.878618,2.775185
0.3120019,0.01444385,-0.004928221,2.978604,6.878756,2.725053
0.2828755,0.02090883,0.01245946,2.928469,6.879647,2.775729
0.2834045,0.01899906,-0.01156007,2.928675,6.879821,2.724553
0.3006387,-0.026586,-0.002708369,2.933358,6.833502,2.725207
0.47061,0.02474092,0.0180123,2.967089,5.262511,0.03287571
0.4553395,0.03126896,-0.02116571,2.963951,5.287849,0.009882898
0.4730319,0.023171,0.02157262,2.967061,5.28752,0.03289976
0.4518037,0.01280315,-0.02276341,2.963968,5.262254,0.009849067
0.4638802,0.01149295,0.01748723,2.967029,5.337516,0.0329154
0.4451972,-0.00333363,-0.02135998,2.963938,5.312161,0.009887159
0.4674207,0.0122215,0.02094012,2.967045,5.3125,0.03290921
0.4432692,0.01996695,-0.02095977,2.963914,5.337761,0.009865815
0.307296,0.006578893,0.01552402,2.96704,6.462491,0.03296364
0.2970847,0.01636706,-0.0188869,2.963996,6.487812,0.009905323
0.3093851,0.006448803,0.01718833,2.967048,6.487515,0.0329788
0.2954461,-0.004112747,-0.01857952,2.963949,6.462228,0.009873724
0.3008118,-0.001750073,0.0149874,2.967034,6.537536,0.03298781
0.2875224,-0.00755479,-0.01855574,2.964028,6.512137,0.009917691
0.3035153,0.0008490765,0.01706677,2.96705,6.512504,0.03298732
0.2851509,0.009285904,-0.01800042,2.96405,6.537739,0.009911544
0.3036326,-0.002168394,0.01024181,2.966263,6.866412,0.0338018
0.2890347,0.01118317,-0.01101774,2.963063,6.888982,0.01110114
0.3085634,0.00984815,0.01167334,2.964214,6.889731,0.03596462
0.3090349,-0.005650297,-0.01032768,2.963944,6.864196,0.01039981
0.2961264,-0.01049099,0.001074219,2.966938,6.867063,0.06016537
0.2889789,0.01401189,0.01483781,2.965624,6.890533,0.08769768
0.2834057,0.01130313,-0.0004334547,2.965359,6.889874,0.06161618
0.3083677,-0.01163773,0.007284582,2.968013,6.868124,0.08610146
0.3076574,0.00803242,0.001019836,2.939863,6.866652,0.03355108
0.3154082,0.001535592,0.01146064,2.912959,6.890036,0.03555592
0.3150499,-0.005564384,-0.003679703,2.912674,6.864788,0.01006573
0.2850024,0.003053884,-0.003096599,2.938138,6.889331,0.01078568
0.3116894,0.004840324,0.005095848,2.913901,6.867087,0.03307566
0.3032091,0.002566492,0.009023354,2.938682,6.889687,0.03533429
0.3039704,-0.003030255,-0.003803799,2.938411,6.864971,0.01043996
0.3036844,0.003601215,-0.0138084,2.967487,6.462563,2.967361
0.2952304,0.0155289,0.01893208,2.96442,6.487834,2.990125
0.2941594,-0.008368026,0.01921183,2.964586,6.462242,2.990213
0.3059892,0.005718513,-0.01618985,2.967338,6.487534,2.96722
0.2974291,0.0002886445,-0.0134845,2.96745,6.537467,2.967333
0.2860051,-0.008033939,0.01872024,2.964418,6.512123,2.990123
0.2847818,0.01236904,0.01877943,2.964588,6.537721,2.9902
0.2998852,0.0004082728,-0.01608318,2.96733,6.51249,2.967215
0.298756,-0.00119733,-0.008260995,2.966352,6.866389,2.966141
0.2758754,0.0131608,0.01197576,2.963174,6.888937,2.988855
0.300776,0.01181939,-0.008050309,2.964271,6.889722,2.963947
0.3046418,-0.003397777,0.01066085,2.964165,6.864138,2.989545
0.2962732,-0.01054171,0.001472348,2.966959,6.867054,2.93979
0.2890394,0.01393725,-0.01363643,2.965626,6.890533,2.912209
0.3088991,-0.01165468,-0.0041549,2.968025,6.868124,2.91386
0.2822803,0.01152162,0.003256802,2.96537,6.889871,2.938303
0.5019379,0.03865083,-0.02693653,2.964632,5.187786,0.009634656
0.519241,0.04003537,0.01846696,2.967634,5.187608,0.03236248
0.5284184,0.03923374,0.009431876,2.968237,5.162554,0.03172341
0.503978,-0.002294474,-0.02907022,2.965119,5.161804,0.009294562
0.4113162,0.007697913,-0.02170044,2.963933,5.412148,0.009894046
0.4396756,0.01922176,0.01960146,2.967036,5.412493,0.03293422
0.4340667,0.01333713,0.01698412,2.967038,5.437512,0.03294232
0.4060661,0.02299367,-0.02159529,2.963911,5.437738,0.009864119
0.4258768,0.0209602,0.01635155,2.96704,5.562491,0.03294837
0.4080946,0.02849706,-0.0230649,2.963941,5.587847,0.009895558
0.4286436,0.02316174,0.01888426,2.967047,5.587508,0.03295475
0.4050344,0.0006329698,-0.0221999,2.963915,5.562263,0.00986712
0.3964876,0.009182442,0.01674872,2.967055,5.637505,0.0329824
0.3760671,0.003850206,-0.02113816,2.96395,5.612142,0.009896355
0.4014009,0.01442341,0.01908273,2.967054,5.612488,0.03296691
0.3714997,0.02009075,-0.02071491,2.963949,5.637725,0.009873378
0.3735607,0.0252533,-0.02203756,2.963957,5.787853,0.009900923
0.3929036,0.0186863,0.01869564,2.967056,5.78751,0.03297942
0.3901494,0.01685634,0.01624347,2.967056,5.762495,0.03298739
0.3707515,-0.001562203,-0.02136301,2.963953,5.762274,0.009875733
0.3669515,0.006411888,0.01666303,2.967031,5.837507,0.0329754
0.3483846,0.0008377128,-0.02045524,2.963952,5.812144,0.009903463
0.3713182,0.01086779,0.01877424,2.967051,5.812488,0.0329821
0.3444567,0.01804624,-0.01988681,2.963927,5.837733,0.009885453
0.3619688,0.0139584,0.01629684,2.967063,5.962484,0.03295912
0.3474816,0.02357844,-0.02136755,2.964004,5.987835,0.009894617
0.3645088,0.01581133,0.01853246,2.96709,5.987495,0.03296115
0.3447464,-0.002914082,-0.02072871,2.963947,5.962255,0.009866602
0.325153,-0.000664812,-0.02018626,2.964079,6.012144,0.00989472
0.343304,0.008438585,0.01727704,2.967132,6.012477,0.03294195
0.340057,0.006533123,0.01421892,2.967211,6.037493,0.03286719
0.322248,0.02024062,-0.02005078,2.964211,6.037772,0.009841974
0.341703,0.01441812,0.0106567,2.967692,6.162473,0.03233274
0.3173565,0.01281074,-0.02139944,2.964356,6.187719,0.009733922
0.3309635,0.01045205,0.01656479,2.967377,6.187542,0.03266204
0.3208966,-0.01226203,-0.02505991,2.964536,6.161728,0.009536535
0.3222957,0.001819452,0.01515448,2.967105,6.237524,0.0329077
0.3093919,-0.008798531,-0.02067854,2.964119,6.212139,0.009835364
0.3265869,0.003507038,0.01668864,2.967188,6.212517,0.03283724
0.3060986,0.01305782,-0.01953528,2.96399,6.237746,0.009846684
0.3077981,0.01795055,-0.01976161,2.963949,6.387861,0.009912545
0.3230712,0.009134719,0.01782532,2.967039,6.387513,0.03298783
0.3206202,0.008505602,0.01575864,2.967033,6.362489,0.03299437
0.3055057,-0.005266284,-0.01933338,2.963938,6.362266,0.009888158
0.2962663,-0.01239823,-0.01789451,2.964018,6.612167,0.009911836
0.3145691,-0.002197111,0.02078292,2.967038,6.612557,0.03299719
0.3121683,-0.002517343,0.01833409,2.967022,6.637601,0.03300398
0.2940688,0.008615306,-0.01783736,2.963994,6.637751,0.009887478
0.2793797,0.01347916,-0.01934778,2.964258,6.788141,0.01006116
0.3001544,0.004632782,0.01683294,2.966804,6.788484,0.03318897
0.2983163,0.002952908,0.01485341,2.966913,6.763063,0.03306774
0.2781191,-0.005119413,-0.01752632,2.964224,6.762365,0.009983157
0.3122402,0.0009362834,0.01711055,2.96645,6.839977,0.03359892
0.2988874,-0.005019341,-0.01152303,2.964213,6.812814,0.01012918
0.3128007,-0.002527095,0.02039842,2.966707,6.813991,0.03329834
0.2989573,0.00988713,-0.01213498,2.964629,6.838555,0.01042024
0.5113669,0.05754953,0.02849577,2.96567,5.188304,2.990719
0.4971311,0.01843916,0.02507848,2.965141,5.162302,2.990438
0.5063992,0.03723279,-0.01238101,2.967964,5.162414,2.967821
0.5285031,0.04279543,-0.01753974,2.968612,5.18744,2.968457
0.4687464,0.03098934,-0.009714899,2.968701,5.362545,2.968567
0.4408448,0.03049595,0.02566843,2.965376,5.387776,2.990463
0.4595546,0.03090608,-0.01708423,2.968159,5.387535,2.968018
0.4428683,-0.005801726,0.02826675,2.965767,5.361824,2.990773
0.4336787,0.009836549,-0.01331595,2.968719,5.437406,2.968667
0.4024825,0.004163601,0.02357763,2.965377,5.412199,2.99047
0.4246132,0.01640899,-0.01666293,2.968163,5.412435,2.968049
0.4033042,0.0254146,0.02678401,2.965773,5.438139,2.990789
0.3801797,0.01661718,-0.03287248,2.932223,5.675022,2.932161
0.3660729,0.0003617049,0.02325679,2.926923,5.624344,2.979666
0.3822767,0.0180975,-0.03645262,2.932984,5.625036,2.932947
0.3596022,0.01490803,0.02812508,2.925942,5.675147,2.979152
0.367524,0.01670146,-0.01115005,2.968116,5.762453,2.968032
0.368259,0.03473479,0.02588065,2.965603,5.788341,2.990789
0.3890493,0.01694136,-0.01431529,2.968663,5.787443,2.968563
0.3581993,0.001777094,0.02189148,2.965217,5.762339,2.990516
0.3474007,0.02074281,-0.008118738,2.96924,5.962467,2.969194
0.3313924,0.02817675,0.02279193,2.966427,5.988227,2.991026
0.34971,0.01567127,-0.01127629,2.969315,5.987507,2.969217
0.3217208,-0.002892653,0.02030643,2.96632,5.96191,2.991045
0.4195553,0.00746502,0.01727713,2.967038,5.537511,0.03294338
0.4013519,-0.005164825,-0.02047865,2.963927,5.512158,0.009890118
0.4231012,0.008177082,0.0204541,2.96704,5.512493,0.03293718
0.3983722,0.01542548,-0.01996326,2.96391,5.537758,0.009864821
0.3886645,0.01536855,0.01743482,2.967059,5.662489,0.03299131
0.3738575,0.02225586,-0.01995612,2.964019,5.687848,0.009921386
0.3907632,0.01349272,0.01998977,2.967063,5.687511,0.03298892
0.3711943,0.004213209,-0.02025746,2.963974,5.66224,0.009883214
0.3600052,0.01227499,0.01716201,2.967031,5.862493,0.03297213
0.345845,0.01962514,-0.01953602,2.963941,5.88785,0.009896397
0.3621369,0.01068116,0.01928175,2.967052,5.887513,0.03297142
0.343387,0.001007171,-0.01946013,2.963923,5.862247,0.009883148
0.3556165,0.003109705,0.01629314,2.967053,5.937507,0.03295706
0.340462,-0.007632589,-0.01944561,2.96394,5.912161,0.009892028
0.3591693,0.003545896,0.0190838,2.967055,5.912493,0.03296027
0.3376266,0.01235722,-0.01889151,2.96393,5.937755,0.009865578
0.3013721,0.01172677,0.002700532,2.939932,6.866545,2.966367
0.2958846,0.002398096,-0.004396754,2.912982,6.889933,2.964144
0.3047665,0.001588243,0.000619065,2.912813,6.864445,2.98984
0.2643229,0.005876138,0.004253214,2.938192,6.889264,2.989176
0.3014138,0.009270498,-0.00176357,2.913955,6.866823,2.966688
0.2914274,0.00550314,-0.003227972,2.938709,6.88965,2.964551
0.2974585,0.002370421,0.003649952,2.938557,6.86483,2.989534
0.2990132,0.01092673,-0.01108487,2.888192,6.890281,0.03502297
0.2991234,0.01717675,-0.01311446,2.887972,6.865322,0.009810637
0.2541114,0.006784879,-0.006648475,2.861311,6.89024,0.00987182
0.3066626,0.02737427,-0.01985859,2.888468,6.867616,0.03255803
0.2669853,0.005332162,0.01778945,2.861994,6.890696,0.03430678
0.28864,-0.00361468,0.00841536,2.8631,6.868493,0.031663
0.2660138,-0.0109529,-0.00652229,2.861886,6.86599,0.009372293
0.4097437,0.02577289,-0.02052825,2.963926,5.487844,0.009888752
0.4270309,0.01744042,0.0206276,2.967042,5.487511,0.03293859
0.4248151,0.01939,0.01771545,2.967039,5.462492,0.03294283
0.4066459,0.007964337,-0.02129188,2.963908,5.462242,0.009862643
0.3673015,-0.006589084,-0.01981374,2.964019,5.712152,0.009921656
0.387634,0.005461833,0.01987778,2.967064,5.71249,0.03298959
0.3841194,0.004876967,0.01676193,2.96706,5.737511,0.03299398
0.3642074,0.01327388,-0.0192592,2.963976,5.73776,0.009884006
0.3262398,0.01364702,0.01478417,2.967417,6.062465,0.03268087
0.3235677,0.02603741,-0.02383265,2.96466,6.088412,0.009567178
0.3412446,0.009347994,0.01370261,2.967751,6.087526,0.03235112
0.3153432,0.006815005,-0.01876576,2.964468,6.062395,0.009734226
0.3186962,0.007025492,0.01682069,2.967073,6.262493,0.0329428
0.3075276,0.01566896,-0.01886579,2.963954,6.287835,0.009891583
0.320915,0.006096296,0.01855107,2.967066,6.287504,0.03296948
0.3058234,-0.003918448,-0.01885611,2.96395,6.262242,0.009858605
0.3162869,-9.872176e-05,0.01588541,2.967036,6.33751,0.03299234
0.3034092,-0.009073135,-0.01882064,2.963948,6.312153,0.009904638
0.3192316,0.0004846689,0.01820414,2.967052,6.312488,0.03298334
0.3010229,0.01027817,-0.01819002,2.963938,6.337759,0.009886204
0.3110296,0.006142031,0.01688591,2.967016,6.66261,0.03299989
0.2942071,0.01807452,-0.01842781,2.964029,6.687909,0.009939776
0.3132318,0.006221651,0.01894774,2.966987,6.687708,0.03301332
0.2929343,-0.004835119,-0.01811616,2.964003,6.662278,0.00989682
0.2942651,-0.001107267,0.01595806,2.966943,6.737904,0.03305365
0.2779657,-0.003273484,-0.01780414,2.964046,6.712254,0.009940104
0.2953712,0.002318614,0.01816633,2.966989,6.712752,0.03301125
0.2764349,0.01067957,-0.0176847,2.964138,6.737817,0.009950673
0.5024863,-0.01607684,0.03017849,2.964898,5.111572,2.990479
0.4951351,0.02444607,0.02602752,2.964921,5.137597,2.990375
0.5048725,0.01535505,-0.01075804,2.967772,5.137474,2.96764
0.5240784,0.01638576,-0.009670369,2.967947,5.112448,2.967821
0.3599079,-0.01760852,0.02574104,2.965804,5.711708,2.990775
0.3645728,0.002947385,-0.009708641,2.968152,5.737552,2.968049
0.3815747,0.006819557,-0.01002034,2.968768,5.712572,2.968634
0.353026,0.01108269,0.02066166,2.965292,5.737678,2.990509
0.2757082,0.009762108,0.0175121,2.888284,6.890012,2.964289
0.2897892,0.02233382,0.006517861,2.888149,6.864572,2.989937
0.2454867,-0.001066299,-0.0005530647,2.86265,6.889532,2.989434
0.2518439,-0.008581091,0.009460127,2.862354,6.864739,2.990087
0.2866456,0.03419481,0.02405238,2.888469,6.866994,2.966856
0.2257939,0.006277542,-0.01046489,2.862429,6.890127,2.964494
0.2603044,0.007542272,0.003403417,2.863079,6.867259,2.967121
-0.1103916,-0.8284987,0.001624022,5.699655,5.099897,0.09482065
-0.1420416,-0.8087799,-0.006102908,5.899546,5.099928,0.08998302
-0.1686165,-0.7750283,0.0008649515,6.099332,5.099953,0.08832143
-0.1843776,-0.7574519,-0.0007649139,6.299619,5.09997,0.08779609
-0.1983234,-0.7420769,0.0002657253,6.499806,5.099979,0.08760859
-0.2048131,-0.7378795,-0.0001614328,6.69991,5.099985,0.0875431
-0.2173635,-0.73776,0.0002204645,6.899981,5.099988,0.08754529
-0.2179159,-0.7501588,-0.0001477714,7.100049,5.099989,0.08760101
-0.2375388,-0.7642048,0.000931697,7.300143,5.099989,0.08771552
-0.2361869,-0.799774,-0.001060015,7.500313,5.099987,0.08793173
-0.003660656,-0.8457835,-0.001100248,5.410665,5.212486,0.01059424
-0.08474781,-0.7833017,-0.0006562073,5.699514,5.299984,0.09486461
-0.1168301,-0.7708651,-0.001700461,5.899417,5.299975,0.08999736
-0.1508352,-0.7511667,0.0008453229,6.099249,5.299977,0.08832542
-0.1704134,-0.7377627,-0.0001573863,6.299567,5.299982,0.08779223
-0.1918092,-0.727662,0.0002128397,6.499775,5.299987,0.08759951
-0.2036703,-0.7250878,-7.632204e-05,6.699893,5.29999,0.08753135
-0.2236845,-0.7260763,0.0003198543,6.899977,5.299992,0.08753312
-0.2307781,-0.7368999,-0.0002732346,7.100057,5.299993,0.08759037
-0.2587646,-0.7487566,0.00108403,7.300167,5.299993,0.08770854
-0.2661529,-0.7767251,-0.001256645,7.500366,5.299993,0.08793065
-0.002598056,-0.7913702,-0.001359142,5.410665,5.412484,0.01059796
-0.06998668,-0.7398816,-0.001238508,5.699422,5.499996,0.09487207
-0.1034186,-0.7385024,-0.002831897,5.899336,5.49999,0.0900029
-0.1353856,-0.7238164,0.0006526282,6.099193,5.499989,0.08832689
-0.160905,-0.7157442,-0.0004585353,6.299529,5.49999,0.08779026
-0.1855988,-0.7083627,0.0002532862,6.499752,5.499993,0.08759519
-0.2032557,-0.7073152,-0.0001669493,6.699881,5.499994,0.08752566
-0.22906,-0.7087782,0.0003886983,6.899973,5.499995,0.08752713
-0.2409557,-0.7179544,-0.0003970839,7.100061,5.499996,0.08758531
-0.2767542,-0.7275724,0.001408402,7.300184,5.499996,0.08770553
-0.2862834,-0.7495372,-0.001180022,7.500401,5.499997,0.08793056
-0.002056905,-0.747056,-0.00119148,5.410665,5.612483,0.01059843
-0.06066341,-0.7026849,-0.001151928,5.699388,5.699999,0.09486797
-0.09436553,-0.7013068,-0.001047707,5.899295,5.699996,0.09000317
-0.1279976,-0.6943601,0.0005694684,6.099159,5.699995,0.08832689
-0.1549183,-0.6882498,-9.173498e-05,6.299504,5.699995,0.08778933
-0.183352,-0.6845081,0.0002372898,6.499735,5.699996,0.08759332
-0.2041276,-0.6841254,-0.0001071108,6.699871,5.699997,0.08752316
-0.2342345,-0.6862932,0.000364313,6.899969,5.699998,0.08752455
-0.2498308,-0.6933937,-0.0004014112,7.100064,5.699998,0.08758344
-0.2898639,-0.7016292,0.001304869,7.300194,5.699998,0.08770484
-0.3027998,-0.7168883,-0.001364076,7.500421,5.699999,0.08793147
-0.002422657,-0.7051224,-0.001364346,5.410665,5.812483,0.01059838
-0.05693131,-0.6667306,-0.001688914,5.699388,5.899995,0.09485145
-0.08905657,-0.6689835,-0.001367737,5.899276,5.899998,0.09000059
-0.1223055,-0.664007,0.0004201545,6.09914,5.899998,0.0883264
-0.1510454,-0.6605845,-0.0001866274,6.299489,5.899998,0.08778878
-0.1814372,-0.6581761,0.0002152269,6.499724,5.899999,0.08759242
-0.2050731,-0.6584493,-0.0001376239,6.699865,5.899999,0.08752218
-0.2382518,-0.6605938,0.0003489111,6.899967,5.899999,0.08752378
-0.2564559,-0.6661602,-0.0003207783,7.100066,5.9,0.08758306
-0.2999906,-0.6726721,0.001442985,7.300199,5.9,0.0877054
-0.3136998,-0.6837915,-0.0008858478,7.500431,5.9,0.08793328
-0.002583097,-0.6673562,-0.001580643,5.410664,6.012482,0.01060084
-0.05394009,-0.6320469,-0.001453058,5.699388,6.100006,0.09484588
-0.08591498,-0.63477,-0.0008679712,5.899266,6.100001,0.08999971
-0.1196211,-0.6324699,0.0004185355,6.099129,6.1,0.08832603
-0.1491037,-0.6302467,-5.877232e-05,6.299479,6.1,0.08778842
-0.181214,-0.6293891,0.0002132977,6.499717,6.1,0.08759203
-0.2065791,-0.629962,-0.0001120693,6.69986,6.100001,0.08752183
-0.2418958,-0.6322123,0.0003280874,6.899964,6.100001,0.08752361
-0.2620226,-0.6364533,-0.0003264246,7.100066,6.100001,0.0875836
-0.3073556,-0.6418831,0.001342943,7.300202,6.100001,0.08770715
-0.3222726,-0.6493929,-0.000707231,7.500436,6.100001,0.08793628
-0.003033599,-0.6302481,-0.002034365,5.410665,6.212482,0.01059817
-0.05291889,-0.5984999,-0.001648141,5.699364,6.300002,0.09486248
-0.08402557,-0.6023427,-0.00101558,5.899256,6.300001,0.09000115
-0.1177929,-0.6008618,0.0003434046,6.099122,6.300001,0.08832592
-0.1479769,-0.5997461,-9.982596e-05,6.299473,6.300002,0.08778817
-0.1811398,-0.5994406,0.0001871406,6.499712,6.300002,0.08759175
-0.2079173,-0.6001738,-0.0001216726,6.699856,6.300002,0.08752162
-0.244704,-0.602207,0.0003099519,6.899962,6.300003,0.08752367
-0.2662038,-0.6054154,-0.0002968093,7.100064,6.300003,0.08758438
-0.3128337,-0.6097116,0.001316486,7.300202,6.300002,0.0877093
-0.3280951,-0.6150099,-0.0004013508,7.500436,6.300002,0.08794015
-0.003446088,-0.5947278,-0.002444962,5.410665,6.412482,0.01059818
-0.05200789,-0.5650405,-0.001549763,5.699351,6.499999,0.09486215
-0.08306503,-0.5691752,-0.0008991391,5.899242,6.500001,0.08999998
-0.1170363,-0.568527,0.0003413318,6.099113,6.500003,0.08832521
-0.147693,-0.568018,-6.382091e-05,6.299468,6.500004,0.08778773
-0.1816383,-0.5682347,0.0001839811,6.499708,6.500005,0.08759139
-0.2093623,-0.569035,-0.0001115926,6.699854,6.500005,0.08752122
-0.2471115,-0.5709167,0.0002927651,6.89996,6.500005,0.08752327
-0.2695848,-0.5733417,-0.0002866356,7.100063,6.500004,0.08758449
-0.3168886,-0.5768359,0.001253223,7.3002,6.500004,0.08771065
-0.3324935,-0.5804525,-0.0002103853,7.500434,6.500003,0.08794351
-0.004107978,-0.5586715,-0.003069971,5.410665,6.612482,0.01059809
-0.0518345,-0.5319852,-0.001652763,5.699306,6.699995,0.09484345
-0.08257091,-0.5364394,-0.0009610171,5.89921,6.700002,0.08999339
-0.1166362,-0.5361515,0.000300603,6.099098,6.700005,0.08832327
-0.1476863,-0.536054,-7.834025e-05,6.299462,6.700007,0.08778706
-0.1821502,-0.5364512,0.0001662783,6.499705,6.700008,0.08759077
-0.2106075,-0.5372173,-0.0001129375,6.699852,6.700008,0.08752023
-0.2489902,-0.5388633,0.0002758835,6.899958,6.700008,0.08752172
-0.2721621,-0.5406644,-0.0002678542,7.10006,6.700007,0.08758267
-0.3198964,-0.5434792,0.001210715,7.300197,6.700006,0.08770935
-0.3355419,-0.5459582,-7.642287e-06,7.50043,6.700005,0.08794415
-0.00399473,-0.5241077,-0.002882998,5.410662,6.812481,0.01059729
-0.05179879,-0.4985031,-0.001792877,5.699083,6.900021,0.09475181
-0.08260161,-0.5036128,-0.0009524102,5.899134,6.900008,0.08997649
-0.1166412,-0.5033641,0.0002757487,6.099074,6.900009,0.08831974
-0.1479929,-0.5035375,-7.321162e-05,6.299454,6.900011,0.08778609
-0.182798,-0.5040502,0.0001576056,6.499702,6.900013,0.08759004
-0.2117796,-0.5047631,-0.0001090135,6.69985,6.900014,0.08751866
-0.2505447,-0.5062152,0.0002592975,6.899956,6.900013,0.08751877
-0.2742282,-0.507544,-0.0002568492,7.100058,6.900012,0.0875783
-0.3221417,-0.5098401,0.00114963,7.300193,6.900009,0.08770435
-0.3378735,-0.5114802,0.0001618875,7.500425,6.900007,0.08794027
-0.01437395,-0.500312,-0.01897691,5.422644,7.025241,0.02257081
-0.05014631,-0.4668327,-0.00176863,5.698757,7.100004,0.09463955
-0.08298031,-0.4704634,-0.0008962332,5.899081,7.100009,0.08996418
-0.1165605,-0.4706992,0.000219017,6.099058,7.100013,0.08831771
-0.1483726,-0.4707981,-7.101645e-05,6.299449,7.100018,0.08778571
-0.183373,-0.4713684,0.0001449578,6.499701,7.100021,0.08758933
-0.2127748,-0.4719674,-0.000106582,6.699849,7.100023,0.0875167
-0.2517602,-0.4732358,0.0002445405,6.899955,7.100022,0.08751467
-0.2758069,-0.4741814,-0.0002415259,7.100056,7.10002,0.08757146
-0.323809,-0.4761068,0.001105713,7.30019,7.100016,0.08769559
-0.3393871,-0.4770669,0.0003319696,7.500421,7.100011,0.08793154
0.005873326,-0.4581518,0.002339608,5.409874,7.211178,0.009788646
-0.05219163,-0.4341318,-0.001430022,5.699083,7.299988,0.09474988
-0.08210338,-0.4371346,-0.0009954175,5.899134,7.300012,0.08997666
-0.1169934,-0.4376071,0.0003155865,6.099073,7.300021,0.08832031
-0.1486657,-0.4377551,-8.128189e-05,6.299453,7.300028,0.08778648
-0.1839665,-0.4383447,0.0001478526,6.499701,7.300034,0.08758923
-0.2136493,-0.4388548,-0.0001059672,6.699848,7.300037,0.08751506
-0.2527528,-0.4399739,0.0002274467,6.899954,7.300036,0.08751045
-0.2771177,-0.4406205,-0.0002387922,7.100055,7.300033,0.08756395
-0.3250453,-0.4422469,0.001019765,7.300188,7.300027,0.08768517
-0.3407367,-0.4426721,0.0004716102,7.500418,7.30002,0.08792019
-0.006126573,-0.4234461,-0.004877373,5.410663,7.412483,0.01059855
-0.05186317,-0.4002572,-0.001592297,5.699306,7.500017,0.09484232
-0.08260032,-0.4041881,-0.000974529,5.89921,7.500023,0.08999437
-0.1171836,-0.4043574,0.0002807017,6.099098,7.500035,0.08832514
-0.1491144,-0.4046363,-8.030248e-05,6.299461,7.500046,0.08778875
-0.184472,-0.4051667,0.0001386778,6.499704,7.500055,0.08759039
-0.2144055,-0.4055896,-0.0001042592,6.699849,7.500059,0.0875148
-0.2535221,-0.4065843,0.0002141111,6.899954,7.500059,0.0875078
-0.2781032,-0.4069756,-0.000225045,7.100054,7.500054,0.08755783
-0.3259534,-0.408418,0.0009846099,7.300187,7.500045,0.08767575
-0.3413937,-0.4083187,0.0006115043,7.500416,7.500034,0.08790926
-0.006288865,-0.3920597,-0.004960547,5.410665,7.612482,0.01059812
-0.05204103,-0.3674347,-0.001541844,5.699348,7.700019,0.09486286
-0.08267243,-0.3707655,-0.0009765659,5.899239,7.700036,0.09000261
-0.1174497,-0.3710356,0.0002954031,6.099111,7.700055,0.08832956
-0.1494787,-0.3712827,-8.045738e-05,6.299466,7.700073,0.08779229
-0.184922,-0.3717943,0.0001340282,6.499707,7.700087,0.08759372
-0.2150689,-0.3721328,-0.0001065569,6.699851,7.700095,0.08751717
-0.2541386,-0.3730523,0.0001908476,6.899955,7.700095,0.08750821
-0.2789852,-0.3732348,-0.0002320892,7.100055,7.700088,0.08755526
-0.3265823,-0.3746224,0.0008754788,7.300187,7.700075,0.08767011
-0.3421799,-0.3739838,0.0007363089,7.500416,7.700057,0.08790177
-0.006510481,-0.360069,-0.005017802,5.410665,7.812482,0.01059813
-0.05217941,-0.3343647,-0.001579087,5.699349,7.900025,0.09486442
-0.08292924,-0.3374847,-0.0009755384,5.899243,7.900057,0.09000645
-0.1177086,-0.3377057,0.0002823303,6.099115,7.900089,0.08833488
-0.1498797,-0.3379406,-8.286894e-05,6.29947,7.900117,0.08779882
-0.1853269,-0.3384014,0.0001251588,6.49971,7.900139,0.08760085
-0.2156656,-0.3386495,-0.0001086039,6.699853,7.900151,0.0875241
-0.2546264,-0.3394868,0.0001711501,6.899957,7.900152,0.08751375
-0.2797159,-0.3394781,-0.0002397754,7.100057,7.900142,0.0875585
-0.3270137,-0.3407575,0.0007766512,7.300188,7.900122,0.08767047
-0.3426851,-0.3396645,0.0007691086,7.500416,7.900095,0.08789982
-0.006686177,-0.3278461,-0.005001666,5.410664,8.012482,0.01059995
-0.0524031,-0.3007741,-0.001523444,5.699302,8.100046,0.09484457
-0.08303314,-0.3038959,-0.001000759,5.899229,8.100093,0.09000819
-0.1179166,-0.3040319,0.0002882346,6.099115,8.100143,0.08834323
-0.150184,-0.304305,-7.978408e-05,6.299473,8.100188,0.08781055
-0.1856388,-0.3047408,0.0001265878,6.499714,8.100222,0.08761437
-0.2161578,-0.3049355,-0.0001077882,6.699857,8.100241,0.08753827
-0.2549712,-0.3057681,0.0001405955,6.89996,8.100244,0.08752728
-0.280312,-0.3056092,-0.0002688433,7.100058,8.100229,0.08757001
-0.3272109,-0.3069432,0.000613165,7.300189,8.100198,0.08767904
-0.3430857,-0.3054249,0.0006581211,7.500416,8.100156,0.08790542
-0.009452723,-0.2916295,-0.007471345,5.410623,8.21246,0.01055501
-0.05210637,-0.2682302,-0.001643591,5.699158,8.300079,0.09479918
-0.08352179,-0.270627,-0.0009811135,5.899209,8.300154,0.09001386
-0.1181364,-0.2707789,0.0002412269,6.099116,8.300234,0.08835976
-0.1506038,-0.2709452,-8.960743e-05,6.29948,8.300305,0.08783269
-0.1859713,-0.2713277,0.0001025191,6.49972,8.300357,0.08764003
-0.2166977,-0.271405,-0.0001283764,6.699862,8.300387,0.08756547
-0.2553062,-0.2721574,0.0001030406,6.899963,8.300391,0.08755429
-0.2809569,-0.2717985,-0.0003277572,7.100059,8.300369,0.08759509
-0.3273318,-0.2730226,0.0004539239,7.300188,8.300323,0.08770077
-0.3432856,-0.2712262,0.0004367016,7.500413,8.300258,0.08792256
0.003353847,-0.2546132,0.004271558,5.409944,8.411138,0.009867894
-0.05276012,-0.2344158,-0.001381467,5.699244,8.500108,0.09483669
-0.0831424,-0.2366529,-0.0009869304,5.899233,8.500256,0.09004005
-0.118267,-0.2365774,0.0003080212,6.099135,8.500389,0.08839465
-0.1507612,-0.2369024,-4.938183e-05,6.299495,8.5005,0.08787577
-0.1861208,-0.2372708,0.0001551572,6.499732,8.50058,0.08768863
-0.2169965,-0.2373286,-8.200643e-05,6.699869,8.500624,0.08761699
-0.2553733,-0.2382202,0.0001379791,6.899966,8.50063,0.08760611
-0.2812745,-0.2376887,-0.0003052543,7.100059,8.500599,0.08764468
-0.3272079,-0.2393187,0.0004044818,7.300184,8.500531,0.08774552
-0.3435007,-0.237079,0.0002442239,7.500407,8.500433,0.08796011
-0.006296994,-0.2293779,-0.00516407,5.410664,8.612482,0.01059908
-0.05203261,-0.2013517,-0.001456067,5.699374,8.700218,0.0949073
-0.08358977,-0.2038581,-0.0009107304,5.899294,8.700451,0.0900983
-0.1184443,-0.2035364,0.0001496682,6.099173,8.700665,0.08846788
-0.1513432,-0.203817,-8.556299e-05,6.299521,8.700837,0.08796308
-0.1864255,-0.2041594,5.290085e-05,6.499749,8.700954,0.08778524
-0.2176605,-0.2040393,-0.000182223,6.69988,8.701015,0.08771827
-0.2556809,-0.2048374,4.61746e-05,6.899971,8.701025,0.08770822
-0.2821203,-0.2039169,-0.000500267,7.100057,8.700982,0.08774375
-0.3270808,-0.2054406,0.0002055049,7.300177,8.700887,0.08783756
-0.3446427,-0.2028967,1.668812e-05,7.500393,8.700742,0.08804069
-0.005900495,-0.1966846,-0.004297847,5.410665,8.812482,0.01059812
-0.05277324,-0.167025,-0.001704237,5.699446,8.900405,0.09498137
-0.08359575,-0.1687857,-0.0008527277,5.899371,8.900819,0.09022201
-0.1183882,-0.1677995,0.0002457895,6.099232,8.90117,0.08863205
-0.1514032,-0.1689046,7.207539e-05,6.299562,8.901428,0.08815435
-0.18631,-0.1692343,0.0002982484,6.499776,8.901592,0.08799179
-0.2176669,-0.1690895,7.827231e-05,6.699895,8.901674,0.08793174
-0.2552987,-0.1703824,0.0003684242,6.899976,8.901686,0.08792293
-0.2823283,-0.1692619,-0.0001101503,7.100054,8.901631,0.08795455
-0.3269346,-0.1709756,0.0006314542,7.300164,8.901505,0.0880386
-0.3453851,-0.1687948,0.0001691774,7.500367,8.901303,0.08822417
-0.005395801,-0.1630128,-0.003587248,5.410665,9.012481,0.0105981
-0.05169201,-0.1357973,-0.001703528,5.699554,9.100757,0.0951784
-0.0839044,-0.1374179,-0.0006954633,5.89949,9.101476,0.09057065
-0.1184173,-0.1358381,0.0001462569,6.099326,9.102021,0.08907989
-0.1517719,-0.1368543,0.0001483069,6.299624,9.102385,0.08865441
-0.1865728,-0.1374338,0.0001146654,6.499812,9.102595,0.08851541
-0.2185293,-0.136924,4.209972e-06,6.699914,9.102693,0.08846505
-0.2558504,-0.1380009,0.0001114218,6.899982,9.102708,0.08845781
-0.284111,-0.1356366,-0.0006143347,7.100048,9.102645,0.08848475
-0.3263406,-0.1375337,-0.0004659288,7.300143,9.102494,0.08855642
-0.3459147,-0.1342736,-0.001009484,7.500322,9.102232,0.08871653
-0.00483866,-0.1291765,-0.002543227,5.410665,9.21248,0.01059739
-0.05403932,-0.09839907,-0.001782661,5.699632,9.301131,0.09586724
-0.08378091,-0.1008194,-0.000162623,5.899585,9.302119,0.09169787
-0.11863,-0.09790678,0.001453648,6.099469,9.302788,0.090475
-0.1508073,-0.1002025,0.00158001,6.29971,9.303234,0.0901427
-0.1859215,-0.1004645,0.001695658,6.499857,9.303462,0.09003684
-0.2181717,-0.09999477,0.001234963,6.699936,9.303559,0.0899981
-0.2543972,-0.1013246,0.001543786,6.899989,9.303573,0.08999277
-0.2836468,-0.09981589,0.001086092,7.10004,9.303512,0.09001484
-0.3242155,-0.1021648,0.002313559,7.300114,9.303355,0.09007334
-0.3425646,-0.09876538,-0.001198194,7.500254,9.303054,0.09020141
-0.004102838,-0.09233928,-0.00186638,5.410665,9.412479,0.01059382
-0.04962168,-0.07267148,0.0009562029,5.699229,9.501395,0.09739816
-0.08348686,-0.07308749,0.002956864,5.899644,9.502189,0.09465063
-0.1172801,-0.07279345,0.003907067,6.099652,9.502659,0.09386466
-0.1505282,-0.07323642,0.003258173,6.299809,9.502956,0.09366342
-0.1856919,-0.07324594,0.00327332,6.499906,9.503056,0.09360074
-0.2178562,-0.07221045,0.00314198,6.699961,9.503106,0.09357353
-0.2540972,-0.07423299,0.003368857,6.899995,9.503106,0.0935706
-0.2824783,-0.07023596,0.002764667,7.100031,9.50307,0.09358789
-0.3242526,-0.07840218,0.002487071,7.300079,9.50296,0.09363715
-0.3434268,-0.06466285,-0.001967228,7.50017,9.502721,0.09373978
-0.003129195,-0.05715856,-0.000915741,5.410665,9.612491,0.01058801
-0.040644,-0.04033634,0.003029168,5.651478,9.649405,0.04524686
-0.07691385,-0.03634099,0.005092026,5.849044,9.646865,0.04307168
-0.1107295,-0.03451121,0.004075615,6.04895,9.646149,0.04292503
-0.1477769,-0.03299656,0.003251073,6.248978,9.645954,0.0429264
-0.1843826,-0.03265843,0.003339586,6.448986,9.64574,0.04295885
-0.2213514,-0.03243917,0.00141673,6.648998,9.645704,0.04296212
-0.2580824,-0.0365265,0.003154047,6.848995,9.645684,0.04296573
-0.296203,-0.03101814,-6.125113e-06,7.049001,9.645681,0.04296708
-0.3283439,-0.03981132,0.003822754,7.249001,9.645681,0.04296898
-0.3696505,-0.02149737,-0.004048098,7.449014,9.645613,0.04299172
-0.002008339,-0.01627513,-0.000121463,5.410716,9.812825,0.01065017
-0.04220418,-0.006717609,-0.000721198,5.624699,9.826663,0.02123473
-0.08012712,-0.003731279,-3.000639e-05,5.824448,9.828661,0.02010619
-0.1204038,0.008119042,-6.412736e-05,6.023993,9.826317,0.02126815
-0.1653209,0.001707544,-0.001934505,6.224826,9.825521,0.02147526
-0.2002888,0.02128094,-0.003094329,6.424506,9.824927,0.02191017
-0.23697,0.03073328,-0.004779257,6.624559,9.824958,0.02187274
-0.2778623,0.02609888,-0.001643707,6.824439,9.824966,0.02188265
-0.3171166,0.02989769,-0.00350592,7.024493,9.824865,0.0219337
-0.3349066,0.01710364,-0.005943602,7.223967,9.825295,0.02163815
-0.3886014,0.03211048,-0.003442545,7.424495,9.824831,0.02194884
-0.05334704,-0.882339,-0.009477834,5.496813,5.101119,0.2985083
-0.0845696,-0.835606,0.008799136,5.691925,5.099651,0.2895849
-0.1451009,-0.8032252,-0.002975524,5.895509,5.099717,0.2825147
-0.1636333,-0.7762994,0.001340048,6.097545,5.099799,0.2789043
-0.1848471,-0.7593256,-0.0007450823,6.298603,5.099869,0.277316
-0.1973102,-0.7431661,0.0004722901,6.499207,5.099913,0.2766117
-0.2049879,-0.7395664,-0.0001086567,6.699595,5.099939,0.2763458
-0.2175109,-0.7393619,0.0005754582,6.89989,5.099952,0.2763571
-0.2176436,-0.7520056,-7.503637e-05,7.100175,5.099957,0.2765959
-0.2394659,-0.7657154,0.001748756,7.300541,5.099954,0.2770708
-0.2337168,-0.8029113,-0.001204274,7.501126,5.099942,0.2778914
-0.03167177,-0.7890106,0.0113723,5.495434,5.30044,0.2994889
-0.08263797,-0.7977149,0.003950465,5.690443,5.299921,0.2896221
-0.1188457,-0.7671273,-8.348708e-05,5.894624,5.299894,0.2825583
-0.1493072,-0.7527479,0.0007821757,6.09706,5.299903,0.2789117
-0.1705056,-0.7381978,-5.377086e-05,6.298326,5.299925,0.2772942
-0.1916804,-0.7287937,0.00033822,6.49905,5.299945,0.2765691
-0.203537,-0.7261648,4.378144e-06,6.699514,5.299959,0.2762921
-0.2244644,-0.7272045,0.0006709016,6.899867,5.299967,0.2763013
-0.2303598,-0.7379236,-0.0002025691,7.100209,5.299971,0.2765467
-0.2613792,-0.750057,0.001956447,7.300652,5.299971,0.2770366
-0.263551,-0.7769965,-0.00115153,7.501366,5.299969,0.2778806
-0.01646626,-0.7559972,-0.00427393,5.494916,5.50004,0.2997098
-0.06252038,-0.7497591,0.002623326,5.689816,5.499978,0.2896409
-0.104243,-0.7379002,-0.002589191,5.89415,5.499959,0.2825739
-0.1331734,-0.7248785,0.0008253635,6.096751,5.499955,0.278913
-0.1610317,-0.7168146,-0.0006482199,6.298131,5.49996,0.2772829
-0.1852221,-0.7093,0.0004210381,6.498932,5.499968,0.276548
-0.2030472,-0.7084354,-0.0001608492,6.69945,5.499975,0.2762653
-0.2299641,-0.7099097,0.000778951,6.899847,5.499979,0.2762736
-0.2398771,-0.7188913,-0.0003797556,7.100233,5.499982,0.2765226
-0.2800479,-0.7288584,0.002413379,7.300731,5.499984,0.2770207
-0.2819711,-0.7497737,-0.001350838,7.501528,5.499985,0.2778766
-0.01889841,-0.7047136,0.002844412,5.494803,5.700013,0.2997222
-0.05851078,-0.7111207,0.001555874,5.689601,5.699997,0.2896395
-0.09499846,-0.7004665,-0.0006953056,5.893926,5.699985,0.2825756
-0.1271776,-0.6952121,0.000484591,6.096574,5.69998,0.278912
-0.1549171,-0.6885084,-0.0001605846,6.298004,5.699981,0.2772773
-0.1833439,-0.6852683,0.0003357034,6.498849,5.699983,0.2765382
-0.2038797,-0.6848029,-9.172569e-05,6.699403,5.699987,0.2762532
-0.2352913,-0.6872017,0.0007318933,6.89983,5.699989,0.2762613
-0.2490228,-0.6938675,-0.0003755071,7.100247,5.699991,0.2765126
-0.2930709,-0.7027074,0.002375647,7.30078,5.699992,0.2770157
-0.2995525,-0.7167174,-0.001214219,7.501623,5.699994,0.2778778
-0.01573458,-0.6707395,3.282446e-05,5.49479,5.900016,0.299706
-0.05289467,-0.674438,0.0009175587,5.689533,5.900002,0.2896259
-0.0891809,-0.6694902,-0.0009056689,5.893824,5.899996,0.2825721
-0.1213366,-0.6647237,0.000333185,6.096478,5.899993,0.27891
-0.1509691,-0.6612414,-0.0003011109,6.297927,5.899993,0.2772743
-0.1813535,-0.6588492,0.0002975396,6.498794,5.899994,0.2765339
-0.2047685,-0.6591074,-0.0001387551,6.69937,5.899996,0.276248
-0.239209,-0.6613513,0.0006948608,6.899817,5.899997,0.2762565
-0.2556145,-0.6665697,-0.0003083972,7.100252,5.899998,0.2765103
-0.3025603,-0.6733988,0.002474321,7.300806,5.899999,0.2770176
-0.3097212,-0.6832214,-0.0009858049,7.501674,5.9,0.2778842
-0.01586374,-0.6328003,0.001482827,5.494785,6.1,0.2996985
-0.05097229,-0.6387918,0.0009189314,5.689502,6.100003,0.2896217
-0.08613887,-0.6348254,-0.0003265244,5.893774,6.100001,0.2825701
-0.1190067,-0.6329276,0.0002836584,6.096425,6.100001,0.2789085
-0.1490299,-0.6305563,-0.0001139134,6.297881,6.100002,0.2772726
-0.1812547,-0.6298843,0.0002730104,6.498759,6.100003,0.2765316
-0.2062745,-0.6304161,-0.000107006,6.699347,6.100004,0.2762458
-0.2428741,-0.6328032,0.0006447049,6.899805,6.100005,0.2762553
-0.2611981,-0.636823,-0.0002911128,7.100251,6.100005,0.2765119
-0.3099227,-0.6426293,0.002360691,7.300817,6.100005,0.2770236
-0.3186486,-0.6488627,-0.0007461834,7.501695,6.100004,0.2778958
-0.01516901,-0.5995527,0.000615393,5.494762,6.300001,0.2997157
-0.0492974,-0.6049773,0.0007138118,5.689473,6.300003,0.289631
-0.08412664,-0.6027837,-0.0004434486,5.893744,6.300005,0.2825697
-0.1170861,-0.6013263,0.0001993515,6.096394,6.300007,0.2789069
-0.1478567,-0.6001727,-0.0001568494,6.297853,6.30001,0.2772709
-0.1811419,-0.5998893,0.0002321314,6.498736,6.300012,0.27653
-0.2075754,-0.6005849,-0.0001202661,6.69933,6.300013,0.2762444
-0.2456187,-0.6026933,0.0006087942,6.899795,6.300013,0.2762552
-0.2653284,-0.6057156,-0.0002677383,7.100246,6.300012,0.2765148
-0.3152816,-0.610251,0.002298582,7.300816,6.300011,0.277032
-0.3246123,-0.6142774,-0.0005136935,7.501698,6.300009,0.2779112
-0.01502403,-0.5654683,0.0009119651,5.494754,6.5,0.2997084
-0.04856209,-0.5710093,0.0007514889,5.689453,6.500003,0.2896238
-0.08319529,-0.5694116,-0.0002929425,5.89372,6.500009,0.282564
-0.1164093,-0.5688528,0.0001980901,6.096372,6.500015,0.2789035
-0.1475765,-0.5682997,-9.905176e-05,6.297834,6.50002,0.2772688
-0.181668,-0.5685789,0.0002205581,6.49872,6.500023,0.2765281
-0.2090214,-0.5693484,-0.0001093172,6.699318,6.500025,0.2762422
-0.2480022,-0.571311,0.0005730888,6.899785,6.500025,0.2762532
-0.268717,-0.573602,-0.0002607432,7.100238,6.500023,0.2765148
-0.3192358,-0.5772916,0.002205698,7.300807,6.500019,0.2770374
-0.3291338,-0.5796772,-0.000329574,7.501687,6.500015,0.2779249
-0.01481223,-0.5324302,0.0005349446,5.494736,6.699996,0.2996573
-0.04800232,-0.5377267,0.0007079089,5.689415,6.700005,0.2895861
-0.08263936,-0.5367551,-0.0003109442,5.893687,6.700015,0.2825473
-0.115967,-0.5364802,0.0001611337,6.09635,6.700025,0.278897
-0.1475448,-0.5363392,-0.0001083712,6.297819,6.700034,0.2772657
-0.1821594,-0.5367562,0.0001951173,6.498709,6.70004,0.2765251
-0.2102527,-0.5374884,-0.0001126074,6.699308,6.700043,0.2762378
-0.2498343,-0.5391934,0.000540823,6.899776,6.700042,0.2762467
-0.2712915,-0.5408877,-0.0002485696,7.100227,6.700038,0.2765074
-0.3221375,-0.5438364,0.002133625,7.300792,6.700031,0.2770328
-0.3322531,-0.5450436,-0.0001681202,7.501668,6.700023,0.2779278
-0.01501203,-0.4997258,-0.0003032645,5.494654,6.900022,0.2994144
-0.0478929,-0.5043581,0.0005023889,5.689304,6.900023,0.2894661
-0.08253706,-0.5037282,-0.0002981243,5.893633,6.900028,0.2825141
-0.1159769,-0.50365,0.0001309434,6.096325,6.900042,0.2788875
-0.1478363,-0.503747,-9.90791e-05,6.297806,6.900055,0.2772618
-0.1828042,-0.5042925,0.0001791864,6.498701,6.900066,0.2765211
-0.2114262,-0.5049766,-0.0001113332,6.699301,6.900071,0.2762305
-0.2513559,-0.5064845,0.0005086029,6.899768,6.90007,0.276234
-0.2733756,-0.5077334,-0.0002417601,7.100215,6.900062,0.2764889
-0.324295,-0.5101096,0.002046004,7.300775,6.900051,0.2770124
-0.3347433,-0.5104325,6.486652e-06,7.501644,6.900038,0.2779121
-0.0148207,-0.4661191,-0.00209365,5.494545,7.100004,0.2990738
-0.047192,-0.4713654,0.0001635293,5.689196,7.100018,0.2893514
-0.08244789,-0.4707095,-7.992339e-05,5.893599,7.100041,0.2824929
-0.1159716,-0.4708451,9.551091e-05,6.096311,7.100066,0.2788826
-0.1481693,-0.4709886,-8.236581e-05,6.2978,7.100089,0.2772599
-0.1833714,-0.4715601,0.0001616492,6.498697,7.100106,0.2765174
-0.2124193,-0.4721425,-0.0001119366,6.699297,7.100115,0.2762215
-0.2525343,-0.4734584,0.0004784162,6.899762,7.100114,0.2762161
-0.274968,-0.4743473,-0.0002301209,7.100206,7.100103,0.2764606
-0.3258754,-0.476317,0.001970857,7.300759,7.100084,0.2769764
-0.3362722,-0.4759218,0.0001648436,7.501621,7.100062,0.277877
-0.01465116,-0.4327441,0.001278286,5.494656,7.299987,0.299413
-0.04782551,-0.4379944,0.001040029,5.689306,7.300018,0.289465
-0.08246285,-0.4373766,-0.0003799593,5.893633,7.300064,0.2825153
-0.1162685,-0.4376789,0.0001818415,6.096324,7.300106,0.2788898
-0.148555,-0.4378982,-0.0001125814,6.297805,7.300142,0.2772626
-0.1839497,-0.4384841,0.0001541001,6.498698,7.30017,0.2765164
-0.2133122,-0.4389828,-0.0001207878,6.699297,7.300185,0.2762139
-0.2534997,-0.4401446,0.0004406894,6.89976,7.300184,0.2761976
-0.2763133,-0.4407504,-0.0002335854,7.100201,7.300168,0.2764282
-0.3270455,-0.4423728,0.00186471,7.300749,7.30014,0.2769323
-0.3378265,-0.4414619,0.0003006745,7.501604,7.300104,0.2778301
-0.01476235,-0.4004244,0.0003333904,5.494738,7.500014,0.2996557
-0.04776748,-0.4045826,0.0007508678,5.689416,7.500049,0.2895863
-0.08268542,-0.4042612,-0.0003030233,5.893686,7.500106,0.2825514
-0.1164932,-0.4044779,0.0001374167,6.096347,7.50017,0.2789036
-0.1489768,-0.4047313,-0.0001138845,6.297816,7.500228,0.2772703
-0.1844489,-0.4052697,0.0001341802,6.498704,7.500272,0.2765205
-0.2140743,-0.4056761,-0.0001245012,6.6993,7.500296,0.2762117
-0.2542379,-0.4067119,0.0004100674,6.899762,7.500296,0.2761846
-0.2773155,-0.4070793,-0.000222377,7.1002,7.500273,0.2764011
-0.3278612,-0.4085266,0.001791458,7.300745,7.50023,0.2768918
-0.3384021,-0.4071322,0.0004190368,7.501595,7.500174,0.2777838
-0.01491418,-0.3671348,0.0003510191,5.494753,7.700016,0.2997065
-0.04794381,-0.3711677,0.0008193953,5.689451,7.700076,0.2896261
-0.08283656,-0.370828,-0.0003453124,5.893715,7.700169,0.2825735
-0.1167533,-0.3710865,0.000143093,6.096367,7.70027,0.2789192
-0.1493607,-0.3713283,-0.0001282487,6.297829,7.700363,0.2772847
-0.1848966,-0.371842,0.0001135446,6.498714,7.700433,0.2765335
-0.2147593,-0.3721678,-0.0001429649,6.699308,7.700472,0.2762205
-0.2548371,-0.3731284,0.0003508894,6.899768,7.700475,0.2761847
-0.2782458,-0.3733161,-0.0002645733,7.100205,7.700441,0.2763884
-0.3284148,-0.3747443,0.00163142,7.300747,7.700375,0.2768661
-0.3394437,-0.3728238,0.0004541311,7.501593,7.700288,0.2777507
-0.01492677,-0.3343585,0.0003420761,5.494755,7.900022,0.2997073
-0.04805447,-0.3377995,0.000769488,5.689458,7.900119,0.2896329
-0.08306324,-0.3375308,-0.0003433656,5.893729,7.90027,0.282588
-0.11702,-0.3377206,0.0001157761,6.096383,7.900432,0.2789401
-0.1497608,-0.3379312,-0.0001443501,6.297845,7.900578,0.2773106
-0.1852989,-0.3383868,8.755196e-05,6.498728,7.900688,0.276562
-0.2153715,-0.338622,-0.0001568132,6.69932,7.90075,0.2762477
-0.2553082,-0.3395051,0.0003124943,6.899777,7.900757,0.276206
-0.2790238,-0.3395289,-0.000278582,7.100212,7.900707,0.2763992
-0.3288345,-0.3408784,0.001546163,7.300751,7.900607,0.2768648
-0.3402272,-0.3386389,0.0004699476,7.501594,7.900471,0.2777402
-0.01494949,-0.3010366,-0.0001737858,5.49474,8.100039,0.2996535
-0.04802033,-0.3040142,0.0008230463,5.689443,8.100196,0.2896123
-0.08318753,-0.3038552,-0.0003519984,5.893736,8.100435,0.2826036
-0.1172023,-0.3040132,0.0001149773,6.096403,8.100694,0.2789754
-0.1500783,-0.3042267,-0.0001521915,6.297869,8.100923,0.2773585
-0.1856138,-0.3046583,6.473095e-05,6.498751,8.101095,0.2766176
-0.2159009,-0.3048386,-0.0001796096,6.699338,8.101192,0.2763059
-0.255666,-0.3057159,0.0002319545,6.89979,8.101205,0.2762608
-0.2797311,-0.30563,-0.0003574807,7.10022,8.101131,0.2764453
-0.3291042,-0.3070912,0.001324505,7.300755,8.100979,0.2768987
-0.3411007,-0.3046745,0.0003955642,7.501592,8.100768,0.2777611
-0.0150729,-0.2678314,-0.0007933554,5.494697,8.300063,0.2995025
-0.0481373,-0.2707913,0.0005517971,5.689412,8.30032,0.2895764
-0.08347006,-0.2705379,-0.0003271009,5.893756,8.300711,0.2826375
-0.1174769,-0.2706326,4.133566e-05,6.09644,8.301125,0.2790427
-0.1504888,-0.2707423,-0.0001963449,6.297908,8.301484,0.2774484
-0.1859593,-0.2710913,5.295385e-06,6.498785,8.301749,0.2767224
-0.2164627,-0.2711497,-0.0002344029,6.699364,8.301897,0.2764178
-0.2560131,-0.2719305,0.0001559852,6.899805,8.301918,0.2763719
-0.2804779,-0.2716531,-0.0004687295,7.100226,8.30181,0.276548
-0.3294422,-0.272952,0.001075195,7.300751,8.301582,0.2769859
-0.341975,-0.2705279,0.0001161885,7.501581,8.301259,0.2778289
-0.01489399,-0.2340959,0.00027022,5.494734,8.50008,0.2995881
-0.0482391,-0.2365046,0.000988537,5.689478,8.500525,0.2896409
-0.08346177,-0.2364118,-0.0003776345,5.893829,8.501182,0.2827291
-0.1175677,-0.2364218,9.210804e-05,6.096517,8.50185,0.2791781
-0.1506834,-0.2365856,-0.0001621836,6.297978,8.50241,0.2776205
-0.1861109,-0.2369512,4.168874e-05,6.49884,8.502809,0.2769199
-0.2168004,-0.2369853,-0.0001897426,6.699401,8.503028,0.2766283
-0.2560954,-0.2378782,0.0001420338,6.899825,8.503061,0.2765839
-0.2808677,-0.2374862,-0.0004725534,7.100228,8.502907,0.2767497
-0.3294578,-0.2391375,0.0009133843,7.300737,8.502574,0.2771662
-0.3423861,-0.2366681,-8.226354e-05,7.501553,8.502086,0.2779778
-0.01481526,-0.2016839,0.0007026708,5.494802,8.700167,0.2997194
-0.04848986,-0.2035196,0.0007329034,5.689615,8.700926,0.2897766
-0.08390485,-0.2033812,-0.0004102476,5.893979,8.702026,0.2829224
-0.117916,-0.2031719,-0.0001699965,6.096657,8.703105,0.279452
-0.1512505,-0.2031634,-0.000357277,6.298093,8.703966,0.2779589
-0.1864959,-0.2033845,-0.0001874971,6.498924,8.704551,0.2773003
-0.217473,-0.2032261,-0.0004453912,6.699454,8.704862,0.2770303
-0.2564286,-0.203945,-9.12028e-05,6.899848,8.70491,0.2769894
-0.2817136,-0.2030598,-0.0008338958,7.100223,8.7047,0.2771416
-0.3294894,-0.2044405,0.0004246754,7.300705,8.704232,0.2775268
-0.3438299,-0.2022836,-0.0005322915,7.501492,8.703521,0.278288
-0.01508596,-0.1676315,-0.0002606044,5.494877,8.900326,0.2997824
-0.04851482,-0.1677589,0.0006153405,5.689828,8.90169,0.2899825
-0.08376144,-0.1683513,-0.0002544326,5.894253,8.903593,0.2833281
-0.1177796,-0.1679392,-2.258261e-05,6.0969,8.905349,0.2800321
-0.1512671,-0.1679205,-9.926964e-06,6.298276,8.906643,0.2786566
-0.1863428,-0.1684818,0.0002373692,6.499047,8.907463,0.2780657
-0.2174622,-0.1682289,6.907697e-05,6.699526,8.907876,0.2778279
-0.2558774,-0.1694527,0.0004425541,6.899877,8.907941,0.2777925
-0.2813477,-0.1686833,-0.000256252,7.100211,8.907675,0.2779266
-0.3279595,-0.1701913,0.0005447289,7.300647,8.907062,0.2782674
-0.3427401,-0.1688866,-0.0006316607,7.501378,8.906075,0.2789506
-0.01480219,-0.1364788,0.001349612,5.495078,9.100652,0.2998659
-0.0487529,-0.1363697,0.0006971289,5.690315,9.103251,0.2904565
-0.08412282,-0.1359055,-0.0003945567,5.8948,9.106659,0.2842911
-0.1179748,-0.1349842,-0.0003638523,6.097316,9.109506,0.2813604
-0.1517766,-0.1348055,-0.0006436233,6.298548,9.11137,0.2801906
-0.1867215,-0.1350103,-0.0004941888,6.499213,9.11243,0.2797015
-0.2184942,-0.134768,-0.0009471454,6.699617,9.112928,0.2795067
-0.2568978,-0.1357339,-0.0007546477,6.89991,9.113007,0.2794786
-0.2835816,-0.134171,-0.001842248,7.100189,9.112708,0.2795902
-0.3305644,-0.1350795,-0.0005859782,7.300558,9.111983,0.2798735
-0.3485355,-0.1324083,-0.001621348,7.501188,9.110724,0.2804443
-0.01597874,-0.1007786,-0.002093798,5.495772,9.301027,0.2998963
-0.04859144,-0.09803361,0.0003331883,5.691605,9.306671,0.2917316
-0.08291137,-0.09896835,0.0007816267,5.895915,9.313028,0.2867744
-0.117775,-0.09763053,0.001497726,6.097977,9.317492,0.2845872
-0.1517146,-0.09625483,0.001518341,6.29891,9.319929,0.283749
-0.1863735,-0.09786499,0.001902604,6.49941,9.321123,0.2833943
-0.2194084,-0.09594789,0.001473163,6.699719,9.321629,0.2832489
-0.2552064,-0.09835459,0.00215285,6.899945,9.321711,0.2832278
-0.2857728,-0.09615846,0.0008899624,7.100161,9.321431,0.2833144
-0.3250078,-0.0987862,0.001509694,7.300444,9.320709,0.2835331
-0.3442809,-0.09781859,-0.001606971,7.500916,9.319307,0.2839617
-0.01412834,-0.07054848,0.001043757,5.497304,9.501401,0.299417
-0.04771898,-0.07019689,0.002197931,5.694881,9.514196,0.2950092
-0.08488018,-0.0657682,0.001050249,5.897819,9.525934,0.2925837
-0.1191405,-0.0621702,0.001250835,6.098801,9.531578,0.2915522
-0.1524007,-0.06343197,0.0005560257,6.299275,9.534049,0.2911316
-0.1864343,-0.06249322,0.0007102568,6.499601,9.53501,0.2909104
-0.2194341,-0.06442875,-0.0001137598,6.69982,9.535364,0.2908047
-0.2551709,-0.06399943,-5.378807e-06,6.899976,9.535418,0.2907871
-0.2854905,-0.06455028,-0.002105375,7.100128,9.535237,0.290849
-0.3275281,-0.06547042,-0.001358968,7.30033,9.534729,0.2910146
-0.3494405,-0.06023741,-0.006770638,7.500634,9.533577,0.2913206
-0.004740878,-0.04082663,-0.0004191786,5.44515,9.649677,0.2515788
-0.05965986,-0.02624107,-0.001495258,5.704626,9.725927,0.3047908
-0.08562852,-0.01799465,0.0008583061,5.904758,9.742889,0.3085395
-0.1180779,-0.01947285,-0.0008748643,6.099823,9.748433,0.3106361
-0.1510777,-0.01941378,0.0003695559,6.299552,9.749788,0.310602
-0.1852136,-0.01925563,0.0002550212,6.499771,9.750109,0.3104797
-0.2174137,-0.01842461,-0.0001377518,6.699917,9.750208,0.3103919
-0.2532295,-0.01932523,0.001003777,6.899995,9.750219,0.3103837
-0.281945,-0.01661258,-0.002682663,7.100079,9.75017,0.3104125
-0.3219133,-0.02037948,0.002881395,7.300213,9.750014,0.3105344
-0.3425427,-0.01288966,-0.01117869,7.50042,9.749581,0.31078
-0.003265953,-0.01070135,-0.00150492,5.420319,9.828476,0.2243279
-0.03784258,0.001374723,4.511553e-05,5.647641,9.856161,0.2480014
-0.08752681,0.01199627,0.005197083,5.849143,9.860887,0.24534
-0.1184234,-0.003469043,-0.03506312,6.049708,9.861547,0.244468
-0.1508085,-0.004321973,-0.04424434,6.249935,9.861681,0.2445336
-0.1843133,-0.004360892,-0.05203311,6.45003,9.861661,0.244737
-0.2180513,-0.004314691,-0.05605384,6.650071,9.861663,0.2447774
-0.2511552,-0.005874073,-0.06423134,6.850069,9.86166,0.2448006
-0.2856562,-0.003249126,-0.06685202,7.050075,9.861659,0.2447994
-0.3163113,-0.01118525,-0.07104324,7.250083,9.861657,0.2447834
-0.3537729,0.006482867,0.09123049,7.550067,9.861609,0.2448683
-0.06680235,-0.8907499,0.0005219591,5.493849,5.102007,0.4991471
-0.08343191,-0.83243,0.00204727,5.687516,5.099484,0.4940531
-0.1456251,-0.804932,-0.0003640205,5.891928,5.099453,0.4882091
-0.1640098,-0.7763872,0.0007729993,6.095027,5.099587,0.4838093
-0.1848717,-0.7590728,-0.0004484318,6.296981,5.099718,0.4812482
-0.1972548,-0.7432563,0.0005191326,6.498199,5.09981,0.4799535
-0.2048889,-0.7396168,-1.303901e-05,6.699039,5.099866,0.4794281
-0.2174948,-0.7393373,0.0007490441,6.899708,5.099896,0.4794494
-0.2171987,-0.7520122,1.010988e-05,7.100359,5.099905,0.4799345
-0.2394512,-0.7655981,0.001900235,7.301167,5.099896,0.480877
-0.2322934,-0.8027883,-0.0006308485,7.502382,5.099867,0.4823898
-0.03591698,-0.7919306,0.005834485,5.491166,5.300771,0.4993883
-0.08147512,-0.7991832,6.084198e-06,5.684518,5.299845,0.4939939
-0.1171887,-0.7646294,0.000744647,5.890037,5.299784,0.4882226
-0.1498035,-0.753683,0.0002982433,6.093908,5.299796,0.4838062
-0.1699953,-0.7386144,1.298791e-05,6.296328,5.299837,0.481194
-0.1916492,-0.7289902,0.0004232935,6.497822,5.299877,0.4798604
-0.203308,-0.7262431,4.933515e-05,6.698843,5.299907,0.4793134
-0.2244316,-0.7272169,0.0007638588,6.89965,5.299926,0.4793307
-0.2299413,-0.7379833,-0.0001383651,7.100437,5.299935,0.4798289
-0.261231,-0.7500893,0.002064891,7.301424,5.299935,0.4808006
-0.2625208,-0.7772599,-0.0008409654,7.502927,5.299929,0.4823565
-0.01720613,-0.7592048,-0.002028125,5.490316,5.500065,0.499562
-0.06233626,-0.7494315,0.0005388779,5.683265,5.49995,0.4939885
-0.1027813,-0.7378863,-0.001974993,5.888998,5.499913,0.4882252
-0.1318128,-0.725116,0.0005092253,6.093186,5.499902,0.4837997
-0.1606125,-0.717127,-0.0005649673,6.29586,5.499911,0.481165
-0.1848714,-0.709364,0.0004526982,6.497534,5.499927,0.4798122
-0.2027788,-0.7084924,-5.380861e-05,6.698686,5.499942,0.479254
-0.229905,-0.7098995,0.0008684789,6.8996,5.499953,0.4792693
-0.2393684,-0.7189075,-4.08287e-05,7.100492,5.499959,0.479775
-0.2800889,-0.7287721,0.002517372,7.30161,5.499962,0.4807629
-0.2808154,-0.7497233,-0.0003275876,7.503301,5.499965,0.4823409
-0.01862633,-0.7107789,-0.001108063,5.490104,5.70002,0.4995869
-0.05667046,-0.7109791,-0.0003809365,5.682814,5.699991,0.4939871
-0.09319097,-0.6999303,-0.0009755056,5.888496,5.699967,0.4882237
-0.1262037,-0.6955816,0.0002041179,6.092768,5.699956,0.4837944
-0.1542866,-0.6884637,-0.0001726138,6.295555,5.699956,0.4811505
-0.1830675,-0.6853689,0.0003714339,6.497331,5.699962,0.4797892
-0.2035418,-0.6847919,-8.892451e-06,6.69857,5.699969,0.4792258
-0.2352174,-0.6872395,0.0008174637,6.899558,5.699975,0.4792406
-0.2484674,-0.6938662,-0.0001487211,7.100524,5.699979,0.4797513
-0.2929105,-0.7027967,0.002442069,7.301726,5.699982,0.4807488
-0.297949,-0.7165853,-0.0005199775,7.503526,5.699985,0.4823389
-0.01583445,-0.6760459,-0.0009166835,5.49005,5.900019,0.4995889
-0.05191326,-0.673725,-0.0004227316,5.682647,5.900004,0.493984
-0.08744705,-0.6694333,-0.0008239456,5.888261,5.899991,0.4882206
-0.1204626,-0.6648422,0.0001343053,6.092538,5.899985,0.4837903
-0.1503157,-0.6612691,-0.0002259449,6.295368,5.899984,0.481143
-0.1810269,-0.6588922,0.0003376242,6.497197,5.899987,0.4797781
-0.2044149,-0.6591057,-8.369122e-06,6.698487,5.899991,0.4792129
-0.2391193,-0.6613887,0.0008191235,6.899523,5.899994,0.4792287
-0.2551512,-0.6665662,-4.454647e-05,7.100537,5.899995,0.4797439
-0.3024894,-0.6734798,0.002561063,7.30179,5.899997,0.4807492
-0.3086946,-0.6831981,-0.0002093508,7.503646,5.899998,0.4823483
-0.01601879,-0.6384167,-0.000298511,5.49003,6.10001,0.4995899
-0.04960458,-0.6381575,-0.0003939828,5.682576,6.100006,0.4939824
-0.08439823,-0.6347273,-0.0003962714,5.888146,6.100003,0.4882179
-0.1181798,-0.6330248,7.663977e-05,6.092413,6.100003,0.483787
-0.1483279,-0.6305175,-7.861294e-05,6.295256,6.100005,0.4811384
-0.1809466,-0.6299165,0.0002989221,6.49711,6.100008,0.4797724
-0.2059103,-0.6303974,1.368536e-05,6.698429,6.100011,0.4792069
-0.2427728,-0.6328374,0.0007389448,6.899494,6.100012,0.4792249
-0.2607702,-0.636821,-3.420096e-05,7.100535,6.100012,0.4797453
-0.3097336,-0.6426692,0.002471198,7.301815,6.10001,0.4807594
-0.3174791,-0.6487171,-0.0002956059,7.503698,6.100009,0.4823687
-0.01541721,-0.6046591,-0.0002578621,5.490019,6.300006,0.4995897
-0.04815387,-0.6042692,-0.0004771153,5.68254,6.300008,0.4939807
-0.0824162,-0.6027522,-0.0003739816,5.888086,6.300012,0.4882147
-0.1162866,-0.6013634,1.749841e-05,6.092342,6.300018,0.4837835
-0.1471393,-0.6001615,-8.133566e-05,6.295189,6.300025,0.4811347
-0.1808217,-0.5999034,0.0002643565,6.497055,6.30003,0.4797684
-0.2072022,-0.6005727,2.181179e-05,6.698389,6.300033,0.4792032
-0.245516,-0.6027158,0.0007117396,6.899469,6.300034,0.4792233
-0.2649181,-0.6057286,2.151161e-05,7.100524,6.300031,0.4797497
-0.3151741,-0.6102999,0.002487977,7.301815,6.300026,0.4807745
-0.3235404,-0.614157,-0.0001582941,7.503707,6.30002,0.4823966
-0.01533383,-0.5702383,-8.009523e-05,5.490012,6.500004,0.4995793
-0.04740077,-0.5703068,-0.0004278483,5.682518,6.50001,0.4939702
-0.08151305,-0.5693451,-0.0002523872,5.888049,6.500022,0.4882064
-0.1156216,-0.5688582,7.626287e-06,6.092298,6.500036,0.4837779
-0.1468517,-0.5682688,-3.564853e-05,6.295147,6.500049,0.4811304
-0.1813524,-0.5685801,0.000243139,6.497018,6.500059,0.4797639
-0.2086485,-0.5693316,2.844903e-05,6.698359,6.500064,0.4791982
-0.2479025,-0.5713286,0.0006645351,6.899446,6.500063,0.4792188
-0.2683153,-0.573614,2.02586e-05,7.100504,6.500057,0.4797494
-0.3191486,-0.5773225,0.002386194,7.301795,6.500047,0.4807846
-0.3280809,-0.5795103,-9.768812e-05,7.503685,6.500036,0.4824219
-0.01525042,-0.536949,7.527177e-06,5.490004,6.700003,0.4995442
-0.04704948,-0.5371197,-0.0004586927,5.682494,6.700016,0.4939408
-0.08099355,-0.5367305,-0.0002364127,5.888018,6.700037,0.488189
-0.1152121,-0.5364832,-2.086984e-05,6.092268,6.700062,0.4837689
-0.1468198,-0.5363204,-3.651628e-05,6.295119,6.700084,0.4811244
-0.1818423,-0.5367522,0.000218261,6.496993,6.7001,0.4797574
-0.2098811,-0.5374717,2.827443e-05,6.698337,6.700109,0.4791887
-0.2497371,-0.5392053,0.000631198,6.899424,6.700108,0.4792057
-0.2709036,-0.5408963,3.705896e-05,7.100478,6.700097,0.4797352
-0.3220983,-0.5438563,0.002334112,7.301761,6.70008,0.4807764
-0.3312415,-0.5448516,-2.658804e-05,7.503642,6.700059,0.4824285
-0.01527884,-0.5032721,-3.859775e-05,5.489987,6.900008,0.4994608
-0.0469598,-0.5036874,-0.0005153817,5.68246,6.900028,0.4938841
-0.08086894,-0.503595,-0.0002343334,5.887987,6.900062,0.4881626
-0.115212,-0.5036236,-4.026935e-05,6.092245,6.900101,0.483758
-0.1471056,-0.5037086,-3.271448e-05,6.295101,6.900138,0.4811179
-0.1824846,-0.5042772,0.0001975414,6.496977,6.900165,0.479749
-0.2110582,-0.5049521,2.39662e-05,6.698321,6.900179,0.4791737
-0.2512597,-0.5064883,0.0005877007,6.899405,6.900177,0.4791804
-0.2729965,-0.507732,3.233937e-05,7.100451,6.90016,0.4796998
-0.3242707,-0.5101258,0.002231771,7.30172,6.900131,0.4807384
-0.3337098,-0.5102063,6.629556e-05,7.503586,6.900097,0.4824009
-0.01544458,-0.4708057,0.0005873987,5.489975,7.100008,0.499403
-0.04718863,-0.470857,-0.0004940792,5.682439,7.100041,0.4938483
-0.08092557,-0.4707082,-0.0001514326,5.887971,7.100098,0.4881481
-0.1153242,-0.4708153,-5.029299e-05,6.092234,7.100162,0.4837528
-0.1474561,-0.4709618,-2.798554e-05,6.295093,7.100222,0.4811141
-0.1830636,-0.4715362,0.0001785648,6.49697,7.100266,0.4797409
-0.2120576,-0.4721114,2.078557e-05,6.698312,7.10029,0.4791549
-0.2524398,-0.4734548,0.0005522673,6.899392,7.100288,0.4791447
-0.2746044,-0.4743368,4.096977e-05,7.100428,7.100262,0.4796445
-0.3258722,-0.4763244,0.002155087,7.301681,7.100217,0.4806701
-0.3353551,-0.4756531,0.0001559879,7.503529,7.100161,0.4823358
-0.01512608,-0.4376325,-3.964176e-05,5.489988,7.30001,0.4994604
-0.04665823,-0.4375561,-0.0003612689,5.68246,7.300063,0.4938846
-0.08085521,-0.4374787,-0.0002288256,5.887986,7.300155,0.4881649
-0.1154868,-0.4376682,-3.658986e-05,6.092243,7.300259,0.4837607
-0.1478331,-0.4378732,-4.407534e-05,6.295098,7.300354,0.4811171
-0.1836269,-0.4384484,0.0001587041,6.496972,7.300426,0.479737
-0.2129586,-0.4389364,3.870819e-06,6.698311,7.300465,0.4791379
-0.2534045,-0.4401223,0.0004933968,6.899386,7.300465,0.4791064
-0.2759582,-0.4407185,8.521953e-06,7.100413,7.300426,0.4795799
-0.3270214,-0.4423795,0.001959218,7.301652,7.300355,0.4805841
-0.3367943,-0.4411416,0.000179536,7.503482,7.300265,0.4822461
-0.01526839,-0.4038876,0.0001106705,5.490005,7.500021,0.4995435
-0.04692055,-0.4041271,-0.0004230403,5.682495,7.500104,0.4939426
-0.0810752,-0.4042305,-0.0002157748,5.888017,7.500249,0.4881956
-0.1157462,-0.4044415,-5.898827e-05,6.092264,7.500414,0.4837785
-0.1482552,-0.4046744,-5.229677e-05,6.295113,7.500565,0.4811294
-0.1841285,-0.4052098,0.0001375655,6.496983,7.500679,0.4797429
-0.2137266,-0.4056055,-2.360749e-06,6.69832,7.500742,0.4791312
-0.2541414,-0.4066732,0.0004623002,6.89939,7.500745,0.4790781
-0.2769788,-0.4070431,3.287097e-05,7.100411,7.500687,0.4795234
-0.3278492,-0.4085256,0.001933111,7.301638,7.500578,0.4805022
-0.3376162,-0.4067918,0.0003409827,7.503453,7.500436,0.4821551
-0.01526454,-0.3706399,1.525097e-05,5.490012,7.700031,0.4995773
-0.04692563,-0.3707446,-0.0004000016,5.682517,7.700166,0.4939742
-0.08120299,-0.3708242,-0.0002307741,5.888044,7.700396,0.4882219
-0.1159756,-0.3710304,-5.93034e-05,6.092292,7.700658,0.4838034
-0.1486426,-0.3712461,-6.508319e-05,6.295138,7.700897,0.4811552
-0.184579,-0.3717436,0.0001089812,6.497005,7.701079,0.4797666
-0.2144331,-0.372053,-3.682125e-05,6.698338,7.70118,0.479146
-0.2547599,-0.3730374,0.0003653152,6.899405,7.701189,0.4790747
-0.277948,-0.3732311,-6.079124e-05,7.100421,7.701103,0.479494
-0.3284478,-0.37465,0.00163026,7.30164,7.700935,0.4804469
-0.3385346,-0.3725666,0.0002910024,7.50344,7.700713,0.4820864
-0.01531711,-0.3372176,1.242353e-05,5.490016,7.900048,0.4995816
-0.04707709,-0.3373656,-0.0004287722,5.682533,7.900264,0.493987
-0.08142907,-0.3374473,-0.0002422461,5.888073,7.900631,0.4882472
-0.1162436,-0.3376205,-8.121643e-05,6.092328,7.901048,0.4838419
-0.149043,-0.3377868,-7.977025e-05,6.295176,7.901425,0.4812045
-0.1849802,-0.3382214,8.753416e-05,6.49704,7.901711,0.4798212
-0.2150479,-0.3384338,-4.440144e-05,6.698368,7.901871,0.4791979
-0.255234,-0.3393458,0.0003414775,6.899429,7.90189,0.4791136
-0.2787168,-0.3393734,-3.773817e-05,7.100439,7.901763,0.479511
-0.3289211,-0.3407164,0.001691339,7.301649,7.901507,0.480439
-0.3391959,-0.3384063,0.0003483752,7.503438,7.901159,0.4820601
-0.01539274,-0.3034876,0.0001352624,5.490019,8.100076,0.4995644
-0.04720257,-0.3036071,-0.0003920863,5.682551,8.100424,0.4939905
-0.08156892,-0.3037454,-0.0002177781,5.888114,8.101014,0.4882829
-0.1164481,-0.3038644,-7.659744e-05,6.092385,8.101675,0.4839091
-0.1493749,-0.3040178,-8.294417e-05,6.295237,8.102267,0.4812967
-0.1853116,-0.3044072,5.766916e-05,6.497097,8.102711,0.4799298
-0.2156103,-0.3045549,-8.847579e-05,6.698413,8.102962,0.4793117
-0.2556192,-0.3054559,0.0001919565,6.899462,8.102996,0.4792204
-0.2794618,-0.3053935,-0.0002099851,7.100458,8.102808,0.4795989
-0.3291758,-0.3069269,0.001140736,7.301656,8.10242,0.4805003
-0.3395817,-0.3046515,0.0001124704,7.503433,8.101883,0.4820947
-0.01546393,-0.2705293,0.0001996323,5.490025,8.300121,0.4995396
-0.04747101,-0.2704148,-0.0004240102,5.682589,8.30069,0.4940042
-0.08187185,-0.2704018,-0.0002260892,5.888192,8.301643,0.4883529
-0.1167422,-0.2703826,-0.0001066081,6.092486,8.302695,0.4840347
-0.1497986,-0.2703801,-0.0001130021,6.29534,8.303621,0.4814685
-0.1856608,-0.2706547,2.540373e-05,6.497185,8.304302,0.4801336
-0.2161803,-0.2706582,-0.0001061107,6.698479,8.304684,0.4795315
-0.2559876,-0.2714709,0.0001774054,6.899502,8.304741,0.4794387
-0.2802465,-0.2712251,-0.0001755258,7.100475,8.304468,0.4797982
-0.3297842,-0.2726699,0.001174037,7.30165,8.303888,0.4806664
-0.3409069,-0.2704082,1.019478e-05,7.503407,8.303067,0.482219
-0.01535615,-0.2365852,0.0001935791,5.490052,8.500196,0.4995596
-0.04733324,-0.2361633,-0.0002858342,5.682684,8.501144,0.4940715
-0.08188296,-0.2363123,-0.0001875029,5.888349,8.502706,0.4885014
-0.1168185,-0.2360952,-6.909637e-05,6.092668,8.504387,0.4842751
-0.1500054,-0.2361395,-7.863115e-05,6.295511,8.505822,0.4817889
-0.1858308,-0.2363619,3.909988e-05,6.497323,8.506849,0.4805105
-0.2165643,-0.236347,-0.0001131508,6.698575,8.507414,0.4799387
-0.2561097,-0.2372468,3.585233e-05,6.899553,8.507503,0.4798494
-0.2806935,-0.236878,-0.0003842772,7.100482,8.507116,0.4801863
-0.3296982,-0.2387566,0.0004533079,7.301618,8.506272,0.4810069
-0.3408565,-0.2366553,-0.0002732942,7.503339,8.505039,0.4824912
-0.01522499,-0.2035575,0.000392637,5.490111,8.700348,0.499615
-0.04767199,-0.2030913,-0.0001505792,5.682881,8.701965,0.4942138
-0.08236131,-0.2029618,-0.0002302785,5.888652,8.704562,0.4887945
-0.1172009,-0.2025292,-0.0001247681,6.092993,8.707261,0.4847375
-0.150634,-0.202157,-0.0002245759,6.295791,8.709462,0.4823928
-0.186239,-0.2022015,-7.423784e-05,6.497533,8.710963,0.4812091
-0.2172688,-0.2019072,-0.0002494298,6.698709,8.711761,0.4806866
-0.2564391,-0.2026497,-1.82389e-05,6.899615,8.711891,0.4806058
-0.2815352,-0.2018529,-0.00035166,7.100475,8.711368,0.480912
-0.3299865,-0.2037154,0.0005084876,7.301542,8.710192,0.4816624
-0.3436583,-0.2020802,-0.0002241041,7.503194,8.708401,0.4830364
-0.01521295,-0.16881,0.0004411403,5.490236,8.900666,0.4996759
-0.04758207,-0.1677741,-0.000176322,5.683292,8.903507,0.4944722
-0.08232398,-0.1682513,-0.0001173852,5.889244,8.907933,0.4893725
-0.1170469,-0.1672728,-5.93012e-05,6.093566,8.912294,0.4856452
-0.1505641,-0.1671174,-4.256449e-05,6.296236,8.915598,0.48355
-0.1861257,-0.1671401,0.0001299999,6.497838,8.917686,0.4825172
-0.2172925,-0.1670012,-2.776886e-05,6.698891,8.918738,0.4820681
-0.2560149,-0.1681846,0.0001695929,6.89969,8.918913,0.4820003
-0.281737,-0.1674624,-0.0005203565,7.100449,8.91826,0.4822652
-0.3292477,-0.1687365,0.0001720836,7.301405,8.916738,0.4829151
-0.3429043,-0.1680874,-0.0004096269,7.502923,8.914274,0.4841178
-0.01481109,-0.1371661,0.0007237004,5.490583,9.101286,0.4997629
-0.04782727,-0.1352031,0.0001030495,5.684256,9.10656,0.4949948
-0.08314475,-0.1343188,-0.0001142855,5.890456,9.114379,0.4905692
-0.1177537,-0.1331263,0.0002011526,6.094559,9.121445,0.4874807
-0.1515929,-0.1316503,-0.0003932739,6.296896,9.126186,0.4858062
-0.1868419,-0.1316413,-6.571578e-05,6.498247,9.12885,0.4849904
-0.2186531,-0.1309806,-0.0007087921,6.69912,9.130094,0.4846374
-0.2571631,-0.1316482,-0.0004371587,6.899777,9.130304,0.4845856
-0.2847921,-0.1298748,-0.0006510608,7.100403,9.129586,0.4847975
-0.3308582,-0.1328451,0.000513527,7.301196,9.127829,0.4853157
-0.3480372,-0.1312616,-0.0005632162,7.502474,9.124738,0.4862747
-0.015696,-0.1006507,-0.001248091,5.491698,9.301957,0.4998082
-0.04743684,-0.09715569,-0.001040399,5.686727,9.312958,0.4960749
-0.08143585,-0.09751391,0.0005501206,5.892842,9.327112,0.4929399
-0.1173494,-0.09548894,0.0001621506,6.096063,9.337906,0.4908497
-0.1504258,-0.095078,0.0008937868,6.297748,9.343845,0.4897154
-0.1861888,-0.09495891,0.00100197,6.498724,9.346724,0.4891493
-0.2177257,-0.09464141,0.0009566349,6.699373,9.347941,0.4888956
-0.2559236,-0.09530745,0.001518838,6.899869,9.348149,0.4888568
-0.2823443,-0.09487871,0.0003482299,7.100344,9.347512,0.4890107
-0.3281075,-0.09614564,0.0005549345,7.300939,9.34585,0.4893864
-0.3430097,-0.09612773,-0.001567617,7.501857,9.34258,0.4900631
-0.01212194,-0.0714955,0.001023265,5.494604,9.502239,0.4998125
-0.04909566,-0.06646297,0.00117227,5.692476,9.525983,0.4979401
-0.08624082,-0.05909861,-0.000980664,5.896438,9.549917,0.4965179
-0.1192785,-0.05584788,-0.0007411939,6.097868,9.562991,0.4955386
-0.1525395,-0.05413237,-0.001049133,6.298578,9.568753,0.4949948
-0.1872124,-0.05449276,-0.001851414,6.499166,9.571006,0.494641
-0.2195003,-0.05385199,-0.002104727,6.69961,9.571823,0.4944609
-0.2574978,-0.0550113,-0.002157371,6.899949,9.571962,0.4944259
-0.2862902,-0.05370532,-0.00306959,7.100278,9.571584,0.4945232
-0.332302,-0.05756256,-0.002534732,7.300695,9.57051,0.4947728
-0.350256,-0.05520546,-0.005494247,7.501246,9.568013,0.4951954
-0.001435276,-0.0418412,0.00329447,5.443015,9.647078,0.4491526
-0.0533379,-0.01759279,-0.0001508229,5.708295,9.743017,0.5048453
-0.08194982,-0.0191542,0.003549654,5.912103,9.773914,0.5121491
-0.1170221,-0.0208353,0.002225934,6.100741,9.784727,0.5128377
-0.1485155,-0.01969751,0.003204494,6.299181,9.788082,0.5128547
-0.1833024,-0.01946867,0.002581139,6.49947,9.789003,0.5126287
-0.2154595,-0.01841667,0.00269386,6.699787,9.78926,0.5124884
-0.2502807,-0.01892499,0.002461501,6.899991,9.7893,0.5124542
-0.280641,-0.01634677,0.001490855,7.100193,9.789195,0.5125061
-0.3192543,-0.01816128,0.002535302,7.300504,9.788867,0.5126679
-0.3436808,-0.0153792,-0.005796298,7.500779,9.787873,0.5129194
-0.001489789,-0.009737157,0.001480449,5.42003,9.828841,0.424453
-0.02660506,0.009523271,0.006983441,5.644979,9.860936,0.4492013
-0.06377381,-0.8919438,-0.000672644,5.492839,5.102268,0.6993876
-0.08409182,-0.8316148,0.003396062,5.68528,5.099474,0.6966652
-0.1454328,-0.8015744,0.0001527454,5.889227,5.099314,0.6925645
-0.1630243,-0.7765075,0.001318649,6.092617,5.099422,0.6886352
-0.1849349,-0.759002,-0.0005783035,6.295174,5.099579,0.6857606
-0.1967782,-0.7432923,0.0007143487,6.49701,5.099704,0.6840707
-0.2048061,-0.7397669,2.867852e-05,6.698357,5.099786,0.6833399
-0.2175242,-0.7392581,0.0008553773,6.899465,5.099832,0.6833522
-0.2166023,-0.752387,0.0001151278,7.10055,5.099845,0.6840118
-0.24013,-0.765398,0.001930475,7.301859,5.099829,0.685286
-0.2303925,-0.8045722,-0.0006462959,7.503728,5.099783,0.6872382
-0.03432355,-0.7855382,0.002705873,5.489767,5.300943,0.6993638
-0.08582471,-0.8003411,0.001252109,5.681537,5.299818,0.6966384
-0.1171511,-0.7632957,0.00099837,5.88659,5.299709,0.6925613
-0.1499337,-0.7540324,0.0008666104,6.090891,5.299703,0.6886104
-0.1700877,-0.7385864,-4.089623e-05,6.294104,5.29975,0.6856849
-0.1914946,-0.7290448,0.0006086982,6.496375,5.299805,0.6839427
-0.2032006,-0.7262321,0.0001031562,6.69802,5.29985,0.6831817
-0.2246499,-0.7271128,0.000871377,6.899362,5.299878,0.683188
-0.2293677,-0.7380416,-0.0001070492,7.100677,5.299892,0.6838657
-0.2625562,-0.7497626,0.002185685,7.302281,5.299891,0.6851798
-0.2607345,-0.7772812,-0.001207487,7.504602,5.299881,0.6871888
-0.01557818,-0.7562926,-0.0009716866,5.488717,5.500086,0.6993964
-0.06015476,-0.7494486,0.001506383,5.679907,5.499935,0.6966388
-0.1025957,-0.736529,-0.001439338,5.885087,5.499875,0.6925553
-0.1303587,-0.7254717,0.0008104769,6.089749,5.499853,0.6885925
-0.1605555,-0.7172778,-0.0005122268,6.293325,5.499861,0.685643
-0.1844424,-0.7094342,0.0005892644,6.495884,5.499882,0.6838746
-0.202542,-0.7085283,3.228937e-05,6.697747,5.499904,0.6830976
-0.2299831,-0.7098679,0.0009681148,6.899273,5.499921,0.6831011
-0.2385257,-0.7189773,5.206918e-05,7.100767,5.499932,0.6837892
-0.2808083,-0.7287572,0.002638679,7.302589,5.499937,0.6851254
-0.2782783,-0.7496814,-0.0004442588,7.505211,5.49994,0.6871637
-0.01754506,-0.7071676,-1.556682e-05,5.488446,5.700026,0.6994161
-0.05660535,-0.7115763,0.0004924156,5.679286,5.699986,0.6966431
-0.09270298,-0.6993444,-0.0008612477,5.884333,5.699951,0.6925517
-0.1253629,-0.6958522,0.0004838489,6.089074,5.699933,0.6885818
-0.1541331,-0.6883063,-0.0001494854,6.292812,5.699931,0.6856215
-0.1828145,-0.6854407,0.0004805084,6.495535,5.699938,0.6838407
-0.203295,-0.6847611,4.454783e-05,6.697544,5.699948,0.6830562
-0.235461,-0.6872703,0.0008835293,6.899198,5.699958,0.683059
-0.2477205,-0.6939444,-0.0001662363,7.10082,5.699964,0.6837536
-0.2941938,-0.7028804,0.002370774,7.302785,5.699969,0.6851029
-0.2961894,-0.7165961,-0.001169954,7.505582,5.699974,0.6871574
-0.01434469,-0.6755265,-0.0004526066,5.48837,5.900024,0.6994239
-0.05100249,-0.673855,0.0004766728,5.679042,5.900004,0.6966452
-0.08690526,-0.6691602,-0.0005436375,5.883966,5.899987,0.6925488
-0.1196569,-0.6650206,0.0003878827,6.088695,5.899977,0.6885754
-0.1500601,-0.6612516,-0.0001605779,6.292494,5.899976,0.6856102
-0.1807098,-0.6589512,0.0004412426,6.495302,5.89998,0.6838239
-0.2041043,-0.6590855,6.276866e-05,6.697398,5.899985,0.6830365
-0.2392603,-0.6614346,0.0009088905,6.899137,5.89999,0.6830402
-0.2543237,-0.666492,-2.593198e-05,7.100841,5.899993,0.6837406
-0.3035469,-0.673478,0.002603011,7.302893,5.899994,0.6850999
-0.3065496,-0.6825653,-0.0006656347,7.505784,5.899996,0.687166
-0.01534907,-0.6377152,0.0001500196,5.488341,6.100014,0.6994267
-0.04940182,-0.6382106,0.000394689,5.678936,6.100009,0.6966451
-0.08393561,-0.6344874,-0.0002113023,5.883785,6.100006,0.6925461
-0.1175534,-0.6331289,0.0002950185,6.088486,6.100006,0.6885708
-0.1480598,-0.6304507,-3.979507e-05,6.292302,6.10001,0.6856033
-0.1806857,-0.6299611,0.0003833341,6.495152,6.100016,0.6838149
-0.2056249,-0.6303744,6.544739e-05,6.697297,6.10002,0.6830268
-0.2429336,-0.6329155,0.0008057076,6.899086,6.100022,0.6830328
-0.26016,-0.6368017,-6.266802e-05,7.10084,6.100021,0.6837399
-0.3106795,-0.6427903,0.002405469,7.30294,6.100018,0.6851102
-0.3157491,-0.6482795,-0.0008593106,7.505877,6.100014,0.6871883
-0.01464912,-0.6047048,5.909617e-05,5.488329,6.300008,0.699426
-0.04774996,-0.6043722,0.0003273233,5.678887,6.300012,0.6966428
-0.08190174,-0.6027292,-0.0001583765,5.883691,6.30002,0.6925422
-0.1156329,-0.6014528,0.0002372629,6.088369,6.300032,0.6885662
-0.1468237,-0.6001558,-3.035685e-05,6.292187,6.300044,0.685598
-0.1805299,-0.5999417,0.0003474382,6.495055,6.300054,0.6838087
-0.2068945,-0.6005555,8.057699e-05,6.697227,6.30006,0.6830206
-0.2456171,-0.6027602,0.000780705,6.899043,6.300061,0.6830293
-0.2643032,-0.605685,2.596401e-05,7.100822,6.300055,0.6837439
-0.3159908,-0.6103193,0.002452125,7.302943,6.300045,0.6851271
-0.3216366,-0.6133859,-0.0005992098,7.505898,6.300034,0.6872205
-0.01473149,-0.5702497,0.0002049329,5.488322,6.500006,0.69942
-0.04710469,-0.5703614,0.0003305079,5.67886,6.500017,0.6966354
-0.08103146,-0.5693065,-6.131328e-05,5.88364,6.500037,0.6925351
-0.1150128,-0.5689073,0.0002104726,6.088302,6.500063,0.6885601
-0.1465327,-0.5682508,3.475533e-06,6.292117,6.500087,0.685592
-0.1810704,-0.5686067,0.0003161539,6.494993,6.500105,0.683802
-0.2083519,-0.569319,7.955704e-05,6.697176,6.500115,0.6830132
-0.2479973,-0.5713793,0.0007240452,6.899004,6.500114,0.6830227
-0.2677387,-0.5736069,2.045694e-05,7.10079,6.500103,0.683743
-0.3199553,-0.5773874,0.002330731,7.302915,6.500084,0.6851393
-0.3262653,-0.5787436,-0.0005526386,7.50587,6.500062,0.6872511
-0.01455563,-0.5371661,0.0001011887,5.488318,6.700006,0.6994043
-0.04661362,-0.5372267,0.0002817085,5.678842,6.700026,0.6966195
-0.08047709,-0.5367612,-6.712356e-05,5.883608,6.700063,0.692523
-0.1145775,-0.5365321,0.0001756152,6.088261,6.700107,0.6885516
-0.14648,-0.5363231,-7.324149e-07,6.292074,6.700148,0.6855849
-0.1815435,-0.5367762,0.000288176,6.494952,6.700179,0.6837932
-0.2095795,-0.5374625,7.942234e-05,6.697139,6.700195,0.6830004
-0.2498016,-0.5392489,0.0006893832,6.898968,6.700194,0.6830058
-0.2703292,-0.5408812,4.717347e-05,7.10075,6.700175,0.6837255
-0.3228499,-0.5439065,0.002276961,7.302862,6.700142,0.6851307
-0.3293111,-0.5440272,-0.0004360235,7.505805,6.700104,0.6872613
-0.01456074,-0.5037313,4.250096e-05,5.488314,6.90001,0.6993767
-0.04646725,-0.5038366,0.0002497033,5.678828,6.900042,0.6965962
-0.08034176,-0.5036286,-5.838652e-05,5.883586,6.900102,0.6925082
-0.1145816,-0.5036614,0.0001527698,6.088237,6.900174,0.6885427
-0.1467622,-0.5037063,-6.946394e-07,6.292049,6.900242,0.6855773
-0.1821855,-0.5042927,0.0002625888,6.494927,6.900294,0.6837819
-0.2107667,-0.5049417,7.030471e-05,6.697112,6.90032,0.6829805
-0.251313,-0.5065298,0.0006411207,6.898936,6.900318,0.6829737
-0.2724583,-0.5077209,4.246674e-05,7.100704,6.900288,0.6836823
-0.3249688,-0.5101865,0.002162643,7.302795,6.900236,0.685086
-0.3318903,-0.509393,-0.0003654955,7.505715,6.900172,0.6872316
-0.01447232,-0.4705668,-0.0002408227,5.488311,7.100013,0.6993599
-0.04633153,-0.4707624,0.0001594174,5.678822,7.100066,0.6965834
-0.08031394,-0.4706765,-7.557812e-05,5.883578,7.100163,0.6925011
-0.1146575,-0.4708025,0.0001243348,6.088227,7.10028,0.6885389
-0.1470984,-0.4709506,-1.06645e-05,6.292039,7.10039,0.6855724
-0.1827551,-0.4715399,0.0002384872,6.494915,7.100473,0.6837706
-0.2117706,-0.4721007,6.194737e-05,6.697096,7.100517,0.6829556
-0.2524702,-0.4735009,0.0006042286,6.898911,7.100516,0.6829277
-0.2740742,-0.4743475,5.369867e-05,7.100662,7.100469,0.6836131
-0.3265111,-0.4764688,0.002109898,7.302726,7.100386,0.6850031
-0.3334323,-0.4749154,-0.0002874671,7.505616,7.100283,0.6871565
-0.01458271,-0.4371808,0.0002750098,5.488314,7.300019,0.6993767
-0.04642456,-0.4374179,0.0003383693,5.678829,7.300105,0.6965971
-0.08040823,-0.4374243,-3.892063e-05,5.883587,7.30026,0.6925106
-0.1148806,-0.437638,0.0001447757,6.088235,7.300447,0.6885451
-0.1475131,-0.4378498,-1.891035e-05,6.292044,7.300623,0.6855746
-0.1833306,-0.4384357,0.0002146621,6.494917,7.300756,0.6837643
-0.2127018,-0.43891,3.741993e-05,6.697093,7.300829,0.6829323
-0.2534438,-0.4401457,0.0005332746,6.898899,7.30083,0.6828774
-0.2755173,-0.4406995,7.817472e-06,7.100632,7.300759,0.6835302
-0.3276792,-0.4424406,0.001898113,7.302669,7.300629,0.6848954
-0.3354585,-0.4403557,-0.00028082,7.505526,7.300464,0.6870481
-0.01458503,-0.4040123,9.399939e-05,5.488319,7.500031,0.6994042
-0.04648214,-0.4041558,0.0002651711,5.678844,7.500168,0.6966221
-0.08057411,-0.4042184,-6.199032e-05,5.883607,7.500414,0.6925307
-0.1151246,-0.4044229,0.000117408,6.088257,7.50071,0.6885619
-0.1479322,-0.404638,-3.502948e-05,6.292065,7.500989,0.6855887
-0.1838287,-0.4051807,0.0001904278,6.494934,7.501203,0.6837709
-0.2134765,-0.4055645,2.663615e-05,6.697106,7.501321,0.6829223
-0.2541509,-0.4066963,0.0004988853,6.898904,7.501327,0.6828389
-0.2765066,-0.4070367,3.273387e-05,7.100622,7.501221,0.683455
-0.3283599,-0.4086607,0.001921661,7.302634,7.50102,0.6847887
-0.3357265,-0.4061756,-0.0001458028,7.505461,7.500759,0.6869327
-0.01463648,-0.3705846,0.0001627532,5.488324,7.700049,0.6994195
-0.04658057,-0.3707081,0.0003070502,5.678862,7.700266,0.6966415
-0.08074483,-0.3707813,-4.984615e-05,5.883638,7.700658,0.6925541
-0.1153818,-0.3709826,0.000116151,6.088295,7.701127,0.6885906
-0.1483484,-0.3711783,-5.072383e-05,6.292104,7.701568,0.6856213
-0.1843031,-0.3716741,0.0001513179,6.494971,7.701906,0.683802
-0.2142364,-0.3719681,-2.275799e-05,6.697137,7.702095,0.6829415
-0.2548111,-0.3730094,0.000364237,6.898927,7.702112,0.682833
-0.2776336,-0.3731862,-0.0001053991,7.100633,7.701954,0.6834138
-0.3289997,-0.3747325,0.001454364,7.302624,7.701645,0.6847135
-0.3372378,-0.3719745,-0.000228638,7.505424,7.701235,0.6868413
-0.01466573,-0.3373063,0.0001236864,5.488329,7.900077,0.6994236
-0.04670123,-0.3373549,0.0002786748,5.678886,7.900423,0.6966555
-0.08096738,-0.3374026,-6.372495e-05,5.883683,7.901045,0.6925841
-0.1156613,-0.3375377,9.415381e-05,6.088356,7.901787,0.6886394
-0.1487604,-0.3376666,-6.640682e-05,6.292171,7.902482,0.6856866
-0.1847104,-0.3380879,0.0001272079,6.495034,7.903012,0.6838762
-0.2148625,-0.338283,-2.764491e-05,6.697191,7.903312,0.6830124
-0.2552701,-0.3392864,0.0003408585,6.898968,7.903347,0.6828855
-0.2783778,-0.3393306,-5.825602e-05,7.10066,7.903113,0.6834348
-0.3294041,-0.3410207,0.001555619,7.302631,7.902641,0.684699
-0.3373517,-0.3379962,-0.0001817431,7.505407,7.902004,0.6868017
-0.0146864,-0.3036146,9.551434e-05,5.488339,8.10012,0.6994208
-0.04679036,-0.303578,0.0002991201,5.678925,8.100675,0.696671
-0.08113441,-0.3036567,-5.674875e-05,5.883759,8.101667,0.6926325
-0.1158883,-0.3037273,8.92554e-05,6.088459,8.10284,0.6887266
-0.1491331,-0.3038145,-8.123108e-05,6.292282,8.103927,0.6858096
-0.1850858,-0.3041662,7.653811e-05,6.495136,8.104752,0.6840245
-0.2155271,-0.3042802,-9.52694e-05,6.697273,8.105219,0.6831696
-0.2557559,-0.3052465,0.000118458,6.899026,8.105284,0.6830326
-0.279453,-0.3051868,-0.0003117541,7.100693,8.104941,0.6835535
-0.3299388,-0.3070253,0.0006084522,7.302641,8.104227,0.684778
-0.3390533,-0.3039116,-0.0003275048,7.505389,8.103241,0.6868414
-0.01470186,-0.2703471,3.344015e-05,5.488356,8.300189,0.6994187
-0.04699614,-0.2702673,0.0002798843,5.678996,8.30109,0.6967017
-0.08144888,-0.2702072,-6.063892e-05,5.883895,8.30268,0.6927217
-0.1162171,-0.270113,6.509246e-05,6.088636,8.304534,0.6888856
-0.1495792,-0.270013,-0.0001008094,6.292466,8.306226,0.6860353
-0.18545,-0.2702129,5.581506e-05,6.495297,8.30749,0.6843006
-0.2160948,-0.2701753,-7.914671e-05,6.697394,8.308203,0.6834719
-0.2560766,-0.2710692,0.0001529952,6.899102,8.308315,0.6833335
-0.2801813,-0.2708683,-0.0001324075,7.100724,8.307817,0.6838253
-0.3304991,-0.2727496,0.0008713293,7.30263,8.306753,0.684998
-0.3401588,-0.269755,-0.000316731,7.505343,8.305249,0.6869974
-0.01474941,-0.2360771,0.0002343953,5.488392,8.500306,0.6994323
-0.04711638,-0.2357643,0.0003580502,5.679136,8.501787,0.6967703
-0.08156085,-0.2359468,-1.72643e-05,5.884148,8.50436,0.6928894
-0.1163702,-0.2356374,7.59816e-05,6.088949,8.507295,0.6891756
-0.1498632,-0.2355492,-9.43781e-05,6.292772,8.509908,0.6864434
-0.1856985,-0.2356403,1.480387e-05,6.495549,8.511812,0.6847991
-0.2166281,-0.2355653,-0.0001454855,6.69757,8.512867,0.6840208
-0.2563613,-0.23646,-0.0001401693,6.899197,8.513043,0.6838896
-0.2811087,-0.2360117,-0.0004703388,7.100741,8.512342,0.6843458
-0.3307484,-0.2381819,-0.000186896,7.302574,8.510799,0.6854433
-0.3425994,-0.2351,-0.0003215807,7.505223,8.508545,0.6873368
-0.01465909,-0.2031639,0.0005095099,5.488467,8.700527,0.6994623
-0.04762126,-0.2027543,0.0005410425,5.679416,8.703005,0.6968989
-0.08224046,-0.2025157,3.635762e-05,5.884624,8.707218,0.6931958
-0.116897,-0.2017958,6.767468e-05,6.089501,8.711883,0.6897013
-0.1505804,-0.2012173,-0.0001593762,6.293274,8.715874,0.6871771
-0.1861603,-0.2010028,-4.711593e-05,6.495932,8.718654,0.6856862
-0.2172941,-0.2006598,-0.0001685471,6.697819,8.720139,0.6849907
-0.2565003,-0.2013236,-1.294583e-05,6.899315,8.720396,0.6848755
-0.2814892,-0.200775,-0.0001503306,7.100733,8.719458,0.6852833
-0.3298811,-0.2022745,0.0002264246,7.302441,8.717325,0.6862684
-0.342303,-0.2004458,-0.0001967606,7.504969,8.71406,0.6879885
-0.01485182,-0.1676322,0.0002693639,5.488632,8.900968,0.6995042
-0.04759414,-0.16614,0.0002150655,5.68,8.905212,0.6971225
-0.08219968,-0.1673422,2.728834e-05,5.885546,8.912238,0.693745
-0.1168442,-0.1657859,1.838817e-05,6.090484,8.919698,0.6906533
-0.150667,-0.1655185,-7.267486e-05,6.294075,8.92568,0.6884933
-0.1861734,-0.1651783,3.795627e-05,6.496487,8.929522,0.6872455
-0.21743,-0.1650448,-6.416333e-05,6.698155,8.93145,0.6866699
-0.2564437,-0.1661188,-1.876209e-05,6.899457,8.931787,0.6865777
-0.2822098,-0.16578,-0.000433164,7.100692,8.930637,0.6869199
-0.3311694,-0.1676613,0.0001150311,7.302201,8.927919,0.6877458
-0.3437186,-0.166059,-0.0001618403,7.504487,8.923463,0.6891955
-0.01448034,-0.1353786,0.0001863001,5.489078,9.101784,0.6995661
-0.04780697,-0.1339823,0.0004437277,5.681326,9.109359,0.6975083
-0.08315062,-0.1334506,9.784004e-05,5.887394,9.121389,0.694708
-0.1176588,-0.1311459,0.0001214261,6.092139,9.133187,0.6922728
-0.1520205,-0.1296218,-0.0001556822,6.295225,9.141531,0.6906182
-0.1870115,-0.129148,-8.921536e-06,6.497217,9.146232,0.6896734
-0.2188336,-0.1285331,-0.0002575853,6.698569,9.14842,0.6892411
-0.2573278,-0.1287996,-0.0002184154,6.899619,9.148805,0.6891741
-0.2844941,-0.1270408,-0.0004789327,7.100619,9.147584,0.6894369
-0.3305778,-0.1294577,0.0002050368,7.301845,9.144564,0.6900677
-0.3470001,-0.1290368,-0.0004360056,7.503726,9.139191,0.6911773
-0.01438141,-0.09857847,-0.0005215136,5.490458,9.302618,0.6996614
-0.04743655,-0.09323043,-0.000118225,5.684529,9.31741,0.6981271
-0.08088472,-0.09506214,-0.0002230687,5.890768,9.337878,0.6961728
-0.1174627,-0.09038611,-0.0004307917,6.094417,9.354637,0.694512
-0.1505383,-0.09099605,-0.0001956042,6.296651,9.364255,0.6934043
-0.1862796,-0.0904218,-0.0001879782,6.498037,9.368941,0.6927922
-0.2176481,-0.09060919,-0.0001716924,6.699014,9.37094,0.6925015
-0.2556995,-0.09099094,-1.716554e-05,6.899786,9.371294,0.6924544
-0.2818553,-0.09119218,-0.0002181817,7.100526,9.370273,0.6926318
-0.3266275,-0.09225045,-0.0008673817,7.301421,9.367595,0.6930567
-0.3411015,-0.09422764,-0.001160649,7.502721,9.362335,0.6937841
-0.01079488,-0.07077788,0.0005111221,5.493766,9.502898,0.6997817
-0.04765388,-0.06658984,0.0007851134,5.691388,9.53171,0.6988974
-0.08603781,-0.05792492,0.0004295272,5.89546,9.563009,0.6979325
-0.1194935,-0.05436681,0.0002319186,6.097146,9.581952,0.697203
-0.152508,-0.05314539,-8.128653e-05,6.297965,9.59052,0.696709
-0.1869212,-0.05257193,-0.0001701246,6.498753,9.593928,0.6963692
-0.2196122,-0.05274704,-0.0006007017,6.699403,9.595181,0.6961892
-0.2582902,-0.05261926,-0.001024707,6.89992,9.595399,0.6961532
-0.2866311,-0.05164173,-0.002086263,7.100424,9.594833,0.6962524
-0.3347282,-0.05372701,-0.003618977,7.301035,9.59322,0.6964991
-0.3531367,-0.05261781,-0.004011846,7.501771,9.589489,0.6968991
-0.001442639,-0.04281484,0.002943716,5.442749,9.647056,0.6490283
-0.0567291,-0.0139129,-0.0006158117,5.71015,9.748701,0.6998672
-0.08444796,-0.01663725,-0.0005191636,5.912778,9.784749,0.7007656
-0.1182389,-0.01704075,0.0001215426,6.10118,9.796512,0.7012066
-0.1498759,-0.01886446,-0.0004913903,6.298834,9.801007,0.7010372
-0.185767,-0.01726847,0.0002983899,6.49917,9.802309,0.7008152
-0.2191235,-0.01727065,-0.0003419463,6.699653,9.802678,0.7006832
-0.2550112,-0.01710237,-0.0006395926,6.899988,9.80274,0.7006493
-0.2835078,-0.01538373,-0.001653586,7.100319,9.802594,0.7007004
-0.3230083,-0.01491466,-0.0007909193,7.300792,9.802135,0.7008514
-0.3419945,-0.01396423,-0.005043239,7.501108,9.800749,0.7010918
-0.002046882,-0.01041434,-0.0001578988,5.420012,9.828843,0.6244538
-0.0299706,0.009956547,-0.001021223,5.643368,9.861736,0.6497267
-0.06489199,-0.8877087,-0.0001562047,5.492518,5.102427,0.8996607
-0.08256681,-0.8311345,0.00292751,5.684284,5.099593,0.8980669
-0.1461252,-0.8016721,-0.0003698755,5.887578,5.099318,0.895459
-0.1625905,-0.7769505,0.00105314,6.090792,5.099346,0.8925938
-0.1851766,-0.7588479,-0.0004647784,6.293572,5.099482,0.890115
-0.1964061,-0.7434429,0.0006516101,6.495841,5.099618,0.8884032
-0.2047707,-0.7398264,0.000114965,6.697663,5.099715,0.8875673
-0.2174085,-0.7392748,0.0007745139,6.899208,5.099771,0.8875423
-0.2162618,-0.7525265,0.0002626802,7.100722,5.099787,0.888238
-0.2400796,-0.7654015,0.001475539,7.302507,5.099764,0.8896041
-0.2295467,-0.8053171,-1.428579e-05,7.504858,5.099703,0.8915477
-0.03701912,-0.7880026,-0.0007516512,5.489332,5.300987,0.8996523
-0.08455472,-0.8021989,0.0005278084,5.680245,5.299836,0.8980644
-0.1169753,-0.7621466,9.217172e-05,5.884544,5.299689,0.8954555
-0.1497458,-0.7548969,0.0006419971,6.088637,5.299649,0.8925596
-0.169905,-0.7386116,-0.0002051176,6.292142,5.299685,0.8900343
-0.1913353,-0.7293047,0.0005149128,6.494958,5.299744,0.8882749
-0.203025,-0.7262681,0.0001356085,6.697185,5.299797,0.8874053
-0.2246116,-0.7271306,0.0007507683,6.899057,5.299833,0.8873732
-0.2289486,-0.7380859,0.0001044069,7.100894,5.29985,0.8880882
-0.2626869,-0.7495866,0.001667361,7.303082,5.299849,0.8894976
-0.2595226,-0.7772732,-0.0003167746,7.506007,5.299834,0.8914927
-0.01519571,-0.7558286,0.000539097,5.488222,5.500101,0.8996725
-0.06012492,-0.7501902,0.001138119,5.67844,5.499935,0.8980711
-0.102192,-0.7358325,6.299763e-05,5.882762,5.499857,0.895452
-0.1292645,-0.7259125,0.0006716905,6.08718,5.499819,0.8925373
-0.1602765,-0.7175016,-0.0001588928,6.291087,5.499821,0.8899884
-0.1840459,-0.7095841,0.0005210939,6.494269,5.499843,0.8882044
-0.2022782,-0.7085819,0.0001541128,6.696797,5.499869,0.8873167
-0.2298439,-0.7099035,0.0008348399,6.898926,5.499891,0.887281
-0.2380041,-0.7190458,0.0002556545,7.101018,5.499905,0.8880075
-0.2807513,-0.7288931,0.002041468,7.303506,5.499911,0.8894409
-0.2766727,-0.7499243,0.0001284422,7.50682,5.499915,0.8914631
-0.01701033,-0.7081066,-0.0004115851,5.487923,5.700032,0.8996867
-0.05629709,-0.712098,-1.600117e-05,5.677723,5.699986,0.8980774
-0.09197617,-0.6988913,-0.0003278497,5.881839,5.699941,0.8954504
-0.1245299,-0.6962006,0.0003083152,6.086298,5.699914,0.8925248
-0.1536574,-0.6882478,-4.947936e-05,6.290382,5.699909,0.8899642
-0.1824953,-0.685576,0.0003904094,6.493776,5.699917,0.8881684
-0.2029724,-0.6847684,0.0001308751,6.696505,5.699929,0.8872719
-0.2354029,-0.6873274,0.0007490003,6.898818,5.699941,0.8872348
-0.247303,-0.694024,7.34907e-05,7.10109,5.69995,0.8879686
-0.2944097,-0.70303,0.001851231,7.303779,5.699957,0.8894157
-0.2955824,-0.7166742,-0.0003975304,7.507323,5.699963,0.8914529
-0.01442188,-0.6752444,0.0001196594,5.487834,5.900028,0.8996942
-0.05097553,-0.6739051,0.0002242714,5.67743,5.900005,0.8980809
-0.08631803,-0.6689093,-9.487347e-05,5.881375,5.899984,0.8954492
-0.1190217,-0.6651608,0.0002974963,6.085793,5.899971,0.8925177
-0.1495546,-0.6612568,-7.424297e-06,6.289939,5.899969,0.8899513
-0.1803605,-0.6590194,0.000372848,6.493444,5.899974,0.88815
-0.2037352,-0.6590825,0.0001590417,6.696295,5.899981,0.8872496
-0.2391497,-0.6614701,0.0007700352,6.898729,5.899987,0.8872131
-0.2538469,-0.6664895,0.000165912,7.101121,5.899991,0.8879526
-0.3036977,-0.673528,0.001976014,7.303933,5.899993,0.8894101
-0.3056243,-0.6823542,-0.0001422339,7.507603,5.899994,0.8914577
-0.01530318,-0.637814,-8.797769e-05,5.4878,6.100017,0.8996968
-0.0490534,-0.6383489,-2.691691e-05,5.677299,6.100011,0.8980816
-0.08325813,-0.6343982,-7.511065e-05,5.881141,6.100008,0.8954473
-0.1169187,-0.6332448,0.0001575176,6.08551,6.10001,0.8925127
-0.1474935,-0.6304284,2.009497e-05,6.289669,6.100017,0.8899435
-0.1803458,-0.6300147,0.0002989439,6.493228,6.100025,0.8881399
-0.2052464,-0.630368,0.0001409811,6.69615,6.100031,0.8872382
-0.2428436,-0.632971,0.000689251,6.898657,6.100033,0.8872038
-0.2597667,-0.636822,0.0001054717,7.101121,6.100032,0.8879494
-0.3108708,-0.6429002,0.001844968,7.304003,6.100026,0.8894173
-0.3152468,-0.648076,-0.0002836946,7.507736,6.10002,0.8914754
-0.01469659,-0.6046073,5.278775e-06,5.487785,6.30001,0.8996966
-0.04746313,-0.6043573,-1.001108e-05,5.677237,6.300015,0.8980801
-0.08126675,-0.6026505,-1.660111e-05,5.881019,6.300028,0.8954443
-0.1150446,-0.6014904,0.0001287957,6.085351,6.300045,0.8925081
-0.1462467,-0.6001395,3.395226e-05,6.289507,6.300064,0.8899376
-0.1801799,-0.5999642,0.0002713561,6.49309,6.30008,0.8881327
-0.2065027,-0.6005392,0.0001502435,6.696049,6.300089,0.8872307
-0.245494,-0.6027863,0.0006618981,6.898597,6.30009,0.8871988
-0.2639251,-0.6056681,0.0001581266,7.101099,6.300081,0.8879514
-0.316096,-0.6103264,0.001846041,7.304015,6.300066,0.8894311
-0.3210896,-0.613008,-0.0002193482,7.507777,6.300048,0.8915028
-0.01477841,-0.5702059,1.647943e-06,5.487778,6.500007,0.8996941
-0.0467748,-0.5703684,-5.501531e-05,5.677205,6.500023,0.8980761
-0.08038867,-0.5692678,-3.723812e-07,5.880954,6.500052,0.8954392
-0.1144272,-0.5689314,8.356034e-05,6.085261,6.500088,0.8925026
-0.1459421,-0.5682333,3.694806e-05,6.28941,6.500125,0.8899315
-0.1807196,-0.5686189,0.0002334363,6.493001,6.500153,0.8881254
-0.2079595,-0.569306,0.0001385219,6.695977,6.500168,0.8872223
-0.2478761,-0.5714038,0.0006104035,6.898543,6.500167,0.8871915
-0.2673748,-0.5736147,0.000145812,7.10106,6.50015,0.8879499
-0.3200788,-0.5774184,0.001781936,7.303985,6.500121,0.8894423
-0.3257653,-0.5784366,-0.0002349461,7.507752,6.500088,0.8915306
-0.01465253,-0.5371067,2.805508e-05,5.487774,6.700008,0.8996882
-0.04632896,-0.5372145,-6.422121e-05,5.677188,6.700036,0.8980688
-0.07985446,-0.536733,9.248145e-06,5.880918,6.700087,0.8954321
-0.1140063,-0.5365366,6.074692e-05,6.08521,6.70015,0.892496
-0.1458877,-0.5363065,3.279728e-05,6.289352,6.700213,0.8899244
-0.1811887,-0.5367763,0.0002073004,6.492944,6.700261,0.8881159
-0.2091841,-0.5374455,0.000131708,6.695925,6.700286,0.8872092
-0.2496713,-0.539261,0.0005767553,6.898494,6.700284,0.8871747
-0.2699673,-0.5408774,0.0001491533,7.101007,6.700255,0.8879339
-0.3229756,-0.5439097,0.001725498,7.303922,6.700206,0.8894358
-0.3288841,-0.5436849,-0.0002231134,7.507677,6.700148,0.8915424
-0.014657,-0.5036074,1.084354e-05,5.487772,6.900012,0.8996795
-0.04617149,-0.5038107,-8.494151e-05,5.677179,6.900057,0.8980597
-0.07971712,-0.5035908,6.010199e-06,5.880898,6.900141,0.8954244
-0.1140091,-0.5036534,3.892159e-05,6.085182,6.900246,0.8924894
-0.1461681,-0.5036837,2.419129e-05,6.289319,6.900348,0.8899168
-0.1818288,-0.5042824,0.0001807875,6.49291,6.900427,0.888104
-0.2103739,-0.5049194,0.0001169959,6.695887,6.900468,0.887189
-0.2511816,-0.5065314,0.0005346814,6.898449,6.900466,0.8871436
-0.2720951,-0.5077135,0.000132733,7.100946,6.90042,0.8878943
-0.3251024,-0.5101585,0.00166874,7.303834,6.90034,0.889398
-0.3314543,-0.5090575,-0.0002174327,7.507563,6.900245,0.8915213
-0.01467013,-0.4705836,7.827071e-05,5.487771,7.100017,0.8996748
-0.04614484,-0.4707414,-8.763467e-05,5.677176,7.10009,0.8980553
-0.07971569,-0.4706613,1.539249e-05,5.880892,7.100226,0.8954212
-0.1141065,-0.4707834,2.396659e-05,6.085172,7.100394,0.8924864
-0.1465085,-0.4709252,1.470787e-05,6.289306,7.100559,0.8899114
-0.1823987,-0.4715186,0.0001581036,6.492893,7.100687,0.8880916
-0.2113787,-0.4720723,0.0001033513,6.695864,7.100755,0.8871634
-0.252335,-0.4735004,0.0004978304,6.898412,7.100753,0.8870988
-0.2737017,-0.4743412,0.0001201638,7.100885,7.100682,0.8878294
-0.3266558,-0.4764432,0.001617176,7.303736,7.100556,0.8893236
-0.3329374,-0.4746033,-0.0002261042,7.507427,7.100401,0.8914587
-0.01464036,-0.4372957,6.114749e-06,5.487772,7.300027,0.8996797
-0.04610058,-0.4374308,-7.640247e-05,5.67718,7.300143,0.8980604
-0.07979355,-0.4374289,5.32197e-07,5.880899,7.300359,0.8954261
-0.114308,-0.437615,1.681188e-05,6.08518,7.300628,0.8924905
-0.1469261,-0.4378132,3.076391e-07,6.289312,7.300891,0.8899124
-0.1829747,-0.4383954,0.0001318681,6.492894,7.301096,0.8880842
-0.2123227,-0.4388593,7.647371e-05,6.695857,7.301208,0.8871392
-0.2533168,-0.4401194,0.0004341265,6.898391,7.301209,0.8870486
-0.2751583,-0.4406673,6.807681e-05,7.100836,7.301101,0.8877492
-0.3278032,-0.4423995,0.001485922,7.303645,7.300902,0.8892228
-0.3347011,-0.4400898,-0.0002693387,7.507292,7.300655,0.8913624
-0.01468196,-0.4040032,9.849919e-06,5.487775,7.500043,0.8996884
-0.04619473,-0.4041488,-9.394316e-05,5.677192,7.500228,0.8980713
-0.07996022,-0.4041903,-7.497237e-06,5.880919,7.50057,0.8954384
-0.1145555,-0.4043792,5.457193e-07,6.085206,7.500997,0.892504
-0.1473461,-0.404576,-1.225504e-05,6.28934,7.501414,0.8899248
-0.1834723,-0.4051152,0.000110494,6.492918,7.50174,0.8880897
-0.2130996,-0.4054914,6.367933e-05,6.695873,7.501921,0.8871281
-0.2540229,-0.4066725,0.0003973919,6.89839,7.501931,0.8870088
-0.2761427,-0.4070271,6.744089e-05,7.100809,7.501768,0.8876734
-0.3285119,-0.4087971,0.001460175,7.303577,7.50146,0.8891181
-0.3350232,-0.4060195,-0.0002204494,7.507179,7.501068,0.8912537
-0.01470041,-0.3706051,6.483423e-07,5.48778,7.700067,0.8996943
-0.04626558,-0.3706942,-8.713664e-05,5.67721,7.70036,0.8980825
-0.08012968,-0.37074,-8.001466e-06,5.880955,7.700902,0.8954568
-0.1148128,-0.3709083,-5.768383e-06,6.085255,7.701578,0.8925303
-0.1477768,-0.3710728,-2.69059e-05,6.289395,7.702236,0.8899569
-0.1839639,-0.3715528,7.473035e-05,6.49297,7.702751,0.8881213
-0.2139063,-0.3718241,1.87602e-05,6.695915,7.703042,0.8871476
-0.2547329,-0.3729084,0.0002714933,6.898417,7.703068,0.8870019
-0.27741,-0.3730893,-6.973327e-05,7.10081,7.702825,0.8876295
-0.3292598,-0.3747343,0.0009925833,7.303542,7.702351,0.8890395
-0.3367481,-0.3716707,-0.0003036685,7.507099,7.701735,0.8911616
-0.01473868,-0.3372734,-3.362945e-06,5.487787,7.900104,0.8996974
-0.04639913,-0.3373209,-9.797644e-05,5.677241,7.90057,0.898095
-0.08035168,-0.3373201,-1.338708e-05,5.881016,7.901428,0.8954855
-0.115092,-0.3374178,-1.736337e-05,6.085341,7.902492,0.8925785
-0.1481922,-0.337492,-3.517534e-05,6.289491,7.903526,0.8900236
-0.1843668,-0.3378917,6.067827e-05,6.493062,7.904334,0.8881991
-0.2145302,-0.3380529,2.633928e-05,6.695992,7.904796,0.8872229
-0.2551789,-0.3391303,0.0002621483,6.898472,7.904851,0.8870572
-0.2781256,-0.3391828,-8.633475e-06,7.100839,7.904492,0.8876496
-0.3297336,-0.3412356,0.001050662,7.303533,7.903769,0.8890205
-0.3367505,-0.3378351,-0.000255472,7.50705,7.902809,0.8911165
-0.01476843,-0.3035554,2.675321e-05,5.4878,8.100161,0.8996991
-0.04650289,-0.3035158,-8.050202e-05,5.677294,8.100904,0.8981129
-0.08052652,-0.3035306,3.168516e-06,5.881121,8.102265,0.8955337
-0.1153336,-0.3035333,-1.86818e-05,6.085488,8.103938,0.8926655
-0.148594,-0.3035393,-4.379337e-05,6.289654,8.105551,0.8901497
-0.1847744,-0.3038364,1.770858e-05,6.493214,8.106808,0.8883559
-0.2152838,-0.3038812,-2.567774e-05,6.696114,8.10753,0.8873925
-0.2557411,-0.3049002,6.59327e-05,6.898557,8.107635,0.8872161
-0.2794727,-0.3047971,-0.0002063833,7.100882,8.107109,0.8877748
-0.3304761,-0.3069346,9.783342e-05,7.303534,8.106017,0.889098
-0.3397693,-0.3033693,-0.000272083,7.507008,8.104534,0.8911494
-0.01480169,-0.2703758,6.319674e-05,5.487823,8.300252,0.8997028
-0.04673755,-0.2702133,-6.506578e-05,5.67739,8.301445,0.8981451
-0.08084923,-0.2700247,1.097076e-05,5.881308,8.303608,0.8956192
-0.1156703,-0.2698156,-2.115107e-05,6.085741,8.306236,0.8928205
-0.1490493,-0.2695684,-4.583398e-05,6.289925,8.308736,0.890378
-0.1851208,-0.2696776,1.448388e-05,6.493457,8.310666,0.8886463
-0.2158274,-0.2695387,1.757479e-05,6.696299,8.311774,0.8877189
-0.2559832,-0.2705258,0.0001520847,6.898672,8.311956,0.887543
-0.2801287,-0.2702339,7.431158e-05,7.100927,8.311197,0.8880655
-0.3310133,-0.2724162,0.0006769972,7.303513,8.30957,0.8893236
-0.3404308,-0.2692671,-0.0001332259,7.506932,8.307307,0.891299
-0.01479949,-0.2360729,9.846277e-05,5.487868,8.500404,0.8997132
-0.04679048,-0.2356741,-4.337232e-05,5.677569,8.502337,0.8982042
-0.08095116,-0.2356877,3.874465e-05,5.881645,8.505794,0.8957692
-0.1158344,-0.2351983,-1.665709e-05,6.086181,8.509915,0.8930913
-0.1493617,-0.2349089,-3.432843e-05,6.290378,8.513761,0.8907791
-0.1854188,-0.2348412,-2.815694e-05,6.493842,8.516673,0.8891616
-0.2165093,-0.2346128,-4.571684e-05,6.696572,8.518323,0.8883055
-0.2563921,-0.2355062,-8.940249e-05,6.898819,8.518616,0.8881433
-0.2815264,-0.2348502,-0.0001903827,7.100952,8.517553,0.8886201
-0.33132,-0.2375208,-7.561313e-05,7.303426,8.515193,0.8897792
-0.344446,-0.2343098,-0.0001217503,7.506756,8.5118,0.8916247
-0.01475515,-0.2033084,0.0002985971,5.487957,8.700676,0.8997318
-0.04736375,-0.2027351,5.583534e-05,5.677914,8.703849,0.8983052
-0.08166817,-0.2020455,5.153351e-05,5.882268,8.709412,0.8960233
-0.1164048,-0.2011173,-1.055905e-05,6.086951,8.715877,0.893551
-0.1501066,-0.2001214,-5.643294e-05,6.291129,8.721738,0.8914699
-0.1858878,-0.199689,-4.158548e-05,6.494435,8.726011,0.8900533
-0.2171025,-0.1991097,-2.143108e-05,6.696958,8.728336,0.8893173
-0.2563515,-0.199792,6.231513e-05,6.899003,8.728762,0.8891815
-0.2813497,-0.1991554,0.0001520276,7.100942,8.727357,0.8895958
-0.32965,-0.2005067,0.0005369423,7.303223,8.724106,0.8906034
-0.3430325,-0.1989438,0.0002464065,7.506378,8.719174,0.8922285
-0.01484776,-0.1676591,0.0002263117,5.48815,8.901195,0.8997579
-0.04712567,-0.1662938,-0.0001149081,5.678617,8.906484,0.8984664
-0.08151735,-0.1667632,5.774369e-05,5.883444,8.915532,0.8964346
-0.1163388,-0.1649528,-9.050718e-05,6.088308,8.925679,0.8943016
-0.1501504,-0.1640773,-1.479416e-05,6.292311,8.93437,0.8925828
-0.1859899,-0.1634807,1.442351e-06,6.495277,8.940191,0.8914441
-0.217337,-0.1631676,7.527394e-05,6.697472,8.943119,0.8908624
-0.2564033,-0.164327,4.582206e-05,6.899224,8.943655,0.8907599
-0.2824308,-0.1638648,-0.0001626997,7.100887,8.94198,0.891095
-0.3311537,-0.165926,-0.0002223638,7.30287,8.937952,0.8919077
-0.3424608,-0.165306,-0.0002535097,7.505679,8.931308,0.8932271
-0.01436403,-0.1362524,0.0002703803,5.488648,9.102111,0.8997942
-0.04763879,-0.1345798,4.858352e-05,5.68015,9.111201,0.8987081
-0.08268423,-0.1321556,7.09613e-06,5.885715,9.126121,0.8970533
-0.1173163,-0.1297797,-0.0001182739,6.090476,9.141531,0.895394
-0.1516589,-0.1270168,-0.0003636527,6.293888,9.15302,0.8940825
-0.1868638,-0.1263852,-0.0002882483,6.496347,9.159697,0.8932362
-0.2187858,-0.1253658,-0.0002998071,6.698086,9.162809,0.8928277
-0.2572527,-0.1258317,-0.0001826587,6.899471,9.163375,0.8927582
-0.2850888,-0.1238737,-5.809636e-05,7.10079,9.161678,0.893003
-0.3298605,-0.1278134,1.24308e-05,7.302366,9.157451,0.8935881
-0.346177,-0.1277583,0.0002656928,7.504684,9.149898,0.8945765
-0.01486431,-0.1000243,-0.0008219799,5.490121,9.303034,0.8998412
-0.04685008,-0.0941561,-0.0002426971,5.683684,9.319837,0.8990275
-0.08057339,-0.09411662,0.0001245047,5.889631,9.343818,0.8978541
-0.1168449,-0.09009907,-0.0003136414,6.093305,9.364262,0.896757
-0.1497824,-0.08902412,7.074561e-05,6.29583,9.376531,0.8959475
-0.1860203,-0.08866241,-0.0001791209,6.497492,9.382642,0.8954454
-0.2175267,-0.08818585,0.0001031696,6.698718,9.385293,0.8951941
-0.2557598,-0.08885941,-0.0001702791,6.899711,9.385773,0.895151
-0.2822753,-0.08959359,-0.0009218912,7.100663,9.384425,0.8953047
-0.3260356,-0.09093226,-0.001327461,7.301785,9.380899,0.8956687
-0.3444516,-0.09390681,-0.0006628411,7.503341,9.374066,0.8962649
-0.01032361,-0.06975094,0.000279134,5.493565,9.503156,0.8998822
-0.04813577,-0.06593957,-1.632464e-05,5.690961,9.534182,0.899339
-0.08602904,-0.05680293,-0.0002527273,5.894913,9.56878,0.8986307
-0.1194752,-0.0538945,-0.0003640485,6.096651,9.590531,0.8980151
-0.1523601,-0.05037323,-0.0003605052,6.297527,9.600732,0.8975807
-0.1876557,-0.05031663,-0.0007547073,6.498447,9.604911,0.8973031
-0.2201387,-0.04946972,-0.0005623933,6.699244,9.606484,0.8971605
-0.2590933,-0.05011851,-0.001056742,6.899895,9.606764,0.8971328
-0.289204,-0.04942213,-0.001038784,7.100528,9.606047,0.8972125
-0.3372485,-0.05120033,-0.001946513,7.301277,9.604026,0.8974086
-0.3607256,-0.05145315,-0.001955694,7.502135,9.599457,0.8977325
-0.001365929,-0.04308071,0.003437525,5.44274,9.646884,0.8490192
-0.05463446,-0.01518844,-0.0003338126,5.710143,9.750042,0.8995624
-0.08260371,-0.01533982,0.0008327264,5.912795,9.788108,0.8991956
-0.1184987,-0.01800815,0.0009368042,6.101009,9.801011,0.898849
-0.1502948,-0.01637893,0.0008344109,6.298565,9.806065,0.8985806
-0.1860466,-0.01632509,0.001308831,6.498973,9.807586,0.8984166
-0.2178357,-0.01491354,0.0007557423,6.699562,9.80803,0.898338
-0.2541125,-0.01518121,0.0004666949,6.899984,9.808105,0.8983197
-0.2832487,-0.01271934,-0.0001608214,7.100403,9.807928,0.8983516
-0.3217748,-0.01367259,-0.00088496,7.30098,9.807377,0.8984444
-0.3439555,-0.01436482,-0.002184373,7.501365,9.805757,0.8986215
-0.001986877,-0.01047786,0.0008773872,5.420056,9.828689,0.8244831
-0.02931924,0.009529207,0.0001123792,5.64339,9.861876,0.8499368
-0.06586668,-0.8822788,0.003873685,5.492388,5.102498,1.099823
-0.0835168,-0.8311012,0.001993123,5.683795,5.099683,1.098921
-0.1452285,-0.7987485,0.002318718,5.886673,5.09936,1.097381
-0.1609502,-0.7771998,0.001307371,6.089612,5.09933,1.095601
-0.185012,-0.758973,0.0006444492,6.292385,5.099429,1.09391
-0.1959827,-0.7435374,0.0007233093,6.494874,5.099557,1.092577
-0.2046971,-0.7399071,0.0003043389,6.697044,5.099661,1.091814
-0.217348,-0.7392456,0.0006999686,6.898977,5.099722,1.091733
-0.2160455,-0.7526843,0.0003055617,7.100875,5.09974,1.092335
-0.2403018,-0.7652912,0.001081696,7.303014,5.09971,1.0935
-0.2290361,-0.8061179,-5.539111e-05,7.50564,5.09964,1.094991
-0.03567425,-0.7878095,0.001733808,5.48917,5.301006,1.099823
-0.08500688,-0.8031258,-0.0001016299,5.679648,5.299859,1.098923
-0.1169782,-0.7648743,0.001028614,5.883456,5.299695,1.097377
-0.1484154,-0.7547137,0.0008596158,6.087219,5.299627,1.095573
-0.1698175,-0.7383132,0.0002600994,6.290708,5.299645,1.093846
-0.1909755,-0.729316,0.0005800658,6.493791,5.2997,1.092477
-0.2029349,-0.7262244,0.000230818,6.696444,5.299757,1.091688
-0.2246346,-0.7270768,0.0006670791,6.898784,5.299797,1.091599
-0.2287118,-0.7380981,0.0001631921,7.101086,5.299816,1.092218
-0.2632063,-0.7493455,0.001214072,7.30371,5.299813,1.093417
-0.2590919,-0.777024,-0.0003800885,7.506972,5.299796,1.094947
-0.01518969,-0.7544981,0.0001142054,5.488041,5.500109,1.099838
-0.05937029,-0.7498556,0.001151969,5.677767,5.499941,1.098929
-0.1024234,-0.7361842,0.0001081228,5.881533,5.499854,1.097375
-0.1295141,-0.7260367,0.0007958999,6.085574,5.499802,1.095556
-0.1601674,-0.7172987,0.0001379781,6.289456,5.499794,1.093808
-0.1838783,-0.7096348,0.0005465468,6.492941,5.499815,1.09242
-0.2021269,-0.7085523,0.0002404368,6.695955,5.499843,1.091616
-0.2298038,-0.7098779,0.00071968,6.898619,5.499867,1.091523
-0.2376269,-0.7190668,0.000256782,7.10124,5.499883,1.092153
-0.2809492,-0.7288061,0.001448719,7.304228,5.49989,1.093371
-0.2756151,-0.7499893,-0.000222675,7.507925,5.499893,1.094922
-0.01668094,-0.7079301,-0.0002945809,5.48773,5.700036,1.099847
-0.05612007,-0.7125869,0.0001585577,5.677002,5.699987,1.098934
-0.09175038,-0.6993016,-0.0001733551,5.880513,5.699937,1.097374
-0.124359,-0.6963663,0.0004582986,6.08456,5.699904,1.095547
-0.1534469,-0.6882676,0.0001124031,6.288609,5.699894,1.093788
-0.1823011,-0.6856417,0.0004119214,6.492328,5.699902,1.09239
-0.2027878,-0.6847695,0.0001856514,6.695585,5.699915,1.091579
-0.2354428,-0.6873522,0.0006462362,6.898481,5.699929,1.091485
-0.2469287,-0.6941057,0.0001081685,7.101331,5.699939,1.092121
-0.2949237,-0.7030943,0.001360319,7.304566,5.699946,1.09335
-0.2946267,-0.7168505,-0.0005731111,7.508524,5.699953,1.094912
-0.01408469,-0.6750691,3.390699e-05,5.487634,5.90003,1.099852
-0.05080629,-0.6738988,0.0004317154,5.676679,5.900006,1.098937
-0.08619243,-0.6689682,1.042341e-05,5.87999,5.899983,1.097374
-0.1187635,-0.6652406,0.0004343892,6.08397,5.899968,1.095542
-0.1493281,-0.661248,0.0001279305,6.28807,5.899965,1.093778
-0.1801546,-0.659064,0.0003839396,6.491912,5.89997,1.092374
-0.2035193,-0.6590704,0.0002005743,6.69532,5.899979,1.09156
-0.2391539,-0.6614918,0.000656093,6.898369,5.899986,1.091466
-0.2534608,-0.6664846,0.0001718641,7.101371,5.89999,1.092107
-0.3041685,-0.6735621,0.001423594,7.304759,5.899991,1.093343
-0.3047994,-0.6822055,-0.000451013,7.508862,5.899992,1.094914
-0.01513283,-0.6377085,8.895166e-05,5.487596,6.100018,1.099854
-0.04901381,-0.6384728,0.0002276517,5.676532,6.100013,1.098938
-0.08308964,-0.6344434,3.587109e-05,5.87972,6.100011,1.097373
-0.116633,-0.6333459,0.0003005998,6.083634,6.100014,1.095538
-0.1472254,-0.6304438,0.0001201988,6.287739,6.100022,1.093771
-0.1801316,-0.6300681,0.0003071635,6.49164,6.100033,1.092365
-0.2050214,-0.6303747,0.0001699741,6.695135,6.100041,1.09155
-0.2428613,-0.6330267,0.0005928703,6.898279,6.100044,1.091457
-0.2593986,-0.6368522,0.0001262502,7.101375,6.100041,1.092104
-0.3113898,-0.642977,0.001377635,7.304852,6.100034,1.093347
-0.3143609,-0.6480332,-0.0004715681,7.509031,6.100025,1.094925
-0.01451398,-0.6046134,0.0001304399,5.487579,6.300011,1.099854
-0.04740383,-0.604407,0.0002430726,5.676461,6.300018,1.098937
-0.08109669,-0.602671,7.794738e-05,5.879579,6.300034,1.097371
-0.114738,-0.6015489,0.0002706772,6.083444,6.300056,1.095535
-0.1459602,-0.6001508,0.0001234469,6.28754,6.300081,1.093766
-0.1799496,-0.6000001,0.0002772699,6.491466,6.300102,1.092359
-0.2062699,-0.6005395,0.0001711682,6.695007,6.300114,1.091543
-0.2454903,-0.6028295,0.000568168,6.898205,6.300115,1.091452
-0.2636097,-0.6056614,0.00016242,7.101354,6.300103,1.092104
-0.3165909,-0.6103765,0.001375914,7.304877,6.300083,1.093357
-0.3203207,-0.6128629,-0.000430855,7.509092,6.30006,1.094944
-0.01464844,-0.5702208,0.0001494916,5.487571,6.500008,1.099853
-0.04674385,-0.5704231,0.000198153,5.676425,6.500027,1.098935
-0.08021943,-0.5692855,8.355849e-05,5.879503,6.500063,1.097368
-0.1141206,-0.5689817,0.0002217273,6.083336,6.50011,1.095531
-0.1456429,-0.5682454,0.0001124946,6.28742,6.500157,1.09376
-0.1804847,-0.5686507,0.0002362181,6.491355,6.500195,1.092352
-0.2077264,-0.5693131,0.0001537657,6.694918,6.500215,1.091536
-0.2478654,-0.5714489,0.000522981,6.898141,6.500214,1.091445
-0.2670813,-0.5736287,0.0001592551,7.101313,6.500191,1.092102
-0.3205402,-0.5774781,0.001345091,7.304853,6.500153,1.093365
-0.3249214,-0.5782767,-0.0003987113,7.509079,6.500109,1.094964
-0.01450949,-0.5371532,0.0001246772,5.487567,6.70001,1.099851
-0.04627157,-0.5372597,0.0001746602,5.676406,6.700043,1.098932
-0.07967702,-0.5367548,7.803722e-05,5.879462,6.700106,1.097363
-0.1136901,-0.5365714,0.0001944641,6.083275,6.700186,1.095526
-0.1455799,-0.5363172,0.0001012711,6.287349,6.700267,1.093754
-0.1809461,-0.5367991,0.0002093001,6.491285,6.70033,1.092343
-0.208951,-0.5374512,0.0001425969,6.694854,6.700364,1.091524
-0.249654,-0.5392991,0.0004909803,6.898083,6.700362,1.091431
-0.2696889,-0.5408906,0.0001594874,7.101255,6.700323,1.09209
-0.3234513,-0.5439636,0.001299598,7.304789,6.700258,1.093361
-0.3280466,-0.5434884,-0.0003782424,7.509009,6.700183,1.094975
-0.01452259,-0.5036785,0.0001101761,5.487565,6.900014,1.099848
-0.04611258,-0.5038576,0.0001518777,5.676397,6.900069,1.098928
-0.07954038,-0.5036121,6.828428e-05,5.879442,6.900172,1.097359
-0.1136923,-0.5036788,0.0001684544,6.083244,6.900304,1.095521
-0.1458577,-0.5036891,8.72437e-05,6.287311,6.900436,1.093747
-0.1815841,-0.5042976,0.0001813319,6.491242,6.90054,1.092332
-0.2101466,-0.5049226,0.0001243131,6.694808,6.900595,1.091506
-0.2511611,-0.5065658,0.000453079,6.898029,6.900592,1.091406
-0.27183,-0.5077251,0.0001488322,7.101185,6.900531,1.09206
-0.325568,-0.5102109,0.001271897,7.304694,6.900426,1.093336
-0.3305369,-0.5088615,-0.0003524443,7.50889,6.900302,1.094964
-0.01450314,-0.4705618,5.801438e-05,5.487565,7.100021,1.099847
-0.0460384,-0.4707387,0.0001199513,5.676395,7.10011,1.098926
-0.07952444,-0.4706592,5.121768e-05,5.879436,7.100276,1.097357
-0.1137807,-0.4707876,0.0001464904,6.083233,7.100487,1.095518
-0.1461949,-0.4709204,7.205427e-05,6.287296,7.1007,1.093741
-0.1821525,-0.4715234,0.0001571768,6.491221,7.100868,1.09232
-0.2111576,-0.472072,0.0001067391,6.694778,7.100959,1.091484
-0.2523134,-0.4735376,0.000415253,6.897983,7.100957,1.091369
-0.2734562,-0.4743674,0.0001315293,7.10111,7.100861,1.09201
-0.32712,-0.476556,0.001210587,7.304577,7.100693,1.093282
-0.3319959,-0.474497,-0.0003609914,7.508737,7.100493,1.094922
-0.01453244,-0.437241,0.0001251119,5.487566,7.300033,1.099848
-0.04607313,-0.4374145,0.0001442319,5.676399,7.300174,1.098928
-0.07963383,-0.4374165,5.735591e-05,5.879443,7.300438,1.097359
-0.1139998,-0.4376059,0.0001397374,6.083242,7.300776,1.095519
-0.1466239,-0.4377964,5.881692e-05,6.287303,7.301114,1.093739
-0.1827384,-0.438384,0.0001317569,6.491223,7.301383,1.092311
-0.2121208,-0.4388421,7.989252e-05,6.694768,7.301532,1.091461
-0.2533112,-0.4401381,0.0003582305,6.897951,7.301534,1.091327
-0.2749674,-0.4406729,8.356063e-05,7.101041,7.301387,1.091945
-0.3283109,-0.4424819,0.001088388,7.304457,7.301123,1.093206
-0.3339246,-0.43992,-0.0003893814,7.508568,7.300803,1.094853
-0.01455691,-0.4040121,8.764033e-05,5.487569,7.500052,1.099851
-0.04614401,-0.4041516,0.0001212745,5.676411,7.500276,1.098933
-0.07979371,-0.4041788,4.227795e-05,5.879465,7.500694,1.097366
-0.1142454,-0.4043595,0.0001227745,6.083272,7.501228,1.095527
-0.1470465,-0.404541,4.348834e-05,6.287335,7.501764,1.093747
-0.1832384,-0.4050849,0.0001090529,6.491251,7.502193,1.092313
-0.2129061,-0.4054556,6.286471e-05,6.694783,7.502434,1.091449
-0.2540116,-0.4066941,0.0003160729,6.897942,7.502446,1.091291
-0.2759561,-0.4070442,6.621045e-05,7.100992,7.502224,1.091881
-0.3289993,-0.4090316,0.001013473,7.304352,7.501813,1.093121
-0.3340583,-0.4058919,-0.0003678345,7.508409,7.501306,1.094769
-0.0145902,-0.3705885,0.0001059274,5.487574,7.700081,1.099853
-0.0462387,-0.3706796,0.0001298116,5.676432,7.700435,1.098939
-0.07997883,-0.3707101,4.435863e-05,5.879506,7.701097,1.097378
-0.1145162,-0.3708636,0.0001156074,6.083331,7.701939,1.095546
-0.1474947,-0.3710054,2.937951e-05,6.287403,7.702783,1.093771
-0.1837499,-0.3714813,7.658219e-05,6.491315,7.703461,1.092336
-0.2137592,-0.3717354,2.356201e-05,6.694832,7.703849,1.091461
-0.2547633,-0.3728708,0.000210168,6.897965,7.703882,1.09128
-0.2773847,-0.3730351,-4.080539e-05,7.100974,7.703551,1.091838
-0.3298636,-0.3748867,0.0005998354,7.304279,7.702918,1.093051
-0.3364492,-0.37129,-0.0003976362,7.508279,7.702121,1.09469
-0.01462396,-0.3372689,9.345832e-05,5.487583,7.900125,1.099855
-0.04637025,-0.3373004,0.0001207666,5.676468,7.900686,1.098948
-0.08020446,-0.3372706,3.7528e-05,5.879579,7.90173,1.0974
-0.1148016,-0.3373368,0.000104494,6.083437,7.903053,1.095583
-0.1479186,-0.3373728,2.003127e-05,6.287525,7.904377,1.093823
-0.1841541,-0.3377583,5.866702e-05,6.491433,7.90544,1.092398
-0.2143875,-0.337893,2.114339e-05,6.694928,7.906059,1.091521
-0.2551828,-0.3390465,0.0001846576,6.898026,7.906132,1.091322
-0.2780732,-0.3390847,-1.59873e-05,7.100991,7.905643,1.091848
-0.3302937,-0.3416054,0.0005039286,7.304239,7.904677,1.093025
-0.3364448,-0.3374837,-0.000354145,7.508183,7.903433,1.094644
-0.01465532,-0.3035308,0.0001053168,5.487598,8.100194,1.099858
-0.04648462,-0.303468,0.000129265,5.676531,8.101083,1.098963
-0.08039564,-0.303442,4.406912e-05,5.879707,8.102729,1.097438
-0.1150615,-0.3033953,9.980093e-05,6.08362,8.104801,1.095651
-0.1483507,-0.3033399,1.154385e-05,6.287733,8.106862,1.093924
-0.1845905,-0.3036003,2.498571e-05,6.49163,8.108517,1.092527
-0.2152212,-0.3035893,-1.760521e-05,6.695087,8.109491,1.091664
-0.2558014,-0.304642,4.440162e-05,6.898131,8.109635,1.091456
-0.2797198,-0.3044589,-0.0001111195,7.101033,8.108921,1.091948
-0.3311932,-0.3067389,-0.0001170081,7.304217,8.107459,1.093079
-0.341267,-0.3024421,-0.0002394291,7.508101,8.105535,1.094659
-0.01468919,-0.2702549,0.0001136322,5.487625,8.300301,1.099862
-0.04672937,-0.2701102,0.0001397619,5.676644,8.301716,1.098988
-0.08073728,-0.2698699,4.844556e-05,5.879932,8.304314,1.097503
-0.1154173,-0.2695808,9.285609e-05,6.083933,8.307548,1.095771
-0.1488267,-0.2692444,9.340783e-06,6.288081,8.310733,1.094105
-0.1849287,-0.2692864,2.242619e-05,6.491953,8.31328,1.092767
-0.2157292,-0.2690694,4.821982e-06,6.695336,8.314792,1.091945
-0.255919,-0.2700543,8.70649e-05,6.89828,8.315055,1.091742
-0.2800531,-0.2697058,9.441476e-05,7.10108,8.314022,1.092195
-0.331043,-0.2718651,0.0003351594,7.304172,8.311836,1.093259
-0.3398663,-0.2685218,-8.435155e-05,7.507987,8.308893,1.094768
-0.01474859,-0.2358036,0.0001958875,5.487676,8.500477,1.099869
-0.04687572,-0.235453,0.0001654776,5.676851,8.502742,1.09903
-0.08088453,-0.2354395,6.992566e-05,5.880331,8.506849,1.097612
-0.1156347,-0.2348163,8.793329e-05,6.084474,8.511876,1.095972
-0.1492056,-0.2344161,1.067308e-05,6.288664,8.516753,1.094414
-0.1852693,-0.2342417,1.79703e-05,6.492476,8.520623,1.09319
-0.216505,-0.2339149,-1.17082e-05,6.695713,8.522914,1.092457
-0.2564054,-0.2347961,-1.672497e-05,6.89848,8.523355,1.092279
-0.2816971,-0.2341624,-8.035149e-06,7.101105,8.521906,1.092679
-0.3314222,-0.2366945,4.204532e-05,7.304044,8.518707,1.09363
-0.3441944,-0.233225,-8.115934e-06,7.507755,8.514269,1.095013
-0.01475802,-0.2028393,0.0002998893,5.487775,8.700782,1.09988
-0.04756894,-0.2024849,0.0002717131,5.677241,8.704439,1.099098
-0.08168548,-0.2017489,9.263006e-05,5.881054,8.710945,1.097787
-0.1162817,-0.2005649,8.069352e-05,6.085409,8.718721,1.096294
-0.1500234,-0.1994279,-3.101326e-05,6.289634,8.726102,1.094916
-0.185769,-0.198795,-2.120303e-05,6.493284,8.731802,1.09388
-0.2171108,-0.1981051,-1.072575e-05,6.696249,8.735037,1.093281
-0.2562618,-0.198728,-3.65257e-05,6.898733,8.735667,1.093142
-0.2813033,-0.1982789,3.605335e-05,7.101087,8.733789,1.093475
-0.3292405,-0.1999212,0.0002321084,7.303761,8.729391,1.094266
-0.341016,-0.1982804,0.0001933195,7.507271,8.722917,1.095446
-0.01503564,-0.1665543,0.0003756855,5.487983,8.901341,1.099896
-0.04748328,-0.1656867,0.00012741,5.678014,8.907306,1.099199
-0.08158776,-0.1663468,6.012846e-05,5.882387,8.917653,1.098049
-0.1163044,-0.1640151,-7.834054e-06,6.08702,8.92959,1.096777
-0.1501604,-0.163079,-0.0001121191,6.291114,8.940287,1.095652
-0.1859698,-0.1621356,-0.0001275694,6.494363,8.947789,1.094822
-0.217388,-0.1617228,-0.0001188769,6.69694,8.951663,1.094354
-0.2565338,-0.1626921,-3.871516e-05,6.899032,8.952394,1.094259
-0.2823836,-0.1624964,-0.0001682798,7.101016,8.950256,1.094512
-0.3305378,-0.1648056,-4.203057e-05,7.303342,8.945039,1.09514
-0.3440156,-0.1636053,-0.0001285574,7.506421,8.936571,1.096095
-0.01436143,-0.1344321,0.0001503915,5.488506,9.102301,1.099915
-0.04781732,-0.133975,0.0002271089,5.679651,9.112263,1.099336
-0.08264648,-0.1319601,9.70211e-05,5.884881,9.128818,1.098406
-0.1171905,-0.1289216,8.77242e-05,6.089503,9.146298,1.097424
-0.1518197,-0.1262488,-0.0001830821,6.293003,9.159787,1.096606
-0.1868221,-0.1253805,-0.0001842692,6.495731,9.1679,1.096043
-0.218652,-0.1242584,-0.0003076359,6.697729,9.171727,1.095744
-0.2570183,-0.1247601,-0.0002233783,6.899353,9.172439,1.095686
-0.2835313,-0.1242401,-0.0005669931,7.100897,9.170372,1.09586
-0.3283029,-0.1264491,-0.0009880788,7.302706,9.16522,1.096277
-0.3425773,-0.1271612,0.0001920474,7.505275,9.156091,1.096937
-0.01414665,-0.09693286,-4.324626e-05,5.490013,9.303239,1.099935
-0.0467414,-0.09264923,-4.705174e-05,5.683322,9.321032,1.099497
-0.08010107,-0.09374219,-9.072284e-05,5.889053,9.346726,1.098826
-0.1167854,-0.08792505,-0.0001508601,6.092676,9.369001,1.098159
-0.150011,-0.0882924,-0.0001972443,6.295306,9.38271,1.09764
-0.1861343,-0.08766209,-0.0002712956,6.497125,9.389719,1.097299
-0.2175888,-0.08733075,-0.0004565996,6.698509,9.392816,1.097121
-0.2567262,-0.0880548,-0.000694221,6.899652,9.393385,1.097087
-0.2834151,-0.08923753,-0.001482605,7.100746,9.391801,1.097193
-0.3308561,-0.09185668,-0.001913092,7.302011,9.387689,1.097446
-0.3459683,-0.09289994,-0.0008920769,7.50371,9.379856,1.097849
-0.01001953,-0.07131599,-2.093664e-05,5.493509,9.503196,1.099952
-0.04731134,-0.06605769,0.000235499,5.690744,9.535131,1.099648
-0.08596649,-0.05635845,3.910509e-05,5.894553,9.57105,1.099212
-0.1193987,-0.05299355,9.244171e-05,6.096303,9.593968,1.098803
-0.1527868,-0.0504028,-0.0001531343,6.29724,9.604946,1.098506
-0.1877444,-0.05084703,-0.0001689657,6.49825,9.609563,1.098319
-0.2202293,-0.04901181,-0.0002767748,6.699138,9.61134,1.098224
-0.2591581,-0.0495715,-0.0005542483,6.899874,9.611659,1.098205
-0.2888711,-0.04842491,-0.0006875482,7.10059,9.610838,1.098258
-0.3369734,-0.05051522,-0.0002387481,7.301424,9.608548,1.098388
-0.3591958,-0.05091462,-0.0008750181,7.502364,9.603493,1.098604
-0.001471392,-0.04314948,0.003476809,5.44281,9.646391,1.049006
-0.05574316,-0.0139857,-0.0001607388,5.71007,9.750333,1.099786
-0.08317512,-0.01550267,0.0001905661,5.91257,9.789033,1.09948
-0.1179376,-0.01592718,0.0002246617,6.100786,9.802321,1.099181
-0.1492484,-0.01682664,-0.0003497673,6.298399,9.807595,1.098985
-0.1864807,-0.01689064,-6.069635e-05,6.498873,9.809224,1.098887
-0.2198454,-0.01540958,-8.674657e-06,6.699516,9.809715,1.098844
-0.2554432,-0.0146117,-0.0008673927,6.899981,9.809799,1.098835
-0.2842749,-0.01339952,-0.00172775,7.100443,9.809598,1.098853
-0.3242694,-0.01310935,-0.001432781,7.301073,9.808987,1.098904
-0.3453333,-0.01478169,-0.000712802,7.501522,9.807248,1.09901
-0.002032865,-0.01127428,0.0003415082,5.420724,9.82735,1.024486
-0.03008628,0.009944025,-0.0005609404,5.643861,9.861811,1.050036
-0.06602118,-0.8838331,0.004021401,5.492324,5.102504,1.299922
-0.08405151,-0.8307571,0.001772486,5.683542,5.099708,1.299515
-0.1473257,-0.8023405,0.00209379,5.886196,5.099382,1.298802
-0.1637487,-0.7775928,0.001095917,6.088973,5.099331,1.297954
-0.1854667,-0.7589935,0.0007659032,6.291673,5.099408,1.297127
-0.1965587,-0.7437299,0.0006718868,6.494235,5.099525,1.296421
-0.2048028,-0.7398585,0.0003681636,6.696602,5.099629,1.295947
-0.2174189,-0.7392823,0.0005778674,6.89881,5.099693,1.295854
-0.2159858,-0.7527715,0.0003834266,7.100985,5.099708,1.296222
-0.2403449,-0.7653323,0.0007181072,7.303333,5.099674,1.296911
-0.2288512,-0.8066184,0.0001471924,7.506071,5.099603,1.297694
-0.03461686,-0.7870337,0.001321572,5.489101,5.301012,1.299923
-0.08522503,-0.8032446,0.0005296598,5.67937,5.29987,1.299516
-0.1168953,-0.7629537,0.001191802,5.882913,5.299702,1.2988
-0.1499014,-0.7556347,0.0007018093,6.086474,5.299623,1.297939
-0.1698456,-0.7392291,0.0003604511,6.289869,5.299628,1.297094
-0.1911715,-0.7295635,0.0005230985,6.493031,5.299676,1.296368
-0.2029325,-0.7263697,0.0002682309,6.695917,5.299731,1.295879
-0.2246749,-0.7271305,0.0005080688,6.89859,5.299773,1.295783
-0.228569,-0.7381857,0.000283117,7.101227,5.299794,1.296159
-0.2633206,-0.7492863,0.000699495,7.304103,5.299789,1.296867
-0.2587054,-0.7770632,2.277508e-05,7.507496,5.299772,1.297671
-0.01554259,-0.7536612,0.001259451,5.487966,5.500112,1.29993
-0.05921089,-0.7497487,0.0009862924,5.677461,5.499944,1.299521
-0.1022463,-0.7356058,0.0007437743,5.880929,5.499855,1.2988
-0.1285066,-0.7264444,0.00070894,6.084739,5.499797,1.297932
-0.1601138,-0.7177398,0.0003634211,6.288512,5.499782,1.297075
-0.1836912,-0.7098003,0.0004946365,6.492079,5.499799,1.296337
-0.2020512,-0.7086334,0.0002835994,6.695356,5.499827,1.295834
-0.2298002,-0.7099285,0.0005318342,6.898401,5.499852,1.295735
-0.2374661,-0.7191427,0.000304933,7.101404,5.499869,1.296123
-0.2811677,-0.728886,0.0007812569,7.304679,5.499876,1.296842
-0.2753212,-0.7503344,-3.084896e-05,7.508523,5.49988,1.297659
-0.01635116,-0.7073458,0.0002652515,5.48765,5.700038,1.299935
-0.05602794,-0.7129166,0.0003170163,5.676674,5.699988,1.299524
-0.09138319,-0.6987875,0.0002185069,5.879864,5.699937,1.298801
-0.1238617,-0.6966502,0.0004133449,6.083658,5.699901,1.297929
-0.1532394,-0.6883326,0.0002436112,6.287584,5.699887,1.297066
-0.1821166,-0.6857758,0.0003624865,6.491389,5.699893,1.296321
-0.2026527,-0.6848203,0.0002144574,6.694931,5.699907,1.295813
-0.2354548,-0.6874072,0.0004600408,6.898243,5.699922,1.295714
-0.2467739,-0.6941702,0.0002107999,7.101512,5.699933,1.296106
-0.2951817,-0.7031545,0.0007364862,7.305059,5.69994,1.296831
-0.2945145,-0.7168813,-0.0001368233,7.509174,5.699946,1.297655
-0.01393497,-0.674792,0.000387195,5.487551,5.900031,1.299938
-0.0507539,-0.6738483,0.0004198672,5.676337,5.900007,1.299526
-0.08601338,-0.6687384,0.0002615412,5.87931,5.899983,1.298802
-0.1184595,-0.6653543,0.0003877508,6.083021,5.899968,1.297927
-0.1491028,-0.6612866,0.0002430736,6.286989,5.899964,1.297062
-0.1799387,-0.6591351,0.0003329898,6.490918,5.899969,1.296313
-0.203349,-0.6590892,0.0002116109,6.694626,5.899978,1.295803
-0.2391383,-0.6615191,0.000453024,6.898116,5.899986,1.295704
-0.2532862,-0.666493,0.0002228587,7.101562,5.899989,1.296099
-0.3044156,-0.6735716,0.000740035,7.30528,5.89999,1.296829
-0.3046734,-0.6821088,-0.0001420763,7.509547,5.899991,1.297658
-0.01507777,-0.6376225,0.0001895845,5.487511,6.100019,1.299939
-0.04891033,-0.6385509,0.000207081,5.676181,6.100014,1.299527
-0.0828673,-0.6343466,0.0001689464,5.87902,6.100012,1.298802
-0.1163763,-0.6334367,0.000253199,6.082654,6.100017,1.297926
-0.1469572,-0.6304536,0.0001890949,6.286621,6.100027,1.297058
-0.1799142,-0.6301239,0.0002556723,6.49061,6.100039,1.296308
-0.2048304,-0.6303905,0.0001689211,6.694414,6.100048,1.295797
-0.2428388,-0.633061,0.0003991589,6.898015,6.100052,1.2957
-0.2592124,-0.636866,0.0001785155,7.101572,6.100048,1.296097
-0.3115759,-0.6429915,0.0007046058,7.305391,6.100038,1.296832
-0.3141976,-0.6478761,-0.0001586906,7.509739,6.100028,1.297665
-0.01450108,-0.6045419,0.000183111,5.487493,6.300011,1.299939
-0.04732295,-0.6043928,0.0001921929,5.676105,6.30002,1.299527
-0.08091584,-0.6026112,0.0001642066,5.878867,6.300038,1.298801
-0.1145265,-0.6015799,0.000218781,6.082446,6.300064,1.297924
-0.1456898,-0.6001521,0.0001758517,6.286398,6.300093,1.297055
-0.179728,-0.6000274,0.0002252306,6.490412,6.300117,1.296304
-0.2060667,-0.6005411,0.0001564519,6.694268,6.300132,1.295792
-0.2454494,-0.6028484,0.000376973,6.897933,6.300132,1.295696
-0.263411,-0.6056491,0.0001818806,7.101554,6.300119,1.296097
-0.3167309,-0.6103728,0.0006934039,7.305429,6.300095,1.296837
-0.3200867,-0.6126977,-0.0001442263,7.509818,6.300068,1.297677
-0.01465382,-0.5702078,0.0001295315,5.487484,6.500009,1.299938
-0.0466518,-0.5704399,0.0001249648,5.676066,6.50003,1.299526
-0.08003763,-0.5692694,0.0001258082,5.878784,6.500071,1.298799
-0.1139172,-0.5690099,0.0001623661,6.082327,6.500124,1.297921
-0.1453635,-0.5682497,0.0001457452,6.286265,6.500178,1.297051
-0.1802597,-0.5686715,0.0001830766,6.490286,6.500222,1.296298
-0.2075175,-0.5693164,0.0001302731,6.694167,6.500246,1.295786
-0.2478138,-0.5714696,0.0003390701,6.897864,6.500245,1.295691
-0.2668875,-0.5736282,0.0001672471,7.101516,6.500218,1.296096
-0.3206306,-0.5774912,0.0006659919,7.305415,6.500173,1.296842
-0.3246992,-0.5781363,-0.0001456305,7.509821,6.500122,1.297689
-0.01452806,-0.5371412,0.00011267,5.48748,6.70001,1.299937
-0.0461871,-0.5372612,0.0001015896,5.676047,6.700048,1.299524
-0.07950515,-0.5367449,0.0001096201,5.87874,6.700119,1.298796
-0.1134958,-0.5365825,0.0001351786,6.082262,6.700209,1.297917
-0.1453,-0.5363173,0.0001278705,6.286187,6.700302,1.297045
-0.180718,-0.5368086,0.0001569647,6.490208,6.700376,1.29629
-0.2087391,-0.5374487,0.000114104,6.694097,6.700416,1.295777
-0.2495947,-0.5393107,0.0003139672,6.897804,6.700413,1.295681
-0.2694948,-0.5408859,0.0001588297,7.101461,6.700368,1.296087
-0.3235289,-0.5439559,0.0006366912,7.305361,6.700292,1.29684
-0.327832,-0.5433473,-0.0001464925,7.509766,6.700205,1.297697
-0.01454276,-0.5036714,8.540312e-05,5.487478,6.900015,1.299936
-0.04602447,-0.503863,7.246979e-05,5.676038,6.900077,1.299522
-0.07936866,-0.5036092,8.807005e-05,5.878719,6.900192,1.298793
-0.1135,-0.5036851,0.0001074137,6.082228,6.900341,1.297912
-0.1455755,-0.5036873,0.0001070867,6.286145,6.900492,1.297038
-0.1813544,-0.5043009,0.0001311496,6.490161,6.900614,1.29628
-0.2099334,-0.5049174,9.517782e-05,6.694047,6.90068,1.295762
-0.2510967,-0.5065747,0.0002863415,6.897747,6.900676,1.295661
-0.2716295,-0.5077232,0.0001475025,7.101391,6.900602,1.296067
-0.3256254,-0.5102085,0.0006241023,7.305272,6.900479,1.296825
-0.3302129,-0.5087745,-0.0001462346,7.509661,6.900337,1.297691
-0.01453505,-0.4705672,7.959316e-05,5.487478,7.100023,1.299936
-0.04596256,-0.4707411,5.712651e-05,5.676036,7.100122,1.29952
-0.079357,-0.4706574,7.534298e-05,5.878713,7.100308,1.29879
-0.1135931,-0.4707856,8.927037e-05,6.082217,7.100547,1.297908
-0.1459132,-0.470913,9.15513e-05,6.286129,7.10079,1.297031
-0.1819215,-0.471518,0.0001111669,6.490138,7.100987,1.296268
-0.2109468,-0.4720627,7.958271e-05,6.694014,7.101095,1.295743
-0.2522495,-0.4735465,0.0002606923,6.897696,7.10109,1.295633
-0.2732662,-0.4743689,0.0001336095,7.101311,7.100975,1.296032
-0.3271966,-0.4765753,0.0005917145,7.305154,7.100778,1.29679
-0.3317196,-0.4744124,-0.0001589816,7.509512,7.100549,1.297667
-0.01455118,-0.4372603,6.086107e-05,5.487479,7.300037,1.299936
-0.04598303,-0.4374201,4.608662e-05,5.67604,7.300194,1.29952
-0.07946461,-0.4374154,6.1964e-05,5.878721,7.300489,1.298789
-0.11381,-0.4375969,7.476233e-05,6.082227,7.30087,1.297905
-0.1463443,-0.4377788,7.700587e-05,6.286137,7.301257,1.297026
-0.1825085,-0.4383656,9.098228e-05,6.490139,7.301572,1.296257
-0.2119175,-0.4388182,5.998577e-05,6.694,7.301747,1.295721
-0.2532512,-0.4401366,0.0002245197,6.897657,7.301746,1.295598
-0.2747917,-0.4406659,0.0001062409,7.10123,7.301568,1.295984
-0.3283714,-0.4425169,0.0005347693,7.30502,7.301258,1.296738
-0.3335155,-0.4398447,-0.0001842717,7.509334,7.300892,1.297622
-0.01457728,-0.4040188,4.802363e-05,5.487482,7.500058,1.299937
-0.04605554,-0.4041508,3.236038e-05,5.676052,7.500307,1.299521
-0.07962435,-0.4041688,5.02116e-05,5.878744,7.500774,1.298791
-0.1140553,-0.4043383,6.127617e-05,6.08226,7.501376,1.297907
-0.1467669,-0.4045079,6.490571e-05,6.286173,7.501989,1.297025
-0.1830077,-0.40505,7.508634e-05,6.490169,7.502489,1.296251
-0.2127083,-0.4054165,4.724459e-05,6.694013,7.502774,1.295704
-0.2539578,-0.4066925,0.0001973315,6.897638,7.502783,1.295564
-0.2758096,-0.4070462,9.623964e-05,7.101162,7.502513,1.295932
-0.329124,-0.4091936,0.0004882701,7.304888,7.502029,1.296674
-0.3338677,-0.405835,-0.0001685765,7.509147,7.501448,1.297562
-0.01460479,-0.3705946,3.941752e-05,5.487487,7.70009,1.299937
-0.04614613,-0.3706732,2.476129e-05,5.676075,7.700483,1.299524
-0.07980903,-0.3706888,4.290665e-05,5.87879,7.701221,1.298797
-0.1143281,-0.3708245,5.110695e-05,6.082325,7.702169,1.297915
-0.1472212,-0.3709448,5.297449e-05,6.286249,7.703134,1.297034
-0.1835267,-0.3714146,5.40128e-05,6.490241,7.703925,1.296258
-0.2135879,-0.3716564,2.240406e-05,6.694064,7.704382,1.295702
-0.2547307,-0.3728327,0.0001335275,6.897652,7.704414,1.295544
-0.2773249,-0.3729948,3.312342e-05,7.10112,7.704011,1.295889
-0.3300508,-0.3750488,0.000244438,7.304778,7.703265,1.296614
-0.3366179,-0.3711233,-0.0002185548,7.508975,7.702349,1.297498
-0.01463716,-0.3372659,3.27529e-05,5.487497,7.90014,1.299938
-0.04627715,-0.3372866,1.744408e-05,5.676114,7.90076,1.299529
-0.0800336,-0.3372313,3.685454e-05,5.878871,7.901922,1.298808
-0.1146125,-0.3372713,4.322741e-05,6.082444,7.903408,1.297934
-0.147646,-0.3372717,4.750495e-05,6.286387,7.90492,1.297061
-0.183929,-0.3376443,4.544387e-05,6.490375,7.90616,1.296287
-0.2142235,-0.3377582,2.350919e-05,6.69417,7.906892,1.295727
-0.2551487,-0.3389584,0.000120865,6.897709,7.906971,1.295555
-0.2780505,-0.3389566,5.426444e-05,7.101114,7.906375,1.295875
-0.3305894,-0.3416836,0.000194442,7.304698,7.905233,1.296576
-0.3372554,-0.3371149,-0.0001857085,7.508829,7.903801,1.297449
-0.01466754,-0.3035236,3.574165e-05,5.487513,8.100215,1.29994
-0.04639151,-0.3034399,1.571562e-05,5.676184,8.101195,1.299537
-0.08022528,-0.3033797,3.686673e-05,5.879013,8.103021,1.298828
-0.1148758,-0.3032918,3.711083e-05,6.082649,8.105343,1.29797
-0.1480893,-0.3031812,4.053405e-05,6.286624,8.107693,1.297114
-0.1843774,-0.3034124,2.719449e-05,6.490604,8.109626,1.296356
-0.2150887,-0.3033701,6.510601e-06,6.694354,8.110787,1.295805
-0.2557565,-0.304459,4.802844e-05,6.89782,8.110956,1.295625
-0.2797499,-0.3042036,2.57422e-05,7.101139,8.110083,1.295919
-0.3312807,-0.3065944,-9.326657e-05,7.304638,8.108347,1.296587
-0.3419535,-0.3020687,-8.482518e-05,7.508698,8.106128,1.297436
-0.01469379,-0.2702686,4.066689e-05,5.487543,8.300332,1.299942
-0.04663494,-0.2700904,1.614037e-05,5.676308,8.301883,1.299551
-0.08056982,-0.2697802,3.625115e-05,5.87926,8.30475,1.298863
-0.1152328,-0.2694296,3.256785e-05,6.083,8.308358,1.298035
-0.148574,-0.268992,3.827972e-05,6.287024,8.311983,1.297212
-0.184719,-0.2689784,3.331335e-05,6.490986,8.314966,1.296491
-0.215589,-0.2687184,4.728297e-05,6.694656,8.316801,1.295974
-0.255849,-0.2697162,9.859325e-05,6.897992,8.317137,1.295802
-0.2800228,-0.2693005,0.0001484948,7.101173,8.315863,1.296063
-0.3309803,-0.2714272,0.0001158105,7.30456,8.313241,1.296678
-0.3402893,-0.2680659,-0.0001028253,7.508538,8.309835,1.297482
-0.01474808,-0.235855,5.503894e-05,5.487597,8.500521,1.299946
-0.04675862,-0.235408,9.47658e-06,5.67653,8.502986,1.299572
-0.08070586,-0.2353155,3.956833e-05,5.879697,8.507482,1.29892
-0.1154463,-0.2346101,2.201182e-05,6.083602,8.513054,1.298141
-0.1489631,-0.2340604,3.088388e-05,6.287694,8.518582,1.297378
-0.18508,-0.2338022,1.818365e-05,6.491616,8.523132,1.296726
-0.2163941,-0.2334004,4.580519e-05,6.695131,8.525974,1.296287
-0.2563303,-0.2343483,5.489789e-05,6.898235,8.526579,1.296149
-0.2817197,-0.2337561,0.0001084343,7.101178,8.52477,1.296361
-0.3312485,-0.2365272,0.0001167218,7.304386,8.520879,1.296883
-0.3439868,-0.2331329,1.333722e-05,7.508259,8.515721,1.297608
-0.01470407,-0.2029329,7.53616e-05,5.487702,8.700843,1.299952
-0.04738776,-0.2024879,7.4769e-06,5.676945,8.704779,1.299606
-0.08152905,-0.2015662,3.918447e-05,5.880476,8.711827,1.299008
-0.1160946,-0.2003,8.812276e-06,6.084632,8.720357,1.298305
-0.1498044,-0.1988869,2.192338e-06,6.288801,8.728642,1.297636
-0.1855832,-0.1980923,-4.903658e-05,6.492579,8.735296,1.297091
-0.2170906,-0.1972655,-3.812371e-05,6.695773,8.739239,1.296733
-0.2562716,-0.1978082,-0.0001190897,6.898544,8.740064,1.296619
-0.2818678,-0.1973273,-4.593403e-05,7.101168,8.737789,1.296795
-0.3295823,-0.1989288,-0.0001321847,7.304047,8.732522,1.297224
-0.3431279,-0.1973201,3.16388e-05,7.507709,8.725031,1.297835
-0.01509786,-0.1670842,9.910184e-05,5.487918,8.901422,1.299959
-0.04725242,-0.1655842,-8.556108e-05,5.677753,8.907753,1.299654
-0.08132497,-0.166108,2.068192e-05,5.881891,8.918801,1.299134
-0.1160571,-0.1638082,-4.551342e-05,6.086379,8.931687,1.298539
-0.1498187,-0.1625305,-7.893474e-06,6.290456,8.943453,1.297997
-0.1857461,-0.1614462,-5.71159e-05,6.493814,8.951944,1.297583
-0.2172605,-0.1609267,-3.437497e-05,6.696605,8.95645,1.297334
-0.2563261,-0.1619277,-1.416891e-05,6.898901,8.957317,1.297265
-0.2818732,-0.1620258,8.169767e-05,7.101077,8.954859,1.297384
-0.3297562,-0.1644593,0.0002398306,7.303594,8.948852,1.297692
-0.3403545,-0.1644495,-3.049211e-05,7.506782,8.939311,1.298163
-0.01423722,-0.134796,2.06729e-05,5.488451,9.1024,1.299967
-0.04777776,-0.1343393,-7.531155e-05,5.679436,9.112797,1.299716
-0.08253505,-0.1315806,3.100045e-05,5.884491,9.130161,1.299298
-0.1170581,-0.1287188,-7.312184e-05,6.089022,9.148654,1.298839
-0.1515028,-0.1254848,-9.732108e-05,6.29254,9.163125,1.298444
-0.186769,-0.1245315,-0.000128038,6.495378,9.171988,1.29816
-0.2187411,-0.1234108,-0.0001746407,6.697514,9.176229,1.297998
-0.2573682,-0.1241419,-0.0002339358,6.899272,9.177026,1.297957
-0.2842833,-0.1234172,-0.0004188203,7.100944,9.174729,1.298037
-0.3300491,-0.1270476,-0.0007583591,7.302875,9.169031,1.298242
-0.3452667,-0.1272767,-0.000269231,7.505547,9.159068,1.29857
-0.01434062,-0.09887144,-4.233226e-05,5.489968,9.30335,1.299976
-0.04664692,-0.09272302,4.312245e-05,5.683158,9.321579,1.299786
-0.08010994,-0.09350522,-5.917915e-05,5.888772,9.348027,1.299482
-0.1165883,-0.08847844,-5.816068e-05,6.092353,9.371131,1.299168
-0.1496199,-0.08767682,2.138361e-05,6.295023,9.38553,1.298915
-0.1861535,-0.08715559,-4.527221e-05,6.496916,9.393007,1.298743
-0.2178708,-0.08672046,5.303902e-05,6.698385,9.396351,1.298648
-0.2571071,-0.08792715,-0.000231963,6.899611,9.396968,1.298624
-0.2844131,-0.088891,-0.0003345356,7.100785,9.395242,1.298673
-0.3317948,-0.0919949,-0.0009232263,7.302126,9.390794,1.298797
-0.3504594,-0.09182709,-0.0004507802,7.503893,9.382431,1.298997
-0.009768314,-0.06913926,0.0001007265,5.493456,9.50335,1.29999
-0.04773818,-0.066039,-3.694162e-05,5.690602,9.535543,1.299857
-0.08599104,-0.05620723,-2.89769e-05,5.894355,9.571918,1.299656
-0.1193568,-0.0529812,-5.713437e-05,6.096107,9.595288,1.299462
-0.1525683,-0.04956589,-4.029891e-05,6.297084,9.606602,1.299317
-0.1878592,-0.04948756,-0.0001595647,6.498142,9.611432,1.299225
-0.2205533,-0.04834558,-8.903831e-05,6.699079,9.613318,1.299176
-0.2597059,-0.04930106,-0.0003076462,6.89986,9.613658,1.299165
-0.2906221,-0.04818365,-0.0001240786,7.100619,9.612774,1.299189
-0.3377677,-0.05025526,-0.0008104872,7.301498,9.610335,1.299251
-0.3617699,-0.05084929,-0.0001064068,7.502483,9.605036,1.299357
-0.001393997,-0.04369972,0.003499046,5.442775,9.646593,1.249002
-0.05521906,-0.01412907,0.0002289704,5.709859,9.750504,1.299941
-0.08250431,-0.01529937,-2.403621e-05,5.912418,9.789305,1.299796
-0.1181312,-0.01712915,0.0002871019,6.100648,9.802707,1.299664
-0.1495318,-0.01616993,0.0001334837,6.298317,9.808058,1.299575
-0.1863991,-0.01615545,0.0002134289,6.498827,9.809736,1.29953
-0.2184448,-0.01471343,0.0001369254,6.699495,9.81025,1.299511
-0.2548307,-0.01468747,-6.009062e-05,6.899979,9.810339,1.299507
-0.2850078,-0.01316056,-4.799919e-05,7.100459,9.810125,1.299514
-0.3250391,-0.01303449,-0.000875677,7.301113,9.80948,1.299537
-0.3470417,-0.01494491,-0.0005387481,7.501597,9.807686,1.299585
-0.002345573,-0.01146147,0.0005973432,5.420893,9.826952,1.224757
-0.02904459,0.009755012,-2.997351e-05,5.643661,9.861854,1.25008
-0.06716063,-0.8838099,0.002247114,5.492297,5.102494,1.500001
-0.08515564,-0.830634,0.001642861,5.683438,5.099706,1.500004
-0.1461673,-0.8002316,0.0007209125,5.886014,5.09939,1.500009
-0.1619661,-0.7777375,0.0005966318,6.088741,5.09934,1.500012
-0.1853427,-0.7592067,0.0003905562,6.291424,5.099412,1.500013
-0.1962462,-0.7438,0.0005224679,6.493996,5.099521,1.500013
-0.204785,-0.7399116,0.0003737887,6.696443,5.099618,1.500012
-0.2173964,-0.7392899,0.0004351604,6.898747,5.099682,1.500011
-0.2159498,-0.7528921,0.0003882744,7.101007,5.099698,1.50001
-0.2404742,-0.7652729,0.0004600985,7.303441,5.099662,1.500009
-0.229052,-0.8067894,0.0003440181,7.506199,5.099589,1.500009
-0.03579444,-0.7910862,0.0002958774,5.489078,5.301013,1.500002
-0.08505742,-0.803936,0.000565867,5.679278,5.299873,1.500007
-0.116812,-0.7662266,-0.0001608396,5.882733,5.299708,1.500013
-0.1485599,-0.7552248,0.0005720959,6.086226,5.299628,1.500017
-0.1698518,-0.7388104,0.0002155099,6.289589,5.299629,1.500018
-0.1909185,-0.7295385,0.0004385991,6.492756,5.299674,1.500018
-0.2029354,-0.7263274,0.0003020317,6.695728,5.299732,1.500016
-0.224676,-0.7271397,0.0003490151,6.898518,5.299774,1.500015
-0.2285736,-0.7382135,0.0003298448,7.101262,5.299788,1.500014
-0.2634707,-0.7492936,0.0003159318,7.304235,5.299781,1.500013
-0.2589468,-0.7769655,0.0003319415,7.507652,5.299763,1.500012
-0.01554763,-0.7546383,0.001243252,5.487943,5.500113,1.500004
-0.05963174,-0.7499889,0.0009028711,5.677367,5.499947,1.50001
-0.1026081,-0.7364816,0.0009751865,5.880739,5.499859,1.500018
-0.1294965,-0.7263902,0.0005781752,6.08447,5.4998,1.500022
-0.1601842,-0.7174493,0.0004378593,6.288203,5.499783,1.500023
-0.1837663,-0.7098151,0.0004247517,6.491774,5.499797,1.500023
-0.2020594,-0.7086102,0.0003345113,6.695148,5.499825,1.500021
-0.2298323,-0.7099374,0.0003529817,6.898318,5.499851,1.500018
-0.237426,-0.7191629,0.0003270123,7.101449,5.499865,1.500017
-0.281226,-0.728815,0.0003685806,7.304832,5.499871,1.500016
-0.2754736,-0.7502819,0.0003554728,7.508702,5.499874,1.500016
-0.01656636,-0.7084384,0.0004789394,5.487627,5.700038,1.500005
-0.05611147,-0.7132006,0.0004588604,5.676576,5.69999,1.500013
-0.09153056,-0.6995855,0.0004890153,5.879662,5.699939,1.500021
-0.1241932,-0.6967379,0.0004069451,6.083371,5.699903,1.500027
-0.153275,-0.6884275,0.0003054392,6.287253,5.699888,1.500028
-0.1821118,-0.6858255,0.00032922,6.49106,5.699893,1.500026
-0.2026443,-0.6848491,0.000269587,6.694705,5.699907,1.500024
-0.2354955,-0.6874427,0.0002867767,6.898154,5.699921,1.500022
-0.2466948,-0.6942233,0.0002705709,7.101564,5.699931,1.500021
-0.2952614,-0.7031786,0.0003072858,7.305227,5.699937,1.500021
-0.2942425,-0.7169537,0.0003195021,7.50937,5.699944,1.50002
-0.01400502,-0.6751427,0.0005062762,5.487527,5.900031,1.500005
-0.05082724,-0.6740158,0.0004899193,5.676235,5.900008,1.500014
-0.08609617,-0.6690373,0.0004245381,5.8791,5.899985,1.500024
-0.1186034,-0.6654115,0.0003852549,6.08272,5.899969,1.50003
-0.1491413,-0.6613176,0.000307415,6.286641,5.899965,1.500031
-0.1799424,-0.6591747,0.0003031586,6.490571,5.89997,1.500029
-0.2033408,-0.6591096,0.0002590844,6.694386,5.899979,1.500027
-0.2391875,-0.6615521,0.0002716849,6.898022,5.899987,1.500025
-0.2532224,-0.6665313,0.0002573164,7.10162,5.89999,1.500025
-0.3045282,-0.6736227,0.0003100663,7.305459,5.89999,1.500025
-0.3046113,-0.6822057,0.0003077575,7.509756,5.899991,1.500026
-0.01508269,-0.6378652,0.0003401546,5.487487,6.100019,1.500006
-0.04895414,-0.6387082,0.0003239782,5.676077,6.100015,1.500015
-0.08290689,-0.6345504,0.0002986772,5.878804,6.100014,1.500026
-0.1164289,-0.6335296,0.0002807135,6.082345,6.100019,1.500032
-0.1469684,-0.6305223,0.0002364221,6.286262,6.100029,1.500032
-0.1798913,-0.6301795,0.0002375321,6.490251,6.100042,1.500031
-0.2048113,-0.6304262,0.0002122302,6.694165,6.100052,1.500028
-0.2428907,-0.6331047,0.0002250275,6.897918,6.100055,1.500027
-0.2591421,-0.6369125,0.0002143304,7.101634,6.10005,1.500028
-0.3117195,-0.6430445,0.0002629196,7.305579,6.10004,1.50003
-0.3140607,-0.6479741,0.0002609483,7.509959,6.100029,1.500032
-0.0144745,-0.6046723,0.0002906207,5.487468,6.300011,1.500006
-0.04734707,-0.6044899,0.0002829875,5.675999,6.300021,1.500016
-0.08093287,-0.6027157,0.0002508825,5.878647,6.30004,1.500026
-0.1145351,-0.6016434,0.000242827,6.082131,6.300067,1.500031
-0.1456891,-0.6001959,0.0002094381,6.286033,6.300097,1.500032
-0.1796948,-0.6000677,0.0002073679,6.490046,6.300123,1.500029
-0.2060446,-0.6005677,0.0001904386,6.694014,6.300139,1.500027
-0.2455034,-0.6028849,0.0002028711,6.897836,6.300139,1.500027
-0.2633542,-0.6056822,0.0001958389,7.101621,6.300124,1.500029
-0.316906,-0.6104253,0.0002454157,7.305626,6.300099,1.500034
-0.3200121,-0.6127679,0.0002404715,7.510049,6.300071,1.500039
-0.01462498,-0.5702909,0.0002209183,5.487459,6.500009,1.500005
-0.04667177,-0.5705155,0.0002125524,5.67596,6.500032,1.500015
-0.08004299,-0.5693413,0.0001927694,5.878563,6.500073,1.500024
-0.1139059,-0.5690667,0.0001877601,6.08201,6.500128,1.500029
-0.1453506,-0.5682905,0.0001683467,6.285896,6.500185,1.500029
-0.1802171,-0.5687105,0.0001676113,6.489917,6.500232,1.500026
-0.2074925,-0.5693442,0.0001589327,6.693911,6.500257,1.500023
-0.2478677,-0.5715061,0.0001703862,6.897769,6.500255,1.500023
-0.2668427,-0.5736605,0.000166485,7.101589,6.500227,1.500028
-0.3208096,-0.5775401,0.0002062258,7.305623,6.50018,1.500037
-0.3246142,-0.5781777,0.0002059082,7.510066,6.500127,1.500047
-0.014494,-0.5371968,0.0001824097,5.487455,6.700011,1.500005
-0.04619937,-0.5373117,0.0001765657,5.67594,6.70005,1.500013
-0.07950329,-0.5367913,0.0001603381,5.878519,6.700123,1.500022
-0.1134735,-0.5366223,0.0001572452,6.081943,6.700217,1.500025
-0.145281,-0.5363467,0.0001445017,6.285816,6.700314,1.500024
-0.1806711,-0.5368383,0.0001438542,6.489837,6.700392,1.500019
-0.2087137,-0.5374714,0.000139961,6.69384,6.700434,1.500015
-0.2496493,-0.5393411,0.0001503403,6.897711,6.70043,1.500015
-0.2694584,-0.5409114,0.0001517498,7.101543,6.700382,1.500022
-0.3237221,-0.5439963,0.000181162,7.305584,6.700303,1.500036
-0.3277584,-0.543366,0.0002103842,7.510031,6.700213,1.500051
-0.01450885,-0.5037121,0.0001436344,5.487453,6.900015,1.500004
-0.04603524,-0.5039016,0.0001393102,5.675931,6.900079,1.500011
-0.07936412,-0.503643,0.0001279218,5.878497,6.900199,1.500018
-0.1134726,-0.5037168,0.0001263321,6.081909,6.900354,1.50002
-0.1455525,-0.503711,0.0001193566,6.285773,6.900511,1.500016
-0.1813048,-0.5043257,0.000119321,6.48979,6.900639,1.500009
-0.2099087,-0.5049372,0.0001198364,6.693791,6.900709,1.500003
-0.2511518,-0.5066021,0.0001284332,6.897658,6.900703,1.500001
-0.2715991,-0.5077435,0.00013306,7.101482,6.900625,1.500008
-0.3258213,-0.5102426,0.0001440961,7.30551,6.900496,1.500026
-0.330123,-0.5087691,0.0001866537,7.509949,6.900348,1.500048
-0.01449866,-0.4705856,0.0001151604,5.487453,7.100024,1.500003
-0.04596841,-0.4707616,0.0001144645,5.675929,7.100126,1.500009
-0.07935049,-0.4706775,0.000107418,5.878492,7.100319,1.500014
-0.1135625,-0.470807,0.0001058998,6.081898,7.100567,1.500013
-0.145889,-0.4709295,0.0001024971,6.285757,7.10082,1.500007
-0.18187,-0.4715367,0.0001020897,6.489767,7.101026,1.499996
-0.210924,-0.4720784,0.0001061415,6.693759,7.10114,1.499985
-0.2523038,-0.4735719,0.0001133356,6.89761,7.101133,1.499978
-0.2732428,-0.4743897,0.0001262751,7.101408,7.10101,1.499983
-0.327386,-0.4766217,0.000119736,7.305407,7.100803,1.500003
-0.3315894,-0.4744324,0.0002083586,7.509822,7.100565,1.500033
-0.01452071,-0.4372705,0.0001019721,5.487454,7.300038,1.500002
-0.0459974,-0.4374347,9.773162e-05,5.675934,7.3002,1.500007
-0.07946318,-0.4374292,9.088491e-05,5.878501,7.300507,1.500009
-0.1137815,-0.4376122,8.892826e-05,6.081908,7.300902,1.500006
-0.1463218,-0.4377902,8.691893e-05,6.285766,7.301305,1.499996
-0.1824574,-0.4383785,8.665496e-05,6.489768,7.301635,1.499981
-0.2118997,-0.4388288,9.334325e-05,6.693745,7.301818,1.499962
-0.2533105,-0.4401558,9.902977e-05,6.897569,7.301813,1.499948
-0.2747902,-0.440674,0.0001213119,7.101328,7.301623,1.499947
-0.3285943,-0.4425476,0.0001177626,7.305279,7.301296,1.499967
-0.3334676,-0.4398046,0.0002211634,7.509658,7.300915,1.500002
-0.01454585,-0.4040311,8.944364e-05,5.487457,7.50006,1.500002
-0.04606796,-0.4041654,8.430122e-05,5.675947,7.500317,1.500005
-0.07962224,-0.4041786,7.875246e-05,5.878525,7.500802,1.500006
-0.1140268,-0.4043484,7.668568e-05,6.081943,7.501426,1.5
-0.1467446,-0.4045128,7.578493e-05,6.285803,7.502064,1.499986
-0.1829554,-0.4050579,7.572309e-05,6.489798,7.502588,1.499964
-0.2126907,-0.4054229,8.429363e-05,6.693755,7.502885,1.499937
-0.2540086,-0.4067146,8.732712e-05,6.897544,7.502888,1.499912
-0.2758009,-0.4070604,0.0001154034,7.10125,7.502598,1.4999
-0.3292975,-0.4092767,8.362368e-05,7.305139,7.502087,1.499916
-0.3336752,-0.4058131,0.0002142007,7.509468,7.501482,1.499958
-0.01457666,-0.3706003,7.086611e-05,5.487463,7.700093,1.500002
-0.04616337,-0.3706822,6.830013e-05,5.67597,7.700499,1.500004
-0.07980954,-0.3706931,6.492904e-05,5.878571,7.701263,1.500004
-0.1143027,-0.3708273,6.404862e-05,6.08201,7.702246,1.499995
-0.1472031,-0.3709411,6.49103e-05,6.285881,7.703252,1.499977
-0.1834777,-0.3714106,6.5429e-05,6.489871,7.704079,1.499948
-0.2135817,-0.3716503,7.553496e-05,6.693802,7.704557,1.499912
-0.2547913,-0.372839,7.83481e-05,6.897547,7.704581,1.499873
-0.2773647,-0.3729836,0.0001149957,7.10119,7.704145,1.49985
-0.3302958,-0.3750851,0.0001109837,7.305006,7.703356,1.499858
-0.3367205,-0.3710312,0.0002147013,7.509272,7.702401,1.499902
-0.01461078,-0.3372682,6.500619e-05,5.487472,7.900144,1.500002
-0.04629615,-0.3372908,6.157147e-05,5.67601,7.900785,1.500004
-0.08003574,-0.3372296,5.747073e-05,5.878655,7.901986,1.500003
-0.1145888,-0.3372652,5.654562e-05,6.082132,7.903527,1.499992
-0.1476298,-0.3372573,5.748784e-05,6.286023,7.905101,1.49997
-0.1838772,-0.3376279,5.851721e-05,6.490007,7.906401,1.499935
-0.2142131,-0.3377419,6.890714e-05,6.693906,7.907167,1.49989
-0.2551851,-0.3389687,7.138453e-05,6.897593,7.907236,1.499839
-0.2780486,-0.3389466,0.0001096969,7.101159,7.906591,1.499802
-0.3307544,-0.3418072,8.358105e-05,7.304891,7.90538,1.499801
-0.3371316,-0.337063,0.0002051408,7.509087,7.903885,1.499844
-0.01464551,-0.3035174,5.706812e-05,5.487489,8.100222,1.500003
-0.04641579,-0.3034404,5.395618e-05,5.676082,8.101233,1.500005
-0.08023279,-0.3033699,4.964253e-05,5.878801,8.103119,1.500002
-0.1148582,-0.3032729,4.918367e-05,6.082344,8.105524,1.49999
-0.1480822,-0.3031483,5.02424e-05,6.286269,8.10797,1.499966
-0.1843357,-0.3033674,5.118553e-05,6.490245,8.109998,1.499927
-0.2151049,-0.3033238,6.012092e-05,6.694093,8.111221,1.499874
-0.2558089,-0.3044343,6.12418e-05,6.897695,8.111382,1.499814
-0.2798436,-0.304126,0.0001029544,7.10116,8.110435,1.499766
-0.3315125,-0.3065598,9.474044e-05,7.304792,8.10859,1.499755
-0.3424967,-0.3019223,0.0001680118,7.50891,8.106269,1.499796
-0.01468091,-0.270227,4.893677e-05,5.48752,8.300343,1.500003
-0.04666812,-0.2700718,4.725068e-05,5.676209,8.301939,1.500005
-0.0805795,-0.2697542,4.326975e-05,5.879056,8.304895,1.500003
-0.1152208,-0.2693882,4.37368e-05,6.082708,8.308628,1.49999
-0.1485692,-0.2689372,4.526261e-05,6.286686,8.312398,1.499965
-0.1846765,-0.2688926,4.786807e-05,6.490647,8.315532,1.499924
-0.2155815,-0.2686338,5.681492e-05,6.694412,8.317485,1.499869
-0.2558463,-0.2696444,6.441862e-05,6.897868,8.317833,1.499805
-0.279983,-0.2691662,0.0001050709,7.101172,8.316444,1.499749
-0.3309372,-0.2711918,0.000113833,7.304677,8.313643,1.499731
-0.3401909,-0.2678869,0.0001665794,7.508706,8.310074,1.499767
-0.01475994,-0.2357564,5.062046e-05,5.487575,8.500536,1.500003
-0.04682711,-0.2353942,4.765454e-05,5.676436,8.503066,1.500006
-0.08072959,-0.2352717,4.22352e-05,5.879504,8.507691,1.500004
-0.1154546,-0.2345355,4.042508e-05,6.083331,8.513443,1.499991
-0.1489748,-0.2339722,3.945718e-05,6.287385,8.519182,1.499967
-0.1850572,-0.2336595,3.97942e-05,6.491316,8.523964,1.499928
-0.2163866,-0.2332124,4.481943e-05,6.694919,8.527017,1.499875
-0.2563324,-0.2341865,4.579901e-05,6.898125,8.527677,1.499813
-0.2817243,-0.2335781,7.39389e-05,7.101167,8.525697,1.499757
-0.3312039,-0.2363468,6.919558e-05,7.304471,8.52152,1.499734
-0.3435304,-0.2330962,0.0001346863,7.50839,8.51611,1.499763
-0.01479398,-0.2027678,3.407577e-05,5.487681,8.700863,1.500003
-0.04752041,-0.2024861,3.765294e-05,5.676858,8.704889,1.500006
-0.08153379,-0.2015342,3.423802e-05,5.880302,8.712112,1.500004
-0.1161153,-0.2002011,3.403137e-05,6.084391,8.720883,1.499993
-0.1498208,-0.198809,3.527289e-05,6.288537,8.729452,1.499971
-0.1855361,-0.1979666,3.917371e-05,6.492334,8.736405,1.499937
-0.217071,-0.1970707,4.763233e-05,6.695589,8.740598,1.499891
-0.2562264,-0.1975925,6.325953e-05,6.898458,8.741498,1.499838
-0.2819656,-0.1971863,8.875134e-05,7.101175,8.739035,1.499789
-0.3294442,-0.1989703,0.0001406802,7.30411,8.733432,1.499764
-0.3427894,-0.1975349,0.0001351974,7.507812,8.725611,1.499784
-0.01522572,-0.1665509,4.165528e-05,5.4879,8.901448,1.500003
-0.04748376,-0.1658233,2.629592e-05,5.677678,8.907894,1.500006
-0.08134526,-0.1660618,3.181216e-05,5.881742,8.91916,1.500005
-0.1161247,-0.1635904,2.77413e-05,6.08618,8.93234,1.499996
-0.1499128,-0.1624355,2.927075e-05,6.290248,8.944429,1.499978
-0.1857161,-0.1613022,2.813615e-05,6.493634,8.953211,1.499951
-0.2172699,-0.1607814,2.423068e-05,6.696483,8.957903,1.499916
-0.2563722,-0.1616805,2.143999e-05,6.898839,8.9588,1.499875
-0.2820423,-0.1619459,6.410503e-06,7.101073,8.956212,1.499837
-0.3296779,-0.1644501,-3.703795e-05,7.303641,8.949937,1.499815
-0.3410543,-0.1636155,6.546381e-05,7.506863,8.940065,1.499827
-0.01436207,-0.1340562,1.974441e-05,5.488436,9.102429,1.500002
-0.0479964,-0.1345812,1.982407e-05,5.679375,9.112958,1.500005
-0.08238266,-0.1317464,3.209619e-05,5.884374,9.130564,1.500005
-0.1171037,-0.1285331,2.594519e-05,6.088873,9.149359,1.499998
-0.1516926,-0.1255644,3.028974e-05,6.292393,9.164124,1.499985
-0.1867576,-0.1245974,3.478613e-05,6.49526,9.173212,1.499967
-0.2187047,-0.1233196,4.180049e-05,6.697436,9.177578,1.499944
-0.257383,-0.1240254,6.751462e-05,6.899234,9.178389,1.499917
-0.2842922,-0.1234442,6.088503e-05,7.100943,9.175999,1.499891
-0.3304485,-0.126724,7.769271e-05,7.302909,9.17011,1.499875
-0.3464124,-0.1272635,5.683845e-05,7.50561,9.159884,1.499881
-0.01412948,-0.09690666,1.27334e-05,5.489956,9.30338,1.500001
-0.04609824,-0.09348387,1.845444e-05,5.68311,9.321734,1.500003
-0.08018018,-0.09354512,1.84316e-05,5.888687,9.348396,1.500004
-0.1166066,-0.08759798,1.958167e-05,6.092253,9.371738,1.5
-0.1498697,-0.08775023,2.35032e-05,6.294932,9.386339,1.499992
-0.186024,-0.08713528,2.805018e-05,6.496846,9.393956,1.499982
-0.2177326,-0.08665454,1.459877e-05,6.698341,9.397374,1.49997
-0.2570849,-0.08742428,2.651742e-05,6.899592,9.397998,1.499955
-0.2843397,-0.08841736,3.119825e-05,7.100789,9.396216,1.499941
-0.3311907,-0.09126325,2.850999e-05,7.302152,9.391651,1.499932
-0.3493103,-0.09107544,4.180661e-05,7.503939,9.38312,1.499934
-0.009903671,-0.07094687,-8.844555e-06,5.493446,9.503368,1.499992
-0.04730909,-0.06570318,3.631695e-05,5.690565,9.535645,1.499997
-0.08589226,-0.05623904,1.672948e-05,5.894295,9.572146,1.500001
-0.1194286,-0.05288984,1.938838e-05,6.096045,9.595638,1.5
-0.1528235,-0.04996557,3.195277e-05,6.297034,9.607045,1.499997
-0.1877923,-0.05020826,3.658957e-05,6.498108,9.611938,1.499993
-0.2206861,-0.04783644,3.428013e-05,6.699059,9.613855,1.499989
-0.2592122,-0.04916728,6.814262e-05,6.899853,9.614198,1.499983
-0.2897138,-0.04800492,4.051355e-05,7.100625,9.61329,1.499978
-0.3366155,-0.05037349,0.0001097295,7.301517,9.610801,1.499974
-0.3602568,-0.0511309,2.669571e-05,7.502516,9.605425,1.499975
-0.001313586,-0.04358392,0.003948122,5.442738,9.64681,1.448995
-0.05450187,-0.01497684,5.067666e-05,5.709832,9.750533,1.499982
-0.0833401,-0.01531696,1.504711e-05,5.912376,9.78937,1.500001
-0.1177688,-0.01581568,1.570677e-05,6.100607,9.8028,1.5
-0.1492599,-0.01655481,4.185719e-05,6.298293,9.808171,1.5
-0.1865128,-0.01655168,3.535031e-05,6.498814,9.809862,1.499999
-0.2197515,-0.01518849,4.384748e-05,6.699489,9.810384,1.499998
-0.2547673,-0.01449848,4.14388e-05,6.899978,9.810473,1.499997
-0.2850355,-0.01312731,5.678548e-05,7.100463,9.810254,1.499996
-0.3237684,-0.01365251,-3.492e-05,7.301123,9.809598,1.499995
-0.3489549,-0.01528268,3.419442e-05,7.501618,9.807788,1.499996
-0.001996036,-0.01086879,0.001090976,5.420076,9.828623,1.424468
-0.02921818,0.009887575,0.0007074335,5.643444,9.861897,1.450071
-0.06742623,-0.8830577,0.002120735,5.492303,5.102492,1.700081
-0.08581879,-0.8306727,0.001133403,5.683472,5.099709,1.700495
-0.1464842,-0.7996985,0.001678923,5.886101,5.099404,1.701218
-0.1629023,-0.777909,0.0008241121,6.088886,5.099363,1.702072
-0.1855878,-0.7591768,0.0008033476,6.291606,5.09944,1.702901
-0.1965405,-0.7438823,0.0005139972,6.494189,5.099549,1.703605
-0.2049003,-0.7399016,0.0004763567,6.696573,5.099646,1.704077
-0.2174021,-0.7393256,0.0003147078,6.898793,5.099703,1.704168
-0.215954,-0.7529004,0.0004142306,7.100976,5.099712,1.703799
-0.240424,-0.7652508,0.0002293488,7.303329,5.099673,1.703108
-0.228947,-0.8066796,0.0006571709,7.50607,5.099597,1.702325
-0.03481412,-0.7891702,0.001115788,5.489093,5.301013,1.700085
-0.08565615,-0.8038673,0.0005625708,5.67934,5.299878,1.700502
-0.116907,-0.7645773,0.001044237,5.882864,5.29972,1.701231
-0.1491019,-0.7555922,0.000604847,6.086421,5.299646,1.702098
-0.1699828,-0.7391824,0.0005265595,6.289824,5.299649,1.702945
-0.1910822,-0.7296621,0.0004128601,6.492997,5.299694,1.703668
-0.2030221,-0.7264152,0.0003799879,6.695894,5.299744,1.704154
-0.2246464,-0.7272172,0.0001868884,6.898576,5.299781,1.704247
-0.2286075,-0.7382453,0.0003508226,7.10122,5.299796,1.703868
-0.263338,-0.7493823,-6.236279e-05,7.304102,5.299789,1.703159
-0.2587532,-0.7770336,0.0006232517,7.507498,5.299769,1.702355
-0.01587377,-0.7536869,0.0006345603,5.487962,5.500113,1.700081
-0.05929976,-0.7498565,0.0007005733,5.677445,5.49995,1.700507
-0.1025802,-0.7360148,0.000450818,5.8809,5.499867,1.701242
-0.1289785,-0.7266071,0.0005280525,6.084704,5.499811,1.702118
-0.1602604,-0.7176371,0.0004780135,6.288478,5.499796,1.702975
-0.1837937,-0.7099106,0.0003700912,6.492053,5.49981,1.703709
-0.20212,-0.7086602,0.0003746857,6.695338,5.499836,1.704207
-0.2298061,-0.7099862,0.0001499177,6.898391,5.499858,1.704302
-0.2374525,-0.7192008,0.0002884202,7.101401,5.499871,1.703911
-0.2811525,-0.7288883,-0.0001030327,7.304681,5.499876,1.703192
-0.2753388,-0.7503415,0.000528142,7.508527,5.499878,1.702375
-0.0163763,-0.7078542,0.0005663245,5.487648,5.700039,1.70008
-0.05605144,-0.7133595,0.0005169554,5.676663,5.699992,1.70051
-0.09143108,-0.6992153,0.0004340207,5.879842,5.699944,1.701251
-0.1240504,-0.696861,0.0004091334,6.08363,5.699909,1.702132
-0.1533138,-0.68847,0.000368641,6.287558,5.699896,1.702994
-0.1821516,-0.6859034,0.0002849854,6.491367,5.6999,1.703734
-0.2026921,-0.6849003,0.0002972621,6.694917,5.699913,1.704236
-0.2354504,-0.687493,6.149982e-05,6.898237,5.699926,1.704331
-0.2467562,-0.6942439,0.000220759,7.101512,5.699935,1.703937
-0.2951447,-0.7032142,-0.0003126041,7.305064,5.69994,1.703212
-0.2944175,-0.7169144,0.0003596889,7.509182,5.699946,1.702388
-0.01394606,-0.6749809,0.0004227496,5.487549,5.900031,1.700079
-0.05082809,-0.6739866,0.0004529629,5.676328,5.900009,1.700512
-0.08610875,-0.6689331,0.0003971284,5.879291,5.899987,1.701257
-0.1185713,-0.6654767,0.0003542758,6.082996,5.899972,1.702141
-0.1491806,-0.6613532,0.0003283669,6.286966,5.899968,1.703006
-0.179985,-0.6592239,0.0002474369,6.490899,5.899973,1.703748
-0.2033785,-0.6591444,0.0002683529,6.694615,5.899982,1.704252
-0.2391386,-0.6615809,3.264792e-05,6.898113,5.899988,1.704346
-0.2532493,-0.6665494,0.0001798128,7.101566,5.899991,1.703951
-0.3043777,-0.673617,-0.0002870765,7.30529,5.899991,1.703224
-0.3045594,-0.6821745,0.0003806063,7.509561,5.899991,1.702398
-0.01509566,-0.6378319,0.0003611598,5.487509,6.100019,1.700079
-0.04895225,-0.6387562,0.0003587459,5.676172,6.100015,1.700514
-0.08290674,-0.6345226,0.0003275573,5.879002,6.100014,1.70126
-0.1164351,-0.633583,0.0002745525,6.082632,6.100019,1.702146
-0.1469972,-0.6305546,0.0002530908,6.2866,6.100029,1.703012
-0.1799362,-0.6302229,0.0001913488,6.490594,6.100041,1.703756
-0.2048419,-0.6304621,0.0002125668,6.694406,6.10005,1.70426
-0.2428366,-0.6331335,-1.721913e-05,6.898016,6.100053,1.704355
-0.2591772,-0.6369315,0.0001194859,7.101581,6.100048,1.70396
-0.3115386,-0.6430641,-0.0003834336,7.305408,6.100039,1.703232
-0.3141046,-0.6479588,0.0002261293,7.509761,6.100028,1.702405
-0.01450628,-0.6046649,0.0002702985,5.487491,6.300011,1.70008
-0.04736015,-0.6045043,0.0002950263,5.676097,6.300021,1.700515
-0.08095316,-0.6027161,0.0002645743,5.87885,6.300039,1.701262
-0.1145644,-0.6016726,0.0002304404,6.082425,6.300065,1.702147
-0.1457222,-0.60022,0.0002122297,6.286379,6.300094,1.703014
-0.1797446,-0.6000969,0.0001610595,6.490399,6.300118,1.703759
-0.2060723,-0.6005941,0.0001826858,6.694264,6.300133,1.704263
-0.2454452,-0.6029043,-3.622455e-05,6.89794,6.300133,1.704358
-0.2633742,-0.6056986,8.819959e-05,7.101572,6.300119,1.703964
-0.3166945,-0.6104343,-0.0003732003,7.305459,6.300095,1.703238
-0.3200149,-0.6127731,0.000241994,7.509855,6.300068,1.702412
-0.01466112,-0.5703167,0.0002014411,5.487483,6.500009,1.70008
-0.04667836,-0.5705475,0.0002319429,5.676059,6.500031,1.700514
-0.08005988,-0.569361,0.0002049138,5.878769,6.500071,1.701261
-0.113939,-0.5690965,0.0001804086,6.082308,6.500124,1.702146
-0.1453808,-0.5683166,0.000164893,6.286249,6.500178,1.703012
-0.1802672,-0.5687373,0.0001260984,6.490277,6.500222,1.703757
-0.2075172,-0.5693687,0.0001478939,6.694169,6.500246,1.704261
-0.2478091,-0.5715244,-6.133105e-05,6.89788,6.500244,1.704357
-0.266862,-0.5736757,4.511662e-05,7.101548,6.500217,1.703964
-0.3206017,-0.5775631,-0.0004133018,7.305465,6.500173,1.70324
-0.3247024,-0.5781853,0.0001708142,7.509883,6.500123,1.702417
-0.01453317,-0.5372192,0.0001612828,5.487479,6.70001,1.700079
-0.04620703,-0.5373344,0.0001947075,5.67604,6.700048,1.700512
-0.07952191,-0.5368095,0.0001692574,5.878726,6.700118,1.701257
-0.1135103,-0.5366442,0.0001511947,6.082245,6.700209,1.702142
-0.1453114,-0.5363672,0.0001377293,6.286173,6.700301,1.703007
-0.1807218,-0.536858,0.0001045898,6.490202,6.700375,1.703751
-0.2087368,-0.537489,0.0001278541,6.694104,6.700415,1.704255
-0.2495873,-0.5393549,-7.165408e-05,6.89783,6.700411,1.704351
-0.2694763,-0.5409218,3.154636e-05,7.101512,6.700365,1.70396
-0.3234854,-0.5440219,-0.0004065545,7.30544,6.70029,1.703239
-0.327907,-0.5433745,0.0001770921,7.509865,6.700205,1.70242
-0.01454636,-0.5037383,0.0001248233,5.487477,6.900015,1.700077
-0.04603774,-0.5039258,0.0001572724,5.676031,6.900076,1.700509
-0.07937985,-0.5036626,0.0001352707,5.878706,6.900192,1.701252
-0.1135074,-0.503737,0.000121876,6.082214,6.90034,1.702134
-0.1455813,-0.5037301,0.0001113124,6.286134,6.900491,1.702998
-0.181354,-0.5043432,8.400466e-05,6.490159,6.900612,1.70374
-0.2099313,-0.5049527,0.0001089119,6.694061,6.900677,1.704243
-0.2510898,-0.5066144,-8.462359e-05,6.897786,6.900671,1.704338
-0.2716282,-0.5077521,1.356223e-05,7.101465,6.900597,1.703948
-0.3255952,-0.5102756,-0.0004425077,7.305386,6.900475,1.703231
-0.3303978,-0.5087816,0.0001521728,7.509809,6.900334,1.702417
-0.01453538,-0.4706086,0.0001146267,5.487477,7.100023,1.700075
-0.0459685,-0.4707819,0.0001401638,5.676031,7.100122,1.700504
-0.07936433,-0.4706947,0.0001188668,5.878702,7.100307,1.701245
-0.1135965,-0.4708232,0.0001051494,6.082205,7.100545,1.702125
-0.1459161,-0.4709454,9.642556e-05,6.28612,7.100787,1.702986
-0.1819182,-0.471551,7.272057e-05,6.490139,7.100982,1.703725
-0.210945,-0.4720894,0.0001016004,6.694032,7.101088,1.704225
-0.2522381,-0.4735767,-8.314988e-05,6.897745,7.101081,1.704318
-0.273277,-0.474383,2.13187e-05,7.101406,7.100964,1.703929
-0.3271373,-0.4766019,-0.0004261962,7.305306,7.100767,1.703214
-0.3320242,-0.4743541,0.0002035969,7.509713,7.100541,1.702406
-0.01455526,-0.4372858,9.185127e-05,5.487478,7.300037,1.700072
-0.0459932,-0.4374492,0.0001162911,5.676036,7.300193,1.700499
-0.07947239,-0.4374441,9.752736e-05,5.878712,7.300488,1.701236
-0.1138125,-0.4376269,8.649965e-05,6.082216,7.300867,1.702112
-0.1463452,-0.4378061,8.181198e-05,6.286128,7.301253,1.70297
-0.182502,-0.4383936,6.385307e-05,6.49014,7.301564,1.703704
-0.2119154,-0.4388419,9.883249e-05,6.69402,7.301735,1.704199
-0.2532332,-0.4401638,-7.358626e-05,6.89771,7.301728,1.704289
-0.2747998,-0.4406791,3.354111e-05,7.101337,7.301547,1.703897
-0.328294,-0.4425541,-0.0004060056,7.305199,7.301236,1.703185
-0.3336744,-0.4398213,0.0002007121,7.509578,7.300873,1.702382
-0.01458185,-0.4040501,7.91259e-05,5.487481,7.500058,1.70007
-0.04606579,-0.4041811,0.0001065551,5.676048,7.500306,1.700494
-0.07963113,-0.4041954,8.612449e-05,5.878736,7.500773,1.701227
-0.1140563,-0.4043642,7.667564e-05,6.082249,7.501373,1.702098
-0.1467657,-0.4045314,7.334872e-05,6.286164,7.501983,1.702949
-0.1829981,-0.4050739,5.996289e-05,6.490168,7.502477,1.703676
-0.2127049,-0.4054372,9.727067e-05,6.694028,7.502753,1.704164
-0.2539344,-0.4067159,-6.018671e-05,6.897685,7.502752,1.704247
-0.2758332,-0.4070568,5.496119e-05,7.101264,7.502474,1.703852
-0.3290364,-0.4091971,-0.0003576987,7.305072,7.501987,1.70314
-0.3342466,-0.40579,0.00027124,7.509408,7.50141,1.702344
-0.01460639,-0.3706195,5.807771e-05,5.487487,7.70009,1.700069
-0.04615144,-0.3706967,8.25729e-05,5.676071,7.700482,1.70049
-0.07981136,-0.3707106,6.832183e-05,5.878781,7.701219,1.701217
-0.1143257,-0.3708452,6.296484e-05,6.082314,7.702164,1.70208
-0.1472166,-0.3709642,6.429674e-05,6.286238,7.703125,1.702922
-0.1835121,-0.3714342,6.05582e-05,6.490235,7.703906,1.703638
-0.2135785,-0.3716755,0.0001039058,6.694068,7.70435,1.704115
-0.2546958,-0.3728525,-1.834578e-05,6.89768,7.704365,1.70419
-0.277319,-0.373007,0.0001003209,7.101198,7.703946,1.70379
-0.3299347,-0.3750549,-0.0001605186,7.304935,7.703191,1.703079
-0.3366474,-0.3711383,0.0002422561,7.509215,7.70228,1.70229
-0.01464029,-0.3372798,5.204277e-05,5.487496,7.90014,1.700069
-0.04628379,-0.3373013,7.81864e-05,5.67611,7.900759,1.700486
-0.08003607,-0.337247,6.035936e-05,5.878861,7.901919,1.701204
-0.1146088,-0.3372871,5.764091e-05,6.08243,7.903402,1.702055
-0.1476394,-0.3372888,5.751957e-05,6.286372,7.904907,1.702882
-0.18391,-0.3376627,5.883232e-05,6.49036,7.906135,1.703583
-0.2142076,-0.3377794,9.764082e-05,6.694159,7.906846,1.704045
-0.2551062,-0.3389839,-2.360995e-06,6.897711,7.906898,1.704109
-0.2780436,-0.3389828,0.0001087748,7.101151,7.906275,1.703706
-0.3304835,-0.3417049,-4.680694e-05,7.304802,7.905116,1.702998
-0.3374811,-0.3370922,0.0003351048,7.509013,7.903689,1.702219
-0.01467046,-0.3035398,2.640431e-05,5.487512,8.100215,1.70007
-0.04639725,-0.3034546,5.928674e-05,5.676179,8.101194,1.700479
-0.08022697,-0.3033946,4.306473e-05,5.879001,8.103018,1.701184
-0.1148707,-0.3033059,4.770434e-05,6.082633,8.105335,1.702016
-0.1480813,-0.303196,4.812628e-05,6.286605,8.107677,1.70282
-0.1843564,-0.3034285,5.991783e-05,6.490582,8.109593,1.703497
-0.2150688,-0.303391,9.428819e-05,6.694327,8.110727,1.703937
-0.2557074,-0.3044795,4.329303e-05,6.897793,8.110856,1.703988
-0.2797158,-0.3042285,0.0001034308,7.101128,8.109942,1.703588
-0.3311427,-0.3065855,0.000165257,7.304676,8.108179,1.702894
-0.3419051,-0.3021095,0.0001190764,7.508804,8.105963,1.702132
-0.01469498,-0.2702748,8.642079e-06,5.487542,8.300332,1.700068
-0.04663894,-0.2700962,4.512569e-05,5.676302,8.301882,1.700468
-0.08057079,-0.269788,3.076998e-05,5.879248,8.304747,1.701151
-0.1152258,-0.2694401,4.089061e-05,6.082982,8.30835,1.701952
-0.1485628,-0.2690059,4.022485e-05,6.287003,8.311964,1.70272
-0.184694,-0.2689962,4.771635e-05,6.490959,8.314927,1.703357
-0.2155578,-0.2687465,5.161216e-05,6.694618,8.316727,1.703758
-0.2557903,-0.2697538,1.112069e-05,6.897942,8.317012,1.703792
-0.2799576,-0.2693561,1.245887e-05,7.101121,8.315683,1.703411
-0.330845,-0.2714808,8.394731e-05,7.304536,8.313022,1.702754
-0.340286,-0.2680917,0.0002417918,7.508568,8.309616,1.702025
-0.01474999,-0.2358696,-5.676903e-06,5.487596,8.500521,1.700065
-0.04676562,-0.2354169,4.922249e-05,5.676524,8.502985,1.700446
-0.08071053,-0.2353247,2.21241e-05,5.879684,8.507479,1.701095
-0.1154437,-0.2346206,4.376793e-05,6.083585,8.513046,1.701849
-0.1489562,-0.2340731,3.62022e-05,6.287672,8.518562,1.702559
-0.1850629,-0.233818,4.67763e-05,6.491586,8.52309,1.703129
-0.2163735,-0.2334253,2.554891e-05,6.695088,8.525893,1.703456
-0.2562845,-0.234377,6.982307e-06,6.898174,8.526439,1.703461
-0.2816703,-0.2338035,-2.427715e-05,7.101104,8.524564,1.703128
-0.331096,-0.2365278,-9.468126e-05,7.304321,8.520622,1.702553
-0.34381,-0.2331477,1.363613e-05,7.508231,8.515459,1.701888
-0.01469883,-0.2029379,-3.952848e-05,5.487701,8.700843,1.700059
-0.04738574,-0.2025062,3.183401e-05,5.676939,8.704779,1.700413
-0.08153013,-0.201575,9.638939e-06,5.880464,8.711824,1.701008
-0.1160891,-0.2003112,4.475275e-05,6.084615,8.720349,1.701689
-0.1497928,-0.1989002,5.712072e-05,6.28878,8.728623,1.702311
-0.1855618,-0.1981099,0.0001118023,6.492552,8.735254,1.702783
-0.2170544,-0.1972981,0.0001168311,6.695734,8.739159,1.703044
-0.2562118,-0.1978562,0.0002143194,6.898486,8.739925,1.703043
-0.2817547,-0.1974234,0.0001919306,7.101093,8.737579,1.702759
-0.3294225,-0.1990518,0.0003545896,7.303969,8.732253,1.702273
-0.3426704,-0.1975574,0.0001296504,7.507653,8.72475,1.701704
-0.01511448,-0.1670922,-7.032144e-05,5.487917,8.901423,1.700051
-0.0472637,-0.1656124,0.0001108547,5.677748,8.907754,1.700364
-0.08132348,-0.166111,1.884965e-05,5.881879,8.918799,1.700883
-0.1160581,-0.1638144,8.436274e-05,6.086363,8.931681,1.701459
-0.1498157,-0.1625387,5.204713e-05,6.290438,8.943437,1.701962
-0.1857443,-0.1614574,9.736249e-05,6.493792,8.951909,1.702319
-0.2172581,-0.1609451,6.819218e-05,6.696575,8.956382,1.702494
-0.2563327,-0.1619449,3.234995e-05,6.898856,8.957196,1.702474
-0.2818919,-0.1620851,-6.955811e-05,7.101016,8.954673,1.702269
-0.3297186,-0.1645712,-0.0003510847,7.303526,8.948606,1.701911
-0.3406169,-0.1643351,4.419489e-05,7.506723,8.939046,1.701463
-0.01423773,-0.1347313,-1.06468e-05,5.48845,9.102399,1.700043
-0.04779683,-0.1344087,9.989914e-05,5.679432,9.112799,1.700302
-0.08252535,-0.1315944,7.567713e-06,5.884481,9.130161,1.700719
-0.1170587,-0.128726,0.0001060262,6.089009,9.148651,1.701163
-0.1514935,-0.125491,0.0001403821,6.292527,9.163115,1.70153
-0.1867528,-0.1245348,0.0001705475,6.495362,9.171964,1.701775
-0.2187009,-0.1234266,0.0002257017,6.697493,9.17618,1.701886
-0.257322,-0.1241601,0.0002870785,6.899242,9.176937,1.701868
-0.2840651,-0.1236174,0.0005203182,7.100903,9.174588,1.701729
-0.3299332,-0.127043,0.0007988505,7.302828,9.168842,1.701487
-0.3448276,-0.1273887,0.0003601397,7.505503,9.15886,1.701169
-0.01432508,-0.09882511,9.291011e-05,5.489969,9.303343,1.700033
-0.04660032,-0.09279792,-9.958282e-06,5.683155,9.321578,1.700229
-0.08012183,-0.09351857,8.875144e-05,5.888765,9.348028,1.700532
-0.1165862,-0.08848701,8.243434e-05,6.092345,9.371131,1.700836
-0.1496142,-0.08767774,4.109563e-06,6.295015,9.385525,1.701072
-0.1861607,-0.0871501,6.387109e-05,6.496907,9.392993,1.701222
-0.2178681,-0.08671583,-5.264005e-05,6.698375,9.396323,1.70129
-0.2570881,-0.08793464,0.0002207062,6.899596,9.396915,1.701281
-0.2843864,-0.08890982,0.0003094547,7.100763,9.395157,1.701199
-0.331742,-0.09201807,0.0008492529,7.302101,9.390679,1.701053
-0.3503222,-0.09190219,0.0005244259,7.503868,9.382302,1.700857
-0.009757948,-0.06915728,-5.743507e-05,5.493474,9.503263,1.700023
-0.04774066,-0.06605341,4.127376e-05,5.690618,9.535519,1.700156
-0.08601596,-0.0561973,5.036949e-05,5.894353,9.571917,1.700352
-0.1193529,-0.05298231,6.772855e-05,6.096104,9.595289,1.70054
-0.1525413,-0.04957,7.563744e-05,6.29708,9.6066,1.700678
-0.1878376,-0.0494637,0.0001789205,6.498139,9.611427,1.700763
-0.2204944,-0.04840315,0.00012859,6.699075,9.613307,1.700801
-0.2596809,-0.04932434,0.0002818729,6.899854,9.613636,1.7008
-0.2905164,-0.0482324,0.0001678457,7.100612,9.612738,1.700763
-0.3376926,-0.05036016,0.0008028309,7.301489,9.610287,1.700692
-0.3615744,-0.05080799,0.0002322053,7.502474,9.604981,1.700586
-0.001594286,-0.04334326,0.003597992,5.442806,9.646389,1.648993
-0.05518752,-0.01412565,-0.0002334424,5.709969,9.750448,1.700078
-0.08248334,-0.01530894,1.901387e-05,5.912422,9.789303,1.700206
-0.1181375,-0.01717348,-0.0002649356,6.100648,9.802707,1.700338
-0.1495478,-0.01615677,-9.887453e-05,6.298316,9.808057,1.700425
-0.1863793,-0.01613471,-0.0001824796,6.498827,9.809735,1.700468
-0.2184246,-0.01468827,-0.0001205215,6.699494,9.810248,1.700485
-0.254743,-0.01473385,6.382918e-05,6.899978,9.810334,1.700487
-0.2851145,-0.01317761,-1.29202e-05,7.100458,9.810117,1.700477
-0.3248793,-0.01313129,0.0008594232,7.301111,9.80947,1.700453
-0.3475953,-0.01506476,0.0005369104,7.501596,9.807675,1.700405
-0.002117795,-0.01164559,0.0008034509,5.420725,9.827347,1.624483
-0.02879753,0.009823226,-5.334371e-05,5.643868,9.861818,1.650073
-0.06775502,-0.8834375,0.0004254502,5.492347,5.102497,1.900184
-0.08577086,-0.8309407,0.0008433988,5.683665,5.099723,1.901095
-0.1467764,-0.8002677,0.0005212086,5.8865,5.099436,1.902645
-0.1630448,-0.7778515,0.0004291358,6.089454,5.099411,1.90443
-0.1857517,-0.7591666,0.0006101104,6.292265,5.099497,1.90612
-0.1966905,-0.7438884,0.0003479923,6.494793,5.099606,1.90745
-0.2049991,-0.7398931,0.0004334272,6.696994,5.099692,1.908209
-0.2173911,-0.7393671,0.0001390028,6.898948,5.099739,1.908288
-0.2159839,-0.7529896,0.0004593182,7.10086,5.099746,1.907685
-0.2403389,-0.7652662,-0.0001428846,7.303009,5.099708,1.90652
-0.2289229,-0.8067265,0.001081114,7.50564,5.099628,1.905031
-0.03518865,-0.7906329,-0.0004789494,5.489154,5.301016,1.900198
-0.08517837,-0.8040716,0.001246582,5.67959,5.299889,1.901113
-0.1171697,-0.7643413,0.000161479,5.883363,5.299743,1.902671
-0.149102,-0.7555054,0.000297011,6.08712,5.299679,1.904477
-0.1701836,-0.7391084,0.0004105087,6.290624,5.29969,1.9062
-0.1912138,-0.7296496,0.0002577069,6.49373,5.299734,1.907562
-0.2031739,-0.7264372,0.0003473894,6.696404,5.299779,1.908345
-0.22465,-0.7273032,7.378098e-06,6.898762,5.29981,1.90843
-0.2287804,-0.738306,0.0004628017,7.101076,5.299821,1.907809
-0.2632318,-0.749623,-0.0004891838,7.303709,5.299812,1.906611
-0.2588259,-0.7772785,0.001193977,7.506977,5.29979,1.905084
-0.01584646,-0.7546155,0.001782323,5.488033,5.500114,1.900194
-0.05993843,-0.749961,0.0005291171,5.677732,5.499957,1.901124
-0.1027847,-0.7359989,0.001412894,5.881472,5.49988,1.902692
-0.1294333,-0.7265376,0.0003491183,6.085503,5.499832,1.904512
-0.1605228,-0.7175496,0.0006923713,6.289393,5.499822,1.906252
-0.184054,-0.7099116,0.0002548002,6.492892,5.499836,1.907631
-0.202312,-0.7086772,0.0003812647,6.695923,5.499858,1.908426
-0.2298697,-0.7100459,-4.313636e-05,6.898602,5.499876,1.908514
-0.2376328,-0.7192697,0.0003706666,7.101235,5.499887,1.907882
-0.2810794,-0.7290186,-0.0006367324,7.304232,5.499891,1.906666
-0.2754008,-0.7504422,0.001052985,7.507936,5.499891,1.905119
-0.01666889,-0.7085834,0.001310638,5.487724,5.700038,1.900192
-0.05633483,-0.7134485,0.0007154502,5.676975,5.699995,1.901132
-0.09175836,-0.6994898,0.001023729,5.880464,5.699951,1.902708
-0.1244234,-0.6968908,0.0003079642,6.084502,5.699921,1.904535
-0.1536105,-0.6885477,0.0004645886,6.288555,5.69991,1.906284
-0.1823963,-0.6859405,0.0001955152,6.492287,5.699915,1.90767
-0.2029126,-0.6849569,0.0003099669,6.695559,5.699925,1.908471
-0.2355255,-0.6875567,-9.663635e-05,6.898469,5.699935,1.90856
-0.2470328,-0.6943023,0.0004006659,7.101331,5.699943,1.907922
-0.29515,-0.7033243,-0.0006999399,7.304576,5.699947,1.906698
-0.2949682,-0.7171032,0.001210701,7.508541,5.699952,1.905141
-0.01400875,-0.6754174,0.0009354903,5.487629,5.900031,1.900192
-0.0509444,-0.6741683,0.0004791083,5.676655,5.90001,1.901138
-0.08631787,-0.6691497,0.0007338638,5.879945,5.89999,1.90272
-0.1188423,-0.6655269,0.0002778458,6.083916,5.899977,1.904551
-0.1494776,-0.6614135,0.0004236131,6.288021,5.899974,1.906303
-0.1802408,-0.6592615,0.0001717672,6.491875,5.899978,1.907693
-0.2036133,-0.6591981,0.0002711605,6.695299,5.899985,1.908496
-0.2392319,-0.661628,-0.0001372701,6.898362,5.89999,1.908585
-0.2534938,-0.6666143,0.0003073149,7.101379,5.899992,1.907945
-0.3043658,-0.6736653,-0.0007689665,7.304778,5.899992,1.906716
-0.3048087,-0.6823728,0.001064898,7.508889,5.899993,1.905156
-0.0151171,-0.6380582,0.0005999177,5.487592,6.100018,1.900193
-0.04906423,-0.638863,0.0003926439,5.676509,6.100014,1.901142
-0.08311981,-0.6346755,0.0004945522,5.879677,6.100013,1.902726
-0.1166798,-0.633644,0.0002145188,6.083583,6.100018,1.90456
-0.1472988,-0.6306311,0.000305635,6.287693,6.100027,1.906314
-0.1801861,-0.6302697,0.0001278205,6.491608,6.100037,1.907705
-0.2050848,-0.6305203,0.0002152543,6.695119,6.100044,1.908509
-0.2429467,-0.6331755,-0.0001626315,6.89828,6.100046,1.908598
-0.2594677,-0.636988,0.0002725447,7.101393,6.100042,1.907957
-0.3116371,-0.6431252,-0.0008064877,7.304885,6.100035,1.906727
-0.3145689,-0.6482079,0.0009723595,7.509075,6.100025,1.905165
-0.01447835,-0.6048361,0.0004697217,5.487575,6.300011,1.900194
-0.04742506,-0.6046156,0.0003034373,5.676438,6.300019,1.901144
-0.08112883,-0.6028366,0.0003741482,5.879537,6.300036,1.902729
-0.1147701,-0.6017319,0.0001762825,6.083395,6.300059,1.904563
-0.1460174,-0.6002819,0.0002526051,6.287497,6.300083,1.906319
-0.179993,-0.6001386,0.0001022243,6.491438,6.300104,1.90771
-0.206315,-0.6006443,0.0001740189,6.694999,6.300116,1.908514
-0.2455608,-0.6029339,-0.0001796877,6.898216,6.300116,1.908604
-0.2636412,-0.6057458,0.0002014431,7.101387,6.300104,1.907964
-0.3167875,-0.6104522,-0.0008419329,7.304933,6.300084,1.906734
-0.3203676,-0.6129359,0.000875618,7.509164,6.300061,1.905172
-0.01462197,-0.5704027,0.0003230829,5.487567,6.500008,1.900194
-0.04674015,-0.5706157,0.0002201692,5.676404,6.500027,1.901143
-0.08022836,-0.5694374,0.0002690388,5.879463,6.500064,1.902728
-0.1141332,-0.5691468,0.0001262158,6.083291,6.50011,1.904563
-0.1456724,-0.5683698,0.000191193,6.287382,6.500157,1.906318
-0.1805134,-0.5687776,7.18932e-05,6.491333,6.500195,1.907709
-0.2077593,-0.5694134,0.0001355904,6.694918,6.500214,1.908514
-0.2479347,-0.5715514,-0.0001917673,6.898167,6.500213,1.908605
-0.2671281,-0.5737135,0.0001540697,7.10137,6.50019,1.907965
-0.32075,-0.5775838,-0.0008634608,7.304945,6.500152,1.906737
-0.3250109,-0.5783764,0.0007835369,7.509197,6.500109,1.905178
-0.01448759,-0.5372756,0.0002667303,5.487564,6.700009,1.900192
-0.04626346,-0.5373863,0.0001739519,5.676387,6.700043,1.901139
-0.07968206,-0.5368628,0.0002189136,5.879426,6.700106,1.902724
-0.1136963,-0.5366856,9.793187e-05,6.083235,6.700186,1.904557
-0.1456002,-0.5364093,0.0001600579,6.287317,6.700266,1.906312
-0.1809673,-0.5368929,5.608481e-05,6.49127,6.700329,1.907703
-0.2089766,-0.5375259,0.0001136898,6.694865,6.700361,1.908508
-0.2497119,-0.5393772,-0.0001955699,6.898128,6.700358,1.908599
-0.2697325,-0.5409455,0.0001285594,7.101345,6.70032,1.907961
-0.3236447,-0.5440446,-0.0008522216,7.304931,6.700256,1.906736
-0.3281385,-0.543525,0.0007420862,7.509194,6.700182,1.90518
-0.01450268,-0.5037613,0.0001918341,5.487562,6.900013,1.900188
-0.0460972,-0.5039579,0.000120765,5.676381,6.900068,1.901133
-0.07953729,-0.5036977,0.0001679682,5.879411,6.900172,1.902715
-0.1136906,-0.5037722,6.479755e-05,6.083209,6.900302,1.904547
-0.1458675,-0.5037679,0.0001293192,6.287284,6.900433,1.906302
-0.1815982,-0.5043773,3.979873e-05,6.491235,6.900535,1.907692
-0.2101693,-0.504986,9.602025e-05,6.694829,6.900589,1.908497
-0.251215,-0.5066339,-0.000198047,6.898094,6.900584,1.908588
-0.2718915,-0.5077657,0.0001072506,7.101312,6.900522,1.907952
-0.3257664,-0.5102819,-0.000869501,7.304897,6.900418,1.90673
-0.3307162,-0.5088477,0.0006934839,7.50916,6.900296,1.905178
-0.01449863,-0.4706216,0.0001477012,5.487563,7.10002,1.900181
-0.04603618,-0.4708063,9.127969e-05,5.676381,7.100109,1.901123
-0.07952429,-0.4707224,0.0001456859,5.879409,7.100275,1.902702
-0.1137815,-0.4708557,4.799614e-05,6.083204,7.100485,1.904533
-0.1462015,-0.4709813,0.000116357,6.287274,7.100695,1.906287
-0.1821613,-0.471585,3.414011e-05,6.491219,7.10086,1.907675
-0.2111775,-0.4721215,9.060964e-05,6.694808,7.100947,1.908478
-0.2523527,-0.4735928,-0.0001864918,6.898064,7.100941,1.908569
-0.2735184,-0.4743926,0.0001136572,7.10127,7.100842,1.907935
-0.3272755,-0.4766109,-0.0008361071,7.304842,7.100675,1.906715
-0.3321627,-0.4744711,0.0007328411,7.509096,7.100478,1.905168
-0.01452183,-0.4373077,0.0001046874,5.487564,7.300032,1.900174
-0.04606311,-0.4374726,5.22082e-05,5.676388,7.300173,1.901111
-0.07963119,-0.4374734,0.0001166081,5.87942,7.300437,1.902687
-0.1139955,-0.437662,2.72738e-05,6.083216,7.300771,1.904515
-0.146627,-0.4378479,0.0001025044,6.287284,7.301106,1.906265
-0.1827409,-0.4384348,3.120408e-05,6.491222,7.30137,1.90765
-0.2121407,-0.4388815,9.233711e-05,6.694798,7.301512,1.90845
-0.2533435,-0.4401828,-0.0001609011,6.898037,7.301505,1.908539
-0.2750453,-0.4406827,0.0001367461,7.101219,7.301351,1.907905
-0.328477,-0.4425178,-0.0007698024,7.304764,7.301085,1.906689
-0.3341597,-0.4398241,0.0007177153,7.508997,7.30077,1.905147
-0.01454471,-0.4040657,0.0001269605,5.487567,7.500052,1.900168
-0.04613201,-0.4042058,5.232653e-05,5.6764,7.500275,1.901101
-0.07979065,-0.4042272,0.0001107571,5.879443,7.500692,1.902671
-0.1142377,-0.4044075,2.124694e-05,6.083247,7.501222,1.904493
-0.1470453,-0.4045846,9.781349e-05,6.287316,7.501752,1.906236
-0.1832315,-0.4051281,3.369156e-05,6.491246,7.502172,1.907614
-0.2129175,-0.4054915,9.477332e-05,6.694805,7.5024,1.908407
-0.2540176,-0.4067367,-0.000135578,6.898016,7.502396,1.908494
-0.2760166,-0.4070616,0.0001554127,7.101161,7.502159,1.907859
-0.3290769,-0.4090814,-0.0007087422,7.304663,7.501741,1.906647
-0.3342639,-0.4058408,0.0007570937,7.508862,7.501241,1.905111
-0.01457869,-0.3706302,3.506384e-05,5.487572,7.700081,1.900165
-0.04622293,-0.3707224,-2.956684e-06,5.67642,7.700434,1.901093
-0.07996884,-0.3707499,7.57833e-05,5.879484,7.701093,1.902654
-0.1145038,-0.3709028,1.043612e-06,6.083305,7.70193,1.904464
-0.1474873,-0.3710416,8.939528e-05,6.28738,7.702766,1.906194
-0.1837362,-0.3715169,4.408191e-05,6.491301,7.70343,1.907559
-0.2137672,-0.3717659,0.0001130887,6.694837,7.703797,1.908342
-0.2547639,-0.3729015,-5.938772e-05,6.898009,7.703801,1.908423
-0.2774564,-0.3730396,0.0002314898,7.101102,7.703442,1.907788
-0.3299756,-0.3748754,-0.0003673334,7.304545,7.702794,1.906581
-0.3367516,-0.371167,0.0006743722,7.508696,7.702004,1.905054
-0.01461287,-0.337303,5.208045e-05,5.48758,7.900126,1.900167
-0.04635564,-0.3373323,1.819102e-06,5.676456,7.900685,1.901087
-0.08019426,-0.3373026,7.105759e-05,5.879555,7.901726,1.902633
-0.1147869,-0.3373682,3.193968e-07,6.083407,7.903042,1.904423
-0.1479047,-0.3374054,8.555947e-05,6.287495,7.904354,1.906129
-0.1841278,-0.3377926,5.012734e-05,6.491406,7.905397,1.907471
-0.2143732,-0.337929,0.0001075885,6.694908,7.905982,1.908238
-0.2551402,-0.3390884,-3.755171e-05,6.898027,7.906011,1.90831
-0.2780686,-0.3391141,0.0002204704,7.101052,7.905475,1.907679
-0.3302576,-0.3416355,-0.0002387295,7.304417,7.904479,1.906482
-0.3364821,-0.3374045,0.0007049174,7.508504,7.903242,1.90497
-0.01464193,-0.3035666,2.577525e-05,5.487595,8.100194,1.900171
-0.0464645,-0.3035027,-2.226663e-05,5.676517,8.101081,1.901079
-0.08038081,-0.3034737,4.815804e-05,5.87968,8.102724,1.9026
-0.1150436,-0.3034251,-9.067704e-06,6.083585,8.104788,1.904354
-0.1483345,-0.3033705,7.831553e-05,6.287695,8.106833,1.906022
-0.1845636,-0.303632,6.67404e-05,6.49159,8.10846,1.907327
-0.2152075,-0.3036268,0.0001238195,6.695042,8.109388,1.908066
-0.2557648,-0.3046769,6.879926e-05,6.898085,8.109469,1.908128
-0.2797389,-0.304496,0.0002677215,7.101017,8.108683,1.907506
-0.3311903,-0.306721,0.0002888033,7.304284,8.107171,1.906332
-0.3413752,-0.3024181,0.0004343391,7.508293,8.10525,1.904849
-0.0146763,-0.270269,-4.968262e-07,5.487622,8.300301,1.90017
-0.04670904,-0.2701278,-4.555177e-05,5.676629,8.301714,1.901058
-0.08071941,-0.2698889,3.156171e-05,5.879902,8.304308,1.902538
-0.1153954,-0.2696024,-1.247077e-05,6.083895,8.307533,1.904237
-0.1488033,-0.2692719,7.09043e-05,6.288039,8.310699,1.90584
-0.1848903,-0.269319,6.335412e-05,6.491903,8.313212,1.907083
-0.2156841,-0.2691172,9.867726e-05,6.695271,8.314665,1.907775
-0.2558417,-0.2701127,3.829281e-05,6.898198,8.314844,1.907823
-0.2799528,-0.2697874,8.493121e-05,7.100998,8.313715,1.907225
-0.3309384,-0.2719771,-3.05437e-05,7.304139,8.311457,1.906101
-0.3396579,-0.2686166,0.0003496836,7.508049,8.308509,1.904675
-0.01473798,-0.2358177,-4.676497e-05,5.487673,8.500476,1.900163
-0.04686039,-0.2354742,-5.413158e-05,5.676835,8.502741,1.901017
-0.08087106,-0.2354578,1.553743e-05,5.880301,8.506843,1.902431
-0.115619,-0.2348383,-9.398262e-06,6.084435,8.51186,1.904039
-0.1491899,-0.2344415,5.928627e-05,6.28862,8.516716,1.905536
-0.1852447,-0.2342731,5.022766e-05,6.492422,8.520548,1.906668
-0.2164838,-0.2339586,8.566384e-05,6.69564,8.522771,1.907275
-0.256362,-0.2348483,8.756756e-05,6.898379,8.523112,1.9073
-0.2816828,-0.234236,9.461704e-05,7.100985,8.521545,1.906754
-0.3313817,-0.2367104,1.21428e-05,7.303942,8.518251,1.905732
-0.3443322,-0.2331934,8.863537e-05,7.507721,8.513801,1.904415
-0.0147513,-0.2028681,-0.000214622,5.487772,8.700782,1.900149
-0.04755056,-0.2025137,-0.0001928129,5.677226,8.704438,1.900948
-0.08166627,-0.2017688,-2.951388e-05,5.881024,8.71094,1.902256
-0.1162623,-0.200589,-1.987313e-05,6.08537,8.718707,1.90372
-0.1499992,-0.1994556,9.14212e-05,6.289592,8.726067,1.905043
-0.1857309,-0.1988317,8.787196e-05,6.493234,8.731727,1.905997
-0.2170539,-0.1981653,8.765941e-05,6.69618,8.734892,1.906484
-0.2561659,-0.198813,0.0001334219,6.898635,8.735416,1.906487
-0.2811354,-0.1984009,9.291635e-05,7.100961,8.733408,1.90602
-0.3290278,-0.2000225,1.379396e-05,7.303633,8.7289,1.905154
-0.3403633,-0.1985693,8.150791e-06,7.507185,8.722402,1.90402
-0.01503636,-0.1665812,-0.0002915857,5.487981,8.901344,1.900133
-0.04745329,-0.1656719,-4.483768e-05,5.677999,8.907308,1.900846
-0.08156501,-0.1663536,3.300746e-06,5.882359,8.917651,1.901995
-0.1162946,-0.1640303,6.178329e-05,6.086986,8.929579,1.903241
-0.1501525,-0.1630988,0.000163457,6.291078,8.940257,1.904319
-0.185967,-0.1621663,0.0001735462,6.494322,8.947724,1.905083
-0.2173928,-0.1617725,0.0001576817,6.696885,8.951536,1.905464
-0.256538,-0.1627757,7.183026e-05,6.898953,8.952169,1.905451
-0.2824568,-0.1626236,0.0001982218,7.100911,8.949907,1.905087
-0.3305456,-0.1650689,5.592614e-05,7.303227,8.944578,1.904392
-0.3445219,-0.1635714,0.0001594608,7.506327,8.936075,1.903461
-0.0143545,-0.1344755,-0.0001080381,5.488503,9.102309,1.900115
-0.0478084,-0.1340165,-0.0001552499,5.679636,9.112271,1.900708
-0.08261839,-0.1319712,-4.518946e-05,5.884855,9.128821,1.901635
-0.1171784,-0.1289342,-3.078226e-05,6.089475,9.146292,1.902596
-0.1518052,-0.1262685,0.0002349156,6.292975,9.159767,1.903379
-0.1868049,-0.1254067,0.0002375419,6.495701,9.167854,1.903896
-0.2186321,-0.1243053,0.0003680569,6.697692,9.171632,1.904135
-0.2569653,-0.1248139,0.0002876578,6.8993,9.172267,1.904118
-0.2834837,-0.1243164,0.0006534949,7.100826,9.1701,1.903866
-0.3282069,-0.1264451,0.001008863,7.302625,9.164856,1.903397
-0.3425662,-0.1272744,-0.0001077746,7.505203,9.155691,1.902745
-0.01414109,-0.09696772,8.468651e-05,5.490007,9.303269,1.900093
-0.04675328,-0.09261668,6.981381e-05,5.683303,9.321055,1.90054
-0.08011934,-0.09375292,0.0001528807,5.88903,9.346735,1.901208
-0.1167778,-0.08792012,0.0001774597,6.092655,9.369002,1.901858
-0.1500103,-0.08830698,0.0002388117,6.295288,9.382701,1.902356
-0.1861541,-0.08769036,0.0002984642,6.497107,9.389693,1.90267
-0.2176096,-0.08736358,0.0004755201,6.698489,9.392761,1.902816
-0.256743,-0.08814404,0.0007099255,6.899624,9.393282,1.902808
-0.2834824,-0.0893216,0.001429938,7.100708,9.391634,1.902656
-0.3308846,-0.09197684,0.001909477,7.301967,9.387462,1.90237
-0.3462951,-0.09299473,0.0009265893,7.503669,9.379602,1.901968
-0.01002828,-0.07130675,5.486238e-05,5.49348,9.503329,1.900072
-0.04728563,-0.06604523,-0.0002051986,5.690701,9.535193,1.900379
-0.08592671,-0.05639044,6.468017e-06,5.894535,9.571064,1.900806
-0.119396,-0.05302144,-6.703814e-05,6.096292,9.593971,1.901207
-0.1527829,-0.05040872,0.0002064663,6.297232,9.604943,1.901495
-0.1877459,-0.05084308,0.0002313075,6.498243,9.609553,1.901672
-0.2202354,-0.04906132,0.0003507696,6.699131,9.611318,1.901754
-0.2591618,-0.04958483,0.0006971137,6.899864,9.611618,1.901757
-0.2890428,-0.0483857,0.0007496088,7.100577,9.610768,1.901686
-0.3369614,-0.0505391,0.0005447029,7.301408,9.608451,1.901542
-0.3595888,-0.05079902,0.001055537,7.502349,9.603383,1.901324
-0.001467954,-0.04359163,0.003983143,5.442771,9.646623,1.848989
-0.05561641,-0.01402264,0.0001618376,5.70993,9.750418,1.900238
-0.0831818,-0.01550995,-0.0001012284,5.912557,9.789041,1.900524
-0.1179383,-0.01593865,-0.0001980303,6.100781,9.802322,1.900822
-0.1492644,-0.01683978,0.0004171393,6.298396,9.807595,1.901017
-0.1865105,-0.01693734,0.0001189743,6.498871,9.809223,1.901113
-0.2198501,-0.01541136,6.495882e-05,6.699514,9.80971,1.901153
-0.2555002,-0.01461716,0.0009245394,6.89998,9.80979,1.90116
-0.2843906,-0.01348041,0.001762055,7.100441,9.809584,1.901138
-0.3244581,-0.01312207,0.001506536,7.301071,9.808966,1.901084
-0.3457811,-0.01485063,0.0008688848,7.50152,9.807225,1.900977
-0.002289613,-0.01162645,0.001422369,5.420892,9.826955,1.824755
-0.02815915,0.009958316,-1.989614e-05,5.643633,9.861856,1.850097
-0.06876722,-0.8839978,0.0009415969,5.492458,5.102513,2.100355
-0.08565419,-0.8316499,0.0001380898,5.684113,5.099752,2.101964
-0.1467649,-0.8011659,0.0008847764,5.887352,5.099496,2.104582
-0.1629623,-0.77789,0.0005036942,6.09059,5.099494,2.107447
-0.185916,-0.7591176,0.0008783266,6.293424,5.099586,2.109919
-0.1968557,-0.7439182,0.0002832759,6.495744,5.099684,2.111624
-0.2050948,-0.7398314,0.0004129667,6.697604,5.099754,2.112455
-0.217354,-0.7394044,-4.616979e-05,6.899175,5.099792,2.112477
-0.216126,-0.7527611,0.0003614175,7.100707,5.099795,2.111781
-0.2399019,-0.7652441,-0.0006378549,7.302504,5.099761,2.110417
-0.2291038,-0.8055921,0.001006865,7.504862,5.099688,2.108478
-0.0363366,-0.793079,0.000312578,5.489307,5.301022,2.100406
-0.08418165,-0.8045127,0.0008780561,5.680159,5.299909,2.102013
-0.1172436,-0.7663288,0.0007664035,5.88441,5.29978,2.104626
-0.1490739,-0.7554198,0.000304309,6.088501,5.299733,2.10751
-0.1703404,-0.7390037,0.0006158604,6.292032,5.29975,2.11002
-0.191324,-0.7296694,0.0001887928,6.494881,5.299789,2.111766
-0.2032759,-0.7264502,0.0003196461,6.697137,5.299825,2.112626
-0.2245364,-0.7273907,-0.00017709,6.89903,5.299849,2.112654
-0.228946,-0.7382859,0.0003603653,7.100884,5.299857,2.111938
-0.2625354,-0.7498181,-0.001046238,7.303085,5.299848,2.110532
-0.2592618,-0.7773787,0.0008540553,7.506019,5.299827,2.108544
-0.01585709,-0.7565284,0.001155519,5.488207,5.500113,2.100415
-0.06061852,-0.7504376,0.0002243624,5.67838,5.499966,2.102043
-0.103001,-0.7369989,0.00141494,5.882663,5.499902,2.104664
-0.1304108,-0.7264509,0.0002986057,6.087073,5.499864,2.107559
-0.1607477,-0.7174588,0.0007992057,6.290997,5.499859,2.110084
-0.1843488,-0.7099154,0.000162581,6.494204,5.499871,2.111849
-0.2024699,-0.7086793,0.0003420039,6.696757,5.499888,2.112724
-0.2298342,-0.7100791,-0.0002628673,6.898906,5.499902,2.112754
-0.2378683,-0.7192154,0.0002204706,7.101014,5.49991,2.112027
-0.2805377,-0.7289535,-0.001359719,7.303515,5.499912,2.110599
-0.2761721,-0.7500792,0.0004358958,7.50684,5.499912,2.108587
-0.01717269,-0.709586,0.001343268,5.48791,5.700036,2.100424
-0.05650473,-0.7133404,0.0007800644,5.677669,5.699998,2.102065
-0.09212478,-0.7000739,0.00113438,5.881749,5.699962,2.104693
-0.1249894,-0.6968751,0.0003245677,6.086201,5.699938,2.107593
-0.1538732,-0.6886742,0.0005242154,6.2903,5.69993,2.110124
-0.1826071,-0.685964,0.0001189365,6.493718,5.699933,2.111895
-0.2030654,-0.6850072,0.0002642542,6.69647,5.699941,2.112777
-0.2353857,-0.6875822,-0.0003014161,6.898803,5.699949,2.112807
-0.2471778,-0.6942571,0.0002555309,7.101093,5.699954,2.112074
-0.2942513,-0.7032531,-0.001368624,7.303797,5.699958,2.110636
-0.2951864,-0.7169086,0.0006165817,7.507354,5.699962,2.108614
-0.0144877,-0.6758092,0.0004218489,5.487821,5.900029,2.100431
-0.05126136,-0.6742946,0.0004407301,5.677376,5.90001,2.102081
-0.0865933,-0.6694193,0.000679116,5.881287,5.899993,2.104713
-0.119312,-0.665519,0.0002873455,6.085699,5.899982,2.107615
-0.1497756,-0.6614695,0.000453513,6.28986,5.89998,2.110148
-0.1804797,-0.6592763,9.097801e-05,6.49339,5.899983,2.111921
-0.2037997,-0.6592444,0.0002129601,6.696266,5.899988,2.112805
-0.2391388,-0.6616503,-0.0003539398,6.898721,5.899992,2.112836
-0.2536723,-0.6666524,0.000135766,7.101132,5.899993,2.1121
-0.3035227,-0.6736637,-0.001494701,7.303962,5.899994,2.110657
-0.3051788,-0.68254,0.0003223156,7.507647,5.899994,2.108631
-0.01538999,-0.638394,0.0003904036,5.487787,6.100017,2.100435
-0.04924959,-0.638921,0.0004672544,5.677245,6.100013,2.10209
-0.08338915,-0.634872,0.0004573686,5.881052,6.100012,2.104725
-0.1170698,-0.6336638,0.0002572401,6.085416,6.100016,2.107628
-0.1476024,-0.6307112,0.0003195105,6.289593,6.100022,2.110161
-0.1804004,-0.6302953,5.860945e-05,6.493178,6.10003,2.111935
-0.2052611,-0.6305697,0.0001548338,6.696126,6.100035,2.112821
-0.2428286,-0.6331798,-0.0003575627,6.898657,6.100036,2.112851
-0.2595948,-0.6370114,0.0001072095,7.101145,6.100033,2.112114
-0.3107374,-0.6431038,-0.001472025,7.30405,6.100028,2.110669
-0.3148043,-0.6483368,0.0002838551,7.507802,6.100021,2.108641
-0.01475285,-0.6049512,0.000172253,5.487772,6.30001,2.100436
-0.04763931,-0.6046718,0.0003627728,5.677183,6.300016,2.102093
-0.08139001,-0.6029334,0.0003103422,5.880932,6.30003,2.104729
-0.1151457,-0.6017496,0.0002235056,6.08526,6.300048,2.107634
-0.1463347,-0.6003298,0.0002589385,6.289435,6.300067,2.110166
-0.180219,-0.60016,3.878533e-05,6.493045,6.300082,2.111942
-0.2065004,-0.6006883,0.0001103389,6.696033,6.300091,2.112827
-0.2454731,-0.6029422,-0.0003681169,6.898609,6.30009,2.112858
-0.2637592,-0.6058033,2.780849e-05,7.101142,6.300082,2.112121
-0.3159655,-0.6104842,-0.001494252,7.30409,6.300067,2.110676
-0.3207706,-0.6131944,0.000194483,7.507879,6.300049,2.108649
-0.01483956,-0.570525,7.430798e-05,5.487765,6.500007,2.100435
-0.04691811,-0.5706763,0.0003026777,5.677154,6.500023,2.102092
-0.0804702,-0.5695176,0.0002090667,5.880871,6.500052,2.104728
-0.1144853,-0.5691758,0.0001831216,6.085175,6.500089,2.107633
-0.1459874,-0.5684173,0.0001931428,6.289344,6.500126,2.110166
-0.1807343,-0.5688014,1.513865e-05,6.492964,6.500153,2.111941
-0.2079377,-0.5694499,7.2962e-05,6.695972,6.500168,2.112828
-0.2478518,-0.5715528,-0.0003683656,6.898573,6.500166,2.112859
-0.2672189,-0.5737409,-1.062613e-05,7.101132,6.50015,2.112123
-0.3199672,-0.5775784,-0.00148863,7.304104,6.500121,2.110679
-0.3254875,-0.5785684,0.0001365951,7.507912,6.500087,2.108655
-0.01469656,-0.5373571,4.289257e-05,5.487763,6.700007,2.100431
-0.04643778,-0.5374359,0.0002711069,5.677141,6.700035,2.102085
-0.07991733,-0.536914,0.00016786,5.880842,6.700087,2.104721
-0.1140442,-0.5367121,0.0001638707,6.085132,6.70015,2.107626
-0.1459176,-0.536444,0.0001668429,6.289294,6.700212,2.11016
-0.1811917,-0.5369149,4.749328e-06,6.492916,6.700259,2.111936
-0.2091535,-0.5375572,5.131354e-05,6.695932,6.700283,2.112823
-0.2496364,-0.539381,-0.0003627788,6.898545,6.70028,2.112855
-0.2698178,-0.5409698,-2.90719e-05,7.101116,6.700252,2.112121
-0.3228446,-0.544056,-0.001442451,7.3041,6.700203,2.11068
-0.3286903,-0.5437458,0.0001185109,7.507918,6.700146,2.108659
-0.01468905,-0.5038604,1.981369e-05,5.487762,6.90001,2.100421
-0.04624621,-0.5040125,0.0002331866,5.677139,6.900056,2.102072
-0.0797566,-0.5037451,0.0001312961,5.880834,6.90014,2.104706
-0.1140274,-0.5038031,0.0001380042,6.085115,6.900244,2.107613
-0.1461796,-0.5038013,0.0001393327,6.289271,6.900345,2.110148
-0.1818203,-0.504401,-6.563492e-06,6.49289,6.900422,2.111925
-0.2103407,-0.5050144,3.537912e-05,6.695907,6.900462,2.112812
-0.2511429,-0.5066377,-0.0003551908,6.898522,6.900457,2.112845
-0.2719746,-0.5077835,-4.069013e-05,7.101095,6.90041,2.112113
-0.3249814,-0.5102963,-0.001430932,7.304082,6.900332,2.110675
-0.3313523,-0.5090394,7.226742e-05,7.507903,6.900238,2.108658
-0.01466168,-0.4707,8.003812e-05,5.487764,7.100016,2.100403
-0.04615448,-0.4708566,0.0002364998,5.677144,7.100089,2.10205
-0.07973246,-0.4707603,0.000134601,5.880839,7.100224,2.104685
-0.1141119,-0.470888,0.0001315858,6.085117,7.100392,2.107593
-0.1465102,-0.4710136,0.0001327618,6.289267,7.100554,2.11013
-0.1823822,-0.4716112,-6.96842e-06,6.492881,7.100678,2.111907
-0.2113429,-0.4721484,3.264672e-05,6.695892,7.100742,2.112794
-0.2522791,-0.4735899,-0.0003349194,6.898502,7.100736,2.112828
-0.2735978,-0.4743913,-2.63143e-05,7.101069,7.100662,2.112098
-0.3264659,-0.4765551,-0.001367007,7.304049,7.100535,2.110662
-0.3329945,-0.4745438,0.0001062741,7.507866,7.100384,2.10865
-0.01468109,-0.4373116,6.884764e-05,5.487766,7.300026,2.100381
-0.04616593,-0.4374954,0.0002061274,5.677154,7.300142,2.102024
-0.07982515,-0.4375008,0.0001135384,5.880854,7.300357,2.104658
-0.1143163,-0.4376953,0.0001139808,6.085133,7.300624,2.107568
-0.1469261,-0.4378876,0.0001216118,6.289279,7.300883,2.110104
-0.1829536,-0.4384721,-5.26176e-06,6.492885,7.301082,2.11188
-0.2122899,-0.4389238,3.87292e-05,6.695887,7.301185,2.112766
-0.2532538,-0.4401983,-0.0002996318,6.898484,7.301177,2.1128
-0.2750754,-0.4407079,2.73332e-06,7.101036,7.301061,2.112071
-0.3276073,-0.442502,-0.001297446,7.303998,7.30086,2.110639
-0.3347176,-0.4400152,0.0001003644,7.507803,7.300618,2.108631
-0.01472696,-0.4041224,2.63137e-05,5.48777,7.500042,2.100364
-0.04626311,-0.4042508,0.0002091761,5.677167,7.500226,2.102002
-0.07999124,-0.4042715,0.000101844,5.880878,7.500567,2.104633
-0.1145603,-0.4044554,0.000112413,6.085162,7.50099,2.107539
-0.1473419,-0.4046418,0.000119931,6.289306,7.501401,2.11007
-0.1834424,-0.4051827,1.749268e-06,6.492905,7.501717,2.111841
-0.2130617,-0.4055511,4.41948e-05,6.695893,7.501884,2.112722
-0.2539368,-0.4067471,-0.0002687783,6.89847,7.501875,2.112754
-0.276066,-0.4070745,2.984636e-05,7.100996,7.501696,2.112027
-0.3282451,-0.408892,-0.001226752,7.303929,7.501379,2.110599
-0.335218,-0.4060035,0.0001828496,7.507709,7.500994,2.108596
-0.01471822,-0.3706993,3.794845e-05,5.487775,7.700067,2.100357
-0.04628865,-0.370771,0.0001559379,5.677186,7.700359,2.10199
-0.08013497,-0.3708066,8.233992e-05,5.880913,7.700898,2.104611
-0.1148029,-0.3709694,9.174368e-05,6.085209,7.701568,2.107505
-0.147762,-0.3711292,0.0001149673,6.289357,7.702216,2.110022
-0.1839272,-0.3716094,1.721656e-05,6.492947,7.702716,2.11178
-0.2138677,-0.371877,6.996134e-05,6.695916,7.702984,2.112652
-0.2546434,-0.3729704,-0.0001711877,6.898464,7.702979,2.112681
-0.2773366,-0.3731331,0.0001318104,7.100951,7.702705,2.111955
-0.3290256,-0.3747806,-0.0008686231,7.30384,7.702212,2.110534
-0.3367529,-0.3716253,0.0001896065,7.507583,7.701602,2.108539
-0.01476498,-0.3372964,2.66951e-05,5.487781,7.900104,2.100366
-0.04643831,-0.3373531,0.0001674278,5.677213,7.900568,2.101989
-0.08036344,-0.337364,7.585076e-05,5.880969,7.901423,2.10459
-0.1150815,-0.3374608,9.494505e-05,6.085288,7.902479,2.107456
-0.1481723,-0.3375402,0.0001129138,6.289444,7.903499,2.109945
-0.1843192,-0.3379423,2.353185e-05,6.493025,7.904285,2.111679
-0.2144742,-0.3381107,6.067847e-05,6.695966,7.904712,2.112537
-0.2550583,-0.3392045,-0.0001548109,6.898473,7.904718,2.11256
-0.2780081,-0.3392595,0.0001122998,7.100907,7.904307,2.111839
-0.3294183,-0.3413307,-0.000826861,7.303736,7.903547,2.110429
-0.3368082,-0.3378764,0.000290902,7.507427,7.902591,2.108449
-0.01479462,-0.3036054,-5.532705e-05,5.487792,8.100161,2.100384
-0.04654219,-0.3035604,0.0001195294,5.677261,8.100902,2.101989
-0.08053525,-0.3035763,3.774419e-05,5.881066,8.102258,2.104553
-0.1153204,-0.3035749,7.902807e-05,6.085426,8.103922,2.107373
-0.1485729,-0.3035838,0.0001041764,6.289597,8.105517,2.109815
-0.1847297,-0.3038806,4.839585e-05,6.493161,8.106744,2.111509
-0.2152372,-0.3039352,9.182911e-05,6.696061,8.107416,2.112341
-0.255637,-0.3049563,3.047367e-06,6.898509,8.10745,2.112357
-0.2793799,-0.3048683,0.0002562663,7.10087,8.106843,2.111646
-0.3302254,-0.3068945,-4.491012e-05,7.30362,8.105691,2.11026
-0.3396121,-0.303371,0.0001993222,7.507243,8.104206,2.10831
-0.01482097,-0.2703654,-9.856295e-05,5.487815,8.300251,2.100391
-0.04676936,-0.2702143,9.012542e-05,5.677353,8.301442,2.101968
-0.08085388,-0.2700405,1.948721e-05,5.881247,8.3036,2.104476
-0.115651,-0.2698406,7.223241e-05,6.085674,8.306217,2.107223
-0.1490188,-0.2696045,9.762373e-05,6.289861,8.308696,2.109588
-0.1850615,-0.2697242,4.650006e-05,6.493393,8.310587,2.111216
-0.2157468,-0.2696084,5.064778e-05,6.696225,8.311631,2.112006
-0.2558429,-0.2706195,-6.440439e-05,6.898583,8.311718,2.112012
-0.279902,-0.2703752,2.827522e-05,7.100844,8.310847,2.111324
-0.3306793,-0.2726358,-0.0004619737,7.30349,8.309131,2.109985
-0.3397311,-0.2694925,0.0002529328,7.507025,8.306856,2.108095
-0.01483884,-0.2361115,-0.0001233963,5.487859,8.500403,2.100378
-0.04685681,-0.2356973,9.567894e-05,5.677532,8.502334,2.101909
-0.08097943,-0.2357136,-2.05625e-06,5.881584,8.505785,2.104329
-0.1158334,-0.2352281,6.924916e-05,6.086112,8.509895,2.106955
-0.1493494,-0.2349433,7.863449e-05,6.290311,8.513718,2.109192
-0.1853858,-0.2348815,7.223788e-05,6.493773,8.516585,2.110707
-0.2164721,-0.2346758,8.614166e-05,6.696487,8.518157,2.111429
-0.2563148,-0.2355832,0.0001154614,6.898709,8.518333,2.111424
-0.2814633,-0.2349832,0.0001986197,7.100826,8.517128,2.110778
-0.3311667,-0.2375911,8.163531e-06,7.303327,8.514651,2.109527
-0.3444941,-0.2343134,8.689436e-05,7.50674,8.511234,2.107749
-0.01475624,-0.203356,-0.0002790142,5.487949,8.700675,2.100352
-0.04738033,-0.2027686,-4.220587e-05,5.677879,8.703847,2.101802
-0.08167745,-0.2020744,-2.296847e-05,5.882208,8.709405,2.104072
-0.1163881,-0.2011485,4.736173e-05,6.086884,8.715859,2.106498
-0.1500743,-0.200156,9.541688e-05,6.291064,8.721696,2.108509
-0.1858364,-0.1997345,8.300046e-05,6.494368,8.725922,2.109834
-0.2170187,-0.1991882,6.890115e-05,6.696877,8.728163,2.110447
-0.2562238,-0.1998953,9.667613e-07,6.898893,8.728459,2.110429
-0.2810918,-0.1993421,-7.794283e-05,7.100805,8.726892,2.109856
-0.3293747,-0.2007015,-0.0003402675,7.30309,8.723502,2.108754
-0.3419098,-0.1992782,-2.145157e-05,7.5063,8.718532,2.107176
-0.01486131,-0.1677072,-0.0002544778,5.488142,8.901197,2.100324
-0.04715916,-0.1662504,0.0001297744,5.678583,8.906486,2.101639
-0.08155327,-0.1667803,-2.601845e-05,5.883387,8.915529,2.10366
-0.1163418,-0.1649647,0.0001228806,6.088246,8.925666,2.10575
-0.1501454,-0.1640974,4.845206e-05,6.292254,8.934335,2.107409
-0.1859858,-0.1635114,2.080355e-05,6.49522,8.940112,2.108471
-0.2173306,-0.1632148,-5.996161e-05,6.697404,8.942961,2.108952
-0.2564036,-0.1644013,-5.444526e-05,6.899132,8.943371,2.108927
-0.2824356,-0.1639929,0.0001298002,7.100768,8.941534,2.108456
-0.3310575,-0.1662851,0.0001161295,7.302745,8.93736,2.107555
-0.342656,-0.1654591,0.000170506,7.505586,8.930667,2.106263
-0.0143466,-0.1362279,-0.0003325163,5.488639,9.102123,2.100293
-0.04764176,-0.1345108,-4.180528e-05,5.680114,9.111212,2.101398
-0.0827183,-0.1321736,2.013461e-05,5.885661,9.126125,2.103038
-0.1173019,-0.1298158,0.0001491863,6.090422,9.141525,2.104658
-0.1516451,-0.1270318,0.0003982826,6.293842,9.152998,2.105921
-0.1868267,-0.1264099,0.0003169219,6.496305,9.159641,2.106712
-0.2187225,-0.1254141,0.000331677,6.698038,9.16269,2.107049
-0.2571608,-0.1258857,0.0002072646,6.899409,9.163153,2.107027
-0.2847852,-0.124168,0.0001675989,7.100707,9.161321,2.106682
-0.3297413,-0.1278256,7.753697e-05,7.302274,9.156967,2.106026
-0.3460747,-0.1278676,-0.0001202565,7.504609,9.149363,2.105046
-0.01487232,-0.1000079,0.0008993279,5.490109,9.303073,2.100239
-0.046894,-0.09390914,0.0002571224,5.683644,9.319867,2.101064
-0.08052815,-0.09413332,-0.0001020474,5.889584,9.343831,2.10222
-0.1168497,-0.09008255,0.0003265929,6.093265,9.364264,2.103285
-0.1497631,-0.08902512,-3.885874e-05,6.295799,9.376523,2.104064
-0.1860465,-0.08865151,0.0001805622,6.497467,9.382614,2.104533
-0.2175308,-0.08819281,-0.0001141252,6.698692,9.385227,2.104744
-0.2558777,-0.08892149,0.000100145,6.899677,9.385641,2.104733
-0.2822955,-0.08965006,0.0007977183,7.100619,9.384203,2.104519
-0.3264996,-0.09107977,0.001316166,7.301734,9.38059,2.104109
-0.3444739,-0.09395504,0.0007531143,7.503298,9.373718,2.103512
-0.01029281,-0.06967696,-0.0002728353,5.493532,9.503296,2.100156
-0.04809036,-0.06599669,4.673595e-05,5.6909,9.534256,2.10071
-0.08601903,-0.05677596,0.0002782853,5.894879,9.568798,2.101409
-0.1194475,-0.05391775,0.0004144366,6.096629,9.590536,2.102009
-0.1523108,-0.05034085,0.0003965706,6.297512,9.600732,2.10243
-0.1876157,-0.05029155,0.0007822629,6.498436,9.604904,2.102694
-0.2200096,-0.04945471,0.000600868,6.699234,9.606461,2.102821
-0.258995,-0.05014738,0.001051983,6.899883,9.606712,2.102828
-0.2888307,-0.04946419,0.00117181,7.100513,9.605956,2.102722
-0.3369244,-0.05125848,0.002077359,7.301259,9.603893,2.102505
-0.359884,-0.05129871,0.002129902,7.50212,9.599305,2.102177
-0.001601264,-0.04275967,0.003604354,5.442707,9.647057,2.048979
-0.05478678,-0.01488107,0.0002942037,5.710012,9.750128,2.100434
-0.08253332,-0.01531353,-0.0008278851,5.912776,9.788117,2.100815
-0.1185051,-0.01803017,-0.0009244268,6.101001,9.801013,2.101159
-0.1503118,-0.01637234,-0.0007999022,6.298561,9.806065,2.101425
-0.1860484,-0.01632761,-0.001321395,6.498971,9.807586,2.101588
-0.2178596,-0.01492796,-0.0007625788,6.699561,9.808026,2.101664
-0.2538962,-0.01527838,-0.0004490842,6.899983,9.808096,2.101679
-0.2834916,-0.01286416,0.000163301,7.100401,9.807909,2.101641
-0.3216718,-0.01380237,0.0009820133,7.300978,9.807349,2.101543
-0.3443736,-0.01449005,0.002226434,7.501365,9.805725,2.101364
-0.002102186,-0.01111809,0.001264658,5.420025,9.828781,2.024434
-0.02767877,0.01001016,0.0008648124,5.64321,9.861919,2.050145
-0.06668633,-0.8885909,0.002026087,5.492756,5.102527,2.300678
-0.08616797,-0.8325459,-0.001684505,5.685082,5.099803,2.303417
-0.1477398,-0.8035732,0.001601304,5.888976,5.099596,2.30751
-0.1642391,-0.7776734,0.0002200947,6.092405,5.099616,2.31142
-0.186258,-0.7589679,0.001107031,6.295026,5.099698,2.314276
-0.1972594,-0.7438769,0.0001049538,6.496917,5.099773,2.315954
-0.2053257,-0.7397455,0.0004267986,6.698302,5.099825,2.316678
-0.2174586,-0.7394726,-0.0002344591,6.899437,5.099851,2.316663
-0.2164327,-0.752735,0.0003942852,7.100539,5.099853,2.316004
-0.2397862,-0.7654049,-0.001168175,7.301862,5.099826,2.314734
-0.2292719,-0.8053758,0.001436176,7.503742,5.099769,2.312791
-0.03432172,-0.7918278,-1.957503e-05,5.489725,5.301015,2.300797
-0.08488552,-0.8039591,0.00010762,5.68141,5.299938,2.303531
-0.1174759,-0.7661637,0.0007494299,5.886415,5.299836,2.307576
-0.1501644,-0.7553422,-3.029668e-05,6.090729,5.299805,2.311484
-0.1706834,-0.739021,0.0006437354,6.293984,5.299821,2.314375
-0.1916646,-0.7296477,-6.89841e-06,6.496297,5.29985,2.316096
-0.2035703,-0.7264839,0.0003148077,6.697973,5.299877,2.316845
-0.2246573,-0.7275087,-0.0003486141,6.899338,5.299893,2.316834
-0.2293975,-0.7384041,0.0005326552,7.10067,5.299898,2.316156
-0.2625031,-0.7502141,-0.001460442,7.30229,5.299891,2.314848
-0.2601132,-0.7780241,0.001789624,7.504625,5.299875,2.312852
-0.01540626,-0.7589637,0.001897523,5.488682,5.500108,2.300837
-0.06106402,-0.7500835,-0.0005419416,5.679793,5.499979,2.303602
-0.1033065,-0.7376948,0.001547811,5.884929,5.499931,2.307637
-0.1311778,-0.7262551,-1.192478e-05,6.089602,5.499904,2.311537
-0.1611692,-0.7174527,0.0008654006,6.293216,5.4999,2.314437
-0.1847467,-0.709895,-2.17273e-05,6.495813,5.49991,2.316176
-0.2028404,-0.7087066,0.0003602525,6.697706,5.499922,2.316938
-0.2300665,-0.7101569,-0.0004622278,6.899254,5.499931,2.316928
-0.2384349,-0.7193145,0.0003386524,7.100766,5.499936,2.31624
-0.2808837,-0.7291138,-0.001935006,7.302605,5.499937,2.314913
-0.2774803,-0.7504375,0.0008810813,7.505245,5.499937,2.312892
-0.01773115,-0.709055,0.001155068,5.488409,5.700033,2.300877
-0.05688926,-0.7131325,0.0003265672,5.679165,5.700002,2.303657
-0.09281573,-0.7004111,0.001170122,5.884169,5.699975,2.307685
-0.1257288,-0.6967889,8.609984e-05,6.088925,5.699957,2.311576
-0.1544017,-0.6887797,0.0005100436,6.292704,5.699951,2.314476
-0.1829829,-0.6859727,-4.303575e-05,6.495467,5.699953,2.316221
-0.2034807,-0.6850796,0.0002858374,6.697506,5.699959,2.316986
-0.235612,-0.6876394,-0.0004533067,6.899184,5.699964,2.316976
-0.2477905,-0.6943263,0.0004790431,7.100825,5.699968,2.316284
-0.2945868,-0.7033233,-0.001689522,7.30281,5.69997,2.314948
-0.2964293,-0.7172261,0.001487842,7.505629,5.699973,2.312918
-0.01414941,-0.6765117,0.001408516,5.48833,5.900026,2.300906
-0.05110359,-0.674458,0.000244454,5.678912,5.90001,2.303692
-0.08708661,-0.669741,0.0008735826,5.883793,5.899997,2.307717
-0.1198504,-0.6655119,0.0001175578,6.08854,5.899989,2.311602
-0.1503105,-0.6615481,0.0004739787,6.292384,5.899986,2.314499
-0.1808622,-0.6592955,-5.051117e-05,6.495235,5.899988,2.316245
-0.2042458,-0.6593104,0.0002395802,6.697364,5.899991,2.317012
-0.2394132,-0.6616877,-0.0005093913,6.899128,5.899994,2.317002
-0.2542907,-0.6667382,0.0002895263,7.100855,5.899995,2.316307
-0.3039362,-0.6736958,-0.001952603,7.30293,5.899996,2.314967
-0.3063482,-0.6829312,0.000877535,7.505846,5.899996,2.312933
-0.01519194,-0.638464,0.0007910278,5.4883,6.100015,2.300919
-0.04934942,-0.6389228,0.0002372181,5.678803,6.100011,2.30371
-0.08396421,-0.6350154,0.000526052,5.883606,6.10001,2.307735
-0.1176196,-0.633663,0.0001047744,6.088328,6.100012,2.311617
-0.1481724,-0.6307938,0.0003059803,6.292191,6.100016,2.314512
-0.1807789,-0.6303229,-6.853057e-05,6.495087,6.10002,2.316258
-0.2057131,-0.6306344,0.0001857533,6.697268,6.100023,2.317025
-0.2431108,-0.633193,-0.000472407,6.899085,6.100024,2.317015
-0.2601987,-0.6370583,0.0002892505,7.100865,6.100023,2.316319
-0.3112065,-0.6430773,-0.001806083,7.302994,6.100019,2.314977
-0.3158903,-0.6486124,0.0009821283,7.505961,6.100015,2.312943
-0.0144332,-0.6051544,0.0008165391,5.488288,6.300008,2.300923
-0.04763517,-0.6047684,0.0002198987,5.678754,6.300013,2.303716
-0.08190972,-0.6030663,0.0004412638,5.883514,6.300022,2.307742
-0.1156442,-0.6017814,0.0001046547,6.088213,6.300034,2.311623
-0.1469063,-0.6003951,0.0002625372,6.292079,6.300046,2.314518
-0.1806006,-0.6001914,-7.560119e-05,6.494994,6.300056,2.316264
-0.2069552,-0.6007447,0.0001414448,6.697204,6.300062,2.317031
-0.245769,-0.6029556,-0.0004756625,6.899053,6.300062,2.317021
-0.2643043,-0.6058458,0.0001695191,7.100866,6.300056,2.316326
-0.3164271,-0.6104743,-0.001848687,7.303025,6.300046,2.314984
-0.3215961,-0.6134978,0.0006699289,7.50602,6.300034,2.312951
-0.01452671,-0.5705402,0.0005892593,5.488283,6.500005,2.300921
-0.04695065,-0.5707029,0.000132803,5.678732,6.500017,2.303714
-0.08099661,-0.5695753,0.0003004452,5.883469,6.500038,2.30774
-0.1149831,-0.5692024,6.688831e-05,6.088153,6.500063,2.311622
-0.1465651,-0.5684716,0.0001875059,6.292016,6.500087,2.314518
-0.1811149,-0.5688329,-9.196234e-05,6.494939,6.500105,2.316264
-0.2083899,-0.5694963,0.0001056135,6.697163,6.500115,2.317032
-0.2481495,-0.571563,-0.0004586336,6.89903,6.500113,2.317022
-0.2677574,-0.5737585,0.000143054,7.100861,6.500102,2.316328
-0.3204344,-0.577557,-0.001760933,7.303038,6.500084,2.314988
-0.3262971,-0.5788493,0.0005560192,7.50605,6.500061,2.312958
-0.01438956,-0.5373376,0.0005635917,5.488282,6.700005,2.300912
-0.04648351,-0.5374544,0.000106099,5.678725,6.700026,2.303703
-0.0804444,-0.5369434,0.0002734995,5.883452,6.700063,2.30773
-0.1145433,-0.5367384,5.698e-05,6.088126,6.700107,2.311614
-0.1464991,-0.536485,0.0001674235,6.291984,6.700147,2.314511
-0.1815767,-0.5369445,-9.504971e-05,6.494908,6.700178,2.316259
-0.2096024,-0.5375962,8.420974e-05,6.697137,6.700193,2.317027
-0.2499301,-0.5393903,-0.0004477404,6.899013,6.700191,2.317019
-0.2703297,-0.5409795,0.0001023688,7.100853,6.700172,2.316326
-0.3232821,-0.5440385,-0.00171374,7.30304,6.70014,2.314989
-0.3292846,-0.5440478,0.0004237508,7.506062,6.700102,2.312964
-0.01441704,-0.503735,0.00040996,5.488283,6.900007,2.300888
-0.04633383,-0.5039971,3.222117e-05,5.67873,6.900041,2.303676
-0.08029432,-0.503743,0.0002148783,5.883454,6.900101,2.307707
-0.1145365,-0.5038261,2.661029e-05,6.088121,6.900173,2.311597
-0.1467628,-0.5038367,0.0001370677,6.291973,6.90024,2.314499
-0.1822054,-0.5044332,-0.0001025181,6.494893,6.90029,2.316248
-0.2107843,-0.5050511,6.862434e-05,6.697122,6.900315,2.317019
-0.2514347,-0.5066473,-0.0004294529,6.898999,6.900312,2.317012
-0.2724845,-0.5077841,8.504925e-05,7.100842,6.900281,2.31632
-0.3254188,-0.5102756,-0.001640226,7.303034,6.900229,2.314986
-0.3320079,-0.5092993,0.0003248818,7.506061,6.900167,2.312966
-0.014472,-0.4705795,0.0002219691,5.488289,7.100011,2.300838
-0.04633203,-0.4708377,-1.080983e-05,5.678746,7.100065,2.303629
-0.08029526,-0.4707575,0.0002072168,5.883473,7.100162,2.307671
-0.114646,-0.470914,1.743426e-05,6.088133,7.100278,2.311572
-0.1470998,-0.4710513,0.0001354195,6.291977,7.100386,2.31448
-0.1827693,-0.4716479,-9.904659e-05,6.49489,7.100466,2.316232
-0.2117789,-0.4721868,6.424562e-05,6.697115,7.100507,2.317004
-0.2525569,-0.4736,-0.0004089984,6.898988,7.100502,2.316997
-0.2740715,-0.4743913,7.011909e-05,7.100828,7.100453,2.316308
-0.3268616,-0.4765618,-0.001593663,7.303017,7.10037,2.314976
-0.3333529,-0.4748352,0.0002557898,7.506045,7.100269,2.312959
-0.01451347,-0.4373638,0.0001706441,5.488297,7.300019,2.300776
-0.04636796,-0.4375081,-9.118336e-05,5.678769,7.300105,2.303571
-0.08039893,-0.4375355,0.0001842603,5.883501,7.300258,2.307628
-0.114856,-0.437735,-7.429361e-06,6.088157,7.300443,2.31154
-0.1475128,-0.4379421,0.0001265245,6.291992,7.300615,2.314454
-0.1833346,-0.4385258,-9.462704e-05,6.494897,7.300744,2.316208
-0.2127133,-0.4389785,6.978e-05,6.697113,7.30081,2.31698
-0.2535229,-0.440222,-0.0003664271,6.898978,7.300804,2.316974
-0.2755566,-0.4407057,9.23297e-05,7.100809,7.300726,2.316286
-0.3280594,-0.4424931,-0.001456884,7.302989,7.300594,2.314957
-0.3355826,-0.4402451,0.0004169414,7.506009,7.300433,2.312943
-0.01449665,-0.4041014,0.0004330406,5.488304,7.500031,2.300729
-0.04640194,-0.4042771,-2.121631e-05,5.678792,7.500166,2.303525
-0.08056368,-0.4043068,0.0001947774,5.883531,7.500411,2.30759
-0.1150942,-0.404517,3.573764e-06,6.088186,7.500704,2.311507
-0.1479253,-0.4047172,0.0001295253,6.292016,7.500978,2.314421
-0.1838165,-0.4052612,-8.466077e-05,6.494913,7.501184,2.316172
-0.2134683,-0.4056297,7.023648e-05,6.697119,7.50129,2.316942
-0.2541694,-0.4067762,-0.0003464254,6.89897,7.501282,2.316936
-0.2764795,-0.4070658,6.838303e-05,7.100785,7.501161,2.316249
-0.3285251,-0.408782,-0.001498015,7.302946,7.500952,2.314923
-0.3355795,-0.4060812,0.0002087491,7.505951,7.500696,2.312912
-0.01459374,-0.3706367,-6.670665e-05,5.48831,7.700048,2.30071
-0.04652021,-0.3707946,-0.000228395,5.67881,7.700264,2.303504
-0.08070972,-0.3708522,0.0001374708,5.883561,7.700653,2.307564
-0.1153463,-0.3710572,-3.762039e-05,6.088222,7.701118,2.311472
-0.1483297,-0.3712459,0.0001252739,6.292051,7.701551,2.314375
-0.1842848,-0.3717392,-6.776339e-05,6.494941,7.701877,2.316117
-0.2142356,-0.3720207,0.0001025386,6.697134,7.702047,2.316881
-0.2548399,-0.3730642,-0.000242627,6.898965,7.702038,2.316873
-0.2776834,-0.3731906,0.0001870758,7.100755,7.701854,2.316188
-0.3292739,-0.3747275,-0.001138265,7.302889,7.701527,2.314867
-0.3375127,-0.3717468,0.0003539938,7.505867,7.701122,2.31286
-0.0146092,-0.3374014,0.0001308956,5.488311,7.900078,2.300741
-0.04663869,-0.3374148,-0.0001473939,5.678822,7.900422,2.30352
-0.08093839,-0.33747,0.0001504302,5.883593,7.90104,2.307551
-0.1156207,-0.3375959,-1.597257e-05,6.088272,7.901775,2.311428
-0.148734,-0.3377268,0.0001304157,6.292108,7.902459,2.314304
-0.1846712,-0.3381491,-5.351579e-05,6.494991,7.902971,2.316026
-0.2148241,-0.3383442,9.93131e-05,6.697165,7.903241,2.316778
-0.2552163,-0.3393594,-0.0002297181,6.898969,7.903236,2.316766
-0.278275,-0.33938,0.0001409107,7.100723,7.902957,2.316086
-0.3294025,-0.3411247,-0.001255334,7.302815,7.902452,2.314773
-0.3369713,-0.3378398,0.0001652057,7.505756,7.901815,2.312778
-0.01460349,-0.3037124,0.0001700182,5.488313,8.10012,2.300804
-0.04669091,-0.3036591,-0.0001788552,5.678842,8.100673,2.303553
-0.08108536,-0.3037245,0.0001216307,5.883649,8.101661,2.30753
-0.1158359,-0.303786,-2.35824e-05,6.088358,8.102825,2.311352
-0.1491035,-0.303871,0.0001304163,6.292205,8.103898,2.314181
-0.1850523,-0.3042213,-1.732514e-05,6.495078,8.104697,2.315869
-0.2155126,-0.3043369,0.0001510968,6.697225,8.105122,2.3166
-0.2557418,-0.305302,-3.859539e-05,6.898988,8.105127,2.316584
-0.279485,-0.305229,0.0003689149,7.100692,8.104714,2.315912
-0.3301008,-0.3069864,-0.0004199349,7.302729,8.103945,2.314618
-0.33934,-0.3035884,0.0003173876,7.50562,8.102954,2.312646
-0.01462289,-0.2703632,0.0001870918,5.488327,8.300188,2.300837
-0.04689891,-0.2702743,-0.0001780813,5.678903,8.301086,2.303549
-0.08139135,-0.2702304,0.0001118685,5.883772,8.302672,2.307459
-0.1161572,-0.2701424,-8.880597e-06,6.088525,8.304516,2.311202
-0.1495373,-0.2700569,0.000141176,6.29238,8.30619,2.313958
-0.1853934,-0.2702681,-5.321082e-06,6.495228,8.307422,2.315591
-0.2160259,-0.270249,0.0001295012,6.697328,8.308079,2.316292
-0.2559721,-0.2711696,-8.296863e-05,6.899032,8.308108,2.31627
-0.2799788,-0.2709816,0.0001869713,7.100666,8.30751,2.315615
-0.3303714,-0.2729736,-0.0007661775,7.30263,8.306365,2.314357
-0.3393599,-0.2696654,0.0003778797,7.505454,8.304844,2.312432
-0.01466297,-0.2360375,0.0001888299,5.488364,8.500305,2.300814
-0.04703014,-0.2357965,-0.0001556933,5.679045,8.501784,2.303477
-0.08153077,-0.2359658,9.636132e-05,5.884024,8.504351,2.307292
-0.1163313,-0.235673,-4.674384e-06,6.088836,8.507277,2.310915
-0.1498472,-0.2355877,0.000134817,6.292684,8.509869,2.313555
-0.1856745,-0.2356902,2.925483e-05,6.495475,8.511735,2.315099
-0.2166254,-0.235626,0.0001812888,6.697495,8.512721,2.315751
-0.2563469,-0.2365326,0.0001847249,6.899108,8.512793,2.315722
-0.2811959,-0.2361009,0.000505903,7.100645,8.511961,2.315101
-0.3308384,-0.2381559,0.0002821194,7.302509,8.510305,2.313908
-0.3432204,-0.2346559,0.0002963981,7.50524,8.508022,2.312072
-0.01465641,-0.2031801,-0.000370104,5.488442,8.700525,2.300753
-0.04758686,-0.2028138,-0.0004897777,5.679332,8.703002,2.303328
-0.08218633,-0.2025367,7.969447e-06,5.884508,8.707211,2.306977
-0.116851,-0.2018349,-3.623955e-05,6.089393,8.711867,2.310389
-0.150542,-0.201256,0.000190015,6.293188,8.715838,2.312827
-0.1861067,-0.2010619,7.857681e-05,6.495861,8.718576,2.314226
-0.2172131,-0.2007461,0.000202288,6.697745,8.719985,2.314804
-0.2563789,-0.2014423,4.021099e-05,6.899222,8.720121,2.31477
-0.2811904,-0.200957,0.0001626376,7.100624,8.719028,2.314203
-0.3295686,-0.2025081,-0.0003273942,7.302344,8.716757,2.313119
-0.3407201,-0.2006801,0.0003979651,7.504929,8.713446,2.31144
-0.01479464,-0.1674879,-0.0001458812,5.488608,8.900971,2.300708
-0.04752278,-0.1662201,-0.0001651197,5.679918,8.905213,2.3031
-0.08215078,-0.1673645,1.581433e-05,5.885433,8.912236,2.306425
-0.1168188,-0.1657916,1.071113e-05,6.090381,8.919689,2.309439
-0.1506642,-0.1655434,0.0001019269,6.293996,8.925654,2.311521
-0.1861823,-0.1652221,-1.400346e-05,6.496423,8.929457,2.312689
-0.2174614,-0.165112,8.496029e-05,6.69809,8.931309,2.313165
-0.2564907,-0.16625,4.152164e-05,6.899376,8.931523,2.313128
-0.2823474,-0.1659535,0.0004449279,7.100594,8.930211,2.312645
-0.3312383,-0.1681046,3.343019e-05,7.302103,8.927342,2.311725
-0.3446084,-0.1659362,0.0002364312,7.504428,8.922828,2.310299
-0.01439693,-0.1356474,-0.000170126,5.48905,9.101791,2.300675
-0.04772631,-0.1340706,-0.0004214168,5.681237,9.109366,2.30273
-0.08308016,-0.1334761,-5.366489e-05,5.887281,9.121393,2.305464
-0.1176216,-0.1311498,-9.658447e-05,6.092044,9.133188,2.307821
-0.1520037,-0.1296378,0.0001884864,6.295158,9.141522,2.309408
-0.1869879,-0.1291888,3.727986e-05,6.497167,9.146193,2.310291
-0.2188151,-0.1286025,0.0002841032,6.698521,9.148321,2.310649
-0.2572633,-0.1289387,0.0002436981,6.899562,9.1486,2.310619
-0.2844312,-0.1272426,0.0005895713,7.100547,9.147234,2.310246
-0.3305029,-0.1295271,-6.931012e-05,7.301771,9.144075,2.309535
-0.3465768,-0.1291412,0.000544744,7.503675,9.138641,2.308434
-0.01444356,-0.09887004,0.0006013161,5.490428,9.302636,2.300578
-0.04739332,-0.09330717,0.0001479786,5.684441,9.317425,2.302095
-0.08090144,-0.09507367,0.000247692,5.890671,9.337887,2.303975
-0.1174288,-0.09029521,0.0004388497,6.094343,9.354647,2.305567
-0.1505639,-0.09096088,0.000209388,6.296603,9.364264,2.306628
-0.1863425,-0.09044393,0.0001955635,6.498005,9.368936,2.307202
-0.2177711,-0.09064422,0.0002335887,6.698986,9.370899,2.307449
-0.2558383,-0.09110408,6.777097e-05,6.899754,9.371184,2.307438
-0.2823626,-0.09109967,0.0003946654,7.100486,9.370061,2.307189
-0.3272175,-0.09248977,0.001046531,7.301379,9.36728,2.306708
-0.3421938,-0.09437342,0.0009797531,7.502693,9.36197,2.305977
-0.01076375,-0.07069187,-0.000448189,5.493741,9.502933,2.300369
-0.04766886,-0.06664064,-0.0007677634,5.691319,9.531734,2.301241
-0.08597885,-0.05798389,-0.0004012178,5.8954,9.563017,2.302152
-0.1194642,-0.05429436,-0.0002038047,6.097107,9.581963,2.302844
-0.1525249,-0.05313103,0.0001298019,6.297942,9.590535,2.303318
-0.1868865,-0.05248377,0.0002267694,6.498739,9.59394,2.303643
-0.2196884,-0.05272602,0.0006591134,6.699392,9.59518,2.303808
-0.2582539,-0.05260261,0.00114727,6.899909,9.59537,2.303821
-0.2868856,-0.05147871,0.002060388,7.10041,9.594755,2.303689
-0.3345368,-0.0535242,0.003787169,7.301021,9.593088,2.303412
-0.3535079,-0.05250047,0.004105355,7.501764,9.58933,2.303005
-0.001599381,-0.04244152,0.00352912,5.442712,9.647112,2.248998
-0.05663952,-0.0140185,0.0006660146,5.710108,9.748719,2.300173
-0.0844037,-0.01669014,0.0004798828,5.912758,9.784751,2.299259
-0.1182194,-0.01703408,-9.930359e-05,6.101169,9.796516,2.298811
-0.1498956,-0.01884134,0.0006011829,6.298829,9.801013,2.298979
-0.1857513,-0.01727717,-0.0002519914,6.499168,9.802315,2.2992
-0.2191388,-0.01726484,0.0003201272,6.699652,9.802683,2.299333
-0.2550912,-0.01716419,0.000672661,6.899986,9.802739,2.299364
-0.2837382,-0.01550322,0.001663805,7.100318,9.802581,2.299304
-0.3232136,-0.0148905,0.0009049646,7.300791,9.802109,2.299142
-0.3425447,-0.01416739,0.005192329,7.501111,9.800715,2.298896
-0.002008104,-0.01048655,0.001461936,5.420007,9.828843,2.224446
-0.0289776,0.01001889,0.0006160823,5.643212,9.861867,2.250298
-0.06737022,-0.8941561,8.74252e-06,5.493736,5.102351,2.50107
-0.08657709,-0.8331123,-0.002112068,5.687282,5.099865,2.506139
-0.1480094,-0.8061179,0.001588158,5.891671,5.099735,2.51191
-0.1654193,-0.7774968,-0.0001637847,6.094835,5.099759,2.516254
-0.1862775,-0.759043,0.0008939294,6.296859,5.099814,2.518785
-0.1977,-0.7438787,-3.357391e-05,6.498127,5.099863,2.520066
-0.2054309,-0.7396168,0.0003226134,6.699,5.099894,2.520585
-0.2173823,-0.7395349,-0.0003480701,6.899689,5.09991,2.520561
-0.216937,-0.7522669,0.0002411998,7.100354,5.09991,2.520076
-0.238976,-0.7654128,-0.001520417,7.301176,5.099894,2.519138
-0.2311024,-0.8030993,0.0006970991,7.502408,5.099857,2.517637
-0.03686943,-0.794876,-0.003314143,5.491075,5.300855,2.501013
-0.08312295,-0.802196,0.0005215689,5.684299,5.29997,2.506336
-0.1178059,-0.7660497,2.100617e-05,5.889801,5.299902,2.511977
-0.1505504,-0.7551035,0.0001095992,6.093731,5.299882,2.516298
-0.1706411,-0.7390286,0.0003324257,6.296214,5.299892,2.51886
-0.1918325,-0.7296535,-3.963463e-05,6.497756,5.299911,2.520169
-0.203645,-0.7264985,0.0002171055,6.698808,5.299927,2.520705
-0.2243463,-0.7276068,-0.0004132102,6.899633,5.299936,2.520684
-0.229756,-0.7383077,0.000328609,7.100435,5.299939,2.520186
-0.2608447,-0.7503928,-0.001657691,7.301438,5.299934,2.519221
-0.2613871,-0.7777557,0.0007818623,7.502961,5.299924,2.517681
-0.01756707,-0.7600148,0.0005764614,5.490213,5.500089,2.500999
-0.0632739,-0.7501865,-0.0003543156,5.683015,5.499993,2.506465
-0.1036089,-0.7384892,0.001812204,5.888737,5.499961,2.512047
-0.1324511,-0.7259194,-6.880377e-05,6.092996,5.499943,2.516341
-0.1612965,-0.7173575,0.0007834205,6.295742,5.499941,2.518908
-0.1851242,-0.7098477,-8.092697e-05,6.497467,5.499947,2.520227
-0.2030351,-0.7086776,0.000310222,6.698652,5.499954,2.520771
-0.2298899,-0.7101625,-0.0005208542,6.899586,5.49996,2.52075
-0.2390323,-0.7191899,0.0002550122,7.100494,5.499962,2.520245
-0.279806,-0.7288703,-0.002070931,7.30163,5.499963,2.519267
-0.2795735,-0.7501327,0.0005017998,7.503347,5.499963,2.51771
-0.01900827,-0.7118033,2.23041e-05,5.489978,5.700025,2.50112
-0.05761086,-0.7123924,0.0006285131,5.682515,5.700005,2.506577
-0.09352677,-0.7007584,0.0009749271,5.888195,5.699987,2.51211
-0.1265887,-0.6965574,0.0001239032,6.092556,5.699975,2.516377
-0.1546216,-0.6889198,0.0003829038,6.295429,5.699972,2.518937
-0.183209,-0.6859438,-7.284707e-05,6.497262,5.699973,2.520258
-0.2036431,-0.6851209,0.0002240765,6.698536,5.699976,2.520804
-0.2352268,-0.6876137,-0.0005095284,6.899546,5.699979,2.520783
-0.2480759,-0.6942307,0.0003004707,7.100531,5.699981,2.520275
-0.292758,-0.7031015,-0.001958537,7.301755,5.699982,2.519291
-0.2965488,-0.7169987,0.0005429317,7.503587,5.699984,2.51773
-0.0160333,-0.6767487,-0.0001282333,5.489907,5.900019,2.5012
-0.05275256,-0.6743168,0.000621269,5.682313,5.900008,2.506645
-0.08786452,-0.6699479,0.0008041957,5.887929,5.899999,2.512152
-0.1207375,-0.6653685,0.0001616736,6.092309,5.899994,2.516402
-0.1506377,-0.6615808,0.0004059588,6.295234,5.899992,2.518955
-0.1811558,-0.659271,-7.084579e-05,6.497126,5.899993,2.520275
-0.2044762,-0.6593492,0.0002030505,6.698454,5.899995,2.520821
-0.2391427,-0.6616699,-0.0005359645,6.899515,5.899996,2.5208
-0.2547287,-0.6668143,0.000172959,7.100549,5.899997,2.520291
-0.3023943,-0.6736935,-0.00209515,7.301828,5.899997,2.519304
-0.3073921,-0.6834786,0.0001886713,7.503721,5.899997,2.517741
-0.01633972,-0.6390742,-0.0006854082,5.489882,6.100011,2.501229
-0.05037724,-0.6388968,0.0005816885,5.68223,6.100008,2.506674
-0.08469161,-0.6352496,0.0003743534,5.887801,6.100007,2.512174
-0.1183473,-0.6336103,0.0001613924,6.092174,6.100007,2.516416
-0.1485056,-0.6308816,0.0002239411,6.295118,6.100009,2.518965
-0.1810175,-0.6303183,-7.984331e-05,6.497039,6.100011,2.520284
-0.2059032,-0.6306802,0.0001463025,6.698399,6.100013,2.52083
-0.2427927,-0.63314,-0.0004958309,6.899492,6.100013,2.520808
-0.2603926,-0.6370869,0.0001324701,7.100557,6.100012,2.520298
-0.3096106,-0.6429165,-0.002016857,7.301866,6.10001,2.519311
-0.3162303,-0.6489599,0.0001644469,7.503791,6.100008,2.517748
-0.01570542,-0.6051545,-0.0007642273,5.489873,6.300006,2.501237
-0.04886425,-0.6047504,0.0006174472,5.682195,6.300009,2.506684
-0.0826801,-0.6031168,0.000323174,5.88774,6.300014,2.512182
-0.1164058,-0.6017471,0.0001807488,6.092104,6.30002,2.516421
-0.147282,-0.6004279,0.0002041943,6.295052,6.300026,2.51897
-0.180871,-0.60019,-7.545725e-05,6.496986,6.300032,2.520288
-0.2071661,-0.6007882,0.0001145842,6.698363,6.300035,2.520833
-0.2455258,-0.6029407,-0.0004947744,6.899474,6.300034,2.520812
-0.2645085,-0.6059308,3.989575e-05,7.100558,6.300031,2.520303
-0.3150695,-0.6104629,-0.002065106,7.301887,6.300026,2.519316
-0.3222255,-0.6142503,-5.004906e-05,7.503829,6.30002,2.517754
-0.01565247,-0.5707714,-0.0008951495,5.48987,6.500004,2.501235
-0.04805857,-0.5707826,0.0005321851,5.682181,6.500011,2.506682
-0.08171861,-0.569676,0.0001870024,5.887714,6.500024,2.51218
-0.1156938,-0.5692167,0.0001486531,6.092069,6.500037,2.51642
-0.1469328,-0.5685199,0.0001327558,6.295017,6.50005,2.518969
-0.181372,-0.5688432,-8.699573e-05,6.496955,6.500059,2.520288
-0.208583,-0.569533,8.251377e-05,6.698341,6.500064,2.520834
-0.2479088,-0.5715389,-0.000476082,6.899462,6.500063,2.520813
-0.2679057,-0.5737918,1.292258e-05,7.100557,6.500057,2.520304
-0.3190812,-0.5774839,-0.00198795,7.301898,6.500047,2.519319
-0.3267438,-0.5794694,-0.0001491801,7.503854,6.500035,2.517761
-0.01550039,-0.5375383,-0.0007957652,5.489871,6.700004,2.501219
-0.04757197,-0.5375333,0.0005503606,5.682183,6.700017,2.506665
-0.08115628,-0.5369979,0.0001976395,5.88771,6.700039,2.512167
-0.1152587,-0.5367567,0.0001543835,6.092058,6.700062,2.516412
-0.1468732,-0.5365137,0.0001252551,6.295001,6.700084,2.518964
-0.181848,-0.5369555,-8.266074e-05,6.496939,6.7001,2.520284
-0.2097969,-0.5376288,6.698236e-05,6.698327,6.700108,2.520831
-0.2497218,-0.5393772,-0.0004619506,6.899454,6.700107,2.520811
-0.2704804,-0.5410233,-1.545709e-05,7.100555,6.700096,2.520303
-0.3219902,-0.5440079,-0.001946656,7.301904,6.700079,2.51932
-0.329905,-0.5446955,-0.0002082106,7.503871,6.700058,2.517768
-0.01542474,-0.5041915,-0.0006922091,5.489879,6.900006,2.50117
-0.04728753,-0.5041355,0.0005134947,5.682203,6.900027,2.506622
-0.08096109,-0.5038253,0.0001851761,5.887729,6.900062,2.512138
-0.1152235,-0.5038661,0.0001351293,6.092067,6.900101,2.516395
-0.1471231,-0.5038701,0.0001046723,6.295001,6.900137,2.518953
-0.1824739,-0.5044515,-8.621645e-05,6.496934,6.900163,2.520277
-0.2109654,-0.5050842,5.438706e-05,6.69832,6.900176,2.520825
-0.251236,-0.5066407,-0.0004413029,6.899447,6.900174,2.520806
-0.2725995,-0.5078265,-2.615117e-05,7.100551,6.900157,2.520299
-0.3241593,-0.5102751,-0.001870342,7.301904,6.900129,2.519318
-0.3324576,-0.5099833,-0.0002954215,7.503879,6.900095,2.51777
-0.01528216,-0.4709467,-0.0002052595,5.489902,7.100007,2.501046
-0.04702056,-0.4709872,0.0005358538,5.682253,7.100041,2.506528
-0.08091862,-0.4708116,0.0002566436,5.887774,7.100097,2.512086
-0.1153154,-0.4709604,0.0001430981,6.092093,7.100161,2.516368
-0.1474513,-0.4710798,0.0001133495,6.295012,7.100219,2.518937
-0.1830446,-0.4716704,-7.915325e-05,6.496937,7.100262,2.520264
-0.2119569,-0.4722191,5.245269e-05,6.698318,7.100283,2.520814
-0.2523858,-0.4735911,-0.0004180655,6.899443,7.100281,2.520796
-0.2742075,-0.4744133,-2.88034e-05,7.100545,7.100254,2.520291
-0.3256726,-0.4764966,-0.001787115,7.301899,7.100208,2.519312
-0.3341534,-0.4754651,-0.0003375375,7.503876,7.100153,2.517766
-0.01534784,-0.4371116,-0.0001046721,5.489934,7.300012,2.500881
-0.04701983,-0.43751,0.0005318816,5.682319,7.300065,2.50641
-0.08097148,-0.4375439,0.0002631316,5.887832,7.300155,2.512022
-0.1155186,-0.4377649,0.0001308029,6.092129,7.300257,2.516334
-0.1478434,-0.4379769,0.0001092156,6.295031,7.30035,2.518915
-0.1836048,-0.4385596,-7.412316e-05,6.496945,7.300419,2.520247
-0.2128699,-0.4390278,5.578132e-05,6.698319,7.300454,2.520797
-0.2533458,-0.4402448,-0.0003835245,6.899439,7.30045,2.52078
-0.2756136,-0.4407819,-1.467105e-05,7.100536,7.300407,2.520276
-0.3268294,-0.442568,-0.001672687,7.301885,7.300334,2.519299
-0.3357058,-0.4409545,-0.0004146599,7.503859,7.300247,2.517754
-0.01555085,-0.4043482,-0.0005668429,5.489956,7.500021,2.500764
-0.04736507,-0.4044136,0.0005656867,5.68237,7.500104,2.506321
-0.08120287,-0.4043724,0.0002142189,5.887881,7.500246,2.511969
-0.1157781,-0.4045786,0.0001402797,6.092163,7.500409,2.516302
-0.148263,-0.4047731,0.0001073779,6.295053,7.500557,2.518889
-0.1840946,-0.4053139,-6.324969e-05,6.496957,7.500667,2.520221
-0.2136351,-0.4056919,5.895382e-05,6.698324,7.500723,2.520771
-0.2540489,-0.4067941,-0.000358657,6.899435,7.500718,2.520754
-0.2766467,-0.4071124,-1.505565e-05,7.100524,7.500651,2.520251
-0.3275822,-0.408731,-0.001624752,7.301862,7.500537,2.519275
-0.3367166,-0.4066235,-0.0004614152,7.503826,7.500397,2.517731
-0.01529088,-0.3710031,-6.799968e-05,5.489971,7.700027,2.500705
-0.04693418,-0.3709364,0.0003909304,5.6824,7.700161,2.506278
-0.08118597,-0.3709343,0.000251406,5.88791,7.700392,2.51194
-0.1159657,-0.3711341,0.0001016626,6.092189,7.700652,2.516273
-0.1486186,-0.371331,0.0001106232,6.295075,7.700886,2.518855
-0.1845383,-0.3718297,-5.248145e-05,6.496973,7.70106,2.520182
-0.2143526,-0.372128,7.882886e-05,6.698332,7.70115,2.520729
-0.2546701,-0.373139,-0.0002897019,6.899432,7.701143,2.520711
-0.2776756,-0.3732945,4.29956e-05,7.100507,7.701041,2.520209
-0.3281636,-0.3748086,-0.001448893,7.301829,7.700861,2.519236
-0.3376891,-0.3724219,-0.0005109799,7.503775,7.70064,2.517692
-0.01543996,-0.3370602,-0.0002537028,5.489958,7.900051,2.500791
-0.04726483,-0.3373488,0.0004791217,5.682381,7.900265,2.506329
-0.08146505,-0.3375139,0.0002345604,5.887908,7.900628,2.511945
-0.1162398,-0.3376756,0.0001261454,6.092207,7.90104,2.516244
-0.1490257,-0.3378597,0.0001159218,6.295101,7.90141,2.518804
-0.1849278,-0.3382949,-3.595095e-05,6.496999,7.901684,2.520117
-0.2149592,-0.3385127,8.397463e-05,6.698348,7.901827,2.520656
-0.2551119,-0.3394573,-0.0002667187,6.899433,7.901819,2.520636
-0.2784237,-0.339474,4.475971e-05,7.100487,7.901664,2.520138
-0.3285874,-0.3409362,-0.001427916,7.301785,7.901386,2.51917
-0.3384588,-0.3383565,-0.0004826359,7.503706,7.901038,2.517631
-0.01552306,-0.3035673,-0.0005994561,5.489925,8.100075,2.500987
-0.04740965,-0.303693,0.0003751129,5.682333,8.100423,2.506442
-0.0815926,-0.3038338,0.0001694402,5.887898,8.101009,2.511961
-0.1164302,-0.3039322,0.0001016393,6.092235,8.101664,2.516195
-0.1493573,-0.3040867,0.0001045787,6.295147,8.102248,2.518716
-0.1852659,-0.3044715,-1.834689e-05,6.497043,8.102676,2.520004
-0.215551,-0.3046247,0.0001162271,6.698378,8.102899,2.52053
-0.2555275,-0.3055441,-0.0001329127,6.899441,8.102894,2.520508
-0.2792649,-0.3054801,0.0001931957,7.100467,8.102661,2.520015
-0.3289049,-0.3070523,-0.0009218716,7.301732,8.102236,2.519058
-0.3390264,-0.3045184,-0.0003120248,7.503618,8.101693,2.517532
-0.01557499,-0.2703756,-0.0006484568,5.489917,8.300118,2.501092
-0.04765187,-0.2703283,0.0003873219,5.682337,8.300686,2.506486
-0.08188082,-0.2704034,0.0001725545,5.887947,8.301637,2.51192
-0.1167115,-0.2703995,0.0001263716,6.092318,8.302683,2.516081
-0.1497691,-0.2704228,0.0001257802,6.295238,8.303598,2.518548
-0.1855988,-0.2707116,6.993948e-06,6.497123,8.304258,2.5198
-0.2160948,-0.2707399,0.0001281059,6.698432,8.304603,2.520307
-0.2558577,-0.2715903,-0.0001382543,6.899461,8.304606,2.520281
-0.279978,-0.2713746,0.000149898,7.100448,8.304266,2.5198
-0.3294612,-0.2729409,-0.001075071,7.301669,8.30363,2.518865
-0.3401887,-0.2703763,-0.000141792,7.503513,8.302794,2.517367
-0.01556802,-0.2367147,-0.0005434673,5.48995,8.500196,2.501037
-0.04770991,-0.2362341,0.0004052545,5.682443,8.501141,2.506401
-0.08200169,-0.2363415,0.0001692011,5.888109,8.502699,2.511768
-0.1168355,-0.2361465,0.0001116716,6.0925,8.504375,2.515842
-0.1500181,-0.2361793,9.480702e-05,6.295408,8.505798,2.51823
-0.1858103,-0.2364142,-1.136998e-05,6.497257,8.506799,2.519427
-0.216544,-0.2364144,0.0001255708,6.698522,8.507318,2.519905
-0.2560525,-0.2373417,-5.997134e-06,6.899499,8.507336,2.519876
-0.2806062,-0.2370076,0.000350709,7.100431,8.506859,2.519415
-0.3294963,-0.2389652,-0.0003264681,7.301594,8.505935,2.518521
-0.3407203,-0.2364636,8.813159e-05,7.503382,8.504676,2.517078
-0.01529395,-0.2039227,-0.0005373418,5.490031,8.700342,2.500877
-0.04775238,-0.2032559,0.0001397928,5.682676,8.701959,2.506198
-0.08235621,-0.2030185,0.0002245667,5.888435,8.704556,2.511454
-0.1171787,-0.2025972,0.0001320962,6.092835,8.707251,2.515376
-0.1505979,-0.2021978,0.0002278778,6.295692,8.709441,2.51763
-0.186191,-0.2022591,8.938536e-05,6.497469,8.710915,2.518738
-0.2172019,-0.2019885,0.0002535574,6.698656,8.71166,2.519172
-0.2563343,-0.2027516,1.183275e-05,6.899559,8.711706,2.519141
-0.2813604,-0.2020449,0.0002798765,7.100414,8.711072,2.518714
-0.329784,-0.2038128,-0.0006525464,7.301495,8.709794,2.517887
-0.3431902,-0.2019443,-1.141203e-05,7.503198,8.707964,2.516543
-0.01523435,-0.1687964,-0.000444102,5.490158,8.90067,2.500802
-0.04763301,-0.1678182,0.0002097232,5.683091,8.903509,2.505932
-0.08235824,-0.1682705,0.0001542397,5.889031,8.907934,2.510873
-0.1170506,-0.1673073,7.582098e-05,6.093413,8.912293,2.51447
-0.1505642,-0.1671302,6.705044e-05,6.296142,8.91559,2.516481
-0.186135,-0.1671633,-0.0001295758,6.497778,8.917653,2.517446
-0.2172938,-0.1670345,1.523548e-05,6.698844,8.918653,2.517818
-0.2560459,-0.1682314,-0.0002014997,6.89964,8.918738,2.517786
-0.2817347,-0.1675557,0.000393247,7.100391,8.917964,2.517411
-0.3294037,-0.1690126,-0.0002110933,7.301354,8.916325,2.516686
-0.3424048,-0.1680678,0.000303023,7.502911,8.913811,2.515502
-0.01485858,-0.1372619,-0.0006776251,5.490479,9.10129,2.500837
-0.04782957,-0.135253,-9.57256e-05,5.684015,9.106564,2.505475
-0.0831431,-0.1343658,0.0001570097,5.890226,9.114386,2.509695
-0.1177281,-0.1331889,-0.0001987204,6.094408,9.121459,2.512641
-0.1515693,-0.1316767,0.0003838435,6.29681,9.126202,2.514237
-0.1868051,-0.1316594,6.88501e-05,6.498197,9.128851,2.514997
-0.2185912,-0.1309654,0.0006993484,6.699082,9.130055,2.515291
-0.2570648,-0.1316393,0.000418697,6.899739,9.130187,2.515264
-0.2846953,-0.1297404,0.0006131039,7.100359,9.129353,2.514961
-0.3306347,-0.1328148,-0.0007613287,7.301157,9.127478,2.514374
-0.347801,-0.1313356,0.0003679942,7.502463,9.12433,2.513421
-0.01573311,-0.1007357,0.001129403,5.491582,9.301965,2.500832
-0.04743386,-0.09712771,0.0009999941,5.686474,9.312962,2.504401
-0.08141258,-0.09755009,-0.0005174392,5.892626,9.327121,2.507307
-0.1173428,-0.09548255,-0.0002412886,6.095934,9.337938,2.509265
-0.1503998,-0.09505623,-0.0007932601,6.29768,9.343895,2.51034
-0.1861562,-0.09489762,-0.001073176,6.498688,9.346773,2.51087
-0.2176794,-0.09460577,-0.0009788035,6.69935,9.347976,2.51109
-0.2556996,-0.09516783,-0.001601966,6.899847,9.348135,2.511081
-0.2821224,-0.09477955,-0.0004220872,7.100318,9.347407,2.510862
-0.3273112,-0.09573616,-0.0006874866,7.300916,9.345641,2.510429
-0.3424458,-0.09595191,0.001475626,7.501857,9.342316,2.509745
-0.01210403,-0.07138949,-0.001023946,5.494519,9.502248,2.500655
-0.04910946,-0.06647602,-0.001119869,5.692292,9.525976,2.502397
-0.0861508,-0.0591289,0.001024527,5.896302,9.549915,2.503635
-0.1192511,-0.05601178,0.0009362135,6.097796,9.563029,2.504544
-0.1524748,-0.0540867,0.001099036,6.298542,9.568819,2.505065
-0.1871579,-0.05446746,0.001886445,6.499148,9.571082,2.505404
-0.2192786,-0.05400034,0.002128625,6.699601,9.571909,2.50558
-0.2573199,-0.05503399,0.00215996,6.89994,9.572036,2.505601
-0.2855321,-0.05368615,0.003323851,7.100269,9.571606,2.505468
-0.3318588,-0.05727862,0.002429767,7.300687,9.570456,2.505172
-0.348431,-0.05468734,0.005722611,7.501252,9.567916,2.504734
-0.001429589,-0.04255399,0.003756214,5.442793,9.647035,2.449094
-0.05334945,-0.01756237,0.0001579103,5.708221,9.743,2.495278
-0.08189917,-0.01922662,-0.003624047,5.912058,9.773906,2.487892
-0.1168812,-0.02086203,-0.002058506,6.10072,9.784745,2.487204
-0.1485549,-0.01967195,-0.003172062,6.299171,9.788115,2.487191
-0.1833273,-0.01953255,-0.002508083,6.499466,9.789039,2.487412
-0.2154759,-0.01855928,-0.002568101,6.699785,9.789305,2.487566
-0.2501485,-0.01895933,-0.002375059,6.89999,9.789348,2.487609
-0.2801146,-0.01639644,-0.00138272,7.100193,9.789228,2.487543
-0.3186217,-0.01830381,-0.002148157,7.300504,9.788871,2.48735
-0.3430557,-0.01549003,0.005779349,7.500784,9.78786,2.487083
-0.001887549,-0.0108702,0.001613999,5.420012,9.828847,2.424449
-0.02668861,0.008317734,0.001655586,5.643895,9.861496,2.450701
-0.05373759,-0.8869309,0.008125837,5.496536,5.101337,2.702199
-0.08636508,-0.8355496,-0.00784329,5.691548,5.099884,2.710774
-0.1474062,-0.8054455,0.003054375,5.895254,5.09987,2.717612
-0.1658829,-0.7776211,-0.0009257318,6.097397,5.099888,2.721144
-0.1863197,-0.7589281,0.0008770417,6.298524,5.099917,2.722704
-0.1979404,-0.7438948,-0.0001727596,6.499167,5.099939,2.723398
-0.2056105,-0.7395479,0.0002702384,6.699575,5.099952,2.72366
-0.2175204,-0.7396215,-0.0003641427,6.899881,5.099959,2.723647
-0.2174942,-0.7523604,0.0001238282,7.100175,5.099959,2.723409
-0.2393531,-0.7657259,-0.001570003,7.300552,5.099952,2.722937
-0.2327784,-0.8036536,0.0008242356,7.501156,5.099937,2.722125
-0.03197568,-0.792305,-0.009305432,5.495145,5.30048,2.701448
-0.08302678,-0.8008809,-0.003453267,5.689978,5.299985,2.710909
-0.118971,-0.7679751,0.0002183747,5.894309,5.299956,2.717642
-0.1503909,-0.7543593,-0.0005232646,6.096885,5.299947,2.721166
-0.1711293,-0.7388205,0.0001862009,6.298238,5.299953,2.722738
-0.1919405,-0.7295283,-0.0001182645,6.499008,5.299961,2.723446
-0.2039523,-0.7264835,0.0001285526,6.699495,5.299968,2.723716
-0.2245528,-0.7276573,-0.0004867575,6.899859,5.299972,2.723705
-0.230352,-0.7383382,0.000195702,7.100211,5.299973,2.72346
-0.2616456,-0.7504437,-0.001739971,7.300666,5.299971,2.722975
-0.2630175,-0.7776491,0.0006398491,7.501401,5.299967,2.722143
-0.01525161,-0.7585878,0.006580006,5.494535,5.500056,2.701555
-0.06233345,-0.7505392,-0.002619618,5.689209,5.500003,2.711068
-0.104651,-0.738926,0.002459063,5.89375,5.499984,2.717694
-0.1334692,-0.7257593,-0.0005601587,6.096536,5.499976,2.721191
-0.1617155,-0.7171376,0.0007518917,6.298027,5.499975,2.72276
-0.1854917,-0.7098456,-0.0002083966,6.498884,5.499977,2.723472
-0.2033746,-0.7086671,0.0002784992,6.69943,5.49998,2.723746
-0.2301079,-0.7102392,-0.0006071982,6.89984,5.499983,2.723735
-0.2396806,-0.7192674,0.0003413845,7.100236,5.499984,2.723487
-0.2802769,-0.729131,-0.002198119,7.300749,5.499984,2.722995
-0.2810107,-0.7504347,0.0008394938,7.501575,5.499984,2.722155
-0.01823114,-0.7063057,0.000377515,5.494277,5.700013,2.701971
-0.0575383,-0.7123841,-0.0009248904,5.688813,5.700004,2.711261
-0.0949043,-0.7013378,0.0005340357,5.893436,5.699994,2.717753
-0.1273019,-0.6963124,-0.0002199907,6.096318,5.699989,2.721214
-0.1552119,-0.6890253,0.0002376375,6.297885,5.699988,2.722775
-0.1835136,-0.6859124,-0.0001605298,6.498796,5.699989,2.723486
-0.2040563,-0.6851866,0.0001764234,6.699381,5.69999,2.72376
-0.2355252,-0.6876412,-0.0005930131,6.899824,5.699991,2.723749
-0.2489037,-0.6943405,0.0002769622,7.100253,5.699992,2.7235
-0.2937312,-0.7031403,-0.00220533,7.300804,5.699992,2.723005
-0.2992009,-0.7175167,0.0004477535,7.501686,5.699993,2.722164
-0.01491486,-0.6714607,0.002911836,5.494194,5.900005,2.702135
-0.05188409,-0.6748823,-0.0002538875,5.688645,5.900001,2.71136
-0.08912574,-0.6701226,0.0006263295,5.893275,5.899999,2.717792
-0.1212916,-0.6653079,-9.762434e-05,6.096193,5.899997,2.72123
-0.1512428,-0.6616055,0.0003438305,6.297797,5.899996,2.722784
-0.1814916,-0.6592734,-0.000150752,6.498738,5.899997,2.723493
-0.204895,-0.6593892,0.0002043022,6.699347,5.899997,2.723768
-0.2394507,-0.6616717,-0.0005744295,6.899812,5.899998,2.723756
-0.2554051,-0.6668727,0.0001783815,7.100261,5.899998,2.723506
-0.3032589,-0.673648,-0.002299901,7.300837,5.899998,2.72301
-0.3090087,-0.6836724,0.0001533105,7.501747,5.899999,2.72217
-0.01512852,-0.6334671,0.001298509,5.494173,6.100004,2.70217
-0.0498466,-0.6393471,-0.0001697756,5.688587,6.100002,2.711391
-0.08598016,-0.6353849,3.154787e-05,5.893202,6.100002,2.71781
-0.1188601,-0.633563,-6.110834e-05,6.096127,6.100003,2.721239
-0.149153,-0.6309536,0.0001407937,6.297745,6.100003,2.722789
-0.1813402,-0.6303278,-0.0001476849,6.498701,6.100004,2.723497
-0.2063374,-0.630734,0.0001502788,6.699325,6.100005,2.723771
-0.2431393,-0.6331495,-0.0005375196,6.899803,6.100005,2.72376
-0.2610839,-0.6371482,0.0001224693,7.100265,6.100005,2.723509
-0.310705,-0.6429797,-0.002220649,7.300853,6.100004,2.723013
-0.3181879,-0.6493067,-0.000133304,7.501776,6.100003,2.722172
-0.01441541,-0.5999308,0.00216654,5.494167,6.300003,2.702177
-0.04810685,-0.6052513,-6.902411e-05,5.688567,6.300004,2.711398
-0.08393683,-0.6031706,0.0001072578,5.893171,6.300006,2.717815
-0.1168804,-0.6017406,-1.886923e-05,6.096095,6.300008,2.721242
-0.1479415,-0.6004632,0.0001618443,6.297717,6.30001,2.722791
-0.1812023,-0.600204,-0.0001314174,6.498679,6.300012,2.723499
-0.2076036,-0.6008241,0.0001455151,6.69931,6.300014,2.723773
-0.2458706,-0.6029436,-0.0005174687,6.899796,6.300013,2.723761
-0.2651719,-0.605941,7.629556e-05,7.100266,6.300012,2.723511
-0.3160599,-0.6104581,-0.002171857,7.300863,6.30001,2.723015
-0.324109,-0.6144608,-0.000438374,7.501795,6.300008,2.722175
-0.01437769,-0.5654547,0.001877991,5.494166,6.500003,2.702175
-0.04739123,-0.5711967,-0.0001520702,5.688562,6.500006,2.711397
-0.08297707,-0.5696691,-2.535324e-05,5.893161,6.500011,2.717814
-0.1161715,-0.5692155,-4.688681e-05,6.096081,6.500015,2.721241
-0.1476026,-0.5685538,9.586822e-05,6.297703,6.50002,2.72279
-0.1817017,-0.5688611,-0.0001377262,6.498667,6.500024,2.723498
-0.2090201,-0.5695663,0.0001203735,6.699302,6.500026,2.723772
-0.2482561,-0.5715407,-0.000493978,6.899791,6.500025,2.723761
-0.2685728,-0.5737918,4.891259e-05,7.100267,6.500023,2.723511
-0.3200765,-0.5774849,-0.00208347,7.300871,6.500019,2.723016
-0.3286618,-0.5797297,-0.0006995279,7.501815,6.500014,2.72218
-0.01432239,-0.5322695,0.0020122,5.494169,6.700005,2.702162
-0.04700628,-0.5378861,-0.000158161,5.68857,6.700011,2.711383
-0.08244356,-0.5369316,3.487546e-05,5.893168,6.700018,2.717805
-0.115765,-0.5367537,-3.600436e-05,6.096082,6.700026,2.721236
-0.147555,-0.5365295,0.0001072105,6.297699,6.700034,2.722788
-0.1821867,-0.5369722,-0.0001266329,6.498662,6.70004,2.723496
-0.2102312,-0.5376536,0.0001156469,6.699297,6.700043,2.723771
-0.2500587,-0.5393759,-0.0004710759,6.899788,6.700042,2.72376
-0.2711167,-0.541013,2.759444e-05,7.100267,6.700038,2.723511
-0.3229223,-0.5439973,-0.002005256,7.300877,6.700031,2.723017
-0.3316648,-0.5449108,-0.0008325045,7.501832,6.700023,2.722184
-0.01441067,-0.4985694,0.001567525,5.494189,6.900011,2.702099
-0.04699517,-0.50441,-0.0002449761,5.688614,6.900017,2.711334
-0.08229102,-0.5036955,5.44018e-05,5.893204,6.900028,2.71778
-0.1157779,-0.5038593,-5.973592e-05,6.096101,6.900042,2.721225
-0.1478134,-0.5038803,9.490772e-05,6.297705,6.900055,2.722781
-0.1828182,-0.5044703,-0.0001280224,6.498662,6.900065,2.723492
-0.2113945,-0.5051073,0.0001065811,6.699295,6.90007,2.723768
-0.2515678,-0.5066362,-0.0004498577,6.899787,6.900069,2.723757
-0.2732243,-0.5078049,1.566348e-05,7.100267,6.900063,2.723509
-0.3250811,-0.5102082,-0.001920918,7.30088,6.900051,2.723017
-0.3342494,-0.5101365,-0.0009746178,7.501844,6.900038,2.722186
-0.01453648,-0.4656753,8.413042e-05,5.494288,7.099997,2.701817
-0.04742286,-0.4712058,-0.0003504291,5.688758,7.100014,2.711181
-0.08233817,-0.4706855,0.0001977575,5.893287,7.100041,2.717726
-0.115962,-0.4709527,-6.389033e-05,6.09614,7.100066,2.721205
-0.1481586,-0.4710939,0.0001165444,6.297721,7.100088,2.722772
-0.1833998,-0.4716951,-0.0001191618,6.498667,7.100105,2.723486
-0.2123757,-0.4722475,0.0001082368,6.699296,7.100113,2.723762
-0.2526962,-0.4735951,-0.000427364,6.899785,7.100112,2.723753
-0.2747683,-0.4744064,9.093088e-06,7.100265,7.100101,2.723505
-0.3265024,-0.4764812,-0.001847682,7.30088,7.100083,2.723013
-0.3354388,-0.4756761,-0.001066736,7.501847,7.100062,2.722184
-0.01479587,-0.4338456,0.0004388806,5.494475,7.300009,2.701259
-0.0475728,-0.4379691,-0.0005496311,5.688981,7.30003,2.710951
-0.08249026,-0.4376075,0.0002958067,5.893394,7.300066,2.717658
-0.1161948,-0.4377878,-9.154923e-05,6.09619,7.300105,2.721179
-0.14856,-0.4380217,0.0001248121,6.297741,7.300141,2.722759
-0.1839615,-0.4385993,-0.0001150213,6.498674,7.300167,2.723477
-0.2132829,-0.4390683,0.0001099053,6.699298,7.300181,2.723754
-0.2536566,-0.4402521,-0.0004043492,6.899784,7.300179,2.723745
-0.2761981,-0.4407544,1.102301e-05,7.100262,7.300162,2.723497
-0.3277142,-0.4424727,-0.001787398,7.300875,7.300134,2.723006
-0.3374876,-0.4410427,-0.00116205,7.501841,7.3001,2.722177
-0.01483231,-0.4001828,0.002322821,5.494521,7.500015,2.701142
-0.04720816,-0.4048101,-0.0001942641,5.689091,7.500049,2.710834
-0.08267543,-0.4043614,0.0001139245,5.893476,7.500105,2.717606
-0.1163884,-0.4046265,-5.459267e-05,6.09623,7.500168,2.721156
-0.1489739,-0.4048296,0.0001154773,6.29776,7.500225,2.722744
-0.1844383,-0.4053784,-0.0001011774,6.498682,7.500267,2.723464
-0.2140243,-0.4057571,0.0001140682,6.6993,7.500288,2.723741
-0.2543063,-0.4068276,-0.0003807227,6.899783,7.500286,2.723732
-0.2771017,-0.4071227,2.123091e-05,7.100257,7.50026,2.723485
-0.328199,-0.4087265,-0.001707424,7.300864,7.500214,2.722995
-0.3374977,-0.4068187,-0.001199943,7.501824,7.50016,2.722164
-0.01461485,-0.3669585,-0.000840127,5.494635,7.699989,2.700797
-0.04777758,-0.3713405,-0.001076088,5.689205,7.70006,2.710717
-0.08271666,-0.370886,0.0003935274,5.893516,7.700164,2.717577
-0.116684,-0.3711921,-0.0001491238,6.09625,7.700267,2.721139
-0.1493286,-0.3714126,0.0001418599,6.297772,7.700358,2.722726
-0.1848879,-0.3719297,-9.679482e-05,6.49869,7.700425,2.723444
-0.2147326,-0.3722347,0.000128301,6.699304,7.70046,2.72372
-0.2549395,-0.3732121,-0.0003429325,6.899782,7.700456,2.723711
-0.278198,-0.373331,5.40279e-05,7.10025,7.700415,2.723464
-0.3289832,-0.3747648,-0.001634586,7.300849,7.700344,2.722975
-0.3395789,-0.3724293,-0.001255553,7.501795,7.700258,2.722144
-0.01474559,-0.334849,0.0004150679,5.494566,7.900045,2.701014
-0.04772169,-0.3378478,-0.0007149177,5.689109,7.900132,2.710818
-0.08298821,-0.3376746,0.0002914204,5.893471,7.90027,2.717597
-0.1169231,-0.3377965,-9.264718e-05,6.096239,7.900429,2.721127
-0.1497314,-0.3380145,0.0001437289,6.297776,7.900572,2.722701
-0.1852654,-0.3384634,-7.185225e-05,6.498698,7.900677,2.723411
-0.215311,-0.3386918,0.000142424,6.699309,7.900732,2.723684
-0.2553109,-0.3395932,-0.0003072932,6.899782,7.900727,2.723674
-0.2787842,-0.3395625,9.804068e-05,7.100241,7.900665,2.723429
-0.3290195,-0.3409131,-0.001533509,7.300828,7.900555,2.722942
-0.3390174,-0.338295,-0.001153155,7.501756,7.900418,2.722112
-0.01462019,-0.3011702,0.001238491,5.494316,8.10004,2.70175
-0.04741628,-0.3040866,-0.0007213361,5.68883,8.100199,2.711107
-0.08300644,-0.3039845,0.0002006684,5.893369,8.100433,2.717646
-0.1170583,-0.3041015,-0.0001030753,6.096214,8.10069,2.72111
-0.1500392,-0.3043053,0.0001360599,6.297782,8.100915,2.722657
-0.1855863,-0.3047281,-5.804714e-05,6.498711,8.10108,2.723355
-0.2158783,-0.304904,0.0001599561,6.69932,8.101166,2.723621
-0.2557189,-0.3057974,-0.0002398123,6.899784,8.101162,2.72361
-0.279656,-0.305682,0.0001916851,7.100231,8.101068,2.723368
-0.3294977,-0.3071813,-0.001348104,7.300802,8.100899,2.722886
-0.340538,-0.3042406,-0.00103049,7.501709,8.100685,2.72206
-0.01476163,-0.267795,0.001647256,5.494225,8.300052,2.702024
-0.04755111,-0.2705869,-0.0005108436,5.688713,8.300313,2.711231
-0.08327466,-0.2705341,0.0001673049,5.893335,8.300707,2.717645
-0.117324,-0.2706414,-3.352104e-05,6.096226,8.30112,2.721052
-0.1504379,-0.2707884,0.0001730759,6.297811,8.301475,2.72257
-0.1859074,-0.2711522,-3.116804e-06,6.49874,8.30173,2.72325
-0.2164047,-0.2712272,0.0002143773,6.69934,8.301862,2.723508
-0.2559837,-0.2720431,-0.0001715499,6.89979,8.301859,2.723495
-0.2802525,-0.2717625,0.0003219941,7.100221,8.301721,2.723259
-0.3295626,-0.2731964,-0.001144044,7.300772,8.301467,2.722787
-0.3408634,-0.2701212,-0.0006238018,7.501655,8.301136,2.721973
-0.01490605,-0.2337037,0.0017083,5.494286,8.500089,2.701883
-0.0477648,-0.2364311,-0.0004053999,5.688819,8.500523,2.711127
-0.08341278,-0.2363773,0.0002057214,5.893426,8.501179,2.717544
-0.1174699,-0.2364651,-2.378421e-05,6.096307,8.501845,2.720916
-0.15069,-0.2366287,0.0001408841,6.29788,8.5024,2.722399
-0.1861078,-0.2370102,-3.876522e-05,6.498794,8.502788,2.723054
-0.2168183,-0.2370479,0.0001669766,6.699374,8.502987,2.723299
-0.2561544,-0.2379713,-0.0001606665,6.899804,8.502988,2.723286
-0.2809,-0.2375781,0.0003467411,7.100212,8.502792,2.723058
-0.3297115,-0.2392781,-0.0009747195,7.300739,8.502421,2.722605
-0.3423256,-0.2361262,-0.000454396,7.501595,8.501921,2.721816
-0.01473089,-0.2014311,-0.0004368609,5.49451,8.700135,2.701295
-0.04825544,-0.2036187,-0.0007337103,5.689124,8.700907,2.710824
-0.08377513,-0.2033272,0.0003678399,5.893635,8.70202,2.717317
-0.1178457,-0.2032303,0.0001564041,6.096468,8.703102,2.720636
-0.1512112,-0.2031901,0.0003482284,6.298002,8.703959,2.722062
-0.1864575,-0.2034635,0.0001845641,6.49888,8.704534,2.722678
-0.2174372,-0.2033258,0.000430754,6.699428,8.704821,2.722904
-0.2564001,-0.2041055,6.150202e-05,6.899826,8.70483,2.72289
-0.2815575,-0.2033125,0.0007087072,7.100202,8.704567,2.722677
-0.3295008,-0.2047886,-0.0005501213,7.300696,8.704049,2.722253
-0.3425082,-0.2022241,0.0001566884,7.501518,8.703318,2.721509
-0.01499746,-0.1674918,0.000391135,5.494623,8.900348,2.701122
-0.04833415,-0.1678506,-0.0005587579,5.689366,8.901701,2.710589
-0.08367882,-0.1683013,0.000264238,5.893916,8.903597,2.716908
-0.1177512,-0.1679793,2.284781e-05,6.096715,8.905355,2.720057
-0.1512763,-0.1680337,1.129047e-05,6.298187,8.90665,2.721369
-0.1864091,-0.1685251,-0.000252812,6.499005,8.907461,2.721921
-0.2175502,-0.1682935,-0.0001101158,6.699502,8.907852,2.72212
-0.2560799,-0.1695729,-0.0004904018,6.899856,8.907876,2.722105
-0.2816371,-0.168868,0.0001035143,7.100191,8.907549,2.721915
-0.3286968,-0.1708618,-0.0008399109,7.300635,8.906875,2.721535
-0.3437171,-0.1685339,0.0001775232,7.501398,8.90586,2.720863
-0.01485902,-0.1364343,-0.0009813801,5.494619,9.100662,2.701632
-0.0485778,-0.1365205,-0.0006996756,5.689643,9.103259,2.710325
-0.08394694,-0.1358443,0.0004378736,5.8944,9.106666,2.715984
-0.1179696,-0.1350204,0.0003290509,6.097116,9.109531,2.718741
-0.151762,-0.1347468,0.0006365339,6.298459,9.111408,2.719846
-0.1867123,-0.1350934,0.0004818905,6.499174,9.112469,2.720302
-0.2185194,-0.1348087,0.0009192253,6.699597,9.112956,2.720467
-0.2569295,-0.1359142,0.0007460809,6.899894,9.113003,2.720455
-0.2837582,-0.1342796,0.0016614,7.100174,9.112641,2.720295
-0.3308903,-0.1352484,0.0003216379,7.30055,9.111844,2.719972
-0.3496165,-0.1322054,0.001101662,7.50121,9.110544,2.719404
-0.01592387,-0.1010076,0.002118359,5.495222,9.301033,2.701821
-0.04842235,-0.09847633,-0.0004266849,5.690836,9.306662,2.709135
-0.08288342,-0.09896498,-0.0007668655,5.895504,9.313032,2.713505
-0.1176644,-0.09746474,-0.001466988,6.097792,9.317554,2.715524
-0.1515897,-0.09650591,-0.001624974,6.298831,9.320035,2.716313
-0.1865777,-0.09784111,-0.001988884,6.49938,9.321246,2.716645
-0.2193457,-0.0960322,-0.001426593,6.699708,9.321774,2.71678
-0.2554607,-0.09838864,-0.0022392,6.899935,9.321852,2.716782
-0.2866438,-0.09606842,-0.001025444,7.10015,9.32151,2.716654
-0.3260212,-0.09878087,-0.001685928,7.300439,9.320692,2.716389
-0.347359,-0.09811929,0.0001885681,7.500939,9.319232,2.715949
-0.01406775,-0.07071576,-0.001130835,5.496804,9.501435,2.702095
-0.04762412,-0.07015036,-0.002265857,5.694233,9.514143,2.705677
-0.08492676,-0.06562071,-0.001039863,5.897528,9.525894,2.707586
-0.1190077,-0.06273178,-0.001117352,6.098694,9.531722,2.708588
-0.1524097,-0.06275874,-0.000615178,6.299225,9.53429,2.709016
-0.1864688,-0.06267753,-0.0006267902,6.499586,9.535267,2.709222
-0.219503,-0.06428865,0.0002279623,6.699824,9.535714,2.709375
-0.2550994,-0.06364342,4.936092e-05,6.899974,9.535837,2.709428
-0.2853775,-0.06409967,0.001943775,7.100118,9.53559,2.709323
-0.3273821,-0.06472759,0.00131035,7.300319,9.534911,2.709053
-0.3507022,-0.05979053,0.006328214,7.500653,9.533659,2.708697
-0.002479651,-0.04198358,0.002406548,5.443381,9.6474,2.64919
-0.05971876,-0.02629372,0.001405084,5.704291,9.725849,2.695448
-0.08544513,-0.01817259,-0.001027647,5.904667,9.742786,2.691357
-0.1179796,-0.01948195,0.0007546119,6.099821,9.748607,2.689649
-0.1510934,-0.01903541,-3.164609e-05,6.299522,9.750047,2.689766
-0.1848897,-0.01922159,-0.0002778769,6.499768,9.75034,2.689796
-0.2171692,-0.01878992,-0.0002633723,6.699943,9.750571,2.690096
-0.2534252,-0.01971429,-0.001471524,6.899998,9.750684,2.690266
-0.2820447,-0.01655108,0.00224961,7.100066,9.750585,2.690172
-0.3217659,-0.01962001,-0.002733814,7.300181,9.750242,2.689764
-0.3414377,-0.0125325,0.01066446,7.50044,9.749709,2.689376
-0.002280375,-0.01154527,0.0005739388,5.420038,9.828846,2.62451
-0.02384832,0.002751756,-0.007208339,5.646405,9.859012,2.651611
-0.06196492,-0.004616198,-0.03929919,5.856204,9.877258,2.653929
-0.1342356,0.01480664,0.003466359,6.049704,9.878004,2.654582
-0.1725558,0.01723922,0.007274443,6.248931,9.878271,2.654473
-0.2114091,0.02033145,0.008359772,6.449066,9.878279,2.654316
-0.2504189,0.02305308,0.009251187,6.649162,9.878289,2.654503
-0.289913,0.02515631,0.009881005,6.849186,9.878302,2.654756
-0.3294311,0.02698933,0.01063022,7.049198,9.878301,2.654755
-0.369655,0.02802239,0.01072626,7.249239,9.878286,2.654476
-0.4341004,-0.03996627,-0.03611918,7.551072,9.878246,2.654112
-0.1126407,-0.8300081,-0.00049368,5.698987,5.09993,2.905438
-0.1447579,-0.8081602,0.005011061,5.89931,5.099959,2.910071
-0.1697215,-0.7761281,-0.0006801814,6.099235,5.099973,2.911694
-0.185925,-0.7571917,0.0006342616,6.299582,5.099981,2.912209
-0.198738,-0.7427103,-0.0001565133,6.499792,5.099985,2.912393
-0.2054128,-0.7379498,0.0002051961,6.699904,5.099988,2.912458
-0.2173762,-0.7380261,-0.0001305248,6.899979,5.099989,2.912456
-0.2177045,-0.750449,0.000194991,7.10005,5.099989,2.9124
-0.2375243,-0.7641132,-0.0007596569,7.30015,5.099988,2.912286
-0.234937,-0.800198,0.0009989542,7.500337,5.099985,2.912073
-0.01211554,-0.8274575,0.02144462,5.444891,5.249248,2.847815
-0.08708929,-0.786583,0.001251378,5.698721,5.299987,2.905495
-0.1175079,-0.7715496,0.001522528,5.899061,5.299988,2.910089
-0.1516268,-0.7526923,-0.0006756802,6.099104,5.299988,2.911699
-0.1711422,-0.7381953,0.0001650061,6.299514,5.299989,2.912216
-0.1920215,-0.7283787,-0.0001287507,6.499756,5.299991,2.912403
-0.2040389,-0.7253669,0.0001366689,6.699887,5.299992,2.91247
-0.2237565,-0.7264827,-0.0002041659,6.899975,5.299993,2.912468
-0.2305697,-0.7373054,0.0003543744,7.100058,5.299993,2.912411
-0.25894,-0.748998,-0.0007897306,7.300175,5.299993,2.912294
-0.2648551,-0.7774227,0.00138591,7.500391,5.299992,2.912076
-0.01198218,-0.7864018,0.02912986,5.444573,5.449003,2.848125
-0.07159909,-0.7406134,0.001153906,5.698342,5.500005,2.905599
-0.1040331,-0.739454,0.003058225,5.898852,5.499998,2.910111
-0.1358584,-0.7246698,-0.0004739744,6.098998,5.499995,2.911706
-0.1616656,-0.7160593,0.0005047225,6.299459,5.499995,2.91222
-0.1858563,-0.7089248,-0.0001604151,6.499728,5.499995,2.912409
-0.2035481,-0.707571,0.0002203724,6.699873,5.499995,2.912476
-0.2291905,-0.7091114,-0.000279103,6.899971,5.499996,2.912475
-0.2405905,-0.7183314,0.0004467037,7.100064,5.499996,2.912417
-0.2771234,-0.7277348,-0.00112895,7.300194,5.499996,2.912298
-0.2847311,-0.7502599,0.001143783,7.500435,5.499997,2.912078
-0.003821101,-0.7541051,0.02791998,5.444176,5.648983,2.849388
-0.06052482,-0.7032194,0.001470828,5.697913,5.699999,2.905746
-0.09504668,-0.7023144,0.001178785,5.898684,5.699998,2.910138
-0.1281538,-0.6953306,-0.00031294,6.098917,5.699998,2.911712
-0.1553567,-0.6887517,0.0001414493,6.299419,5.699998,2.912223
-0.1834984,-0.6851258,-0.0001378627,6.499707,5.699997,2.912412
-0.2042696,-0.6844932,0.0001695946,6.699862,5.699998,2.912479
-0.2344187,-0.6867037,-0.0002361832,6.899967,5.699998,2.912478
-0.2494734,-0.6938374,0.0004890061,7.100068,5.699998,2.912419
-0.2904513,-0.7019583,-0.0009098105,7.300209,5.699999,2.9123
-0.3013476,-0.7176781,0.001522223,7.500468,5.699999,2.91208
-0.00548307,-0.7177554,0.02916047,5.444074,5.849,2.849726
-0.05622142,-0.6670712,0.002065539,5.697753,5.899995,2.905805
-0.08985596,-0.6696604,0.001470252,5.89859,5.899999,2.910154
-0.1222748,-0.6646107,-0.0001620589,6.098869,5.899999,2.911717
-0.1514624,-0.6609597,0.0002392776,6.299394,5.899999,2.912225
-0.1815571,-0.6586207,-0.0001222687,6.499693,5.899999,2.912413
-0.2051631,-0.6587448,0.0001921629,6.699855,5.899999,2.912481
-0.2384489,-0.6609141,-0.0002277248,6.899965,5.899999,2.912479
-0.2560241,-0.6664867,0.0003875932,7.10007,5.9,2.91242
-0.3006843,-0.6729148,-0.001085216,7.300216,5.9,2.912301
-0.3121434,-0.6843173,0.0009411642,7.500485,5.9,2.912081
-0.006785294,-0.6785222,0.02903426,5.444065,6.049002,2.849757
-0.05306225,-0.6326327,0.001969282,5.697717,6.099999,2.905818
-0.08668659,-0.6353509,0.0009709283,5.898555,6.1,2.910159
-0.119481,-0.6331049,-0.0001420306,6.098847,6.100001,2.911719
-0.1493858,-0.6306425,0.0001110002,6.29938,6.100001,2.912226
-0.1812781,-0.6298314,-0.0001184695,6.499685,6.100001,2.912414
-0.206599,-0.6302782,0.000170111,6.69985,6.100001,2.912481
-0.2421049,-0.6325431,-0.000194043,6.899963,6.100001,2.912479
-0.2615853,-0.6367772,0.0004022023,7.100071,6.100001,2.912421
-0.3081339,-0.6421713,-0.0009556189,7.30022,6.100001,2.912301
-0.3207787,-0.6498754,0.0008910773,7.500489,6.1,2.912081
-0.007048851,-0.6423138,0.02960013,5.444063,6.249002,2.849759
-0.05182864,-0.5989942,0.002049214,5.697708,6.300001,2.90582
-0.08470896,-0.6027431,0.001093548,5.898543,6.300001,2.910161
-0.1175815,-0.6013253,-9.110678e-05,6.098837,6.300002,2.91172
-0.1482052,-0.6000456,0.0001474982,6.299373,6.300002,2.912226
-0.1811792,-0.5997726,-0.0001009345,6.49968,6.300002,2.912414
-0.2078982,-0.6004229,0.0001733729,6.699847,6.300002,2.912482
-0.2449047,-0.6024627,-0.0001813757,6.899962,6.300003,2.91248
-0.2657266,-0.60566,0.0003579336,7.100071,6.300003,2.912421
-0.3136553,-0.6099108,-0.0009221963,7.300223,6.300002,2.912302
-0.3265381,-0.6153579,0.0004863677,7.500495,6.300002,2.912081
-0.007438099,-0.60634,0.02955204,5.444063,6.449001,2.849759
-0.05095713,-0.5654903,0.001934323,5.697708,6.500002,2.90582
-0.08367331,-0.5694466,0.0009790711,5.898542,6.500002,2.910161
-0.1168009,-0.5689419,-0.0001100462,6.098835,6.500003,2.91172
-0.1478491,-0.5682749,0.0001098558,6.299371,6.500004,2.912226
-0.1816515,-0.56853,-0.0001031437,6.499678,6.500005,2.912414
-0.209308,-0.5692578,0.0001605246,6.699845,6.500005,2.912481
-0.2473138,-0.5711489,-0.0001633353,6.899961,6.500005,2.91248
-0.2690959,-0.573542,0.0003459287,7.100072,6.500004,2.912421
-0.3177766,-0.5770151,-0.000842031,7.300226,6.500004,2.912302
-0.3308967,-0.580621,0.0002662251,7.500508,6.500003,2.912083
-0.007895265,-0.5707062,0.02982601,5.444064,6.649001,2.849757
-0.05065057,-0.5325607,0.001909178,5.697718,6.700005,2.905815
-0.08309246,-0.5366506,0.001007491,5.898553,6.700004,2.910158
-0.1164177,-0.5365064,-0.0001078675,6.09884,6.700005,2.911719
-0.1478032,-0.5362507,0.0001185291,6.299372,6.700007,2.912226
-0.1821568,-0.5366867,-9.640089e-05,6.499677,6.700008,2.912413
-0.2105284,-0.5373905,0.0001564113,6.699845,6.700009,2.912481
-0.2491689,-0.5390565,-0.000152435,6.899961,6.700008,2.912479
-0.2716398,-0.5407991,0.0003157169,7.100073,6.700008,2.912421
-0.3207304,-0.5436413,-0.000811631,7.30023,6.700006,2.912302
-0.3338422,-0.5458774,4.500467e-05,7.500522,6.700005,2.912084
-0.00843633,-0.5351195,0.02973012,5.44407,6.849006,2.849737
-0.050549,-0.4996007,0.001848221,5.697772,6.900012,2.905793
-0.08283164,-0.5034815,0.0009776171,5.898594,6.900007,2.910149
-0.1164158,-0.5036988,-0.0001365829,6.098859,6.900008,2.911716
-0.1480393,-0.5036664,0.0001066096,6.299378,6.900011,2.912224
-0.1827905,-0.5042493,-9.954772e-05,6.499679,6.900013,2.912412
-0.2116853,-0.5049017,0.0001484737,6.699845,6.900014,2.91248
-0.2507115,-0.5063861,-0.0001423219,6.899961,6.900014,2.912478
-0.2737263,-0.507632,0.0003007881,7.100073,6.900012,2.91242
-0.3229615,-0.5100013,-0.0007515714,7.300233,6.90001,2.912301
-0.336215,-0.5112195,-0.0001245944,7.500533,6.900008,2.912084
-0.01049164,-0.4937793,0.02933193,5.444136,7.049034,2.849515
-0.05115045,-0.4668388,0.001912327,5.698031,7.099998,2.905693
-0.08269276,-0.4704046,0.001006611,5.898704,7.100008,2.910126
-0.1166281,-0.470834,-0.0001635847,6.0989,7.100013,2.911709
-0.1483634,-0.4709024,0.0001114154,6.299392,7.100017,2.912222
-0.1833916,-0.4715157,-0.0001006302,6.499683,7.100021,2.912411
-0.2126692,-0.4720797,0.0001420515,6.699846,7.100023,2.912479
-0.2518922,-0.4733936,-0.0001410249,6.89996,7.100022,2.912477
-0.2753012,-0.4742473,0.0002660398,7.100073,7.10002,2.912419
-0.3245304,-0.4763168,-0.0007707268,7.300234,7.100017,2.912301
-0.3377469,-0.4766857,-0.0003542541,7.500536,7.100013,2.912083
-0.008502785,-0.4665214,0.02850113,5.444695,7.248962,2.847782
-0.05186588,-0.4334451,0.001846156,5.69855,7.30001,2.90551
-0.08262021,-0.4375066,0.001060837,5.898853,7.300014,2.910095
-0.1169301,-0.4376571,-0.0002049509,6.098953,7.300021,2.911701
-0.1487293,-0.4378914,0.0001126487,6.299409,7.300028,2.912219
-0.1839675,-0.4384648,-0.000103919,6.499688,7.300034,2.912409
-0.2135661,-0.4389516,0.000138413,6.699847,7.300036,2.912477
-0.2528768,-0.4401131,-0.0001324786,6.899961,7.300036,2.912476
-0.2767052,-0.4406536,0.0002700037,7.100073,7.300032,2.912418
-0.3257501,-0.4424439,-0.0006839348,7.300233,7.300027,2.912299
-0.3393989,-0.4421293,-0.0004241772,7.500534,7.30002,2.912081
-0.009672002,-0.4260407,0.02938577,5.444658,7.44911,2.847968
-0.0505234,-0.4010621,0.001816259,5.698651,7.500018,2.905459
-0.08319915,-0.4042046,0.000978588,5.898958,7.500023,2.910073
-0.1170322,-0.4045812,-0.000170768,6.098994,7.500034,2.911694
-0.1491767,-0.4047331,0.0001017879,6.299423,7.500045,2.912215
-0.1844527,-0.40529,-0.000101475,6.499692,7.500054,2.912406
-0.2143182,-0.4056783,0.0001280911,6.699848,7.500058,2.912474
-0.2535934,-0.4067248,-0.0001414451,6.89996,7.500058,2.912473
-0.2776998,-0.4070201,0.0002157729,7.100071,7.500052,2.912415
-0.326514,-0.4086613,-0.0007782733,7.30023,7.500043,2.912296
-0.3401446,-0.4077739,-0.0007668756,7.500526,7.500032,2.912078
-0.00965059,-0.3916858,0.02810879,5.444964,7.648948,2.846821
-0.05266641,-0.3681207,0.001513452,5.698974,7.699991,2.905348
-0.08240678,-0.3707208,0.001096125,5.899013,7.700032,2.910058
-0.1174785,-0.3711932,-0.0002658089,6.099011,7.700054,2.911688
-0.1494416,-0.3713666,0.0001112755,6.299428,7.700072,2.912211
-0.1849146,-0.3718945,-0.0001074647,6.499695,7.700086,2.912401
-0.2150005,-0.3722086,0.0001299326,6.699849,7.700093,2.912469
-0.2542219,-0.3731664,-0.000124378,6.89996,7.700092,2.912467
-0.2787244,-0.3732675,0.0002562412,7.100069,7.700084,2.91241
-0.327157,-0.3747846,-0.000613339,7.300224,7.700069,2.912292
-0.3414393,-0.3734005,-0.0006449891,7.500511,7.700052,2.912073
-0.009786184,-0.3581903,0.02866039,5.445088,7.849008,2.846549
-0.05225134,-0.3340577,0.001639614,5.698777,7.900047,2.905418
-0.08298432,-0.3377378,0.001048248,5.898936,7.90006,2.910071
-0.1176592,-0.3377417,-0.0002209588,6.098984,7.90009,2.911687
-0.1498777,-0.3380386,0.000107172,6.299422,7.900117,2.912205
-0.1852966,-0.3384808,-9.960798e-05,6.499694,7.900137,2.912393
-0.2155884,-0.338726,0.0001232014,6.69985,7.900148,2.91246
-0.2546558,-0.3395995,-0.0001325438,6.89996,7.900147,2.912459
-0.2794161,-0.3395237,0.0002083347,7.100067,7.900134,2.912401
-0.3274763,-0.3408945,-0.0007360939,7.300217,7.900112,2.912284
-0.3418796,-0.3390301,-0.0008976593,7.500492,7.900084,2.912065
-0.009760727,-0.325009,0.02762642,5.444339,8.04899,2.848895
-0.05159832,-0.3006849,0.001446953,5.698091,8.100047,2.905664
-0.0831024,-0.3040867,0.001020666,5.898756,8.100093,2.910102
-0.1177745,-0.304115,-0.0002147708,6.098931,8.100143,2.911685
-0.1501839,-0.3043928,9.980913e-05,6.29941,8.100187,2.912194
-0.1856088,-0.3048144,-9.999448e-05,6.499693,8.100219,2.912379
-0.2161192,-0.3050025,0.0001235565,6.699851,8.100236,2.912445
-0.2550251,-0.3058634,-0.0001018924,6.899959,8.100235,2.912443
-0.2801406,-0.3056451,0.0002750397,7.100064,8.100216,2.912387
-0.3276891,-0.3070482,-0.0005090094,7.300208,8.100181,2.91227
-0.3424844,-0.30474,-0.0006165298,7.500471,8.100138,2.912053
-0.00947675,-0.2898523,0.02616768,5.44409,8.248989,2.849665
-0.05137198,-0.2676578,0.001573611,5.697839,8.300067,2.905757
-0.08351392,-0.2706557,0.0009892504,5.898665,8.300151,2.910111
-0.1179777,-0.270744,-0.0001713798,6.098905,8.300232,2.911672
-0.1505909,-0.2709918,0.000106671,6.299407,8.300303,2.912172
-0.1859192,-0.2713836,-8.022144e-05,6.499697,8.300353,2.912354
-0.2166394,-0.2714789,0.0001377374,6.699854,8.300379,2.912418
-0.2553037,-0.2722728,-8.526685e-05,6.89996,8.300378,2.912415
-0.2807338,-0.2718823,0.0003037324,7.100061,8.30035,2.91236
-0.327671,-0.2732348,-0.0004760596,7.300199,8.300298,2.912247
-0.342549,-0.2705903,-0.0005954992,7.500449,8.300231,2.912031
-0.00944987,-0.2546183,0.02478489,5.444106,8.44902,2.849612
-0.05185335,-0.2345089,0.0017572,5.697975,8.500118,2.905696
-0.08372133,-0.2365744,0.001004176,5.898721,8.500255,2.910079
-0.1181424,-0.2366467,-0.0001838167,6.098933,8.500387,2.911636
-0.1508499,-0.2369261,7.001028e-05,6.299424,8.500498,2.912129
-0.1861166,-0.2373222,-0.0001256651,6.499708,8.500576,2.912305
-0.2170143,-0.2373781,9.673989e-05,6.699861,8.500615,2.912367
-0.255434,-0.2383048,-0.0001057265,6.899963,8.500615,2.912364
-0.2812454,-0.237756,0.0003211535,7.100058,8.500574,2.912311
-0.3275384,-0.2394982,-0.0003204194,7.300191,8.500498,2.912202
-0.343343,-0.2364273,-0.0002802175,7.500433,8.500397,2.911992
-0.008490531,-0.2194134,0.02214761,5.444524,8.648968,2.848354
-0.05185447,-0.2019928,0.001504186,5.698532,8.700186,2.905477
-0.08356768,-0.2037023,0.0009657457,5.898882,8.700443,2.910001
-0.1183974,-0.203663,-0.0001064262,6.099,8.700664,2.91156
-0.1513126,-0.2038292,0.0001204944,6.299458,8.700837,2.912042
-0.186397,-0.2042269,-2.861894e-05,6.499728,8.700952,2.912209
-0.2176327,-0.2041237,0.0001982432,6.699872,8.70101,2.912267
-0.2556912,-0.2049481,-2.765314e-05,6.899967,8.701011,2.912264
-0.2820443,-0.2040859,0.00047357,7.100056,8.700956,2.912214
-0.327365,-0.2055928,-0.0003273765,7.300181,8.700848,2.912111
-0.3443324,-0.2024193,-0.0002092984,7.500418,8.700698,2.911912
-0.008729783,-0.1859109,0.02112278,5.444985,8.849026,2.84691
-0.05255367,-0.1672315,0.001791437,5.698705,8.900425,2.905367
-0.08367497,-0.1687148,0.0009268351,5.898972,8.900823,2.909875
-0.1183941,-0.1679397,-0.0001934527,6.099062,8.901176,2.911396
-0.1514355,-0.1689045,-4.466091e-05,6.2995,8.901438,2.911852
-0.1863731,-0.1692305,-0.0002654288,6.499755,8.901601,2.912005
-0.217736,-0.1690759,-6.201221e-05,6.699888,8.901681,2.912056
-0.2554545,-0.1703699,-0.0003015398,6.899973,8.901686,2.912053
-0.2825057,-0.169305,0.0001845702,7.100052,8.901616,2.912008
-0.327351,-0.1711483,-0.0004624442,7.300168,8.901472,2.911915
-0.3459331,-0.1682271,-0.0001394587,7.500393,8.901261,2.911732
-0.007872605,-0.1504061,0.01827414,5.444337,9.048984,2.84893
-0.0516906,-0.1359246,0.001767308,5.698255,9.100761,2.905369
-0.08381541,-0.1370991,0.0008216347,5.898975,9.101479,2.909551
-0.118421,-0.1359216,-0.0001197586,6.099128,9.102044,2.910953
-0.1517537,-0.1368097,-0.0001029103,6.299556,9.102423,2.911356
-0.1865542,-0.1374696,-8.10381e-05,6.49979,9.10264,2.911486
-0.2184805,-0.1369925,1.840719e-05,6.699908,9.102746,2.91153
-0.255883,-0.1380091,1.027267e-05,6.89998,9.102762,2.911528
-0.2838289,-0.1357824,0.0006654152,7.100048,9.102679,2.911489
-0.3265586,-0.1373511,0.0006611956,7.300148,9.102496,2.911407
-0.3458914,-0.1342766,0.0009040118,7.500352,9.102214,2.911247
-0.008280717,-0.1149421,0.01651038,5.444148,9.248976,2.849683
-0.05402782,-0.09796764,0.001656683,5.698122,9.301116,2.904763
-0.08342657,-0.1008238,0.0001959174,5.899027,9.30211,2.908431
-0.1185726,-0.0978735,-0.001412128,6.099272,9.302859,2.909566
-0.1507646,-0.1002498,-0.001620064,6.299644,9.303356,2.909881
-0.186068,-0.1003702,-0.001682177,6.499838,9.303601,2.90998
-0.2182135,-0.09987961,-0.001275624,6.699933,9.303742,2.91002
-0.2543812,-0.1011494,-0.00132321,6.899988,9.303788,2.910024
-0.2833476,-0.09980765,-0.0009418263,7.100039,9.303695,2.909989
-0.324325,-0.101767,-0.001718543,7.300117,9.303461,2.909914
-0.3414829,-0.09866581,0.001398042,7.500282,9.30311,2.90978
-0.006847278,-0.07861783,0.01152501,5.44455,9.448551,2.850236
-0.04938647,-0.07309708,-0.001137893,5.697874,9.50135,2.903145
-0.08340842,-0.07283447,-0.00282072,5.899247,9.502057,2.905415
-0.1171466,-0.07268914,-0.003772482,6.099543,9.502931,2.906212
-0.1506127,-0.0731208,-0.003429129,6.299761,9.503368,2.906426
-0.1858311,-0.0733288,-0.003278874,6.499896,9.503428,2.906475
-0.2176656,-0.07241251,-0.002978455,6.699971,9.503688,2.906543
-0.2541622,-0.07436584,-0.003095591,6.899997,9.503856,2.906577
-0.2822939,-0.07017653,-0.002573304,7.100025,9.503744,2.906539
-0.3239697,-0.07828247,-0.00206821,7.300068,9.503342,2.906424
-0.3415783,-0.06453544,0.002476178,7.500193,9.502945,2.906288
-0.005292435,-0.04830518,0.006344734,5.445255,9.648554,2.851117
-0.04036291,-0.04235263,0.01301054,5.646164,9.654374,2.858834
-0.07359625,-0.04378329,0.01384128,5.849243,9.656865,2.860827
-0.1063935,-0.04021374,0.01387903,6.049873,9.658259,2.861472
-0.1398261,-0.04094944,0.01356027,6.250058,9.658886,2.861725
-0.1752591,-0.03949655,0.01491637,6.450136,9.65862,2.861549
-0.2092097,-0.03550275,0.01774372,6.650166,9.65895,2.861712
-0.2426632,-0.03496662,0.01812127,6.850178,9.659389,2.861933
-0.2757825,-0.03338117,0.01898995,7.050205,9.65936,2.86192
-0.3102571,-0.03471933,0.01849145,7.250231,9.658809,2.861646
-0.3442001,-0.02657134,0.02224638,7.450267,9.658169,2.861319
-0.001751396,-0.01280466,0.002696589,5.42047,9.8286,2.825196
-0.03404845,-0.005884912,0.006197691,5.648446,9.853888,2.853858
-0.07121154,-0.004554554,0.009207807,5.849481,9.854645,2.85292
-0.105422,-0.005021422,0.01410616,6.049928,9.85534,2.854379
-0.1400194,-0.005402172,0.01872735,6.249968,9.855704,2.855249
-0.1753611,-0.005230525,0.02238197,6.449924,9.855074,2.853392
-0.2088674,-0.00435842,0.02397919,6.650085,9.855434,2.85448
-0.2422399,-0.00436348,0.0252466,6.85,9.855843,2.85561
-0.2755112,-0.003880895,0.02728275,7.050028,9.855838,2.855613
-0.3083309,-0.003569976,0.02889069,7.249955,9.855408,2.854453
-0.3399546,-0.002408077,0.03299473,7.450045,9.854815,2.852745
-0.001619369,-0.864103,0.00179634,5.410665,5.187521,0.01059255
-0.02688587,-0.8574759,0.002019781,5.553833,5.150996,0.04528142
-0.008369462,-0.8501321,0.02281228,5.445675,5.151698,0.1532485
-0.03762309,-0.8482999,0.02294438,5.543321,5.149963,0.1430478
-0.05934402,-0.7135718,-0.002264834,5.553872,5.849015,0.04531092
-0.0005314641,-0.6957664,0.001094804,5.410665,5.987518,0.0105992
-0.004277544,-0.6895806,0.001054806,5.553843,5.95099,0.04531538
-0.006191097,-0.7155322,-0.02920978,5.445277,5.849015,0.1540008
-0.03588113,-0.6825191,-0.006460727,5.54294,5.850023,0.1431402
-0.001745865,-0.6896888,0.02482257,5.445271,5.95099,0.1540317
-0.02154119,-0.6617449,0.008077183,5.542975,5.949983,0.1431024
-0.05742303,-0.675748,-0.003200997,5.553847,6.04901,0.0453116
-0.0007390732,-0.6622113,0.0008018406,5.410665,6.187518,0.0105971
-0.002527761,-0.6533517,0.001087247,5.553872,6.150986,0.04530664
-0.006458732,-0.6773214,-0.02887915,5.445273,6.049016,0.1540308
-0.03505365,-0.6449316,-0.005430768,5.542988,6.050022,0.143086
-0.001542714,-0.6532675,0.02527171,5.445278,6.150993,0.1540027
-0.01964523,-0.6273439,0.009310293,5.542954,6.149982,0.1431198
-0.03818127,-0.02199029,0.001149212,5.575924,9.826458,0.02160428
-0.001688999,-0.01313969,-0.002791921,5.420744,9.827984,0.1754747
-0.02762254,-0.009037583,0.0008016075,5.547062,9.852365,0.1480809
-0.07877227,-0.0162977,0.0005093806,5.775502,9.82866,0.0201141
-0.03417826,-0.005633511,-0.006683498,5.648744,9.853661,0.1466904
-0.05961032,-0.007306897,0.007073457,5.749213,9.854765,0.1455339
-0.1215817,-0.01617385,0.003486449,5.975201,9.826637,0.02106306
-0.06983387,-0.003884643,-0.009338581,5.849602,9.855291,0.1451974
-0.09545931,-0.00767408,0.01032801,5.949658,9.855224,0.1457725
-0.1603294,-0.03179224,0.001362597,6.176073,9.825923,0.02139896
-0.1055286,-0.005326608,-0.01376634,6.049795,9.854964,0.1467833
-0.1276361,-0.007499662,0.01157632,6.149994,9.854917,0.1470034
-0.1966247,-0.02594884,0.004518872,6.375463,9.825147,0.02180505
-0.1406466,-0.00522091,-0.01894827,6.24997,9.854943,0.1467969
-0.1616574,-0.008079941,0.0140924,6.349881,9.854884,0.1471535
-0.2347261,-0.02338962,0.004704938,6.575505,9.824866,0.0219311
-0.1744878,-0.004940294,-0.02270041,6.450002,9.854746,0.147494
-0.1955099,-0.008331881,0.01543741,6.54999,9.854729,0.1475522
-0.2772136,-0.02567635,0.007911868,6.775053,9.825315,0.02165386
-0.2088677,-0.00436284,-0.02449085,6.650054,9.854773,0.1474685
-0.2295304,-0.009014744,0.01711703,6.749995,9.854749,0.1474619
-0.3189416,-0.02357259,0.005041479,6.975506,9.824842,0.02194383
-0.2420016,-0.004347356,-0.02626987,6.849981,9.85475,0.1475354
-0.2627814,-0.008956183,0.01752739,6.949986,9.854721,0.1475839
-0.3547962,-0.01741399,0.004627607,7.175452,9.824343,0.02212342
-0.2756688,-0.003638359,-0.02851284,7.050046,9.854748,0.1475344
-0.297212,-0.008903945,0.0171037,7.14998,9.854743,0.1474583
-0.4005064,-0.02562388,0.004576728,7.37551,9.824837,0.02194535
-0.3096657,-0.003714129,-0.02863631,7.249977,9.854766,0.1474735
-0.32802,-0.008829797,0.01838642,7.349996,9.854712,0.1475787
-0.4220484,-0.02062399,0.0005898305,7.575509,9.824828,0.02195559
-0.3398474,-0.002546625,-0.03215721,7.450041,9.854693,0.1476075
-0.3596639,-0.009312494,0.01761592,7.550039,9.854677,0.1476242
-0.008744154,-0.850969,-0.02259564,5.445039,5.151599,2.848752
-0.04173678,-0.8463899,-0.01971101,5.542209,5.149964,2.858157
-0.01790064,-0.8925336,0.009909268,5.422598,5.174753,2.977521
-0.02378945,-0.8621603,-0.001031564,5.55187,5.150895,2.955345
-0.04066015,-0.8203046,-0.01627921,5.542223,5.250005,2.858004
-0.004926273,-0.8114724,-0.02201729,5.444718,5.351086,2.847949
-0.02863471,-0.7952938,-0.01835008,5.541932,5.350015,2.858161
-0.01298536,-0.8297162,0.01397539,5.409824,5.211158,2.990278
-0.0751994,-0.8395168,-0.001248582,5.552364,5.248991,2.955265
-0.007417705,-0.8400696,0.001105185,5.4223,5.375025,2.977779
-0.0205021,-0.8111378,0.0009752993,5.552004,5.351045,2.955293
-0.03068889,-0.7736305,-0.003020596,5.541724,5.449973,2.858316
-0.00259435,-0.765054,-0.02051148,5.444412,5.551027,2.848678
-0.02266667,-0.7475855,-0.01590695,5.541393,5.550004,2.858624
-0.005365604,-0.7964611,0.002348115,5.42253,5.424596,2.977571
-0.06668881,-0.7827836,0.006387316,5.551807,5.448966,2.955406
-0.007687529,-0.8163672,0.002292634,5.421795,5.574924,2.978314
-0.01358904,-0.7639195,0.0008293824,5.551269,5.551023,2.955551
-0.03760659,-0.7246208,-0.008647528,5.541013,5.649972,2.859006
-0.001838039,-0.7278311,-0.02252902,5.444097,5.750988,2.849647
-0.0237071,-0.7059653,-0.01510993,5.540845,5.749999,2.859176
-0.008935593,-0.7547048,0.006966839,5.421492,5.624881,2.978627
-0.06156595,-0.7407679,0.00558303,5.550589,5.648971,2.955785
-0.008400354,-0.7708931,0.003601913,5.42134,5.77503,2.978795
-0.007456524,-0.725912,-0.0003913294,5.550352,5.750984,2.955866
-0.03784661,-0.6473769,-0.002217172,5.540747,6.049989,2.859277
-0.001684529,-0.6526688,-0.0240011,5.444064,6.151,2.849759
-0.02177754,-0.6296248,-0.01290672,5.540743,6.150013,2.85928
-0.008058005,-0.6737159,0.007281064,5.421331,6.024966,2.978806
-0.05684521,-0.6653096,0.006453352,5.550257,6.048998,2.955901
-0.007460335,-0.6942678,0.003934802,5.421331,6.175034,2.978806
-0.001476182,-0.6527763,0.0001205374,5.550254,6.151002,2.955901
-0.03781556,-0.612601,-0.001388887,5.540742,6.249989,2.859281
-0.001614857,-0.6167541,-0.02459538,5.444063,6.351,2.84976
-0.02093769,-0.5948347,-0.01287549,5.540741,6.350012,2.859281
-0.00808567,-0.6372655,0.008759439,5.421331,6.224966,2.978806
-0.0556828,-0.6299434,0.006853888,5.550253,6.248998,2.955901
-0.007045061,-0.657426,0.003881735,5.421331,6.375034,2.978806
0.0008006656,-0.6184178,0.0008224773,5.550253,6.351002,2.955901
-0.03782916,-0.5785546,-0.001045619,5.540741,6.449989,2.859281
-0.001578331,-0.5815931,-0.02502018,5.444063,6.550999,2.849759
-0.02016088,-0.5614229,-0.01347976,5.540742,6.550013,2.85928
-0.008074948,-0.602356,0.009313262,5.421331,6.424966,2.978806
-0.0552467,-0.5951962,0.006808494,5.550253,6.448998,2.955901
-0.006899475,-0.6212072,0.003701711,5.421331,6.575034,2.978806
0.001907352,-0.584194,0.0009726567,5.550253,6.551003,2.955901
-0.03795914,-0.5455365,-0.0002772359,5.540744,6.64999,2.859278
-0.001616635,-0.5468855,-0.02544004,5.444065,6.751,2.849752
-0.0196672,-0.5281636,-0.01367733,5.540749,6.750015,2.859271
-0.008110049,-0.5685115,0.009328661,5.421331,6.624966,2.978806
-0.05509193,-0.5608868,0.006769386,5.550254,6.648998,2.9559
-0.006876904,-0.585234,0.00325881,5.421332,6.775034,2.978806
0.002481586,-0.549978,0.001028398,5.550259,6.751004,2.955898
-0.03796675,-0.5127606,0.0007234629,5.540765,6.849995,2.859253
-0.002028299,-0.5118512,-0.0258114,5.444084,6.951011,2.849684
-0.01890758,-0.4952143,-0.01337518,5.540808,6.950028,2.859206
-0.008469646,-0.5356583,0.008397741,5.421332,6.824967,2.978805
-0.05527199,-0.5266668,0.006430263,5.550271,6.849003,2.955893
-0.00693896,-0.5486329,0.002001556,5.421341,6.975039,2.978794
0.002042073,-0.515177,0.0004550468,5.550317,6.951015,2.955878
-0.03482917,-0.4813102,0.005237858,5.540936,7.05002,2.85907
-0.001190323,-0.4794388,-0.02692674,5.444322,7.151,2.848956
-0.01906402,-0.4612827,-0.008597768,5.541258,7.150029,2.858739
-0.009311517,-0.5020568,0.005371876,5.421356,7.024979,2.978776
-0.05590216,-0.4930354,0.005705004,5.550469,7.04903,2.955823
-0.006663924,-0.497765,0.002567013,5.421853,7.175172,2.978248
0.0008554951,-0.4811781,-0.001301569,5.550988,7.151,2.955636
-0.03705217,-0.4441127,0.01022498,5.541852,7.250003,2.858144
-0.002092803,-0.4449109,-0.02573867,5.444821,7.351065,2.847302
-0.01630243,-0.4256221,-0.01304081,5.542114,7.350028,2.857884
-0.007374441,-0.4627677,0.003912739,5.422569,7.224763,2.97752
-0.05464243,-0.4655293,0.004846986,5.552144,7.248943,2.955284
-0.006295617,-0.4707448,0.005224962,5.409865,7.388826,2.990229
-0.0001619573,-0.4451203,-0.0007020841,5.552618,7.35107,2.955171
-0.04124992,-0.4104667,0.001281923,5.541868,7.450048,2.858116
-0.001853919,-0.4062927,-0.02710586,5.444678,7.550912,2.847861
-0.02303116,-0.3939567,-0.01232712,5.541936,7.549988,2.858029
-0.01498021,-0.434305,0.01726925,5.422624,7.425248,2.977446
-0.05507162,-0.422233,0.007374304,5.551944,7.449118,2.955313
-0.004345386,-0.4468112,0.002666713,5.422644,7.574758,2.97744
0.006203739,-0.4115667,0.003296064,5.55201,7.550916,2.955275
-0.03075906,-0.3786951,0.008670767,5.542433,7.650012,2.857524
-0.001560858,-0.3752956,-0.02590029,5.445161,7.750993,2.846335
-0.01461092,-0.358122,-0.010327,5.542688,7.749986,2.857281
0.005735108,-0.3903644,-0.002164766,5.409874,7.611178,2.990217
-0.05533765,-0.3990699,0.001909662,5.553015,7.648936,2.954995
-0.001386477,-0.4053511,-0.0009702655,5.410659,7.787516,2.989414
-0.0006861016,-0.3762653,-0.0003394574,5.553506,7.75099,2.954818
-0.03454694,-0.3440373,0.007279618,5.542556,7.849999,2.857425
-0.001902047,-0.3400329,-0.02329345,5.444758,7.951018,2.847571
-0.01298459,-0.3259378,-0.01590914,5.542014,7.949988,2.857967
-0.007535159,-0.3575449,0.005309964,5.410655,7.81248,2.989416
-0.05529948,-0.3562114,0.006255139,5.553317,7.849009,2.9549
0.005435125,-0.3649471,-0.008533334,5.422587,7.975231,2.977507
-0.002003604,-0.3403161,6.415176e-05,5.552321,7.951039,2.955211
-0.03503902,-0.212325,0.006758244,5.541592,8.650054,2.858399
-0.00269722,-0.2042218,-0.01964319,5.444844,8.750982,2.847223
-0.0169371,-0.192973,-0.01072248,5.542167,8.750064,2.857823
-0.005426393,-0.237468,0.001015108,5.421854,8.625098,2.978244
-0.04889732,-0.2180322,0.004765089,5.551579,8.648968,2.955437
-0.005022719,-0.202323,0.002002854,5.410127,8.788958,2.989955
-0.006243161,-0.202429,0.000966296,5.552678,8.750996,2.955137
-0.03288205,-0.1792732,0.004948319,5.542302,8.850084,2.857684
-0.002965153,-0.1664882,-0.01646043,5.444706,8.950992,2.847706
-0.01954873,-0.1597632,-0.009474056,5.54195,8.950119,2.858037
-0.01458055,-0.2003478,0.009752964,5.423686,8.824999,2.976347
-0.04830133,-0.1838534,0.005021508,5.552968,8.849055,2.954991
0.003327568,-0.1790821,-0.00669267,5.422568,8.975236,2.977529
-0.009135564,-0.165367,0.001078007,5.552194,8.951042,2.955256
-0.02996688,-0.1444264,0.003604774,5.541321,9.050126,2.85868
-0.003673842,-0.131072,-0.01342887,5.444173,9.150954,2.849507
-0.01980561,-0.1285644,-0.01045579,5.54108,9.150252,2.858943
-0.006873495,-0.157899,0.003024572,5.421854,9.024823,2.978248
-0.04505318,-0.1507684,0.004501843,5.551021,9.049026,2.95562
-0.004241387,-0.1378843,0.0001672178,5.421358,9.175013,2.978778
-0.009827384,-0.1310256,0.001371151,5.550496,9.151011,2.95579
-0.02741223,-0.009158646,-0.001091855,5.546428,9.852831,2.853127
-0.000440013,-0.01835075,-0.0008979439,5.409876,9.811839,2.990111
-0.03832153,-0.01611165,-0.0009571622,5.574863,9.827972,2.979257
-0.05994472,-0.007447496,-0.007188587,5.749052,9.854442,2.853613
-0.0416185,-0.007471376,-0.0004563924,5.623996,9.828339,2.979624
-0.0781835,-0.01580652,-0.002220783,5.775118,9.8266,2.978913
-0.09544905,-0.007768449,-0.01008103,5.949782,9.854892,2.85316
-0.07901413,0.005049273,-3.470135e-05,5.823952,9.826322,2.978714
-0.1200625,-0.03032041,-0.002561811,5.975984,9.826321,2.978743
-0.1273234,-0.007496355,-0.01138649,6.149884,9.855684,2.855228
-0.1239921,-0.001133367,0.0002606671,6.024784,9.826631,2.978948
-0.1676348,-0.01682907,-2.586744e-05,6.175525,9.828677,2.979913
-0.1954179,-0.00799817,-0.01526975,6.550054,9.855085,2.853387
-0.2009658,0.01761919,-0.001118618,6.423996,9.826339,2.978743
-0.2425334,-0.03650321,-0.002263834,6.575999,9.826329,2.978751
-0.2278637,-0.008381424,-0.01605763,6.749966,9.855754,2.855343
-0.2402857,0.005564025,0.0008421125,6.624795,9.826641,2.978957
-0.2884281,-0.01938494,-0.001765954,6.775517,9.828748,2.979937
-0.261798,-0.008464309,-0.01661337,6.949987,9.855858,2.855663
-0.2871321,0.002248807,-0.001330827,6.824435,9.828852,2.97997
-0.3284366,-0.01944311,-0.001976266,6.975553,9.828908,2.979987
-0.2949835,-0.00842859,-0.01716098,7.150009,9.855744,2.855339
-0.3274486,0.003856334,-0.0007206693,7.024454,9.828894,2.979983
-0.3668526,-0.01614222,0.0005303127,7.175617,9.828476,2.979849
-0.3592067,-0.008886788,-0.01708468,7.550119,9.854969,2.853128
-0.374339,0.02614411,0.01138989,7.424512,9.825026,2.978118
-0.4342238,-0.04506551,-0.002878924,7.576007,9.82623,2.978705
-0.07358264,-0.8378069,0.00155637,5.553883,5.249022,0.04530619
-2.004647e-05,-0.8114579,0.0009016637,5.410665,5.387519,0.01059687
-0.01802299,-0.8101657,0.001011766,5.553885,5.35099,0.04531337
-0.01121762,-0.8247839,-0.01975575,5.445449,5.249254,0.1537434
-0.04257332,-0.8203375,0.01184756,5.543155,5.250014,0.1431209
-0.002520346,-0.8149483,0.02422543,5.445314,5.351051,0.1539566
-0.02806511,-0.7982121,0.01875566,5.543019,5.349992,0.1431453
-0.0672275,-0.7944977,0.0004984538,5.553881,5.449017,0.04531593
-0.0001404643,-0.7695702,0.001340629,5.410665,5.587518,0.0105975
-0.01102457,-0.7666485,0.0006872606,5.553878,5.550988,0.04531646
-0.004926946,-0.7970433,-0.02945358,5.44529,5.449041,0.1539794
-0.0391279,-0.7705209,-0.005886323,5.542971,5.450026,0.1431564
-0.002540488,-0.7674872,0.02358305,5.445275,5.551006,0.153996
-0.02603316,-0.7407183,0.009316401,5.542941,5.54999,0.1431585
-0.06087068,-0.7521778,-0.002008567,5.553874,5.649017,0.04531729
-0.0003831885,-0.7309432,0.001104656,5.410665,5.787518,0.01059729
-0.007090892,-0.7274334,0.001018884,5.553873,5.750986,0.04531588
-0.00554486,-0.7541308,-0.02766461,5.445272,5.649019,0.1539998
-0.03732916,-0.7206063,-0.001489575,5.542934,5.650025,0.143157
-0.002018398,-0.7283509,0.0242068,5.445272,5.751,0.1540007
-0.02338794,-0.701425,0.01026082,5.54293,5.749987,0.1431533
0.01177483,-0.6123567,0.02807699,5.470136,6.074994,0.07015516
-0.05200558,-0.6908053,-0.006720724,5.476052,6.024372,0.02177094
-0.00353531,-0.6634493,-0.002278639,5.410662,6.087517,0.01059939
-0.007529512,-0.6937642,-0.03858203,5.42175,6.02437,0.07605769
-0.05175901,-0.666133,-0.0353423,5.470113,6.025014,0.07015549
0.008162307,-0.6452034,0.02235132,5.421701,6.07546,0.0761161
0.006746712,-0.6439899,0.009133156,5.476115,6.075457,0.02171787
-0.05720951,-0.6395885,-0.003405348,5.553872,6.249017,0.04531308
-0.0009339505,-0.6297208,0.0006638846,5.410665,6.387518,0.0105971
-0.001259707,-0.6177582,0.001117874,5.553871,6.350985,0.04531623
-0.006784233,-0.6409751,-0.02976119,5.445273,6.249008,0.1540001
-0.0347558,-0.6108826,-0.006880629,5.542928,6.25002,0.143147
-0.001448918,-0.6174767,0.02575038,5.44527,6.350992,0.1540004
-0.01858095,-0.5926239,0.009116232,5.542919,6.349981,0.1431539
-0.05673906,-0.6037773,-0.003728274,5.55387,6.449015,0.04531644
-0.001197776,-0.5974478,0.0005225597,5.410665,6.587518,0.01059708
-0.000475658,-0.5829042,0.001162498,5.553866,6.550984,0.04531512
-0.007039843,-0.604916,-0.02979406,5.445269,6.449008,0.1539995
-0.03452299,-0.5767477,-0.00678458,5.542915,6.450019,0.1431539
-0.001319356,-0.5823352,0.02611468,5.445267,6.550991,0.1539951
-0.01726859,-0.5593964,0.01017141,5.54291,6.549979,0.1431489
-0.05677393,-0.5689334,-0.003823874,5.553855,6.649011,0.04531062
-0.001280249,-0.5644929,0.0006838558,5.410664,6.787517,0.01059691
-0.0002484032,-0.549176,0.00129556,5.553816,6.750973,0.04529626
-0.007197947,-0.5698601,-0.03017206,5.445263,6.649004,0.1539823
-0.0345054,-0.5434582,-0.007087451,5.542896,6.650014,0.1431332
-0.001096273,-0.5479954,0.02619132,5.445251,6.750981,0.153937
-0.01598301,-0.5258525,0.01061193,5.542859,6.749968,0.1430897
-0.05606656,-0.5367296,-0.004853663,5.55367,6.848991,0.04523977
-0.00542723,-0.5393988,-0.005161124,5.409875,6.988823,0.009786248
-0.0005644831,-0.5126673,0.0006983419,5.55311,6.951046,0.045017
-0.007894093,-0.5377856,-0.03012034,5.4452,6.848984,0.1537795
-0.03616178,-0.5097049,-0.009350389,5.542742,6.849995,0.1429546
-0.001637307,-0.5123352,0.02492953,5.444995,6.951058,0.1531899
-0.01649112,-0.4925635,0.01429532,5.542432,6.949986,0.1426142
-0.05598155,-0.4894143,-0.007232508,5.552102,7.049102,0.04473207
-0.006169384,-0.5176003,-0.003597064,5.42265,7.174758,0.02255864
0.004901825,-0.4792827,-0.001217447,5.552082,7.150904,0.04474043
-0.009085765,-0.4946163,-0.02961647,5.444715,7.049085,0.1521527
-0.04102233,-0.4772569,-6.653312e-05,5.541935,7.050023,0.1421084
-0.001943886,-0.4752204,0.02779694,5.444709,7.150911,0.1521695
-0.02344001,-0.4607181,0.01080142,5.541933,7.149978,0.1421114
-0.05562813,-0.4678226,-0.001851068,5.553091,7.248948,0.04502468
-0.0008791527,-0.4711501,0.0009506689,5.410663,7.387519,0.01059573
0.0004417173,-0.4449927,0.0006043365,5.553662,7.35101,0.04524102
-0.00999323,-0.4606303,-0.02846739,5.44499,7.248947,0.153205
-0.0299269,-0.4448358,-0.008252353,5.542432,7.250017,0.1426155
-0.001846182,-0.4446961,0.02715098,5.445201,7.351016,0.1537867
-0.01619161,-0.4256455,0.009153749,5.542748,7.350007,0.1429498
-0.05616988,-0.4259834,-0.005537624,5.553809,7.449027,0.04529692
-0.001466383,-0.4384501,0.00103194,5.410665,7.587518,0.01059707
-0.0001888514,-0.4106112,0.0008300557,5.553855,7.55099,0.04531004
-0.01019416,-0.4253608,-0.02882692,5.445252,7.44902,0.153943
-0.03513846,-0.4116093,-0.008069273,5.542864,7.450035,0.1430843
-0.001614553,-0.4094465,0.02646842,5.445264,7.550996,0.1539825
-0.0144107,-0.3931049,0.01229635,5.542898,7.54999,0.1431317
-0.05587311,-0.3935091,-0.00489637,5.553866,7.649017,0.04531483
-0.001412585,-0.4050659,0.001071149,5.410665,7.787518,0.0105971
-0.0008029902,-0.3757362,0.0006584725,5.553869,7.750986,0.04531633
-0.009964874,-0.3913746,-0.02851967,5.445267,7.64901,0.1539948
-0.03519532,-0.3779845,-0.008296844,5.542909,7.650025,0.1431479
-0.001579925,-0.3747503,0.02583772,5.445268,7.750992,0.1539987
-0.01475121,-0.3597264,0.01196085,5.542914,7.749987,0.1431536
-0.05508645,-0.3593965,-0.004879388,5.553868,7.849016,0.04531595
-0.001467583,-0.3708015,0.001040195,5.410665,7.987518,0.01059849
-0.001484976,-0.3404634,0.0002177002,5.553862,7.950984,0.04531359
-0.009801559,-0.3574536,-0.02788166,5.445268,7.849008,0.1539977
-0.03512959,-0.3439627,-0.008405415,5.542912,7.850025,0.1431518
-0.001639267,-0.3400074,0.02498336,5.445266,7.95099,0.1539903
-0.01451512,-0.326216,0.01208494,5.542908,7.949987,0.1431454
-0.05426827,-0.323809,-0.005123882,5.553841,8.049009,0.04530374
-0.001644904,-0.335515,0.001320294,5.410648,8.187509,0.01058038
-0.002465195,-0.3056432,-0.0002603465,5.553747,8.150983,0.04527132
-0.009672893,-0.3235836,-0.02698398,5.44526,8.049002,0.1539645
-0.03471894,-0.3101255,-0.007863127,5.542886,8.050022,0.1431179
-0.002324798,-0.3056294,0.02397785,5.445229,8.150985,0.1538749
-0.01495316,-0.2926361,0.01348638,5.542828,8.149987,0.1430479
-0.05285503,-0.2881877,-0.006083742,5.553395,8.249088,0.04513193
-0.004187512,-0.2909092,-0.0003983961,5.423123,8.374658,0.02306421
-0.002640726,-0.2694068,-0.001692569,5.553057,8.350981,0.04508941
-0.01038917,-0.2879765,-0.02614405,5.445093,8.249077,0.1535135
-0.03609613,-0.2764601,-0.00609403,5.542639,8.250043,0.1428565
-0.003102491,-0.2681496,0.02270971,5.445046,8.35098,0.1531803
-0.01824083,-0.259752,0.01289829,5.542486,8.350007,0.1427024
-0.05144268,-0.25574,-0.004312055,5.553406,8.448934,0.0451326
-0.001619234,-0.2612905,0.0003356479,5.410663,8.587518,0.01059659
-0.004178654,-0.2366308,-0.001346425,5.553756,8.550997,0.04527142
-0.008966087,-0.255004,-0.02395479,5.445091,8.448925,0.1535317
-0.03148622,-0.245109,-0.006331277,5.542651,8.450028,0.1428676
-0.002729219,-0.237344,0.02148561,5.445229,8.550994,0.1538723
-0.01606727,-0.2258302,0.01084953,5.542829,8.550026,0.1430564
-0.04943034,-0.2209769,-0.004557107,5.553842,8.649028,0.04530667
-0.001665061,-0.2236345,0.0004884005,5.410665,8.787517,0.01059698
-0.007042871,-0.2001096,-0.001214021,5.553866,8.750998,0.04531653
-0.009049743,-0.2204293,-0.02251877,5.44526,8.649007,0.1539651
-0.03338716,-0.2114895,-0.006735783,5.542891,8.650067,0.1431253
-0.003080581,-0.2031064,0.02004877,5.44527,8.750985,0.1539902
-0.01692891,-0.1939556,0.010794,5.542927,8.750049,0.1431622
-0.04808942,-0.1841621,-0.004962844,5.553873,8.849031,0.04531894
-0.001871518,-0.1836687,0.0002700684,5.410665,8.987516,0.01059693
-0.008656031,-0.1652987,-0.001277926,5.55388,8.951009,0.04532376
-0.008495237,-0.1852834,-0.0205625,5.445272,8.848998,0.1539975
-0.03476016,-0.1791918,-0.006714919,5.542929,8.850098,0.1431634
-0.00303737,-0.1668936,0.01717401,5.445278,8.950981,0.1540005
-0.01901434,-0.159428,0.009700968,5.542964,8.95011,0.1431955
-0.0444512,-0.1514035,-0.004131992,5.553885,9.049049,0.04532581
-0.001860731,-0.1441076,0.0004934233,5.410665,9.187515,0.01059633
-0.01084764,-0.1297164,-0.001720126,5.553887,9.151028,0.04534619
-0.008094939,-0.1501873,-0.01793103,5.445281,9.048999,0.1540017
-0.03231419,-0.1439108,-0.005086794,5.542962,9.050179,0.1431895
-0.004386785,-0.1339865,0.0164978,5.445305,9.150982,0.1539943
-0.01820624,-0.1278115,0.009904242,5.543047,9.150255,0.1432648
-0.04405396,-0.1172062,-0.004569592,5.553891,9.249062,0.0453704
-0.00193033,-0.1009563,0.0001825516,5.410665,9.387513,0.01059308
-0.01608113,-0.09056458,-0.002032584,5.553745,9.35091,0.0455204
-0.008443647,-0.1152179,-0.01654852,5.445331,9.248995,0.1539858
-0.03575098,-0.1131871,-0.006165287,5.543077,9.250369,0.1432829
-0.004999329,-0.09345975,0.01000328,5.445488,9.350859,0.1538206
-0.02148936,-0.09024381,0.006842758,5.54333,9.350598,0.1435167
-0.03639822,-0.08019218,-0.003454381,5.553372,9.448576,0.04576955
-0.001360193,-0.06059743,0.0005525251,5.410665,9.587522,0.01058784
-0.01899636,-0.0586189,-0.0005516228,5.550778,9.54866,0.04687854
-0.007271821,-0.07913365,-0.01140875,5.445741,9.448533,0.1534241
-0.03066903,-0.07599134,-0.001856289,5.543499,9.450838,0.1436609
-0.005528527,-0.05898297,0.009488654,5.446851,9.548699,0.1508184
-0.01938058,-0.06056457,0.00965382,5.544124,9.551447,0.1442594
-0.03744489,-0.05082797,-0.0004218581,5.551813,9.648139,0.0463314
-0.001665586,-0.01983378,-3.826726e-05,5.410687,9.787731,0.01062341
-0.03020672,-0.02559874,0.0003991686,5.549158,9.75152,0.04816121
-0.005665797,-0.04855223,-0.006441281,5.446272,9.648347,0.1518463
-0.02885051,-0.0457546,-0.003329373,5.544659,9.652707,0.1448431
-0.004853246,-0.02511488,-0.0004207109,5.447796,9.752425,0.1492151
-0.02756582,-0.02273475,-0.001140449,5.545519,9.755046,0.1460412
-0.1397726,-0.05221937,0.01001279,6.15098,9.645991,0.04292612
-0.1130323,-0.01879437,0.001774406,6.049899,9.751453,0.04607709
-0.1325379,-0.03635712,0.008493283,6.150075,9.751217,0.04615327
-0.1064121,-0.04093149,-0.01368675,6.049957,9.657897,0.1387219
-0.1277721,-0.05343903,0.0009675771,6.14968,9.658031,0.138685
-0.1080352,-0.02813291,-0.007217311,6.049862,9.759576,0.1429924
-0.1343031,-0.01113792,0.002443263,6.149909,9.759528,0.1431265
-0.1744458,-0.05305434,0.01106624,6.350981,9.645858,0.0429389
-0.1494127,-0.01844666,0.0008183987,6.249993,9.751419,0.04615147
-0.1676008,-0.03945262,0.009069811,6.349912,9.751064,0.04620346
-0.140386,-0.03991844,-0.01408307,6.250089,9.658071,0.1386838
-0.1613046,-0.0555767,0.003050492,6.34973,9.658083,0.1386905
-0.1424213,-0.03045323,-0.008063635,6.24996,9.759623,0.1430629
-0.1698252,-0.009574701,0.002312528,6.34992,9.75947,0.1432307
-0.2104594,-0.05378801,0.01117293,6.550999,9.645698,0.04296447
-0.186209,-0.0164865,0.0001385841,6.449996,9.75074,0.0463404
-0.204278,-0.0410768,0.009256083,6.550004,9.750687,0.04635931
-0.1746523,-0.03865581,-0.01537883,6.450151,9.658021,0.1387362
-0.1945846,-0.05720123,0.005252268,6.549765,9.658018,0.138739
-0.1780913,-0.03099025,-0.0105318,6.449999,9.759314,0.1433945
-0.2057297,-0.008540644,0.002366562,6.549967,9.759281,0.1434326
-0.2449945,-0.05426891,0.01212392,6.751,9.645704,0.0429619
-0.2209224,-0.01341016,-8.951109e-05,6.65004,9.75077,0.04631848
-0.2386141,-0.042265,0.01048744,6.750007,9.750786,0.04635037
-0.2091392,-0.03689002,-0.0167144,6.650184,9.658026,0.1387362
-0.2285183,-0.05858575,0.006241964,6.749782,9.658037,0.13873
-0.2141577,-0.03303438,-0.01202644,6.650022,9.759316,0.1434018
-0.2400948,-0.006849599,0.003673881,6.74997,9.759337,0.1433849
-0.2849744,-0.05646153,0.01359687,6.951002,9.645674,0.04296786
-0.2564339,-0.01315084,-0.001388426,6.849967,9.750709,0.0463426
-0.2770314,-0.04615958,0.009943635,6.95,9.750661,0.04636921
-0.2423704,-0.0358637,-0.01771007,6.850199,9.658022,0.1387406
-0.2620718,-0.05910451,0.006888961,6.949796,9.658009,0.1387476
-0.249292,-0.03343014,-0.01149649,6.850017,9.759288,0.1434339
-0.2773401,-0.005954347,0.004757798,6.949978,9.759263,0.1434561
-0.315972,-0.05172328,0.01311367,7.151005,9.645693,0.04296559
-0.2926581,-0.01276393,-0.002663352,7.050033,9.750706,0.0463425
-0.3116902,-0.04663426,0.008755436,7.149994,9.750774,0.04634967
-0.2753252,-0.03322743,-0.01861834,7.050213,9.658008,0.1387455
-0.2946861,-0.05909182,0.007472528,7.149815,9.657996,0.1387481
-0.2863773,-0.03355315,-0.01524325,7.050029,9.759281,0.1434349
-0.3097898,0.001277443,0.001484621,7.149989,9.75932,0.1433904
-0.3596545,-0.05798395,0.01511826,7.351011,9.645644,0.0429807
-0.3276976,-0.01522504,-0.001737941,7.249963,9.750757,0.04632326
-0.350007,-0.04740126,0.009059919,7.350004,9.750653,0.04637447
-0.3103994,-0.03397766,-0.01869848,7.25023,9.657962,0.1387625
-0.3300813,-0.05840678,0.007072091,7.349847,9.657883,0.1388033
-0.320032,-0.03679593,-0.007848059,7.25003,9.759285,0.1434181
-0.3504033,-0.003113511,0.007337456,7.350004,9.759216,0.1434776
-0.377421,-0.0477999,0.008804964,7.551026,9.64558,0.04300503
-0.3615101,-0.0101091,-0.002599164,7.450011,9.750621,0.04639111
-0.3711218,-0.04253375,0.00731635,7.550017,9.750602,0.0464026
-0.3438203,-0.02667545,-0.02265763,7.450264,9.657806,0.1388354
-0.3558325,-0.05466837,0.00449866,7.549907,9.657665,0.1388975
-0.3591182,-0.03330361,-0.01854981,7.450065,9.759168,0.143512
-0.3706545,0.00246443,0.003322105,7.550048,9.759109,0.1435466
-0.01590942,-0.001727276,0.0003608696,5.473075,9.877666,0.0746184
-0.0173394,-0.0164248,-0.0004240825,5.474313,9.825757,0.02287209
-0.00128187,-0.001313773,0.0002274623,5.411755,9.888202,0.01175179
-0.003070605,-0.01405707,-0.0008015302,5.422344,9.826755,0.07476672
-0.0150914,-0.01380375,-0.0009255628,5.471145,9.82887,0.07178877
-0.00158177,-0.001532567,0.001342358,5.40984,9.890068,0.08848579
-0.01720492,-0.001782566,9.28229e-05,5.487127,9.889304,0.01063955
-0.1027425,-0.003322596,-0.004853841,6.075446,9.878238,0.07420396
-0.1030266,-0.02049642,-0.001192103,6.075478,9.825381,0.02172424
-0.1127979,-0.003556784,0.003076097,6.011177,9.890136,0.009751643
-0.1108636,0.007138543,-0.03012989,6.025022,9.831109,0.06895444
-0.09616441,-0.01201267,-0.007920481,6.07499,9.830532,0.06952839
-0.1276082,-0.003144544,-0.03053105,6.024,9.878701,0.07325612
-0.1262655,-0.002427052,0.0004142346,6.087534,9.889403,0.01049921
-0.1698364,-0.0002341799,-0.005211904,6.475497,9.878043,0.07477754
-0.1647924,-0.02315393,-0.001549286,6.475513,9.824862,0.02193585
-0.1852937,0.002640404,-0.002311855,6.412492,9.889353,0.01055475
-0.18315,0.01518233,-0.04545884,6.425046,9.83014,0.06995068
-0.1593082,-0.01276775,-0.008009987,6.474977,9.830074,0.07001587
-0.2119741,0.0003367255,-0.04981012,6.42452,9.878066,0.07470064
-0.1985805,-0.001824894,-0.0004635897,6.487517,9.889338,0.01057032
-0.2037387,2.74169e-06,-0.01093023,6.676005,9.878349,0.07434489
-0.1954067,-0.02121749,-0.00437849,6.676033,9.825294,0.02163816
-0.2150916,0.004143323,-0.005353204,6.612471,9.889358,0.01054904
-0.2147714,0.01650256,-0.048739,6.625026,9.830149,0.06994567
-0.1958803,-0.0260208,0.01121809,6.674988,9.830301,0.06979617
-0.2521839,0.003699192,-0.06152143,6.624576,9.878105,0.0746691
-0.2026722,0.004445689,-0.007188931,6.688934,9.889816,0.01008913
-0.2405241,0.0009185303,0.002816082,6.87549,9.878046,0.07477867
-0.2343079,-0.02684443,-0.002577434,6.875506,9.824864,0.02193408
-0.2521273,0.004020868,-0.002346564,6.812491,9.889401,0.01050249
-0.2523019,0.01996342,-0.05737874,6.825035,9.830147,0.0699563
-0.2235321,-0.01667179,-0.00693691,6.874976,9.830071,0.07002395
-0.2896956,2.166918e-06,-0.05980266,6.824457,9.878099,0.07466832
-0.2706477,-0.0007674821,-0.001215203,6.887518,9.88934,0.01056871
-0.2805966,0.0003351676,0.007852801,7.075543,9.878097,0.07466757
-0.2705699,-0.02178961,-0.006713675,7.07556,9.824964,0.02188164
-0.2846718,0.005079549,-0.002431909,7.012482,9.88934,0.01056869
-0.2903594,0.02283728,-0.06321767,7.025026,9.830078,0.07002022
-0.2558696,-0.01192329,-0.01151331,7.074968,9.830134,0.06995614
-0.3281494,0.001642769,-0.06156362,7.02451,9.878047,0.07477789
-0.2942061,0.006414608,-0.0067358,7.087509,9.889401,0.01050257
-0.3084736,-0.001623405,0.007646521,7.275425,9.878103,0.07467042
-0.3058673,-0.03356033,-0.0002599652,7.275441,9.824955,0.0218734
-0.3086343,-0.000716003,0.002191952,7.211066,9.889816,0.01008901
-0.320082,0.02483503,-0.06076646,7.225015,9.830305,0.06979252
-0.2880474,-0.02621416,0.0007342149,7.274978,9.830135,0.06995136
-0.3520951,-0.002024437,-0.05707462,7.223996,9.87835,0.0743446
-0.3366399,-0.001369277,-0.001678899,7.287529,9.889358,0.01054911
-0.34259,-0.0008491123,0.00546804,7.475493,9.87803,0.07481652
-0.3392349,-0.03072184,-0.00111772,7.475508,9.824829,0.02195129
-0.3539882,0.005440542,-0.002144905,7.412483,9.889337,0.01057196
-0.3591019,0.02729837,-0.07369464,7.425037,9.830039,0.07005679
-0.3196792,-0.0194524,-0.01073314,7.474978,9.830024,0.07006623
-0.399951,0.004717847,-0.07330734,7.424512,9.878032,0.07481189
-0.3727007,-0.0003132022,-0.002315412,7.487517,9.889336,0.01057166
-0.03317371,-0.007281677,0.0009342814,5.545813,9.853915,0.2489544
-0.002272277,-0.01150173,-0.0004605555,5.420045,9.828828,0.3755495
-0.02584885,-0.004550889,0.002402146,5.545153,9.854848,0.3493265
-0.02184238,-0.005929943,-0.0005408332,5.544744,9.855406,0.4496269
-0.001820385,-0.01070388,-0.001851206,5.420015,9.828845,0.5755565
-0.0238603,-0.005662793,-0.001147799,5.544496,9.855649,0.5497488
-0.0250507,-0.00594236,-0.001392602,5.544379,9.855751,0.6498643
-0.002107259,-0.01080803,-0.00165588,5.420028,9.828782,0.7755659
-0.02468639,-0.005996762,0.0001090913,5.544379,9.855777,0.7499181
-0.02492703,-0.00647914,0.0003426663,5.544591,9.855721,0.8499781
-0.002073383,-0.01133054,-0.001350746,5.420892,9.826956,0.9752462
-0.02459819,-0.006333029,-0.0004688682,5.545263,9.855489,0.9499282
-0.02596035,-0.006455397,-6.178673e-05,5.545901,9.855292,1.049981
-0.002009006,-0.0118433,-0.001133174,5.420727,9.827351,1.175515
-0.02550784,-0.006020887,0.0002210017,5.545901,9.85529,1.150009
-0.02568224,-0.006260804,-0.000258898,5.545283,9.855489,1.250052
-0.002260711,-0.01141746,-0.000644533,5.420075,9.828623,1.375533
-0.02549192,-0.006235978,0.0004342595,5.544666,9.855712,1.349986
-0.025026,-0.006410985,4.014186e-05,5.544662,9.85571,1.450017
-0.002175318,-0.01154325,-0.001132644,5.420896,9.826952,1.575241
-0.02509891,-0.006391869,-9.978434e-05,5.545277,9.855488,1.549945
-0.0256691,-0.006162356,-0.0003271201,5.545907,9.855294,1.649988
-0.002072744,-0.01152819,-0.0006571981,5.420727,9.827352,1.775512
-0.02578241,-0.006282798,0.000387175,5.545899,9.855293,1.75001
-0.02554476,-0.006099695,-0.0001778729,5.545261,9.855495,1.850051
-0.002214728,-0.01098867,-0.0004738175,5.420055,9.828688,1.975518
-0.02586365,-0.006438486,0.0002896495,5.544581,9.855733,1.949984
-0.02471332,-0.006126291,0.0003999371,5.544349,9.855803,2.050022
-0.002099286,-0.01089957,-0.001015374,5.420008,9.828842,2.175548
-0.02514223,-0.006510344,-0.0002930318,5.544296,9.855812,2.150035
-0.02469747,-0.005867601,1.526943e-05,5.544301,9.855799,2.250098
-0.002028249,-0.01045097,0.000323507,5.420013,9.828847,2.375549
-0.02510154,-0.006038722,0.001220851,5.54435,9.855754,2.350145
-0.02389961,-0.005603023,0.00112768,5.544491,9.855652,2.450268
-0.001515468,-0.009745142,-0.001543896,5.420028,9.828847,2.575585
-0.02188053,-0.005965806,0.0005720066,5.544731,9.855409,2.550415
-0.02582229,-0.004571773,-0.002376517,5.545109,9.854866,2.65079
-0.003226283,-0.01069085,0.001565153,5.420225,9.828707,2.776023
-0.03322975,-0.007301206,-0.000907409,5.545621,9.854006,2.751408
-0.03268578,-0.3111206,0.0009630037,5.541312,8.049971,2.858678
-0.00236671,-0.3062815,-0.02323223,5.444143,8.150963,2.849492
-0.01902892,-0.2946919,-0.01387651,5.540964,8.149991,2.859039
-0.01042537,-0.3297204,0.00697127,5.42186,8.024825,2.97824
-0.05336635,-0.3229993,0.006322589,5.551039,8.048991,2.955616
-0.005651123,-0.3279392,0.001188276,5.421357,8.175021,2.978775
0.0002274319,-0.3085008,0.001643758,5.550487,8.150969,2.955815
-0.03716502,-0.2778668,0.002419887,5.540831,8.24999,2.85918
-0.002525356,-0.2714801,-0.02207201,5.444083,8.351,2.849691
-0.01956486,-0.2607835,-0.01406929,5.540815,8.350036,2.859199
-0.007472825,-0.3018503,0.005552505,5.421342,8.224961,2.978793
-0.05166146,-0.2882467,0.005747724,5.550332,8.248989,2.955871
-0.005020325,-0.2930953,0.001632382,5.421336,8.375035,2.9788
-0.0001903701,-0.2752082,0.002326564,5.55031,8.351008,2.955878
-0.03754156,-0.2452277,0.004375085,5.540874,8.450034,2.859135
-0.002514058,-0.2361819,-0.0209571,5.444204,8.551031,2.849294
-0.02083261,-0.2264497,-0.01289824,5.541084,8.550077,2.858917
-0.00725843,-0.2683187,0.004930343,5.421341,8.42497,2.978793
-0.05029809,-0.2532916,0.005779269,5.550381,8.449024,2.955854
-0.004037057,-0.2512009,-0.000346152,5.421513,8.575128,2.978603
-0.001405065,-0.2386659,0.003618861,5.550673,8.551044,2.955754
-0.0334617,-0.1131073,0.005530666,5.540983,9.250323,2.859055
-0.005597389,-0.09183085,-0.009596726,5.44429,9.350869,2.84988
-0.02110712,-0.08997783,-0.006935531,5.541213,9.350632,2.858839
-0.005843817,-0.1276144,0.001743826,5.421342,9.224953,2.978796
-0.04410755,-0.1172492,0.004257283,5.55035,9.249031,2.955819
-0.003766492,-0.0978794,0.0001101497,5.421335,9.375027,2.978809
-0.01565369,-0.0916337,0.001755263,5.550182,9.35093,2.955681
-0.02751348,-0.07698275,0.000638401,5.541417,9.45084,2.858639
-0.005115411,-0.05891944,-0.008989534,5.445684,9.548786,2.852683
-0.01930381,-0.06128157,-0.009341051,5.542182,9.551569,2.857858
-0.004988915,-0.08906316,0.00121034,5.421332,9.424949,2.978813
-0.03535079,-0.08099339,0.003922465,5.549848,9.44859,2.955423
-0.00306866,-0.0605988,-7.365713e-05,5.42134,9.575021,2.978796
-0.01973417,-0.05893042,0.0004058394,5.547418,9.54879,2.954287
-0.0283811,-0.04622397,0.003604015,5.543084,9.652928,2.856893
-0.004560712,-0.02470235,0.000558282,5.447045,9.752954,2.852778
-0.02768379,-0.02233685,0.001484319,5.544477,9.755607,2.855346
-0.004137453,-0.05403369,0.0003477847,5.421393,9.625051,2.978728
-0.03701711,-0.05044165,0.0004496313,5.548939,9.648447,2.954689
-0.003371412,-0.02214734,-0.0003282038,5.422582,9.775577,2.977468
-0.0290313,-0.0252913,0.0001181532,5.547283,9.752583,2.952763
-0.0614465,-0.04947369,0.004936592,5.748105,9.656099,2.860324
-0.03719213,-0.02126122,0.004764667,5.647318,9.757177,2.856685
-0.06211317,-0.01851674,-0.003144745,5.748834,9.758321,2.857081
-0.04035506,-0.04059977,-0.003112037,5.650138,9.649505,2.955049
-0.0693626,-0.04616297,-0.007788311,5.750748,9.646841,2.956512
-0.03910838,-0.02063377,-0.001071822,5.649141,9.75309,2.953708
-0.06299344,-0.02919737,-0.004250679,5.74956,9.752476,2.953906
-0.09763595,-0.05190132,0.004899134,5.949373,9.657667,2.861211
-0.07254246,-0.01966439,0.005808606,5.849471,9.758827,2.856864
-0.09855925,-0.01947533,-0.004568099,5.949704,9.759399,2.85701
-0.07700977,-0.0363258,-0.004932633,5.84876,9.646218,2.956839
-0.1051237,-0.04979076,-0.007817698,5.950829,9.646191,2.957041
-0.07635537,-0.01875485,-0.002662779,5.849692,9.75141,2.953829
-0.09859847,-0.03239782,-0.006646335,5.949959,9.7515,2.953912
-0.1276329,-0.05320298,-0.000907937,6.149638,9.658763,2.861692
-0.1074624,-0.02849915,0.006180514,6.049847,9.760177,2.857591
-0.1337423,-0.009179664,-0.001774708,6.149854,9.760704,2.858026
-0.1105993,-0.03486119,-0.004018557,6.048903,9.6466,2.95715
-0.1399146,-0.05129519,-0.01109547,6.150944,9.646946,2.957232
-0.1124145,-0.01866021,-0.00120601,6.050009,9.752609,2.954265
-0.132754,-0.03692968,-0.007618658,6.149958,9.753411,2.954572
-0.3564689,-0.05390561,-0.004579933,7.549924,9.65809,2.861296
-0.3592197,-0.03098113,0.01909842,7.450072,9.759481,2.856778
-0.3711774,0.001136874,-0.005349831,7.550072,9.759607,2.856924
-0.3703014,-0.01941113,0.0030653,7.449018,9.645986,2.957064
-0.3786941,-0.04713408,-0.009472549,7.551043,9.646069,2.957072
-0.36352,-0.01050971,0.002941306,7.450017,9.750972,2.95373
-0.3683475,-0.04576276,-0.008237967,7.550102,9.75135,2.953871
-0.161968,-0.007998809,-0.01361068,6.349884,9.855411,2.854471
-0.1674195,0.001489451,0.0009164887,6.224467,9.828677,2.979914
-0.1979594,-0.01330751,-0.005295162,6.375208,9.826651,2.978945
-0.3286318,-0.008670113,-0.018208,7.349933,9.855014,2.853239
-0.3580342,0.005987362,0.001041914,7.224493,9.827815,2.979593
-0.3933496,-0.01958666,-0.0004452867,7.37549,9.825309,2.978243
0.01620707,-0.6680505,0.03167818,5.470122,5.925008,0.07017063
0.0004211932,-0.6997796,0.002618701,5.410665,5.912483,0.01059256
-0.01629243,-0.7347269,-0.00638916,5.476051,5.97563,0.0217706
-0.008535498,-0.7378956,-0.003320464,5.421753,5.975629,0.07605666
0.002517335,-0.7245612,0.01929552,5.421714,5.92454,0.07610719
-0.03810461,-0.6928636,-0.02443684,5.470106,5.974989,0.07016412
0.001285645,-0.7218514,0.004736579,5.47612,5.924543,0.02171334
0.01907996,-0.6296294,0.03418469,5.470137,6.125005,0.07015521
0.0002720991,-0.6602125,0.001894308,5.410663,6.112482,0.0105977
-0.01274388,-0.6992478,-0.005915256,5.476068,6.175625,0.02175824
-0.008534782,-0.7025156,-0.0009481411,5.42177,6.175635,0.07603896
0.003782716,-0.6857747,0.02054665,5.421706,6.124543,0.07611315
-0.03567293,-0.6592456,-0.02267653,5.470136,6.174985,0.07013389
0.002173612,-0.6829946,0.00564997,5.476115,6.124541,0.02171578
-0.01894372,-0.003543197,-0.0002257488,5.524275,9.87738,0.07324278
-0.01829236,-0.01389236,9.81302e-05,5.525027,9.826693,0.02277583
-0.03777949,8.466131e-05,-0.001284371,5.58877,9.890134,0.009759448
-0.03464043,-0.01892323,0.003713244,5.573857,9.830417,0.06959626
-0.02058642,-0.01160779,-0.002491203,5.522762,9.829432,0.07083045
-0.03861878,-0.002825496,0.00825398,5.57546,9.878399,0.07327878
-0.01996231,-0.00146511,7.451795e-05,5.512222,9.889363,0.01057278
-0.1261541,-0.004840687,0.003463839,6.124555,9.878211,0.07429935
-0.1142565,-0.02125631,-0.0001115855,6.124558,9.825292,0.0217536
-0.1573102,0.0003920465,-0.001827149,6.188863,9.890061,0.009836289
-0.1480663,-0.02425581,0.02671192,6.174986,9.83079,0.06928873
-0.1079534,-0.02827632,0.02382787,6.125011,9.830448,0.06961745
-0.1644121,-0.005281655,0.03605817,6.176025,9.878576,0.07366798
-0.1264255,-0.0007953891,-0.0008436652,6.112471,9.889399,0.0105048
-0.1639334,-0.008749976,0.01094565,6.323971,9.878562,0.07371775
-0.153763,-0.02655669,0.003937213,6.323937,9.825878,0.02141519
-0.2043689,-0.002384129,0.001590051,6.38754,9.889378,0.01052766
-0.1854958,-0.02063905,0.02498468,6.374993,9.830317,0.06976613
-0.1467093,-0.0335079,0.03140976,6.325005,9.830731,0.06934761
-0.209633,-0.009789089,0.0416545,6.375446,9.878167,0.07445894
-0.1481229,-0.006488222,0.004498229,6.311137,9.890059,0.009838634
-0.2006496,-0.008225608,0.008443922,6.52451,9.878039,0.07479318
-0.1869354,-0.02726666,0.003180791,6.524494,9.824849,0.02194086
-0.2429792,-0.001494188,0.0007579141,6.587512,9.889345,0.01056403
-0.2228175,-0.02091581,0.02697909,6.574964,9.830082,0.07001451
-0.1758951,-0.04030652,0.03980907,6.525029,9.830059,0.0700325
-0.2501615,-0.01061821,0.04125051,6.575491,9.878048,0.07477172
-0.195867,-0.0002894078,-0.001215561,6.512483,9.889338,0.01057078
-0.280383,-0.01025533,0.01482363,6.92451,9.878037,0.07480435
-0.2630221,-0.03312336,0.003616366,6.924494,9.824841,0.02194408
-0.3189455,-0.0008395692,0.002494559,6.987516,9.889338,0.01057073
-0.2996789,-0.0175555,0.02309168,6.974966,9.830058,0.07004235
-0.2470077,-0.04668411,0.04947275,6.925031,9.830049,0.07004543
-0.3353206,-0.009595004,0.04347583,6.975489,9.878038,0.07480367
-0.2655699,-0.0001453854,-0.0008120507,6.912484,9.889338,0.01057075
-0.3136572,-0.01078455,0.01185493,7.12495,9.878336,0.07433574
-0.2971732,-0.02712761,0.002762409,7.124948,9.825309,0.02165398
-0.3535768,-0.008148589,0.004397838,7.174994,9.87622,0.02368199
-0.3339249,-0.01028769,0.0150945,7.174972,9.830432,0.06967629
-0.2887172,-0.0426036,0.04795015,7.125041,9.830308,0.06978805
-0.3677762,-0.01521055,0.0205511,7.175438,9.877882,0.07532787
-0.2771166,0.005903818,-0.008309233,7.112715,9.889531,0.01036703
-0.3576622,-0.01280093,0.02126568,7.32451,9.878045,0.07477536
-0.3354821,-0.04142645,0.004491689,7.324497,9.824861,0.02193303
-0.3919141,-0.001179482,0.004112492,7.387517,9.889337,0.01057159
-0.3692127,-0.01374902,0.01846974,7.374975,9.830048,0.07004742
-0.3208501,-0.04789361,0.05182696,7.325036,9.830064,0.07002454
-0.4124657,-0.00963317,0.04129985,7.375493,9.878035,0.07480446
-0.333039,0.000253049,-0.0006508293,7.312488,9.889345,0.01056415
-0.3927748,-0.01239882,0.02084056,7.524514,9.878029,0.07481934
-0.3670485,-0.03700977,0.00340739,7.524496,9.824829,0.02195343
-0.4483906,0.01480398,0.002523541,7.587841,9.864009,0.009893963
-0.3941639,-0.01091887,0.01139016,7.574982,9.83002,0.07007476
-0.3488549,-0.04578061,0.04865164,7.525037,9.83002,0.07007044
-0.3675767,-0.0004122709,-0.0007006403,7.512483,9.889336,0.01057167
-0.4400121,-0.006737541,0.03548031,7.575499,9.878028,0.07482225
-0.01612219,-0.8685395,-0.009238748,5.467255,5.125003,2.932841
-0.007618703,-0.9358135,0.02904804,5.420941,5.175395,2.925943
-0.006896976,-0.9222834,0.0004272751,5.422023,5.125065,2.978121
-0.05603501,-0.93651,0.002598354,5.474308,5.175295,2.979137
0.004089632,-0.9296135,-0.006995277,5.420459,5.124775,2.92702
-0.04588731,-0.8663199,0.01781318,5.467877,5.175003,2.93216
-0.0200654,-0.9278233,-0.01348375,5.473523,5.124483,2.979718
0.009788804,-0.807882,-0.02328115,5.468773,5.275045,2.931285
-0.01729387,-0.8781011,0.03000879,5.420976,5.223953,2.925983
-0.03860707,-0.8823648,0.01148379,5.47422,5.223893,2.979071
-0.01563136,-0.8305909,0.01345117,5.409833,5.288857,2.990261
-0.03758216,-0.8431055,0.0190429,5.46872,5.225006,2.931315
-0.005686737,-0.840628,-0.03024505,5.420923,5.275966,2.925838
0.02517898,-0.8416245,0.001759184,5.474319,5.275964,2.979096
0.01099453,-0.4639264,-0.02463549,5.466351,7.125044,2.933659
-0.003525075,-0.5318308,0.0003524732,5.420263,7.175736,2.927097
-0.003292625,-0.4895582,-0.0008772358,5.42151,7.125092,2.978606
-0.01353783,-0.5321443,0.001587819,5.473108,7.175717,2.97979
0.005094752,-0.5038788,-0.02121001,5.419983,7.124576,2.927776
-0.01788254,-0.4955557,0.008861372,5.466819,7.175098,2.933159
0.008744747,-0.5073332,-0.008810858,5.472469,7.12458,2.980081
-0.02280403,-0.4134759,0.0115346,5.468847,7.275027,2.931178
-0.0119603,-0.4942471,0.02323718,5.420874,7.224089,2.925891
-0.03578505,-0.4937481,0.009535924,5.474251,7.224084,2.979153
-0.004166005,-0.4575952,0.003484598,5.410305,7.287367,2.989799
-0.06145818,-0.46956,0.05070688,5.467803,7.22503,2.932179
-0.003240371,-0.4373144,-0.0184082,5.420994,7.275043,2.925631
0.00653778,-0.4352515,0.001616367,5.474454,7.275026,2.979004
0.009553216,-0.4078654,-0.02244601,5.469289,7.325013,2.930744
-0.005319432,-0.4927846,-0.02395128,5.421054,7.376135,2.925614
-0.008434154,-0.4212606,0.007993567,5.410487,7.312503,2.989606
0.01380784,-0.4820012,0.006822363,5.474475,7.376163,2.978941
0.001866049,-0.4588448,-0.02043315,5.421355,7.32456,2.924931
0.006417092,-0.4506581,-0.01626636,5.468921,7.374993,2.93109
0.005332501,-0.4536679,-0.002737794,5.475164,7.324555,2.978651
-0.002676961,-0.3988458,0.001616241,5.467254,7.475006,2.932739
-0.01898268,-0.4694156,0.02866544,5.420921,7.424685,2.925705
-0.0358105,-0.4563395,0.01700685,5.474395,7.424699,2.979079
0.005128035,-0.3993258,0.005124044,5.422031,7.47497,2.978041
-0.05023294,-0.4436457,0.03459089,5.46794,7.425001,2.932055
-0.00910856,-0.4091079,0.01152248,5.420354,7.47551,2.926558
0.009236663,-0.3936665,-0.004591381,5.473595,7.475521,2.979675
0.01584633,-0.3991579,-0.02338614,5.467263,7.525004,2.932714
0.003854411,-0.457774,0.005363333,5.420959,7.575332,2.925656
0.009912607,-0.4268237,-0.005218806,5.422036,7.525034,2.978038
-0.02740373,-0.4445185,-0.003156649,5.474469,7.57531,2.979071
0.01006128,-0.4296941,-0.009200015,5.420363,7.5245,2.926545
-0.02844134,-0.4202175,0.01004286,5.467978,7.575018,2.93196
0.01392806,-0.4208329,-0.0150894,5.473609,7.524484,2.979673
-0.005720137,-0.3484254,-0.01299436,5.469679,7.675049,2.930266
-0.007343723,-0.4194879,0.03988505,5.421117,7.623882,2.925448
-0.04875163,-0.4030247,0.01480279,5.474631,7.623874,2.978889
-0.004128008,-0.3806597,0.004082864,5.410614,7.687543,2.989466
-0.05358831,-0.3900447,0.0301789,5.469049,7.625044,2.930875
-0.0002264348,-0.3601023,-0.01459411,5.421529,7.675445,2.924397
0.0005805129,-0.3611416,0.001370031,5.475651,7.675439,2.978469
0.02171232,-0.3447715,-0.03771928,5.46993,7.725037,2.930033
-0.001751758,-0.4140612,-0.01006439,5.421714,7.775626,2.924066
-0.001075905,-0.3648079,0.004042591,5.410643,7.712495,2.989431
0.005565219,-0.411449,-0.002596506,5.475936,7.775633,2.978267
0.005528647,-0.3850078,-0.01416183,5.421652,7.724559,2.924094
-0.00466745,-0.3828689,-0.004981101,5.469975,7.774982,2.929992
-0.002367321,-0.3810537,-0.006983154,5.47595,7.72456,2.978347
-0.002764031,-0.3162992,-0.009188806,5.469684,7.87493,2.930316
-0.01216098,-0.3873749,0.04424885,5.421689,7.824349,2.924139
-0.05747887,-0.3861686,0.009732165,5.475865,7.824347,2.978291
-0.01046263,-0.3368468,0.009319376,5.410536,7.887471,2.989552
-0.04995444,-0.3587019,0.0354464,5.469911,7.824984,2.930063
-0.001664219,-0.3279705,-0.006989833,5.421522,7.875458,2.924429
-0.003338685,-0.3289922,0.0009333769,5.475597,7.875458,2.978465
0.03129888,-0.3155083,-0.04273417,5.46899,7.924939,2.931008
0.0009507445,-0.3886945,-0.01750398,5.4209,7.975895,2.925838
-0.008672404,-0.3093794,0.008446967,5.410325,7.912623,2.989771
0.002932551,-0.3823666,-4.907403e-05,5.474313,7.975908,2.979139
0.002279479,-0.353168,-0.002324855,5.421048,7.924938,2.925473
-0.005388479,-0.3619713,-0.005406033,5.467858,7.974957,2.932104
-0.01093698,-0.3527391,-0.00294001,5.474615,7.924946,2.978957
-0.01893709,-0.1927941,0.009886081,5.467786,8.675051,2.932212
-0.008887734,-0.2530623,0.01714865,5.420265,8.624364,2.927107
-0.02864206,-0.2533326,0.007778055,5.473102,8.624362,2.979778
-0.006418252,-0.2089458,0.004029732,5.422558,8.674756,2.977535
-0.0392708,-0.2279159,0.02629191,5.466847,8.625071,2.933138
-0.00777851,-0.1997097,0.01355977,5.420826,8.675173,2.925874
-0.0151758,-0.1926,0.004258242,5.474287,8.675152,2.979204
-0.002176964,-0.1824368,-0.01260307,5.468877,8.725046,2.931119
-0.001907988,-0.2236393,-0.02292287,5.421232,8.776123,2.925011
0.005265649,-0.1826722,-0.006753173,5.40984,8.71117,2.990257
0.009495966,-0.2226727,-0.002176281,5.475037,8.776145,2.978752
0.002624734,-0.2022406,-0.003287351,5.420971,8.724127,2.925651
0.008421095,-0.2044687,-0.02370761,5.469318,8.775052,2.930665
-0.009087953,-0.2008342,-0.00410314,5.474466,8.724121,2.979042
0.008139668,-0.1487868,-0.02114437,5.468843,8.924949,2.931128
-0.002365168,-0.1915105,-0.01849013,5.42088,8.975881,2.925896
-0.003768715,-0.1621427,0.002717654,5.410261,8.912629,2.989847
0.002651605,-0.1910571,-0.0006602019,5.474263,8.975908,2.979157
0.0004274552,-0.1695485,0.003738262,5.420982,8.924874,2.925653
0.0004940031,-0.177288,-0.01448834,5.467805,8.974964,2.932151
-0.01661615,-0.1707707,-0.001382592,5.474454,8.9249,2.979029
-0.01827342,-0.1305432,0.00379582,5.466359,9.074953,2.933652
-0.008201122,-0.1743818,0.01200969,5.420264,9.024244,2.927094
-0.02793519,-0.1762143,0.005109648,5.473114,9.02428,2.979789
-0.005533733,-0.1339526,0.001357308,5.421511,9.074902,2.978607
-0.03359095,-0.161176,0.01909569,5.466826,9.024896,2.933148
-0.00500516,-0.1331176,-0.002478188,5.419985,9.075404,2.927776
-0.01577329,-0.1343496,0.005845672,5.472473,9.075419,2.98008
0.006708521,-0.1224841,-0.01461166,5.466139,9.124935,2.933886
-0.0007351748,-0.1538376,-0.01172854,5.419915,9.175648,2.928223
0.0006133246,-0.1311505,0.0004991575,5.421396,9.124953,2.978733
-0.003256912,-0.1558775,-0.0004673546,5.472064,9.175668,2.980156
7.633599e-05,-0.1339104,0.0007012163,5.4199,9.124454,2.928062
-0.001419077,-0.1399651,-0.01560552,5.466039,9.175007,2.933979
0.000717665,-0.1338034,-0.006115093,5.472212,9.124477,2.98017
-0.01533803,-0.001545929,-0.0006732703,5.472972,9.878392,2.927153
-0.002450427,-0.01690476,0.0008306014,5.421568,9.826819,2.927125
-0.01771766,-0.01691008,0.0001562618,5.473322,9.826652,2.978238
-0.0009813064,-0.0009513103,-0.000169178,5.41157,9.888383,2.988168
-0.01557444,-0.01409021,0.0005267394,5.469633,9.830292,2.929702
-0.003730739,-0.002570681,-0.0004803788,5.422696,9.877198,2.926191
-0.01528443,-0.0004935912,0.001227564,5.488096,9.890136,2.990086
-0.01852051,-0.003167504,-0.003663407,5.523779,9.878165,2.928188
-0.03612121,-0.01855305,-0.002791048,5.573236,9.832497,2.932484
-0.02006324,-0.01366722,-0.0004795236,5.524294,9.82798,2.978055
-0.03442226,-0.003755439,-9.620764e-05,5.5746,9.878139,2.978223
-0.02021149,-0.01295762,0.001024723,5.521736,9.831308,2.931178
-0.03940291,-0.002812392,-0.003294358,5.574559,9.879237,2.928195
-0.02057475,-0.001800831,0.001331929,5.524349,9.877418,2.977458
-0.04680355,-0.003047083,0.001364929,5.675215,9.879649,2.928637
-0.04216716,-0.006657432,0.00496876,5.623925,9.833047,2.933065
-0.04607744,-0.01072204,0.0008745052,5.675329,9.828288,2.979712
-0.04197369,-0.00394626,-0.0003215185,5.624671,9.878442,2.978524
-0.04388479,-0.01083968,0.00263236,5.674505,9.833224,2.933252
-0.04358046,-0.002689364,0.003441127,5.623811,9.879568,2.928611
-0.04710853,-0.00272886,-0.0002000536,5.674935,9.878455,2.97857
-0.05405579,-0.004731473,-0.002838482,5.724271,9.879458,2.928104
-0.0709894,-0.0164602,-0.008220988,5.774825,9.832106,2.932058
-0.04948849,-0.01857744,-0.003605421,5.72433,9.827732,2.97952
-0.07623475,-0.004656677,-0.00196343,5.774739,9.877439,2.977581
-0.05077331,-0.01566071,-0.00386211,5.724686,9.832868,2.932879
-0.07892189,-0.003060797,-0.008554208,5.775073,9.878853,2.926995
-0.05328051,-0.004959145,-2.105473e-05,5.725017,9.878156,2.978278
-0.07709898,-0.005176884,-0.004247115,5.875387,9.878248,2.92578
-0.07785623,0.002377654,0.01144636,5.824899,9.83103,2.930959
-0.07965453,-0.01747294,-0.00119292,5.875437,9.825442,2.978265
-0.07569358,-0.002043278,-0.004801644,5.811172,9.890134,2.990248
-0.07043298,-0.01206657,0.00308547,5.87491,9.830531,2.930456
-0.07757685,-0.00169565,0.007953392,5.823917,9.878681,2.926685
-0.0888175,-0.001416707,-0.001313641,5.887528,9.889404,2.989512
-0.09152995,-0.004109954,0.000113801,5.924485,9.878249,2.925809
-0.1098771,-0.0255526,-0.01523036,5.974889,9.831145,2.931041
-0.08328807,-0.01839305,-0.0002694646,5.924498,9.82543,2.978277
-0.1183254,0.001628682,0.002719692,5.988818,9.890137,2.99025
-0.07908081,-0.0209766,-0.007153804,5.924917,9.830552,2.930472
-0.1234495,-0.004183064,-0.0241657,5.975928,9.878692,2.926771
-0.09154896,-0.001187456,0.000441007,5.912464,9.889405,2.989509
-0.1091064,-0.001084797,0.0147623,6.075461,9.879528,2.928303
-0.1139748,0.002532854,0.02292849,6.024928,9.83228,2.932181
-0.1107109,-0.01448655,0.0009659043,6.075504,9.827807,2.979586
-0.1185861,-0.0004054049,0.003909948,6.025205,9.877453,2.97761
-0.1029394,-0.008454426,0.008915361,6.074895,9.833197,2.933115
-0.1328098,-8.596755e-05,0.02037782,6.024742,9.878894,2.927104
-0.1072679,-0.004661571,0.003837184,6.074881,9.878189,2.978332
-0.3388589,0.001730809,-0.004453139,7.475488,9.878092,2.925391
-0.3679947,0.02831607,0.07148575,7.425056,9.830247,2.930157
-0.3345907,-0.02775976,0.0009547304,7.475493,9.825019,2.978115
-0.3529656,0.005169422,0.002393855,7.412494,9.889359,2.989452
-0.3262596,-0.01000281,0.02114414,7.474962,9.830229,2.930142
-0.4016672,0.006480007,0.07447027,7.42452,9.878095,2.925398
-0.3658088,0.0006556052,0.001928357,7.487507,9.889359,2.989451
-0.381887,-0.009620168,-0.0303267,7.524535,9.878202,2.925691
-0.3933606,-0.02420925,-0.0277199,7.574959,9.831049,2.93093
-0.3644826,-0.0409004,-0.00543918,7.524514,9.825277,2.978236
-0.4332364,-0.0192003,-0.008177638,7.588314,9.865463,2.990784
-0.3522743,-0.03696786,-0.0369909,7.524985,9.830446,2.930356
-0.3537828,0.002420208,0.001455636,7.512456,9.889387,2.989482
-0.4310096,-0.002316142,-0.04761795,7.575984,9.878664,2.926665
-0.3975696,-0.5487526,0.007754026,7.700788,6.700003,0.08849158
-0.4001241,-0.5135461,0.007853933,7.700782,6.900005,0.08849019
-0.4023227,-0.4787506,0.00810698,7.700777,7.100007,0.08848385
-0.403693,-0.4438999,0.008010304,7.700774,7.300013,0.08847416
-0.4049943,-0.4093784,0.008073796,7.700773,7.500023,0.08846426
-0.4057643,-0.3753485,0.007993093,7.700772,7.700039,0.08845716
-0.4061424,-0.3409857,0.007884772,7.70077,7.900065,0.0884546
-0.4058938,-0.3068517,0.007417519,7.700769,8.100109,0.08845797
-0.4051791,-0.2725169,0.007079543,7.700765,8.300183,0.08847018
-0.4043418,-0.2386872,0.006427045,7.700756,8.500315,0.08849873
-0.4030252,-0.2047066,0.006278427,7.700736,8.70056,0.0885633
-0.40253,-0.1722561,0.005807224,7.700695,8.901026,0.08871813
-0.4009549,-0.1395779,0.005605616,7.700619,9.101834,0.08915727
-0.3959457,-0.1063541,0.008828444,7.700491,9.302538,0.09055208
-0.3933296,-0.08421754,0.004140698,7.700318,9.502266,0.09397986
-0.3894303,-0.04179105,0.002877599,7.649033,9.645546,0.04301921
-0.4034226,0.02036948,-0.01064369,7.624497,9.824829,0.02195816
-0.4028703,-0.5120952,0.007381912,7.703154,6.900025,0.2795748
-0.4045508,-0.4772377,0.00734179,7.703127,7.100041,0.2795498
-0.4052304,-0.4423514,0.007306987,7.703105,7.300069,0.2795113
-0.4061108,-0.4074669,0.007377939,7.703092,7.500116,0.2794708
-0.4062211,-0.3736581,0.007556302,7.703085,7.700194,0.2794399
-0.406224,-0.3395637,0.007727955,7.703081,7.900322,0.2794268
-0.4061658,-0.3056823,0.00764358,7.703075,8.100532,0.2794379
-0.4062057,-0.2719403,0.007239702,7.703059,8.300886,0.2794848
-0.406061,-0.2382335,0.006508232,7.70302,8.501503,0.2795949
-0.4053144,-0.2040406,0.005755464,7.702933,8.70262,0.2798356
-0.4046449,-0.17103,0.005045325,7.702757,8.904716,0.280376
-0.4078101,-0.1365301,0.004470343,7.702418,9.108766,0.2816608
-0.4014997,-0.1069262,0.008556619,7.701838,9.316739,0.2848492
-0.4118348,-0.07534732,0.001761192,7.701089,9.530933,0.2918188
-0.3743519,-0.03953394,0.01034486,7.700128,9.748109,0.3109213
-0.4040445,-0.4772325,0.007670978,7.706528,7.100105,0.485009
-0.4047459,-0.4423449,0.007291088,7.70647,7.300174,0.4849385
-0.4054675,-0.4077882,0.007593698,7.706429,7.500287,0.4848614
-0.4055902,-0.3736336,0.006824115,7.706404,7.700474,0.4847993
-0.4057319,-0.3395716,0.007345295,7.70639,7.900779,0.4847687
-0.4056817,-0.3061238,0.007069114,7.706373,8.10128,0.4847836
-0.4065741,-0.272507,0.007361345,7.706334,8.302119,0.4848646
-0.4061792,-0.2390535,0.007151833,7.706241,8.50356,0.4850553
-0.4066769,-0.2048051,0.007670139,7.706039,8.706123,0.4854541
-0.4062591,-0.1718917,0.006550114,7.705623,8.91085,0.4862797
-0.4078563,-0.1349022,0.007169673,7.70482,9.119835,0.48801
-0.4053775,-0.1052315,0.006735282,7.703526,9.336454,0.4912507
-0.4150141,-0.06864623,0.00213454,7.701923,9.562099,0.4957809
-0.3964132,-0.03459357,0.006329679,7.699192,9.78446,0.512923
-0.4073861,-0.4415934,0.004955542,7.709652,7.300298,0.6900192
-0.4078838,-0.4071562,0.005010183,7.709566,7.500489,0.6899263
-0.4078596,-0.3729417,0.004496341,7.709508,7.700802,0.6898468
-0.4081491,-0.3384751,0.004824346,7.709469,7.901314,0.6898034
-0.4086341,-0.3051462,0.004716616,7.709432,8.102152,0.689816
-0.4094942,-0.2716091,0.005048803,7.709362,8.30354,0.6899103
-0.4097416,-0.237141,0.004549485,7.709205,8.505888,0.6901324
-0.4076664,-0.2030383,0.005121655,7.708864,8.709981,0.6905738
-0.4088334,-0.1690368,0.004549977,7.708157,8.917337,0.6914136
-0.4066544,-0.132667,0.005321339,7.70684,9.130643,0.6928843
-0.4046534,-0.1022458,0.003375609,7.704935,9.352487,0.6949359
-0.4191088,-0.06208867,0.002293747,7.702548,9.580753,0.6974217
-0.3971075,-0.03432545,0.008973149,7.698729,9.796198,0.7012725
-0.4083728,-0.4069176,0.003209282,7.711837,7.500674,0.8938062
-0.4081817,-0.3727396,0.003085354,7.71173,7.701104,0.8937293
-0.4092902,-0.3382411,0.003330438,7.711652,7.901804,0.8936824
-0.4093555,-0.3051134,0.003131705,7.711581,8.102947,0.893688
-0.4109619,-0.2713731,0.003335879,7.711475,8.304821,0.8937718
-0.4105282,-0.237444,0.003042744,7.711255,8.507943,0.8939708
-0.4075716,-0.2025022,0.003163344,7.71079,8.713258,0.8943455
-0.4075184,-0.1681266,0.002556569,7.709832,8.922493,0.894984
-0.4054574,-0.1315611,0.003475586,7.708147,9.138194,0.8959268
-0.4038465,-0.09956297,0.001401329,7.705845,9.36154,0.8971077
-0.4225064,-0.06087693,0.001509577,7.702966,9.589071,0.8981867
-0.3988024,-0.03336165,0.003945487,7.698886,9.800644,0.8988963
-0.410582,-0.3726045,0.001992013,7.71306,7.70133,1.096441
-0.4116915,-0.3379049,0.001924649,7.712934,7.902173,1.096397
-0.4117227,-0.3046678,0.002002981,7.712819,8.103543,1.096391
-0.4115979,-0.2701674,0.001972928,7.712671,8.305776,1.096446
-0.4113511,-0.2363908,0.00193762,7.712398,8.509442,1.096587
-0.4071328,-0.2007174,0.001761648,7.711844,8.715541,1.096844
-0.4078418,-0.1666552,0.002242006,7.710732,8.925787,1.097244
-0.4019459,-0.1301487,0.0006148556,7.708851,9.142391,1.097782
-0.4091069,-0.1007011,0.000959538,7.706325,9.365873,1.098391
-0.4204668,-0.05579768,0.0007724386,7.703256,9.592316,1.098914
-0.4007519,-0.03357817,0.003478826,7.6991,9.80191,1.09921
-0.4125029,-0.3377098,0.0007535985,7.713589,7.902384,1.29833
-0.4113869,-0.304406,0.0008623156,7.713426,8.103887,1.298309
-0.4115981,-0.2700474,0.0005877494,7.713233,8.306325,1.298326
-0.4106202,-0.2364301,0.0008094668,7.712917,8.510295,1.298395
-0.4076741,-0.2010039,0.0003533114,7.71231,8.716798,1.298527
-0.4053837,-0.1669836,0.0008117253,7.711128,8.927487,1.298728
-0.4069953,-0.1311407,0.000371255,7.709163,9.144389,1.298985
-0.4115467,-0.1003698,0.000583846,7.706553,9.36775,1.299263
-0.4207733,-0.05526833,0.000613607,7.703413,9.593515,1.299509
-0.4013619,-0.03251473,0.001477881,7.699229,9.802268,1.299676
-0.4124422,-0.3044694,0.0001808123,7.713657,8.103956,1.499872
-0.4118007,-0.2695264,0.0001316128,7.713419,8.306448,1.499844
-0.4110977,-0.2361765,0.0002987018,7.713067,8.510503,1.499835
-0.4078566,-0.1997251,0.0002221846,7.712432,8.717122,1.499845
-0.4060841,-0.1666544,0.0002311264,7.711226,8.927937,1.499872
-0.4069169,-0.130011,0.0001037671,7.709241,9.14492,1.49991
-0.4105393,-0.09935648,3.324749e-05,7.706613,9.368238,1.499949
-0.4176929,-0.05284762,5.128435e-05,7.703458,9.59381,1.49998
-0.401141,-0.03333715,0.0001913599,7.699266,9.802349,1.499996
-0.4112723,-0.2700317,-0.0004017441,7.71331,8.306152,1.701346
-0.4100466,-0.2362674,-0.0006604399,7.712933,8.510084,1.701257
-0.4074888,-0.2007521,-0.0002152225,7.71229,8.716567,1.701144
-0.4054091,-0.1670425,-0.0007002381,7.711096,8.927265,1.700998
-0.4065554,-0.1309208,-3.633191e-05,7.709134,9.144209,1.700818
-0.411442,-0.1006467,-0.0007021654,7.706535,9.367636,1.700623
-0.4207287,-0.05515961,-0.0005821589,7.703406,9.593467,1.700446
-0.4014663,-0.03234073,-0.001369281,7.699228,9.802258,1.700316
-0.4115069,-0.2364141,-0.001567702,7.712443,8.509063,1.903026
-0.4069821,-0.2004807,-0.00121483,7.711824,8.715117,1.902783
-0.4080547,-0.1666933,-0.002025122,7.710686,8.925371,1.902436
-0.401866,-0.1300623,-0.000265685,7.708807,9.142047,1.901981
-0.4093649,-0.1010947,-0.0008902533,7.706299,9.365652,1.901469
-0.4203476,-0.05578297,-0.0005833456,7.703247,9.592221,1.901029
-0.4010516,-0.03344056,-0.003265011,7.6991,9.801891,1.90078
-0.4072922,-0.202631,-0.002294271,7.710794,8.712725,2.105249
-0.4074913,-0.1687763,-0.002641553,7.7098,8.921953,2.104658
-0.4054656,-0.1318812,-0.002901981,7.708112,9.137734,2.103799
-0.4042527,-0.100177,-0.001732048,7.705827,9.361239,2.102725
-0.4217463,-0.06057949,-0.001487754,7.702965,9.588942,2.101744
-0.398718,-0.03301256,-0.003748596,7.698892,9.800617,2.101093
-0.4060857,-0.1322267,-0.003706588,7.70684,9.13017,2.306846
-0.4054925,-0.1032321,-0.003018785,7.704943,9.352174,2.304895
-0.4188722,-0.06142614,-0.001269451,7.702564,9.580624,2.302509
-0.3973432,-0.03409518,-0.008088181,7.698745,9.796174,2.29872
-0.403847,-0.1055872,-0.005794835,7.703576,9.336229,2.508628
-0.4133937,-0.06827723,-0.001743802,7.701964,9.562028,2.50418
-0.394693,-0.03443299,-0.005221725,7.699214,9.784457,2.487089
-0.4130666,-0.07572465,-0.000777208,7.701152,9.531043,2.70824
-0.3737251,-0.040061,-0.01192345,7.70016,9.748298,2.689366
-0.3761161,-0.02887365,0.02227657,7.650334,9.658117,2.861348
-0.3736151,-0.003840929,0.03235635,7.650196,9.855241,2.854055
-0.3735417,-0.003499963,-0.03296908,7.650102,9.854652,0.1476483
-0.4257994,0.0105008,0.03956989,7.624825,9.878836,2.926908
-0.3845644,-0.01457636,-0.003439265,7.650025,9.750582,0.04641494
-0.3759092,-0.02927339,-0.0227609,7.650322,9.65752,0.1389458
-0.3819092,-0.03259327,-0.004311609,7.650121,9.759031,0.1435842
-0.3799084,0.001972409,0.006543277,7.67551,9.878023,0.07482899
-0.3777105,-0.03287154,0.002556039,7.67551,9.824823,0.02195972
-0.4157809,0.02611304,-0.01283078,7.612158,9.864008,0.009893201
-0.389001,0.01988719,-0.06260406,7.625047,9.830014,0.07007977
-0.3561406,-0.02569033,-0.003970752,7.674994,9.829996,0.07009058
-0.4034699,-0.00130049,-0.002328974,7.687518,9.889335,0.01057293
-0.428777,0.002195343,-0.06591193,7.624522,9.878026,0.07482596
-0.3809348,-0.03507262,0.004173909,7.650154,9.759956,2.857312
-0.3877689,-0.04068626,-0.003083966,7.64905,9.646294,2.957102
-0.3807988,-0.0137167,0.005729158,7.650116,9.75226,2.954136
-0.0498402,-0.8556373,-0.003718386,5.476068,5.224379,0.02175333
-0.002461522,-0.832036,-0.0007314719,5.410665,5.287519,0.010591
-0.005849809,-0.8661627,-0.03242331,5.421791,5.224416,0.07597542
-0.04277669,-0.8359851,-0.01963189,5.470158,5.225025,0.07011698
0.003501509,-0.8302656,0.02613939,5.421725,5.275485,0.07607902
0.01122856,-0.7882579,0.03271049,5.470147,5.275004,0.07015022
0.00493744,-0.8296399,0.003396677,5.476123,5.275461,0.02170853
-0.002700154,-0.7853098,-0.0009562784,5.410665,5.487517,0.01059269
-0.005362852,-0.8147507,-0.03547792,5.421771,5.424376,0.07603287
0.007856805,-0.7725594,0.02544561,5.421716,5.475468,0.07610322
0.01299725,-0.7234977,0.03383546,5.470135,5.474999,0.07016005
-0.05525834,-0.814893,-0.003281704,5.476071,5.424376,0.02175849
-0.04918359,-0.7839937,-0.02752906,5.470139,5.425021,0.07013373
0.006183773,-0.7695579,0.009591241,5.476122,5.475459,0.02171194
-0.003146991,-0.7411311,-0.001121308,5.410665,5.687517,0.01059267
-0.006033604,-0.7701673,-0.03583849,5.42177,5.62437,0.07603634
0.008778037,-0.7266465,0.02522159,5.421715,5.675464,0.07610525
0.01404238,-0.6843962,0.03219177,5.470129,5.674996,0.07016484
-0.0507883,-0.7663163,-0.005245835,5.476071,5.624375,0.02175923
-0.04750908,-0.7408984,-0.02880183,5.470134,5.625017,0.07013739
0.007824275,-0.7254778,0.009604079,5.476122,5.675458,0.02171271
0.01294989,-0.645651,0.02973453,5.470129,5.874994,0.07016495
-0.05308867,-0.7302559,-0.005307218,5.47607,5.824375,0.02175917
-0.003364272,-0.7017535,-0.001478297,5.410665,5.887517,0.01059255
-0.007005045,-0.7313621,-0.0381108,5.42177,5.824368,0.07603668
-0.05083906,-0.7027039,-0.03360755,5.470133,5.825016,0.0701375
0.008429085,-0.6844869,0.0232321,5.421715,5.875462,0.07610547
0.007309807,-0.6828433,0.009800389,5.476121,5.875457,0.02171264
-0.05335864,-0.6562708,-0.00727112,5.476071,6.224375,0.02175872
-0.00370021,-0.6272572,-0.002653877,5.410665,6.287517,0.01059249
-0.008452089,-0.6584234,-0.03993907,5.421771,6.224366,0.07603656
-0.05385097,-0.6310472,-0.03779525,5.470135,6.225014,0.0701358
0.007585329,-0.6073464,0.02110829,5.421715,6.275461,0.07610526
0.01003581,-0.5782677,0.02600672,5.470129,6.274993,0.07016433
0.005874932,-0.6060091,0.008307821,5.476122,6.275457,0.02171256
-0.003796925,-0.5918568,-0.002969952,5.410665,6.487517,0.01059249
-0.009153466,-0.623498,-0.04048366,5.42177,6.424366,0.07603683
0.006868173,-0.5706592,0.01998456,5.421715,6.475461,0.07610521
0.008062018,-0.5460261,0.02425016,5.470128,6.474993,0.07016456
-0.0533076,-0.6200739,-0.008233121,5.47607,6.424375,0.02175926
-0.05498327,-0.5966531,-0.03886589,5.470133,6.425014,0.07013766
0.004999219,-0.5692592,0.007430513,5.476121,6.475457,0.02171268
-0.003956651,-0.5561033,-0.003200803,5.410665,6.687517,0.01059222
-0.01011398,-0.5893653,-0.04126338,5.42177,6.624366,0.07603486
0.005847908,-0.5343374,0.01828474,5.421714,6.67546,0.07610046
0.005165363,-0.5134215,0.02110533,5.470122,6.674991,0.07015785
-0.05436517,-0.5862977,-0.008890672,5.476069,6.624375,0.0217586
-0.05601188,-0.563549,-0.03991735,5.47013,6.625014,0.07013452
0.004140242,-0.5327635,0.006370344,5.476118,6.675457,0.02171121
-0.00844309,-0.5151313,-0.006558428,5.410644,6.887505,0.01056726
-0.01180651,-0.5514835,-0.04029578,5.421754,6.824353,0.07597385
0.004199334,-0.4944662,0.0185314,5.421665,6.875436,0.07593458
-0.007976819,-0.4859074,0.006484661,5.469974,6.874958,0.06999485
-0.05173374,-0.5412756,-0.01219806,5.476024,6.824363,0.02173899
-0.05751503,-0.5341843,-0.04180139,5.47007,6.824999,0.07006641
0.005398588,-0.4972714,0.002387956,5.475967,6.875434,0.02166076
-0.0037154,-0.4490634,-0.004436733,5.410615,7.287543,0.01053447
-0.007745857,-0.4866655,-0.03977983,5.421128,7.223881,0.07454243
0.001517347,-0.4282906,0.01698517,5.421537,7.275445,0.07561135
-0.002510573,-0.4163268,0.01685785,5.469715,7.275053,0.06973385
-0.04725052,-0.4687467,-0.01606489,5.474654,7.223876,0.02110246
-0.05581177,-0.4578719,-0.03149889,5.469097,7.225045,0.06909368
0.001029927,-0.4329846,-0.0006594165,5.475664,7.275443,0.02153197
-0.003916737,-0.4194077,-0.004144571,5.410665,7.487517,0.01059211
-0.01255143,-0.4557771,-0.04228002,5.421763,7.42437,0.07600917
0.002530226,-0.3938656,0.01395796,5.421712,7.475462,0.0760957
-0.00710898,-0.3838755,0.0100923,5.470115,7.474996,0.07015247
-0.05384577,-0.4452872,-0.012274,5.476053,7.42438,0.0217512
-0.05479784,-0.4316619,-0.03838521,5.470099,7.425022,0.07011163
0.002360793,-0.392147,0.002648855,5.476114,7.475459,0.02170956
-0.003989605,-0.3857405,-0.004028471,5.410665,7.687517,0.0105925
-0.0126664,-0.4204487,-0.04160112,5.42177,7.624366,0.07603576
0.001598816,-0.35957,0.01263809,5.421715,7.675461,0.07610491
-0.008765724,-0.3514479,0.007477686,5.470128,7.674993,0.07016423
-0.05416298,-0.4103394,-0.01235088,5.47607,7.624375,0.021759
-0.05405138,-0.3973826,-0.03746053,5.470131,7.625015,0.07013599
0.00162944,-0.3580446,0.001597628,5.476121,7.675458,0.02171256
-0.00395844,-0.3515951,-0.003703485,5.410665,7.887517,0.01059247
-0.01272303,-0.3861074,-0.04105505,5.42177,7.824366,0.0760367
0.0006068323,-0.3257374,0.01159924,5.421715,7.87546,0.0761047
-0.01070381,-0.3192959,0.004968231,5.470128,7.874993,0.070164
-0.05399599,-0.3769915,-0.01207698,5.47607,7.824375,0.0217592
-0.05241803,-0.3639833,-0.03596615,5.470132,7.825014,0.07013729
0.0009595722,-0.3242664,0.0006988936,5.476121,7.875457,0.02171247
-0.004124678,-0.3169804,-0.003073862,5.410664,8.087517,0.01059144
-0.01273802,-0.3521247,-0.0406146,5.42177,8.024364,0.0760273
-6.954926e-05,-0.2922649,0.01068046,5.42171,8.075456,0.07609083
-0.0128227,-0.2871109,0.003001957,5.470115,8.074988,0.07014257
-0.05357297,-0.3438724,-0.01135031,5.47607,8.024374,0.02175532
-0.05088563,-0.3307144,-0.03455166,5.470127,8.025013,0.07012693
4.257194e-05,-0.2913691,-0.0001614221,5.476106,8.075455,0.02170878
-0.003732279,-0.2685204,-0.003987622,5.409942,8.288862,0.009859624
-0.0159871,-0.3159715,-0.04182357,5.421634,8.224405,0.07567776
-0.006347157,-0.2638264,0.009010279,5.421196,8.276003,0.0750019
-0.006065982,-0.2632832,0.003194062,5.469419,8.275008,0.06943964
-0.05787168,-0.3207441,-0.01161978,5.475745,8.224417,0.02161604
-0.04403202,-0.2974686,-0.02982099,5.469845,8.224984,0.06984129
0.006726976,-0.2612183,-0.004249302,5.475055,8.276014,0.0211826
-0.003175403,-0.2479321,-0.002588234,5.410624,8.487539,0.010545
-0.008029725,-0.2791808,-0.03663315,5.421247,8.423819,0.07493896
-0.003274887,-0.2272103,0.01020278,5.421577,8.475414,0.07575265
-0.01306571,-0.2177419,0.004076726,5.469845,8.475022,0.06986872
-0.05022639,-0.2771716,-0.006190128,5.475017,8.423817,0.02122517
-0.04637666,-0.2568037,-0.03313375,5.469416,8.424998,0.06942233
-0.003422681,-0.2252596,-0.004985623,5.475791,8.475414,0.02157245
-0.003128377,-0.2111178,-0.001366958,5.410665,8.687516,0.01059219
-0.01176855,-0.2456012,-0.0345793,5.421767,8.624364,0.07601716
-0.002685913,-0.1936937,0.008099588,5.421714,8.675457,0.07609827
-0.01655873,-0.1901473,-0.0006424097,5.470122,8.674993,0.07015646
-0.04697265,-0.2380568,-0.01050306,5.476061,8.624378,0.02175284
-0.0423191,-0.2290418,-0.02356162,5.470117,8.625018,0.07011726
-0.002887184,-0.1968007,-0.002442427,5.476117,8.675458,0.02171045
-0.002861335,-0.1769271,-0.0009674317,5.410665,8.887516,0.0105924
-0.01128129,-0.2103488,-0.03258887,5.42177,8.824357,0.07603522
-0.003211232,-0.1609905,0.006851453,5.421715,8.875451,0.07610354
-0.0185841,-0.1594728,-0.002808345,5.47013,8.874991,0.07016486
-0.04639768,-0.2058209,-0.008535965,5.47607,8.824374,0.02175909
-0.04045284,-0.1962912,-0.02232022,5.470133,8.825013,0.07013661
-0.004324993,-0.1625943,-0.002945587,5.476122,8.875457,0.02171258
-0.002619088,-0.1426996,-0.0006752964,5.410665,9.087515,0.01059229
-0.009740254,-0.1725271,-0.02905199,5.42177,9.02435,0.07603482
-0.003471252,-0.1293964,0.006149298,5.421716,9.075444,0.07610224
-0.01747068,-0.1280894,-0.002678293,5.470134,9.074992,0.07016635
-0.04114109,-0.1675498,-0.008343757,5.47607,9.024374,0.02175917
-0.03450772,-0.1610454,-0.0174202,5.470135,9.025012,0.07013773
-0.006211931,-0.1318482,-0.002516037,5.476122,9.075457,0.02171273
-0.002443809,-0.1073662,-0.0005313502,5.410665,9.287513,0.01059082
-0.009156014,-0.138093,-0.02631714,5.421773,9.224342,0.07603015
-0.003430684,-0.09744094,0.004808979,5.421723,9.275432,0.07608997
-0.0200107,-0.09841267,-0.004980288,5.470152,9.275004,0.07017466
-0.0398955,-0.1355031,-0.006550551,5.476074,9.224378,0.02175955
-0.03137857,-0.1295933,-0.01526901,5.470145,9.225019,0.07014027
-0.007792899,-0.09803702,-0.003316668,5.476121,9.275457,0.02171666
-0.002066398,-0.07235114,-0.0002825748,5.410665,9.487514,0.01058645
-0.006277338,-0.09509706,-0.01987079,5.421809,9.424297,0.07595857
-0.002764606,-0.06635248,0.003842766,5.421845,9.475219,0.0757744
-0.01665981,-0.06653539,-0.002128278,5.470245,9.475084,0.07024592
-0.0312021,-0.09313578,-0.00505466,5.476026,9.424338,0.02179178
-0.0228737,-0.08932557,-0.009757595,5.470201,9.425061,0.07017831
-0.009562565,-0.0664945,-0.002507937,5.475834,9.47524,0.02183441
-0.001607246,-0.04030206,-0.0001986849,5.410668,9.687551,0.01058613
-0.005552787,-0.05783555,-0.01007778,5.42196,9.624221,0.07555259
-0.005082211,-0.03923046,0.002338941,5.422027,9.675418,0.07544379
-0.01375556,-0.03702011,0.001964285,5.470513,9.675704,0.07051827
-0.02308646,-0.0549987,-0.002857068,5.475656,9.624194,0.02193929
-0.01883927,-0.05532828,-0.003208186,5.470388,9.625397,0.07035988
-0.01188603,-0.03806191,-0.002186342,5.475534,9.67531,0.02201948
-0.0693905,-0.04701354,0.007818936,5.751367,9.647208,0.04349473
-0.03919878,-0.0201732,0.0009637075,5.649973,9.752575,0.04663625
-0.06331686,-0.02890979,0.004519406,5.749947,9.753322,0.04580991
-0.04020365,-0.04288539,-0.01312021,5.647169,9.654316,0.1418048
-0.06112679,-0.04979039,-0.005135616,5.748679,9.656356,0.1397445
-0.03718251,-0.02147741,-0.005002952,5.64792,9.756952,0.1438174
-0.06240466,-0.01836419,0.002710825,5.749159,9.758767,0.1425736
-0.1046823,-0.04921693,0.008840911,5.950934,9.646497,0.04291213
-0.07548914,-0.01977854,0.002450085,5.849912,9.753259,0.04556297
-0.09754991,-0.03381363,0.006376762,5.949859,9.752538,0.04577328
-0.07290242,-0.04446395,-0.01318576,5.849535,9.657302,0.1390092
-0.09740286,-0.05251288,-0.004335172,5.949523,9.657858,0.1387055
-0.0728615,-0.0195725,-0.005563192,5.849643,9.759729,0.1422733
-0.1006085,-0.01717985,0.001496728,5.949747,9.759877,0.1425184
-0.04684491,-0.004155829,-0.001733842,5.675223,9.879444,0.07183293
-0.04521601,-0.009639689,-0.0007696222,5.675436,9.827784,0.02048525
-0.0439938,-0.002771629,-0.00126714,5.625091,9.877425,0.02245609
-0.04186504,-0.007240339,-0.005067577,5.624281,9.831732,0.06823528
-0.04390807,-0.01199209,-0.001755334,5.674584,9.832855,0.06711898
-0.04149237,-0.00204634,-0.004044086,5.624384,9.878743,0.07304668
-0.04687042,-0.002724176,-9.849163e-05,5.67481,9.878168,0.02170207
-0.08114101,-0.00236962,-0.002515155,5.875534,9.879746,0.07107361
-0.08043994,-0.01201696,-0.001409881,5.875591,9.828436,0.02017051
-0.0817247,-0.003961704,0.0005331044,5.82498,9.878617,0.02122393
-0.0790614,-0.001387449,-0.008335432,5.824893,9.833743,0.06629966
-0.07514181,-0.008370102,-0.003780037,5.875002,9.833623,0.06644327
-0.08747869,-0.002403306,-0.005652273,5.824382,9.879813,0.07085537
-0.08339513,-0.002626389,-5.359716e-05,5.875092,9.878521,0.02132475
-0.1369965,-0.002675714,-0.02289434,6.275161,9.878502,0.0741012
-0.135534,-0.009925881,-0.002772854,6.275176,9.825508,0.02147921
-0.156321,-0.001960247,-0.002852034,6.225348,9.876927,0.02295983
-0.1516056,0.007563867,-0.03134804,6.225053,9.831387,0.06871301
-0.1327181,-0.01017262,-0.01001052,6.274936,9.831368,0.06872856
-0.1736282,4.763721e-05,-0.02643413,6.22483,9.878507,0.07408812
-0.1451501,-0.008162014,-0.00195772,6.274652,9.876925,0.02296298
-0.03463165,-0.04942592,-0.003684585,5.541597,9.654465,0.2473311
-0.00493595,-0.02247932,-0.001129405,5.446289,9.753342,0.2499694
-0.02753734,-0.02049569,-0.0017474,5.543342,9.757267,0.2481203
-0.00257579,-0.04171902,-0.002447864,5.443444,9.647362,0.3514841
-0.03548396,-0.04737833,0.0007669403,5.539604,9.656503,0.3488057
-0.004458981,-0.02271706,0.001164324,5.445675,9.753562,0.350019
-0.02581609,-0.01773379,0.000346849,5.542301,9.758954,0.3492712
-0.01427745,-0.01290479,-0.0008956289,5.466778,9.833124,0.2243737
-0.003897194,-0.002252101,-0.002351004,5.421361,9.878496,0.2248094
-0.003235324,-0.01067094,0.001761424,5.420136,9.828688,0.2754768
-0.01160972,-0.0004434529,-0.003494974,5.471134,9.879593,0.2241431
-0.003750304,-0.002393468,0.002799655,5.421216,9.878619,0.2749312
-0.01164347,-0.0003775823,0.003859041,5.470846,9.879767,0.2753292
-0.01436591,-0.01304615,0.001462283,5.46637,9.833543,0.2747236
-0.03398718,-0.0482319,-0.000379106,5.538838,9.657538,0.4496281
-0.003624034,-0.02111324,-0.0001311436,5.445409,9.753562,0.4499672
-0.0264185,-0.01729049,-0.0001019986,5.54194,9.759997,0.4497069
-0.001255819,-0.04312854,-0.003913062,5.4428,9.647023,0.5510424
-0.03476005,-0.04706822,0.0001198211,5.538411,9.658327,0.5496147
-0.004195422,-0.0221111,-0.0002575713,5.445321,9.753628,0.5499852
-0.02657146,-0.01671576,-0.0006131638,5.541773,9.760564,0.5498058
-0.002780536,-0.002616989,0.0001118717,5.421128,9.878687,0.4249651
-0.001826168,-0.01010076,-0.0009381204,5.42002,9.828844,0.475556
-0.003176275,-0.001914182,2.314402e-05,5.421122,9.878688,0.4750098
-0.008151919,-0.001076592,6.510119e-05,5.470562,9.879881,0.4754821
-0.01040277,-0.0123592,0.001251696,5.466062,9.833904,0.424901
-0.008567074,-0.001439816,0.0008726089,5.470594,9.879872,0.424376
-0.01174136,-0.01140891,0.0002695941,5.46603,9.833967,0.4749675
-0.0356789,-0.04846319,-0.001591658,5.538272,9.658653,0.6500109
-0.004272987,-0.02155721,-0.0009078209,5.445293,9.753659,0.6500048
-0.02813988,-0.01601856,-0.001182586,5.541701,9.760816,0.6499053
-0.001510176,-0.04255912,-0.003485143,5.442725,9.647025,0.7510363
-0.03562118,-0.04787846,0.0008795009,5.538179,9.658889,0.7497417
-0.004442971,-0.02171985,0.0002591434,5.445295,9.753617,0.7500133
-0.02813091,-0.01564829,0.0004232143,5.541696,9.760905,0.749908
-0.003282541,-0.0022518,-0.001001311,5.421117,9.878688,0.6249745
-0.001992632,-0.01016197,-0.001313002,5.420013,9.828839,0.6755577
-0.002878057,-0.002682803,-9.66778e-05,5.421117,9.878687,0.6750178
-0.009706662,-0.001218479,0.0001011398,5.47053,9.879891,0.6755188
-0.01160382,-0.01211269,-0.001102415,5.465987,9.834013,0.6249609
-0.009311004,-0.001115838,-0.00180568,5.470531,9.879891,0.6244239
-0.01163276,-0.012084,-0.0002527741,5.465991,9.834024,0.674997
-0.03543733,-0.04891635,-0.001590714,5.538343,9.658638,1.050163
-0.004159374,-0.02194844,8.216075e-06,5.445788,9.752132,1.049986
-0.02799544,-0.01636361,-0.0002472081,5.542428,9.760216,1.050014
-0.001414811,-0.04376588,-0.004003034,5.442808,9.646387,1.151011
-0.03580276,-0.04801172,0.0007062152,5.538328,9.658666,1.149786
-0.004356224,-0.02207056,0.0001373467,5.445787,9.752122,1.150021
-0.02719729,-0.01711518,4.870497e-05,5.542427,9.76022,1.149962
-0.0008199824,-0.0008026064,-0.0002369196,5.409415,9.890439,1.011347
-0.002448132,-0.01147516,-0.001190188,5.421187,9.826106,1.075792
-0.003695212,-0.002445245,0.0003442652,5.422634,9.877191,1.07542
-0.009432313,-0.001102047,6.731073e-05,5.473341,9.878753,1.075769
-0.01194075,-0.01236467,-0.000454487,5.468162,9.831871,1.02506
-0.01035973,-0.0009963431,-0.001259203,5.472067,9.879209,1.024496
-0.01227513,-0.0125532,-3.85364e-05,5.468118,9.831922,1.075061
-0.03560801,-0.04831189,-0.0009998564,5.538318,9.658692,1.650203
-0.004338081,-0.02182225,-0.0001563155,5.445787,9.752128,1.64998
-0.02760905,-0.01638254,-0.0001713159,5.542424,9.760229,1.650031
-0.001379943,-0.04384808,-0.003515272,5.442806,9.646395,1.751
-0.0356859,-0.04803381,0.001119089,5.538321,9.658688,1.749817
-0.004383976,-0.02194995,0.0001767823,5.445785,9.752127,1.750015
-0.02767441,-0.01638238,0.000102735,5.54242,9.76023,1.749973
-0.0005647612,-0.001087392,-0.000540178,5.409415,9.890438,1.611347
-0.002318302,-0.0111939,-0.0009699693,5.421187,9.826105,1.67579
-0.00314873,-0.002806461,1.356974e-05,5.422634,9.87719,1.675419
-0.00940928,-0.001331584,0.0002187654,5.473344,9.878753,1.675767
-0.0113606,-0.01275738,-0.0003167506,5.468164,9.831868,1.625059
-0.009650222,-0.0008996159,-0.0007155028,5.472072,9.879209,1.624495
-0.01240654,-0.01223434,7.268319e-05,5.46812,9.831921,1.67506
-0.03808427,-0.6857371,-0.002305877,5.54078,5.849984,2.859245
-0.001846769,-0.6894891,-0.02344051,5.444068,5.951,2.849754
-0.02326553,-0.6653433,-0.01197578,5.540756,5.950012,2.859269
-0.00792296,-0.7113593,0.007346428,5.421335,5.824965,2.978801
-0.0583963,-0.7024969,0.00634119,5.550284,5.848991,2.955891
-0.007711434,-0.7320337,0.003409689,5.421331,5.975033,2.978804
-0.003788032,-0.688733,-4.691039e-05,5.550268,5.951001,2.9559
-0.1950375,-0.05600148,-0.004314912,6.549766,9.658674,2.861571
-0.1780623,-0.03030331,0.01006213,6.449976,9.759936,2.857201
-0.2058075,-0.007457643,-0.003566364,6.549977,9.759959,2.857207
-0.1844509,-0.03227054,-0.003893177,6.448977,9.646379,2.957147
-0.2102956,-0.05463969,-0.01165923,6.551001,9.646396,2.95715
-0.1877838,-0.01840274,-0.001084531,6.449919,9.751602,2.953984
-0.2048745,-0.04062482,-0.009835799,6.550073,9.751622,2.953981
-0.3306037,-0.057921,-0.007340743,7.349862,9.658415,2.86144
-0.3209431,-0.03381894,0.008552211,7.250031,9.76041,2.857674
-0.3498104,-0.002469555,-0.007173817,7.350002,9.759776,2.857057
-0.3285496,-0.04097089,-0.004744564,7.249004,9.646687,2.957194
-0.3603871,-0.05684981,-0.01552258,7.351014,9.646221,2.95711
-0.3260517,-0.01514503,0.001032132,7.249935,9.752644,2.954291
-0.3498443,-0.04738888,-0.009299755,7.349946,9.751449,2.953923
-0.004226575,-0.8551474,0.02710837,5.470155,5.125021,0.07008693
-0.0007680768,-0.8978951,0.004901055,5.410659,5.112487,0.01058731
-0.04715612,-0.9030622,-0.006191776,5.476056,5.175632,0.02174885
-0.007412599,-0.9154294,-0.008103258,5.421799,5.175712,0.07593716
-0.0006313305,-0.9135681,0.01006788,5.421814,5.124819,0.07571663
-0.05200108,-0.8743792,-0.02208649,5.470159,5.175001,0.07009982
-0.02766434,-0.9081024,0.004001984,5.476069,5.124553,0.02169559
-0.008237701,-0.001878911,0.0005101109,5.471792,9.877873,0.1251712
-0.002897626,-0.01335138,0.002059754,5.422102,9.827969,0.1253666
-0.01056398,-0.01635435,-0.002051421,5.467542,9.832369,0.1740681
-0.003046048,-0.002975506,-0.0007783224,5.421711,9.878169,0.1749267
-0.01355931,-0.01387113,-1.292297e-05,5.469166,9.830795,0.1231875
-0.004145141,-0.00189155,0.001659371,5.422527,9.877368,0.1249241
-0.008161011,-0.002120719,-0.001744929,5.471669,9.879178,0.1752697
-0.05583908,-0.004912237,0.001859537,5.724208,9.879712,0.07114563
-0.05044359,-0.01846088,0.003137124,5.724347,9.828437,0.02021089
-0.07482007,-0.004278378,0.001076332,5.774965,9.878614,0.0212266
-0.07303058,-0.0188562,0.009398247,5.774861,9.833704,0.06631857
-0.04916801,-0.01913066,0.006319912,5.72467,9.833418,0.06656625
-0.08297776,-0.004014547,0.008433076,5.775403,9.879802,0.07086681
-0.05353849,-0.004954781,-0.0004572866,5.724837,9.878513,0.02134209
-0.09150109,-0.006169611,0.003886975,5.924449,9.879511,0.07173227
-0.08536708,-0.02193403,0.003704278,5.924474,9.827796,0.0204161
-0.1163159,-0.004792995,0.001068586,5.974776,9.877456,0.02239883
-0.110755,-0.02030857,0.01045504,5.974988,9.832249,0.06782415
-0.08475976,-0.02038323,0.007671274,5.92501,9.833148,0.06693186
-0.124531,-0.007921514,0.006562193,5.975168,9.878898,0.0729259
-0.09191046,-0.005727829,-0.001007476,5.925097,9.878185,0.02167245
-0.2464291,-0.009416521,0.01620209,6.724563,9.877877,0.07532553
-0.2312653,-0.03121088,0.004912792,6.724548,9.824341,0.02212099
-0.2851019,-0.001515732,0.002482491,6.787285,9.889531,0.01036562
-0.2652754,-0.01465653,0.02206556,6.774958,9.830326,0.06979516
-0.2211535,-0.04648068,0.0476516,6.725025,9.830433,0.06968733
-0.2908058,-0.01258028,0.04435392,6.775048,9.878335,0.07433793
-0.2241713,-0.01032227,-0.003498858,6.725005,9.876219,0.02368278
-0.003175499,-0.8100379,-0.01630961,5.468023,5.325039,2.932002
-0.003412507,-0.8853302,0.01097198,5.420578,5.375684,2.926156
-0.01488312,-0.8528516,0.01120925,5.422683,5.325349,2.977397
-0.02873003,-0.8864264,0.0007538541,5.474005,5.375667,2.979464
0.003121298,-0.8711791,-0.0200875,5.420912,5.324931,2.925583
-0.03206011,-0.8206153,0.01679472,5.467514,5.374994,2.932452
0.007087943,-0.8718293,-0.007332519,5.47455,5.324925,2.979109
0.008202576,-0.7410998,-0.02376523,5.468022,5.474978,2.931965
-0.01295538,-0.8390398,0.01262664,5.420836,5.424066,2.925953
-0.03035007,-0.8361099,0.01165482,5.474211,5.424046,2.979201
-0.01209375,-0.795641,0.009830595,5.409526,5.488666,2.990596
-0.05204026,-0.7869533,0.03375531,5.467759,5.424918,2.932201
-0.002139709,-0.796698,-0.02416292,5.420456,5.475506,2.926902
0.01596087,-0.7915711,0.001050011,5.473269,5.475495,2.979568
0.01269409,-0.7155691,-0.027455,5.466029,5.724962,2.934001
-0.003778437,-0.8078311,0.01430518,5.419898,5.775683,2.928272
-0.005136072,-0.7717372,0.002331268,5.421351,5.724984,2.978781
-0.02462294,-0.7964106,0.006030327,5.472014,5.775677,2.980172
0.004928057,-0.7884633,-0.02298223,5.419863,5.724497,2.928195
-0.03534351,-0.7351725,0.02103358,5.46598,5.775017,2.934035
0.01894475,-0.7802032,-0.005032576,5.472089,5.724498,2.980208
0.01947649,-0.5284986,-0.03031731,5.465964,6.724976,2.934073
-0.0009873289,-0.6199362,0.002222404,5.41989,6.775685,2.928303
-0.0004976748,-0.5737397,0.0003303689,5.421329,6.724996,2.978809
-0.01667007,-0.6089425,0.004258272,5.471989,6.775682,2.980181
0.007648186,-0.5886787,-0.02141286,5.419844,6.724507,2.928276
-0.02426731,-0.5614072,0.01140102,5.465952,6.775022,2.934066
0.02215303,-0.5848149,-0.008738775,5.472021,6.72451,2.98023
0.004144662,-0.4916092,-0.009720376,5.46597,6.875027,2.934065
-0.01496044,-0.5769547,0.0330733,5.419891,6.824315,2.928302
-0.03236951,-0.5660705,0.01234095,5.47199,6.824319,2.98018
-0.0003518755,-0.5086894,0.003734064,5.42133,6.875005,2.978807
-0.05367283,-0.5296268,0.04138385,5.465954,6.82498,2.934064
-0.00833252,-0.5216981,0.001041935,5.419846,6.875494,2.928269
0.01433176,-0.5126517,-0.003162594,5.472026,6.875491,2.980228
-0.001843815,-0.4667349,-0.003413275,5.432172,7.362396,2.967912
-0.002567168,-0.4729525,-0.01144472,5.409265,7.388287,2.965648
-0.008040825,-0.4543302,0.007266061,5.410308,7.362652,2.989789
0.007264154,-0.4741354,0.0002557497,5.434579,7.388329,2.990792
5.003706e-05,-0.4535684,-0.03838398,5.409573,7.362335,2.965022
-0.01379985,-0.4816634,0.0107168,5.431449,7.387407,2.968596
0.0360788,-0.4510601,-0.003148564,5.435202,7.362341,2.990464
0.008439989,-0.3922067,-0.01753807,5.432932,7.762493,2.967108
-0.001812017,-0.4285189,0.01391024,5.409914,7.787851,2.964114
0.000770681,-0.3971158,-0.001848707,5.410656,7.762499,2.989411
-0.02368364,-0.4285604,0.002141267,5.436043,7.787848,2.990119
0.00527239,-0.4181902,-0.01665434,5.409881,7.762268,2.964094
-0.02175732,-0.3953952,0.01472473,5.432915,7.787503,2.967096
0.01823238,-0.4147935,-0.005714251,5.436063,7.762262,2.990142
-0.005399454,-0.3326163,-0.002166797,5.432876,7.837487,2.967155
-0.01279937,-0.3904276,0.02653168,5.409907,7.81214,2.964126
-0.03215082,-0.3904751,0.01264165,5.43603,7.812146,2.990121
-0.0017942,-0.336772,0.0002367617,5.410641,7.837489,2.989432
-0.006084627,-0.3417257,0.004128493,5.436011,7.837721,2.990159
-0.03608082,-0.376835,0.02764468,5.432904,7.812487,2.967112
-0.004911847,-0.3411004,2.438702e-05,5.409871,7.837729,2.964154
-0.01928056,-0.1555812,0.006235281,5.469321,8.874927,2.930643
-0.01058097,-0.2151821,0.02206361,5.421787,8.824422,2.923793
-0.03728918,-0.2171087,0.007720567,5.476219,8.824421,2.97819
-0.002072741,-0.1783948,0.0004450366,5.410339,8.887238,2.989757
-0.03886886,-0.1997003,0.02268647,5.469342,8.825009,2.930614
-0.0029883,-0.1641747,-0.008435392,5.421219,8.875012,2.924999
-0.003666155,-0.1665511,0.003045845,5.475081,8.875013,2.978784
-0.166651,-0.002429403,0.00699747,6.475459,9.878257,2.925856
-0.1815404,0.01725389,0.0435428,6.425054,9.831164,2.931093
-0.1703345,-0.02462403,0.002253982,6.475471,9.825435,2.978294
-0.1867393,-0.003487845,-0.003575512,6.41118,9.890138,2.990251
-0.154795,-0.01283708,0.01430721,6.474999,9.83061,2.930541
-0.2081212,-0.003135362,0.04511743,6.424032,9.878712,2.926778
-0.1937962,-0.001791701,5.392214e-05,6.487533,9.889408,2.989507
-0.2007043,-0.006546069,-0.009537242,6.524544,9.878255,2.925859
-0.2223871,-0.02516581,-0.03164992,6.57494,9.831189,2.931073
-0.183505,-0.02930023,0.001183878,6.524527,9.825433,2.978295
-0.2390203,-0.0005912612,0.002511043,6.58882,9.890137,2.990252
-0.1735224,-0.03364218,-0.03155875,6.524997,9.830618,2.930533
-0.2470107,-0.005184727,-0.04492526,6.575973,9.8787,2.926793
-0.1922242,0.0002493214,0.001491318,6.512467,9.889407,2.989507
0.001090882,-0.8348741,0.004079241,5.410665,5.312485,0.01059131
-0.01017703,-0.8646027,-0.01561172,5.421771,5.375646,0.07603368
-0.0002283673,-0.8618029,0.0158897,5.421721,5.324557,0.07608965
0.006793073,-0.8010736,0.02583205,5.470143,5.325015,0.07015421
-0.02845482,-0.8628949,-0.00418995,5.476068,5.375627,0.02175884
-0.0477231,-0.8173662,-0.02873395,5.470141,5.374994,0.07013273
-0.003952046,-0.8543947,0.0045186,5.476122,5.324545,0.02171085
0.0009031576,-0.7848946,0.003424035,5.410665,5.512484,0.01059271
-0.008950547,-0.815523,-0.008393124,5.42177,5.575639,0.07603872
-0.0003008841,-0.8102181,0.01607586,5.421716,5.524545,0.07610433
0.009658739,-0.7490383,0.0281529,5.470134,5.525011,0.07016106
-0.02535606,-0.8111457,-0.006436018,5.476068,5.575626,0.02175987
-0.04311201,-0.7668257,-0.02587513,5.470135,5.574989,0.07013702
-0.004550504,-0.8058493,0.002852616,5.476122,5.524544,0.02171233
0.0005514065,-0.7408807,0.002886029,5.410665,5.712483,0.01059269
-0.0186099,-0.7743777,-0.006043505,5.476068,5.775625,0.02176001
-0.00920723,-0.7771325,-0.005357223,5.42177,5.775636,0.07603917
0.001433522,-0.7663924,0.0198175,5.421715,5.724542,0.07610559
-0.04104023,-0.7305137,-0.02580352,5.470133,5.774988,0.07013806
0.01431788,-0.7080441,0.03072012,5.470129,5.725009,0.07016508
0.001022863,-0.7629623,0.004091493,5.476121,5.724543,0.02171299
-3.773869e-06,-0.6224238,0.001368649,5.410665,6.312483,0.01059249
-0.008133938,-0.6666744,0.000556517,5.42177,6.375634,0.07603927
0.004550341,-0.6475411,0.02043375,5.421715,6.324539,0.07610569
0.02064476,-0.5923919,0.03565546,5.470129,6.325007,0.07016501
-0.01062504,-0.6629191,-0.005777359,5.476068,6.375625,0.02176008
-0.03287227,-0.6249304,-0.02063109,5.470133,6.374986,0.07013821
0.001699726,-0.6447224,0.006194775,5.476121,6.324543,0.02171291
-0.0002883249,-0.5855502,0.0007748721,5.410665,6.512483,0.01059248
-0.007970953,-0.6317843,0.00276823,5.421769,6.575634,0.0760382
0.00514203,-0.6103822,0.02047571,5.421715,6.524539,0.07610538
0.02248351,-0.5557894,0.03777316,5.470128,6.525007,0.07016449
-0.00822117,-0.6278716,-0.005316612,5.476067,6.575625,0.02175981
-0.03022153,-0.5920451,-0.01804535,5.470131,6.574985,0.07013656
0.001094999,-0.6073501,0.006678291,5.476121,6.524543,0.02171284
-0.0006836591,-0.5476574,0.0001971322,5.410665,6.712483,0.0105921
-0.008967102,-0.5938964,0.005754619,5.421763,6.775631,0.07601219
0.004626203,-0.5723391,0.01947714,5.421712,6.724538,0.07609597
0.02158389,-0.5210526,0.03682833,5.470117,6.725004,0.07015133
-0.006762876,-0.5890688,-0.006666525,5.476049,6.775619,0.02175157
-0.02820371,-0.5586653,-0.01677573,5.470106,6.774978,0.07010642
9.374522e-05,-0.5685026,0.00629584,5.476114,6.724541,0.02170964
-0.01029326,-0.4916575,-0.009614307,5.410615,6.912457,0.01053439
-0.006365525,-0.5627462,0.02046664,5.421112,6.976112,0.0745611
0.003905469,-0.5324394,0.02324313,5.421537,6.924553,0.07561293
0.01602641,-0.4807676,0.02898744,5.469723,6.924947,0.06972625
0.01120922,-0.5526218,-0.00695892,5.474636,6.976129,0.02111307
0.003250638,-0.5266889,0.007868412,5.469123,6.974958,0.06907011
0.009919115,-0.5282398,0.002267247,5.475664,6.924557,0.02153135
-0.000211331,-0.4356097,-0.003616882,5.410644,7.312495,0.01056726
-0.004738657,-0.4879245,0.008822764,5.421752,7.375647,0.07597826
0.005679023,-0.4590252,0.01804614,5.421664,7.324563,0.0759358
0.02388686,-0.4133455,0.03907955,5.46997,7.325042,0.06999894
0.0007550211,-0.4814013,-0.001518768,5.476018,7.375637,0.0217414
-0.01178168,-0.4542926,-0.003171524,5.470062,7.375001,0.0700736
-7.611256e-05,-0.4539531,0.007185115,5.475966,7.324566,0.02166207
-0.0009365153,-0.4037985,-0.003374397,5.410665,7.512483,0.01059222
-0.004446819,-0.452788,0.01256099,5.421769,7.575635,0.07603731
0.005378493,-0.4244065,0.01486356,5.421713,7.52454,0.07610107
0.02409266,-0.3800437,0.04223103,5.470122,7.525009,0.07015831
-0.00378429,-0.4455921,4.246589e-06,5.476066,7.575625,0.02175943
-0.01300285,-0.4220945,-0.0008121496,5.47013,7.574986,0.07013505
-0.0043021,-0.4196004,0.006693489,5.476117,7.524544,0.02171158
-0.001134079,-0.368737,-0.00400632,5.410665,7.712483,0.0105925
-0.003515676,-0.4157643,0.01377077,5.42177,7.775634,0.07603905
0.005095674,-0.3868136,0.01317608,5.421715,7.724539,0.07610557
0.02208698,-0.3463042,0.04007978,5.470128,7.725007,0.07016476
-0.001347566,-0.4093652,0.0009834756,5.476067,7.775625,0.02175998
-0.009308852,-0.3872608,0.002914298,5.470132,7.774986,0.07013804
-0.00525387,-0.3825749,0.006406338,5.476121,7.724543,0.02171289
-0.00128604,-0.334464,-0.00422074,5.410665,7.912483,0.01059245
-0.002730196,-0.3792082,0.01592913,5.421769,7.975634,0.076034
0.004798933,-0.3497034,0.01145051,5.421715,7.924539,0.07610443
0.01964357,-0.313205,0.03751581,5.470127,7.925007,0.07016301
0.001993353,-0.3733617,0.001699089,5.476067,7.975624,0.02175789
-0.005966096,-0.3524792,0.006568937,5.47013,7.974985,0.0701327
-0.006173795,-0.3457176,0.005864093,5.47612,7.924543,0.02171241
-0.002215903,-0.3002327,-0.003797595,5.410663,8.112483,0.0105905
-0.001967079,-0.3420145,0.01730144,5.421734,8.175622,0.07592048
0.005012606,-0.3128597,0.009498085,5.421702,8.124532,0.07606811
0.01656684,-0.2799968,0.03552707,5.470089,8.124998,0.07011761
0.006313925,-0.3384452,0.001970032,5.475963,8.175611,0.02172106
-0.002583326,-0.3165248,0.01296192,5.470025,8.174966,0.070027
-0.007381376,-0.3094877,0.004925265,5.476084,8.124534,0.02170132
-0.00233804,-0.2326971,-0.004191948,5.410648,8.512492,0.01057266
-0.0006400398,-0.2639088,0.01825109,5.421759,8.575639,0.07599711
0.001964189,-0.2375162,0.006964907,5.421678,8.524549,0.07598994
0.008487213,-0.2146713,0.02648689,5.470026,8.525026,0.0700518
0.005952098,-0.2585445,0.003031151,5.476036,8.575632,0.02174631
0.001318457,-0.2417091,0.01455711,5.470093,8.574994,0.070092
-0.009960783,-0.2346752,0.003456233,5.476013,8.524554,0.02167644
-0.002694781,-0.2001885,-0.003572884,5.410665,8.712483,0.01059225
-0.000855483,-0.2275596,0.02179689,5.42177,8.775627,0.0760367
0.002095365,-0.2021804,0.002310522,5.421714,8.724534,0.07610194
0.007438394,-0.183005,0.02359238,5.470125,8.725006,0.07016092
0.007825781,-0.2239108,0.002570973,5.476067,8.775624,0.02175968
0.00109312,-0.2094243,0.01607131,5.470132,8.774985,0.07013678
-0.01192007,-0.2002776,0.002724447,5.476119,8.724543,0.02171207
-0.002893647,-0.1673364,-0.002899587,5.410665,8.912482,0.01059248
-0.0003765681,-0.1875625,0.02015707,5.421771,8.97562,0.07603676
0.001302684,-0.1658776,-0.0006489742,5.421715,8.924528,0.07610408
0.003070708,-0.1512357,0.01897179,5.470129,8.925004,0.07016494
0.005114127,-0.1829614,0.002481521,5.476068,8.975625,0.02176012
0.0005656102,-0.1718929,0.01605244,5.470136,8.974984,0.07013919
-0.01344681,-0.1644035,0.00199338,5.476121,8.924542,0.02171284
-0.003060284,-0.1343724,-0.002273315,5.410665,9.112481,0.01059232
-0.0009751563,-0.1520317,0.02197644,5.421772,9.175613,0.07603348
0.0002176499,-0.1306622,-0.001665973,5.421716,9.124521,0.07610199
0.002106149,-0.1204526,0.01659165,5.470134,9.125006,0.07016564
0.006944909,-0.1471676,0.002180439,5.47607,9.175627,0.02176029
0.001295156,-0.1389471,0.01664694,5.470145,9.174991,0.07014238
-0.0144923,-0.130203,0.001132065,5.476122,9.124543,0.02171292
-0.003056172,-0.1004326,-0.001597369,5.410665,9.31248,0.01059054
-0.0006363933,-0.1055037,0.01389551,5.421796,9.375585,0.07598948
-0.0008603284,-0.09451992,-0.003880638,5.421726,9.324507,0.07608347
-0.004991945,-0.08890749,0.00874571,5.470158,9.325021,0.07017752
0.004175753,-0.1019203,0.0006399315,5.476045,9.375609,0.02178019
-0.001253032,-0.09764772,0.01276124,5.470189,9.375026,0.07017239
-0.01623066,-0.09389552,-3.670515e-06,5.476118,9.324541,0.02171991
-0.002735412,-0.06730975,-0.0009328374,5.410665,9.512482,0.01058572
-0.002049583,-0.06708699,0.01329964,5.421975,9.575278,0.07543885
-0.001545342,-0.06149319,-0.003685541,5.421896,9.524183,0.07558053
-0.008566819,-0.05626205,0.005356733,5.470278,9.525135,0.07027495
0.002982099,-0.06294812,-0.0007324371,5.475526,9.575265,0.0219569
-0.003512988,-0.06346289,0.01068803,5.47036,9.57526,0.07033366
-0.01596594,-0.06087573,-0.0007612427,5.475648,9.524202,0.02188504
-0.002635883,-0.03600307,-0.000829226,5.410667,9.712526,0.01058491
-0.007582741,-0.01889879,-0.0004860305,5.473741,9.775066,0.02293703
-0.004651855,-0.01914041,0.004559505,5.42278,9.775606,0.07377482
-0.00422412,-0.0301566,-0.005030266,5.422189,9.724698,0.07511575
-0.008417449,-0.0186943,0.005325269,5.470927,9.777223,0.07118025
-0.01603214,-0.02931262,-0.001345044,5.47062,9.726159,0.07067603
-0.01527811,-0.02996316,-0.001947428,5.475198,9.724464,0.02220897
-0.006900523,-0.006862395,-0.0004817756,5.433669,9.866255,0.03377981
-0.001790451,-0.00710655,0.0001916019,5.411108,9.863053,0.01104319
-0.001723158,-0.00185148,-0.000118454,5.410973,9.888917,0.03682045
-0.007389829,-0.001860874,-0.0001083369,5.436831,9.888859,0.0110745
-0.0009045943,-0.008189667,8.143372e-05,5.410323,9.864168,0.0358893
-0.007857327,-0.001299135,-0.0001117041,5.435626,9.889614,0.03590843
-0.007163471,-0.007706685,3.133454e-05,5.435966,9.86398,0.01036545
-0.00658121,-0.006087253,-0.0002502388,5.432974,9.866942,0.06016672
-0.005834128,-0.001145012,0.001490543,5.434136,9.890461,0.08765631
-0.001769961,-0.001498643,-0.0001308451,5.410404,9.88949,0.06200789
-0.001188601,-0.00459238,0.0002492108,5.409468,9.865623,0.0877437
-0.001136374,-0.004874745,-7.787925e-05,5.41013,9.865345,0.06160934
-0.005903281,-0.001095063,5.411301e-05,5.434423,9.889804,0.06157512
-0.006919751,-0.006128515,0.001244752,5.431892,9.868019,0.08611844
-0.008985755,-0.005849747,-0.0007211206,5.460101,9.866464,0.03356468
-0.01792114,-0.00201035,0.00095372,5.486961,9.889895,0.03565313
-0.01791465,-0.00630635,0.0007570217,5.487309,9.864271,0.01010973
-0.01060994,-0.001967265,0.0001951907,5.461817,9.889196,0.01075578
-0.01700869,-0.006402657,-2.326299e-05,5.486092,9.866756,0.03322413
-0.01037729,-0.002173514,8.500445e-06,5.461211,9.8896,0.03527902
-0.009107081,-0.006190342,0.0006319135,5.461569,9.864667,0.01041538
-0.09164986,-0.004783111,0.0007870218,6.037618,9.867759,0.03207939
-0.1128303,0.01321543,0.0002471953,6.011691,9.865505,0.009215752
-0.1193128,-0.002476079,-0.01860593,6.011724,9.890726,0.03417816
-0.1013752,0.001344904,0.00170721,6.037357,9.889679,0.01020601
-0.123957,-0.003536869,-0.007370016,6.012598,9.868524,0.03133547
-0.1018328,-0.0009970569,0.003639468,6.037681,9.890399,0.03487017
-0.09573707,0.001649455,0.001317076,6.037677,9.864829,0.009557035
-0.09956782,-0.01557494,0.003969122,6.062557,9.86737,0.03247512
-0.1217709,-0.000391795,-0.0005119014,6.08785,9.89014,0.03550974
-0.1195364,-0.01343563,0.002137068,6.087857,9.864219,0.009827411
-0.1118604,-0.003281059,0.002825059,6.06254,9.889473,0.01042326
-0.1050849,-0.01478331,-0.004081092,6.087525,9.867231,0.03262647
-0.1082801,-0.003466112,0.006100839,6.062266,9.890225,0.0353295
-0.1109849,-0.008152611,0.004132862,6.06227,9.86439,0.009738264
-0.1637029,0.004797386,-0.007082493,6.437515,9.867048,0.0328326
-0.2109459,0.01736641,-0.009545266,6.412169,9.864064,0.009877222
-0.2173056,0.005109543,-0.01838071,6.412169,9.890091,0.03568228
-0.1678169,0.001445687,0.001778618,6.437505,9.889345,0.01056517
-0.2006514,0.02011409,-0.02838906,6.412508,9.867086,0.03279782
-0.1693251,-0.00193362,0.004052147,6.437748,9.890106,0.03573985
-0.1659133,0.001011282,-0.006474024,6.43775,9.864015,0.009863668
-0.1612257,-0.01746079,0.003276572,6.462494,9.867037,0.03284809
-0.191954,1.175758e-05,-0.005398319,6.487841,9.890073,0.03573868
-0.1958432,-0.01502723,0.00233845,6.487841,9.864015,0.009891434
-0.1858682,-0.003758163,0.001923453,6.462499,9.889341,0.01056894
-0.1748047,-0.01594355,-0.004778698,6.487508,9.867042,0.03285534
-0.1825123,-0.004654818,0.004903129,6.46226,9.8901,0.03575318
-0.1795573,-0.01770682,0.005484508,6.462257,9.864004,0.009867117
-0.1940467,0.009770154,-0.01698562,6.637488,9.867152,0.03271978
-0.2411539,0.02139059,-0.01362214,6.612153,9.86407,0.009873417
-0.2518723,0.008873145,-0.02249125,6.612155,9.890096,0.03567746
-0.1937805,0.003209376,-0.005912462,6.637495,9.889403,0.01050274
-0.2346803,0.02752948,-0.03475097,6.612479,9.867088,0.03279827
-0.1915667,0.006039479,-0.0002250972,6.637768,9.890161,0.03559346
-0.1835518,-0.003729982,-0.01173005,6.637771,9.864153,0.009808228
-0.1892574,-0.0127447,-0.004779277,6.662464,9.867347,0.03253207
-0.2077954,0.003512981,0.01219118,6.688405,9.890431,0.03517215
-0.20545,-0.02348236,-0.005990294,6.688421,9.864569,0.009518975
-0.1995729,0.003891557,-0.008927594,6.662732,9.889533,0.01036772
-0.2102546,-0.01719686,0.003215799,6.687528,9.867694,0.03221365
-0.19997,0.002049232,0.005189159,6.662412,9.890267,0.03536658
-0.19183,-0.02710509,-0.001465659,6.662415,9.864374,0.009695647
-0.2271547,-0.001065555,-0.003093224,6.837524,9.867079,0.03280259
-0.2797942,0.02233483,-0.01007555,6.812139,9.864173,0.009832673
-0.2834552,0.004833364,-0.02101618,6.81214,9.890134,0.03556908
-0.2383603,0.00103498,0.002506104,6.837514,9.88936,0.01054844
-0.2687288,0.0262452,-0.03347273,6.812515,9.867165,0.03272383
-0.2370188,-0.003293886,0.006098268,6.83775,9.890118,0.03569884
-0.2365371,-0.0008377205,-0.005305324,6.837752,9.864054,0.009850386
-0.2242135,-0.02145225,0.005232991,6.862497,9.867048,0.03283783
-0.2659814,0.001036578,-0.007373399,6.887842,9.890075,0.03573497
-0.2690666,-0.01448824,0.00225601,6.887843,9.864019,0.009890218
-0.2594379,-0.003869727,0.002628161,6.862503,9.889346,0.0105633
-0.2457299,-0.01345812,-0.007940459,6.88751,9.867045,0.03285262
-0.2539234,-0.004874421,0.006019074,6.862261,9.890105,0.03573887
-0.2532638,-0.01778069,0.005570189,6.862259,9.864018,0.009862428
-0.2610709,0.003034709,-0.003539539,7.037503,9.867048,0.03283756
-0.3181552,0.02605071,-0.01186085,7.012157,9.864019,0.009890155
-0.3238039,0.00587773,-0.02082636,7.012158,9.890075,0.0357349
-0.2711157,3.765677e-05,0.002678489,7.037497,9.889346,0.01056327
-0.309402,0.03126421,-0.03573395,7.01249,9.867046,0.03285242
-0.2694545,-0.0005201029,0.00678079,7.037739,9.890105,0.03573869
-0.2674671,0.002381563,-0.006257506,7.037741,9.864018,0.009862414
-0.2601277,-0.01629421,0.007157195,7.062476,9.867079,0.03280226
-0.2936159,0.009876439,-0.002421687,7.08786,9.890134,0.03556868
-0.2927425,-0.01369427,-0.008122359,7.087861,9.864173,0.009832771
-0.2885255,-0.001027244,0.0001431158,7.062486,9.88936,0.01054842
-0.2874228,-0.001660956,-0.01188888,7.087485,9.867164,0.03272287
-0.2869733,4.818406e-05,0.009345902,7.06225,9.890118,0.03569876
-0.2849801,-0.01448767,0.001654922,7.062248,9.864054,0.009850365
-0.2892972,-0.02315782,0.001344628,7.262513,9.867152,0.03271989
-0.3355847,0.0003403956,-0.006756384,7.287845,9.890095,0.03567753
-0.3384058,-0.01621516,0.001303496,7.287847,9.86407,0.009873451
-0.3240704,-0.003187677,0.001358134,7.262505,9.889403,0.01050273
-0.3084468,-0.01335466,-0.009891299,7.287521,9.867087,0.03279876
-0.3193719,-0.00553963,0.005709825,7.262232,9.890161,0.03559337
-0.3259595,-0.02002478,0.0048055,7.262229,9.864153,0.00980825
-0.3227096,-0.004604001,-0.004516957,7.43751,9.867024,0.0328645
-0.3894199,0.02660626,-0.01286137,7.41216,9.86401,0.009893246
-0.3938768,0.004515435,-0.02085479,7.41216,9.890072,0.03574415
-0.3436395,-0.001156967,0.002907123,7.437502,9.889338,0.01057255
-0.3797743,0.03219899,-0.03745315,7.412493,9.867035,0.03286298
-0.3402629,-0.002817206,0.004035026,7.437742,9.890097,0.03576615
-0.3397735,-0.004663967,-0.003460407,7.437745,9.863993,0.009870888
-0.3203894,-0.02348441,0.001472704,7.46249,9.867025,0.03286635
-0.3704578,0.001467275,-0.01000711,7.48784,9.89007,0.0357443
-0.3709951,-0.01417429,0.001097516,7.487841,9.864009,0.00989319
-0.3662958,-0.003928784,0.001308307,7.462498,9.889338,0.0105721
-0.3441128,-0.01047702,-0.009965822,7.487508,9.867036,0.03286725
-0.3606154,-0.003437762,0.002625379,7.462258,9.890096,0.03576561
-0.3596243,-0.02000675,0.005241239,7.462254,9.863993,0.009870592
-0.002058635,-0.01105564,0.003195105,5.42008,9.828795,0.3244317
-0.003987564,-0.001770837,0.0004113896,5.421138,9.878681,0.3749982
-0.002771863,-0.002689965,0.0008670006,5.421164,9.878665,0.3249358
-0.007373122,-0.001674137,0.002284467,5.470711,9.87983,0.3243055
-0.01135808,-0.01195428,0.0003438916,5.466097,9.833847,0.3749153
-0.009221842,-0.01435586,0.002481897,5.466215,9.833703,0.3247696
-0.007204932,-0.001329897,0.00165491,5.470624,9.87986,0.3754488
-0.00193174,-0.01067508,0.00150873,5.420019,9.828847,0.524456
-0.002916178,-0.002375503,-0.0007873516,5.421118,9.878689,0.5750136
-0.003023809,-0.002432543,0.000253977,5.421121,9.87869,0.5249712
-0.00822711,-0.001274075,-0.0004381462,5.470553,9.87989,0.5244018
-0.01019124,-0.0128183,-0.0006440786,5.465987,9.834004,0.574983
-0.01089306,-0.01192607,9.463823e-05,5.466014,9.833985,0.5249416
-0.008228285,-0.001413452,-0.0004873837,5.470535,9.879892,0.575504
-0.002246651,-0.01122595,0.001087974,5.421191,9.826111,1.124214
-0.0005327677,-0.001195108,0.0001882872,5.409415,9.890438,1.188653
-0.00302241,-0.002913745,5.113557e-05,5.422636,9.877194,1.124581
-0.009241812,-0.001436658,-0.0001293573,5.473349,9.878759,1.12423
-0.01093591,-0.01311312,6.477722e-05,5.468158,9.831862,1.17494
-0.01212425,-0.01239862,1.404593e-05,5.468114,9.831917,1.124942
-0.009379059,-0.001112919,0.0002948343,5.472075,9.879213,1.175509
-0.002444409,-0.01168889,0.001329595,5.421191,9.826111,1.724212
-0.0008220552,-0.0007899548,0.0001537176,5.409415,9.890439,1.788653
-0.003689765,-0.002392063,-0.0002567826,5.422637,9.877193,1.724581
-0.009176193,-0.001109902,-4.174943e-05,5.47335,9.878759,1.724227
-0.01205805,-0.01194704,0.0001428008,5.468156,9.831864,1.774938
-0.01199959,-0.01289035,3.033411e-05,5.468115,9.831917,1.72494
-0.010026,-0.0009989394,0.0008028857,5.472075,9.879213,1.775507
0.001059564,-0.3551808,-0.01192167,5.419914,8.175672,2.928214
0.001004355,-0.3102356,0.0007831395,5.421396,8.124959,2.97873
0.005751935,-0.3194158,-0.01131466,5.419899,8.124475,2.928054
0.01230683,-0.2865899,-0.02317793,5.466138,8.124937,2.933881
-0.004494788,-0.3463613,-9.124817e-05,5.472063,8.175667,2.980155
-0.006059306,-0.3171074,-0.008168122,5.466029,8.175005,2.933979
0.01274941,-0.3146216,-0.009065265,5.472213,8.124477,2.980168
-0.008351033,-0.1420523,0.01000841,5.419902,9.224283,2.928273
-0.02391937,-0.14553,0.005553902,5.472022,9.224314,2.98017
-0.005680396,-0.1004844,0.0009520026,5.421334,9.274994,2.978808
-0.02958936,-0.128991,0.01659526,5.465998,9.224971,2.934026
-0.005410316,-0.09901059,0.0003287033,5.419855,9.27546,2.928276
-0.02023474,-0.09863297,0.006415002,5.466004,9.27503,2.934045
-0.01804612,-0.1018404,0.006754678,5.472032,9.275486,2.980222
-0.00432591,-0.01948135,-0.0004401895,5.421825,9.776047,2.928159
-0.003934357,-0.03202017,-0.0002942796,5.421852,9.725322,2.978226
-0.009267813,-0.01855697,0.0005880554,5.472004,9.775645,2.978072
-0.003944312,-0.03287993,0.0003657595,5.420667,9.725091,2.927964
-0.007951537,-0.01802484,-0.004056252,5.468655,9.778181,2.931189
-0.01480498,-0.02970047,0.0005684987,5.467457,9.726704,2.932532
-0.01377877,-0.03240058,0.001287165,5.472191,9.724896,2.979341
-0.3324951,0.02360009,0.05884081,7.225083,9.833225,2.933129
-0.3130145,-0.02175817,0.001125184,7.275213,9.826639,2.978938
-0.3387645,-0.006526404,0.001835078,7.225114,9.878191,2.978337
-0.3656392,0.002308473,0.04782247,7.22451,9.879529,2.92831
-0.3132806,-0.01061113,0.007215608,7.274788,9.877458,2.977603
-0.3110107,-0.002067447,0.02922313,7.275217,9.878907,2.927085
-0.2903494,-0.02266202,0.01221266,7.275039,9.83227,2.932196
-0.3687674,-0.01382221,-0.01660729,7.37503,9.83048,2.930398
-0.3383688,-0.0443805,-0.002677343,7.324012,9.826304,2.978723
-0.3919582,-0.001207539,-0.00424706,7.387544,9.889388,2.989483
-0.4136682,-0.00912968,-0.04044685,7.37548,9.878216,2.925705
-0.31676,-0.007847933,-0.007658288,7.31118,9.890136,2.990249
-0.358617,-0.01534305,-0.03061929,7.32404,9.878699,2.926725
-0.3270942,-0.04242518,-0.04374721,7.32507,9.831105,2.931032
-0.02534116,-0.00625509,0.001031606,5.562032,9.867643,0.03222565
-0.04097958,-0.0131199,-0.0009444491,5.588245,9.865516,0.009244847
-0.03926152,-0.002016885,0.007307974,5.588105,9.8907,0.03419676
-0.02608208,-0.001416633,0.00121783,5.562577,9.889675,0.0102202
-0.04310186,-0.006685279,0.001234306,5.587165,9.868455,0.03141856
-0.02280971,-0.001567131,0.005067261,5.562177,9.890331,0.03479421
-0.02662353,-0.006288319,0.001166754,5.562307,9.864947,0.009636517
-0.02134674,-0.002214788,-0.002677656,5.536932,9.867213,0.03267907
-0.0201185,-0.001493004,-0.002922649,5.511673,9.889986,0.03546998
-0.02061783,-0.003546266,0.001036341,5.511954,9.864403,0.01001515
-0.02129886,-0.0002652257,0.0007596187,5.537346,9.889462,0.01045106
-0.01911631,-0.002628345,-0.004716284,5.511572,9.866938,0.0330146
-0.02250653,-0.0009569952,0.001829237,5.537533,9.890115,0.03519178
-0.02293212,-0.003508211,0.0002571369,5.537698,9.864584,0.009860318
-0.1401958,-0.004134025,0.001360795,6.162414,9.867632,0.03221654
-0.1613723,-0.02303345,0.003944734,6.188374,9.865206,0.009279762
-0.1576976,-0.004404653,0.01521848,6.188333,9.890668,0.03450487
-0.127748,0.002751809,-0.0009450871,6.162665,9.88964,0.01025081
-0.1696965,-0.008554947,0.004331444,6.187468,9.868272,0.03160577
-0.1168275,-0.000483244,0.01881106,6.162345,9.890368,0.0350258
-0.1238699,-0.01984284,0.002944567,6.162358,9.864688,0.009593253
-0.119633,-0.003936794,-0.006794409,6.137461,9.867311,0.03253905
-0.1207966,0.003797342,-0.00929926,6.112151,9.890136,0.0355276
-0.12296,-0.002678632,-0.000514406,6.112153,9.864204,0.009832369
-0.121672,0.001150558,-0.001005618,6.137471,9.889455,0.01044338
-0.1129935,-0.003030539,-0.01213754,6.112481,9.867215,0.03264397
-0.1165207,0.007218684,0.002050991,6.137743,9.89021,0.035401
-0.1199373,-0.007842357,-0.004034776,6.137748,9.864325,0.009755108
-0.1794418,-0.01934195,0.01519105,6.362544,9.867277,0.03257901
-0.224625,-0.009215691,0.005937898,6.38786,9.864132,0.009854411
-0.2280878,-0.004503723,0.001074235,6.387858,9.890114,0.03560731
-0.1734265,0.0001030355,0.001971842,6.362533,9.889447,0.0104536
-0.2096476,-0.007679682,0.0004238895,6.387535,9.867147,0.03272871
-0.1823596,-0.00895661,0.02516492,6.36226,9.890201,0.03543596
-0.1878491,-0.02082204,0.008985074,6.362258,9.864296,0.009765638
-0.1545508,-0.0221111,0.009994541,6.337589,9.867614,0.03223742
-0.1493057,-0.004832879,-0.01853216,6.311666,9.890666,0.03451349
-0.1521037,0.0003657796,0.00856415,6.311627,9.8652,0.009282386
-0.1541027,-0.002592464,0.001618223,6.337337,9.889636,0.01025557
-0.1485355,-0.009495889,-0.008307416,6.31253,9.868263,0.03161631
-0.1547344,-0.002224281,0.005898284,6.337656,9.890364,0.03504369
-0.1643097,-0.01715738,0.004533732,6.337645,9.864674,0.009598395
-0.218247,-0.02146418,0.01733918,6.562488,9.867035,0.03285051
-0.2624306,-0.004590406,0.003956411,6.587838,9.864034,0.009885626
-0.2709801,-0.003139007,-0.00229112,6.587836,9.890082,0.03571695
-0.2148495,0.0005953009,0.001315036,6.562496,9.889341,0.01056891
-0.2506189,-0.001300835,-0.004984429,6.587501,9.867057,0.03283376
-0.2260828,-0.008949781,0.02592698,6.562256,9.8901,0.03575499
-0.2283012,-0.02143954,0.007198039,6.562253,9.864003,0.009867244
-0.1922421,-0.02317783,0.009603957,6.537509,9.86703,0.03285647
-0.1947763,0.0005279086,-0.01216007,6.51216,9.890073,0.03574032
-0.1959425,-0.005212499,0.0007643588,6.51216,9.864014,0.009891858
-0.1940123,3.297518e-05,8.59088e-05,6.537502,9.889339,0.01057083
-0.1797456,-0.007993624,-0.01313557,6.512494,9.86704,0.03285733
-0.1962073,0.0005399883,0.008784483,6.537742,9.890099,0.03576062
-0.2039309,-0.01639711,0.001712319,6.537745,9.863998,0.009869027
-0.3021572,-0.02033228,0.01691226,6.96249,9.867027,0.03286105
-0.3449304,0.004926106,0.00449979,6.98784,9.864014,0.009892014
-0.350467,-0.002863759,-0.00760398,6.987839,9.890073,0.03574107
-0.2958725,0.001197603,0.001462783,6.962498,9.889339,0.01057194
-0.3254742,0.01005259,-0.01239977,6.987506,9.86704,0.03285857
-0.3114825,-0.009254404,0.02784557,6.962257,9.890098,0.03576474
-0.3148837,-0.02232675,0.008811911,6.962255,9.863995,0.009870182
-0.2674524,-0.02789933,0.01576795,6.93751,9.867027,0.03286108
-0.266752,0.0005678712,-0.01060694,6.912161,9.890073,0.03574112
-0.2694447,-0.008303549,0.00219461,6.91216,9.864014,0.009892032
-0.2694182,2.457146e-05,0.0006959032,6.937502,9.889339,0.01057194
-0.2492455,-0.01015448,-0.01156142,6.912494,9.86704,0.03285877
-0.2756244,-0.0001455253,0.01523642,6.937743,9.890098,0.03576475
-0.2844467,-0.0196555,0.002382936,6.937745,9.863995,0.009870186
-0.3237362,-0.01507534,0.01029229,7.13753,9.867689,0.03221473
-0.285474,0.008056264,-0.003870139,7.112302,9.890239,0.0353386
-0.2859328,-0.01651336,-0.009544689,7.112307,9.864396,0.009720941
-0.2859819,-0.002796293,0.0002898737,7.138907,9.88982,0.01008597
-0.2989199,0.00197089,-0.01492195,7.112467,9.867357,0.03253549
-0.2846523,-0.002637315,0.01542798,7.13828,9.890448,0.03517585
-0.2877175,-0.02723203,0.0001522911,7.138297,9.864569,0.009501912
-0.3419111,-0.03015158,0.01698631,7.337513,9.867034,0.03285163
-0.337807,0.0008736566,-0.006078963,7.312164,9.890082,0.03571725
-0.3415224,-0.01224832,0.00140523,7.312162,9.864034,0.009885752
-0.3412552,0.001496421,-0.001253775,7.337504,9.889341,0.01056912
-0.3182478,-0.01285532,-0.00864553,7.3125,9.867056,0.03283454
-0.3533223,0.0002451108,0.02135398,7.337745,9.8901,0.03575552
-0.3616898,-0.02411377,0.00241269,7.337747,9.864002,0.009867589
-0.4182439,0.01850268,-0.01872969,7.58751,9.867034,0.03287123
-0.4226812,-0.001166223,0.004175825,7.587517,9.889335,0.01057188
-0.4519219,-0.005083995,-0.01088675,7.587841,9.890068,0.03574526
-0.4124415,-0.01317108,0.01102303,7.562491,9.867026,0.03287145
-0.4068918,0.0007534305,0.0009159083,7.562498,9.889337,0.01057111
-0.4237033,-0.009389092,0.02400982,7.562258,9.890092,0.03576625
-0.4281357,-0.02328654,0.008680609,7.562255,9.863992,0.009870027
-0.3727519,-0.02943718,0.01851401,7.537511,9.867026,0.03287072
-0.3718675,0.0009397901,-0.007946657,7.512161,9.890069,0.03574436
-0.374843,-0.01331289,0.002734727,7.512159,9.864009,0.009893304
-0.3776904,0.001256015,-0.002019471,7.537502,9.889337,0.01057101
-0.347608,-0.01336959,-0.003831076,7.512493,9.867036,0.03286811
-0.3889578,0.0006381341,0.02041679,7.537744,9.890093,0.03576618
-0.3973449,-0.02536889,0.002380902,7.537746,9.863992,0.009869818
0.004822569,-0.4302561,-0.009294251,5.431417,7.262602,2.968641
0.006849154,-0.4368732,-0.008484207,5.409851,7.261206,2.990246
-0.003653166,-0.4606422,0.005938105,5.4096,7.28779,2.965062
-0.005371593,-0.4613839,0.001090457,5.435173,7.287778,2.990447
-0.01002116,-0.4420504,-0.006125224,5.434546,7.261795,2.990822
0.006269893,-0.4445374,0.006543148,5.409238,7.261837,2.965692
-0.01594098,-0.4493174,0.01201058,5.432137,7.287606,2.967917
-0.007751494,-0.4537592,0.002653913,5.432491,7.337473,2.967601
-0.009070871,-0.4257316,0.009274453,5.410485,7.337485,2.989601
-0.01032968,-0.4406051,0.00493896,5.409747,7.312154,2.964674
-0.003455236,-0.4383467,0.009681496,5.435543,7.31216,2.990288
-0.009848911,-0.4334136,-0.03170224,5.409718,7.337767,2.964647
-0.02620604,-0.4353817,0.02100821,5.432469,7.312536,2.967596
0.03240729,-0.4312116,0.008394376,5.435561,7.337768,2.990308
0.01519379,-0.3692522,-0.01774776,5.432927,7.737517,2.967131
0.0009092926,-0.370836,0.001961202,5.410652,7.737506,2.989414
-0.001800315,-0.3912377,0.00292829,5.409893,7.712164,2.964165
-0.001831681,-0.3842984,0.0007436153,5.436002,7.712174,2.99014
-0.001133166,-0.3956122,-0.01509985,5.409872,7.737763,2.964104
-0.01320631,-0.3687476,0.005488919,5.432887,7.712515,2.967175
0.02036509,-0.3872461,-0.004469308,5.436054,7.737765,2.990146
0.002745876,-0.3271941,-0.009596789,5.432794,7.862453,2.967235
-0.004584208,-0.3439307,0.002826603,5.410612,7.86247,2.989468
-0.01080252,-0.3549877,-0.0033583,5.409799,7.887819,2.964501
-0.002395411,-0.3559965,0.010117,5.435696,7.887816,2.990241
0.001485116,-0.3511269,0.00033165,5.435933,7.862213,2.99019
-0.001166218,-0.3502957,-0.008901795,5.409848,7.862215,2.964246
-0.01226828,-0.345878,0.006328283,5.43261,7.887429,2.967422
0.004797007,-0.3432181,-0.008532202,5.431469,7.937389,2.968619
0.0002805397,-0.3011079,-5.085571e-05,5.409859,7.93879,2.990231
-0.01382956,-0.3367059,0.001785535,5.409616,7.912195,2.964975
-0.006674921,-0.33738,0.01238219,5.435242,7.912211,2.990423
-0.002367091,-0.3165061,-0.01573518,5.409244,7.938162,2.965651
-0.02203074,-0.3468715,0.01754763,5.432218,7.912375,2.967843
0.01206285,-0.3157216,0.0005412618,5.434577,7.938196,2.990811
-0.0008201461,-0.1579439,-0.00404219,5.431403,8.9374,2.968682
-0.004030886,-0.1340976,0.003952873,5.409837,8.938801,2.990261
-0.009686275,-0.1702143,0.01230017,5.409564,8.912175,2.965166
-0.01850026,-0.1713917,0.00872645,5.435076,8.912189,2.99049
0.003485657,-0.1412052,0.006341118,5.434513,8.938204,2.990837
-0.007345008,-0.1424752,-0.008183881,5.409229,8.938159,2.965731
-0.01883845,-0.1577524,0.01217881,5.432086,8.912395,2.967998
-0.06346856,-0.002341626,-0.0004950215,5.837598,9.867775,2.967893
-0.07701398,0.008347433,-0.0009254676,5.811675,9.865499,2.990785
-0.08341433,-0.004011718,0.01471509,5.811708,9.890716,2.965807
-0.07021704,0.001890073,-0.002241466,5.837353,9.889676,2.989799
-0.06669187,0.00158588,-0.002075254,5.837668,9.864824,2.990446
-0.08398945,0.0009765053,0.004536329,5.812569,9.868509,2.968653
-0.07080909,-0.0006908961,-0.002685825,5.83767,9.890384,2.965128
-0.07226297,-0.0131553,-0.002904301,5.86254,9.867397,2.967496
-0.09215233,-0.002040548,-0.002472965,5.887835,9.890126,2.964505
-0.08826356,-0.0117404,-0.002643834,5.887848,9.864231,2.990181
-0.07568868,-0.001893829,-0.002965816,5.862535,9.889471,2.989584
-0.07748296,-0.006362828,-0.003649763,5.862262,9.864391,2.990266
-0.07922188,-0.01057076,0.003081574,5.887505,9.867269,2.967358
-0.07817874,-0.002916964,-0.002817554,5.862253,9.89021,2.964673
-0.09923801,-0.003440527,0.0001800611,5.962365,9.867753,2.967931
-0.1228,-0.02179147,-0.001290022,5.988303,9.865505,2.990789
-0.1186739,-0.002484273,-0.01403674,5.988254,9.890722,2.965828
-0.09565241,0.001081071,0.001104042,5.962639,9.88968,2.989795
-0.08975237,-0.01780452,-0.001911565,5.96232,9.864831,2.990445
-0.08836181,-0.001190244,-0.0136414,5.962303,9.890398,2.965133
-0.1272182,-0.006198766,-0.002362026,5.987381,9.868507,2.968688
-0.08851841,-0.0007536373,0.006467753,5.937428,9.867375,2.967531
-0.09164888,0.002503202,0.007892318,5.912127,9.890133,2.964503
-0.09112684,-0.003006296,2.663352e-05,5.912144,9.864232,2.990179
-0.08813743,-5.257263e-05,0.0007588923,5.937457,9.889474,2.989578
-0.08886,-0.005063589,0.003668254,5.937727,9.864396,2.990264
-0.08450897,-0.001439636,0.01078567,5.912461,9.86726,2.967368
-0.0868927,0.002129272,-0.004468058,5.937718,9.890224,2.964674
-0.4453625,-0.002551465,0.004562985,7.587404,9.868478,2.968631
-0.4294027,-0.002625983,0.0006090819,7.588824,9.890126,2.990244
-0.4326996,-0.009697211,-0.01319171,7.588274,9.890704,2.965787
-0.425508,-0.01094084,-0.007551879,7.562376,9.867728,2.967889
-0.3895374,0.003209824,0.004067317,7.562641,9.889671,2.98979
-0.3811154,-0.006533083,-0.04514921,7.562319,9.890385,2.965107
-0.3917652,-0.04045473,-0.004228333,7.562321,9.864801,2.990439
-0.3748131,-0.008886008,-0.004854614,7.537437,9.867333,2.967492
-0.3514871,0.008686185,0.007386271,7.512139,9.890124,2.96443
-0.3592332,-0.003233176,0.004163042,7.512134,9.864165,2.990155
-0.3551957,0.006661293,0.00556602,7.537457,9.889464,2.989568
-0.3477716,0.003398942,0.01328414,7.512458,9.867176,2.967314
-0.3522406,0.0113613,-0.0313023,7.537728,9.890215,2.96464
-0.3659594,-0.02744921,0.008897991,7.537726,9.864361,2.990253
-0.4042289,0.01795086,0.05915591,7.625021,9.832112,2.931998
-0.4261483,0.006443064,0.007448878,7.624829,9.82645,2.978883
-0.4135132,0.005346204,0.01036303,7.625251,9.877386,2.977533
-0.3732306,0.003951441,-0.008464091,7.675571,9.87939,2.927835
-0.3800512,-0.006591759,0.003869859,7.67558,9.82737,2.97944
-0.3697075,-0.01590851,0.009628351,7.675007,9.832826,2.93273
-0.3975186,-0.001197316,0.0009123841,7.674986,9.878013,2.978141
-0.3527624,-0.0202382,0.0005541786,7.662493,9.867021,0.03287666
-0.4048664,0.0001213271,-0.01274004,7.687844,9.890067,0.03574742
-0.4046054,-0.01138876,0.0003267892,7.687842,9.864007,0.009895508
-0.3995389,-0.004323813,0.0007919236,7.662499,9.889337,0.01057183
-0.3703524,-0.008208511,-0.01128877,7.687512,9.867028,0.03287579
-0.3964199,-0.00472368,0.0003431951,7.66226,9.890091,0.03576804
-0.3945045,-0.01732457,0.005193525,7.662255,9.863991,0.009871553
-0.003001752,-0.8966752,0.0005752004,5.410653,5.087524,0.01058313
-0.004005695,-0.948219,0.003816728,5.409907,5.087883,0.03583525
-0.002407245,-0.9426288,0.002226271,5.43604,5.08785,0.009875855
0.001454346,-0.8952641,0.00949228,5.432929,5.087522,0.03287547
-0.006449842,-0.8383492,-0.003494572,5.410664,5.237504,0.01059063
-0.004271939,-0.8819988,-0.001988149,5.409918,5.212159,0.03590454
-0.002993112,-0.8642053,0.01143569,5.409898,5.237749,0.03592299
-0.002996646,-0.7961832,0.01168902,5.432972,5.237514,0.03291005
-0.0209682,-0.8751485,-0.00534251,5.436068,5.212151,0.009885642
-0.01561121,-0.8311854,0.002262159,5.432978,5.212498,0.03289604
-0.004021654,-0.8576718,-0.00343231,5.436089,5.237737,0.009858361
-0.004716912,-0.7866357,-0.003068777,5.410664,5.437502,0.01059349
-0.004928841,-0.8249558,-0.008591359,5.409918,5.412153,0.03591583
-0.002454642,-0.8061305,0.008447672,5.409898,5.437744,0.03593172
0.001635242,-0.7453321,0.010321,5.432971,5.437511,0.03291866
-0.01350963,-0.8227623,-0.004614418,5.436069,5.41215,0.009888042
-0.01100233,-0.7813119,-0.001530959,5.432978,5.412494,0.03290503
0.001570414,-0.8029684,-0.002179254,5.43609,5.437737,0.009860422
-0.003624651,-0.7420618,-0.002192725,5.410664,5.637502,0.01059371
-0.004846326,-0.7789853,-0.01002048,5.409918,5.61215,0.03591754
-0.001265102,-0.7581649,0.008773148,5.409898,5.637742,0.03593274
0.000355551,-0.7003272,0.01109494,5.432971,5.637509,0.03291956
-0.01692544,-0.7747825,-0.005441074,5.436069,5.612149,0.009888303
-0.01434653,-0.7385446,-0.004105136,5.432978,5.612492,0.03290634
-0.0007150654,-0.7541191,-0.001194104,5.43609,5.637736,0.009860583
-0.003177034,-0.7005789,-0.001579346,5.410664,5.837502,0.01059356
-0.005851949,-0.7379364,-0.01232697,5.409918,5.812149,0.03591732
-0.001054264,-0.7149932,0.007889225,5.409898,5.837741,0.03593261
0.00203699,-0.6627943,0.01061795,5.432971,5.837509,0.03291948
-0.01718409,-0.7358958,-0.005918275,5.436069,5.812149,0.009888299
-0.01536756,-0.7031151,-0.00694838,5.432978,5.812492,0.03290626
0.0009028883,-0.7125063,-0.001304722,5.43609,5.837736,0.009860537
0.001431046,-0.6262865,0.0103374,5.432958,6.037509,0.03293245
-0.01895226,-0.6969637,-0.006772341,5.436065,6.012149,0.009894685
-0.002650446,-0.6622733,-0.001347072,5.410663,6.037501,0.01059488
-0.006375347,-0.6993547,-0.01338105,5.40991,6.01215,0.03592164
-0.01771186,-0.6680598,-0.009479895,5.432958,6.012491,0.03292887
-0.0007587639,-0.674708,0.007695789,5.409892,6.037741,0.03593525
0.0001437326,-0.6720125,-0.0009528404,5.436087,6.037735,0.009864456
-0.01988266,-0.6611349,-0.007503427,5.436069,6.212149,0.009888236
-0.002225573,-0.6249432,-0.000948736,5.410664,6.237501,0.01059352
-0.007291818,-0.663058,-0.01510042,5.409918,6.212149,0.03591734
-0.01974218,-0.6353578,-0.01191581,5.432978,6.212491,0.03290614
-0.0006215455,-0.6361418,0.007170863,5.409898,6.237741,0.03593232
0.001702813,-0.5921522,0.01002502,5.432971,6.237509,0.03291932
0.0005857253,-0.633742,-0.001055096,5.43609,6.237736,0.009860522
-0.001856989,-0.588879,-0.0005996529,5.410664,6.437501,0.01059353
-0.008020989,-0.6275553,-0.01627158,5.409918,6.412149,0.03591738
-0.0005771281,-0.5988008,0.006722235,5.409898,6.437741,0.03593232
0.001645302,-0.5587023,0.009361272,5.432971,6.437508,0.03291938
-0.02117803,-0.6256279,-0.008318726,5.436069,6.412149,0.009888265
-0.02190082,-0.6028552,-0.01430845,5.432978,6.412491,0.0329063
0.0005132689,-0.5963022,-0.0009360007,5.43609,6.437736,0.009860542
-0.001508218,-0.5522127,-0.0002920472,5.410664,6.637501,0.01059341
-0.008891557,-0.5926942,-0.01781932,5.409918,6.612149,0.03591714
-0.0006388114,-0.5617264,0.005953,5.409898,6.637741,0.035932
0.001656317,-0.5262273,0.00873629,5.43297,6.637508,0.03291881
-0.0226079,-0.5911274,-0.009051753,5.436069,6.612149,0.009888154
-0.02402108,-0.5711131,-0.01652256,5.432978,6.612491,0.03290588
0.0006687801,-0.5594501,-0.0009554312,5.436089,6.637736,0.009860457
-0.0008457485,-0.5149944,0.0006911462,5.410659,6.837499,0.01058866
-0.009954589,-0.5572531,-0.01886777,5.409912,6.812148,0.03590798
-0.002384572,-0.5221067,0.004386019,5.409892,6.837739,0.03591313
-0.003292031,-0.4975468,0.0057819,5.432954,6.837502,0.03289372
-0.02539196,-0.555821,-0.01090797,5.436061,6.812148,0.009886944
-0.02826846,-0.5401568,-0.01880185,5.432972,6.81249,0.03288872
-0.002663206,-0.5208467,-0.002423739,5.436074,6.837731,0.009855785
0.006982266,-0.4709558,-0.003050313,5.42204,7.074967,0.02196476
-0.0187361,-0.5385444,-0.02940427,5.42095,7.024672,0.07436242
-0.007577804,-0.4802647,-0.00778387,5.420376,7.075509,0.07346808
0.0007659734,-0.4693444,0.00297623,5.467306,7.074999,0.06727781
-0.03329087,-0.523526,-0.01522414,5.474468,7.024688,0.02093587
-0.0506257,-0.5130984,-0.0368762,5.468052,7.024981,0.06798666
0.01067486,-0.4655596,0.005804104,5.473623,7.075514,0.02032401
-0.0008366137,-0.4445134,-0.003478926,5.41033,7.237358,0.01023519
0.002647596,-0.4686314,-0.03146241,5.40927,7.211716,0.03439332
0.003573367,-0.4468679,0.005948519,5.409599,7.237686,0.03506155
-0.0009113254,-0.4297989,0.01326828,5.432258,7.237623,0.0321651
-0.03960242,-0.4761133,-0.000577437,5.434614,7.21168,0.009219293
-0.01273506,-0.4650098,0.001637213,5.431522,7.212602,0.03140821
-0.003807554,-0.4451256,-0.001871115,5.43528,7.237668,0.009556424
-0.0003351568,-0.4105703,0.0006154299,5.410663,7.437501,0.01059321
-0.01163278,-0.4574531,-0.02451284,5.409913,7.41215,0.03591164
-0.001017047,-0.4151451,0.002851329,5.409895,7.437742,0.03592973
-0.001119335,-0.3993324,0.006221876,5.432969,7.437509,0.03291236
-0.02792126,-0.4552799,-0.0125887,5.436064,7.41215,0.009888238
-0.03387375,-0.4438295,-0.0261871,5.432976,7.412494,0.03289348
-0.001242179,-0.4129336,-0.00172121,5.436087,7.437736,0.009859983
-0.0005022592,-0.3770141,0.0002211805,5.410664,7.637501,0.01059346
-0.01173276,-0.4238205,-0.02501402,5.409918,7.612149,0.03591723
-0.001926613,-0.3803418,0.001440669,5.409898,7.637741,0.03593234
-0.001665282,-0.3662641,0.005443791,5.432971,7.637508,0.0329192
-0.02812129,-0.4215221,-0.01201264,5.436069,7.612149,0.009888182
-0.03457935,-0.4096494,-0.02607374,5.432978,7.612491,0.03290598
-0.001434283,-0.3781735,-0.001982249,5.43609,7.637736,0.009860545
-0.0006629571,-0.3427286,-3.085274e-05,5.410664,7.837501,0.01059343
-0.01182935,-0.3906466,-0.02563005,5.409918,7.812149,0.03591743
-0.002684637,-0.3448718,-0.0002141322,5.409898,7.837741,0.0359324
-0.002484263,-0.3331726,0.004039717,5.432971,7.837508,0.0329193
-0.02837022,-0.3885785,-0.01176891,5.436069,7.812149,0.009888292
-0.03542582,-0.376018,-0.02681152,5.432978,7.812491,0.03290623
-0.001867814,-0.3430498,-0.002253206,5.43609,7.837736,0.009860595
-0.0008905528,-0.3083168,-0.0001642803,5.410663,8.037501,0.01059378
-0.01181263,-0.3580908,-0.02575843,5.409914,8.012149,0.03591717
-0.003533765,-0.309725,-0.001743935,5.409896,8.037741,0.03593163
-0.004040613,-0.300498,0.002326878,5.432972,8.037507,0.03291472
-0.02861817,-0.3562811,-0.01138326,5.436068,8.012149,0.009889617
-0.03610827,-0.3428858,-0.0270917,5.432982,8.012492,0.03290003
-0.002755265,-0.3086037,-0.002533231,5.436089,8.037735,0.009860644
-0.005572994,-0.2609158,-0.004932595,5.410555,8.237467,0.01047353
-0.01528645,-0.3242404,-0.02571074,5.409873,8.212133,0.0357804
-0.0116017,-0.2658189,-0.001820057,5.409795,8.23774,0.03560029
-0.01501313,-0.2689338,-0.009564865,5.432712,8.237453,0.03263765
-0.03416438,-0.324818,-0.01347705,5.435944,8.21213,0.009850779
-0.03781127,-0.3090841,-0.02914395,5.432865,8.212463,0.03277046
-0.005943584,-0.2654548,-0.01088023,5.435787,8.237732,0.009755553
0.0003076139,-0.2385841,-0.002870174,5.410366,8.437335,0.0102774
0.0005377101,-0.2651088,-0.03237148,5.409324,8.411652,0.03469644
0.0009424164,-0.2311825,-0.006050064,5.409632,8.437655,0.03521218
0.0022298,-0.2298674,0.002493434,5.432379,8.437587,0.03229573
-0.03019919,-0.2712341,0.0007776928,5.434884,8.411619,0.009279257
-0.007740825,-0.2773683,-0.001879851,5.431753,8.412532,0.03165785
0.001242494,-0.2347912,0.0007443488,5.435411,8.437635,0.009589581
-0.001002514,-0.2038329,-0.002087883,5.410663,8.637501,0.01059349
-0.01040998,-0.2570172,-0.02289031,5.409913,8.612148,0.03591361
-0.006568363,-0.2056754,-0.007221232,5.409896,8.63774,0.0359306
-0.0104412,-0.201248,-0.004831142,5.432971,8.637507,0.03291355
-0.02702902,-0.2531795,-0.009932307,5.436065,8.61215,0.009888713
-0.0354125,-0.2392003,-0.02470466,5.432978,8.612492,0.03289592
-0.002375154,-0.202296,-0.001258123,5.436088,8.637735,0.009860279
-0.001286791,-0.1710122,-0.002363427,5.410664,8.837501,0.01059334
-0.009669604,-0.223483,-0.02032568,5.409918,8.812146,0.03591698
-0.00705973,-0.1732915,-0.007726168,5.409898,8.837738,0.03593199
-0.01104682,-0.1703904,-0.005958377,5.432971,8.837506,0.03291906
-0.02575831,-0.2202905,-0.008660961,5.436069,8.812149,0.009888184
-0.03249344,-0.2062669,-0.02196711,5.432978,8.812489,0.03290596
-0.003532248,-0.1691386,-0.002208479,5.43609,8.837735,0.009860539
-0.00159877,-0.1376483,-0.002075848,5.410664,9.0375,0.01059332
-0.008386595,-0.1865138,-0.01657311,5.409918,9.012143,0.03591672
-0.006947809,-0.1398586,-0.007951753,5.409898,9.037735,0.03593158
-0.01222231,-0.1373289,-0.00576968,5.432971,9.037504,0.03291897
-0.02418766,-0.1838315,-0.007526584,5.436069,9.012148,0.009888242
-0.02951503,-0.1694456,-0.0181627,5.432978,9.012487,0.03290591
-0.004573136,-0.1373189,-0.003145566,5.43609,9.037735,0.009860411
-0.002151848,-0.1060715,-0.001502871,5.410664,9.237498,0.01059245
-0.007933952,-0.1509817,-0.01269666,5.409918,9.212138,0.03591417
-0.006801604,-0.1067628,-0.005870585,5.409898,9.23773,0.03592854
-0.01216751,-0.1071441,-0.005426495,5.432972,9.237502,0.03291721
-0.02163475,-0.1495035,-0.005621986,5.436069,9.212148,0.009887851
-0.02545691,-0.1368779,-0.01491391,5.432979,9.212485,0.03290456
-0.007284387,-0.1047527,-0.004146245,5.43609,9.237735,0.009859963
-0.00283831,-0.07238164,-0.0009425738,5.410664,9.437497,0.01058873
-0.005934056,-0.1068575,-0.008027872,5.409919,9.412134,0.03590315
-0.00417354,-0.07294853,-0.001547093,5.409902,9.43772,0.03590739
-0.01297444,-0.07277135,-0.004871776,5.432978,9.437506,0.03291443
-0.0173579,-0.1080834,-0.003749796,5.43607,9.41215,0.009886385
-0.01984618,-0.096894,-0.01126388,5.432983,9.412486,0.03290114
-0.01127977,-0.07184072,-0.005280734,5.436081,9.43773,0.009861541
-0.002850248,-0.04423395,-0.0002899669,5.410665,9.637513,0.01058438
-0.004120048,-0.06881423,-0.003827485,5.409932,9.612149,0.03584833
-0.002502234,-0.04324993,5.420553e-05,5.409915,9.63775,0.03586208
-0.01323591,-0.04525885,-0.00418528,5.433007,9.637583,0.03292748
-0.01194665,-0.06997431,-0.002501967,5.436035,9.612149,0.009895516
-0.01736021,-0.06388055,-0.008426963,5.433003,9.612541,0.03290835
-0.009487635,-0.04381225,-0.003323284,5.436054,9.637739,0.009871149
-0.006920875,-0.009779277,0.000589385,5.433546,9.839837,0.03357757
-0.007450193,-0.01972457,-0.0001202809,5.435788,9.812672,0.01012823
-0.001793922,-0.009697664,0.0003349915,5.410809,9.83811,0.01073852
-0.002101386,-0.0203077,-0.001194731,5.410124,9.812938,0.03571521
-0.00832983,-0.01932829,-0.0007178563,5.433301,9.813851,0.03328505
-0.002073441,-0.01039536,-6.115453e-05,5.410404,9.838653,0.03528398
-0.006573752,-0.009662577,-0.0004330161,5.435347,9.838397,0.01042101
-0.06427176,-0.007931562,0.0195514,5.748283,9.858976,0.2467347
-0.02387077,0.0027787,0.007136134,5.646454,9.859005,0.3484288
-0.04944719,-0.02597945,0.02289506,5.753935,9.869521,0.354066
-0.1039725,-0.003745252,0.02396555,5.949275,9.861379,0.2446092
-0.06156167,-0.004619227,0.03938547,5.856212,9.877276,0.3458251
-0.1258124,-0.0173434,0.02034698,5.952901,9.877641,0.3460771
-0.1343381,0.0009776293,0.05778231,6.149712,9.861643,0.2445321
-0.1342077,0.01475366,-0.003356691,6.049701,9.877993,0.3456013
-0.1547268,-0.02697582,0.02275712,6.150548,9.878208,0.346
-0.1662285,0.00209027,0.06742075,6.349844,9.86168,0.2446205
-0.1726278,0.01722995,-0.007370823,6.248929,9.878247,0.34596
-0.1934705,-0.03096707,0.02629573,6.350617,9.878264,0.3459597
-0.199905,0.002918378,0.07461891,6.549916,9.861658,0.244781
-0.2115646,0.0202693,-0.008423847,6.449065,9.878265,0.3459728
-0.2331554,-0.03362729,0.02930289,6.55076,9.878263,0.3459537
-0.2327958,0.003620945,0.08061152,6.749928,9.861664,0.2447791
-0.2506399,0.02294624,-0.009244334,6.649156,9.878264,0.3459521
-0.2727095,-0.03558243,0.03180983,6.750806,9.878264,0.3459415
-0.2677154,0.004253551,0.08632188,6.949928,9.861657,0.2448109
-0.2898115,0.02507868,-0.009829822,6.849182,9.878263,0.3459495
-0.3125111,-0.03688825,0.03368277,6.950818,9.878263,0.3459537
-0.2961007,0.006995343,0.08854705,7.149934,9.861661,0.2447796
-0.3293892,0.02699232,-0.01076263,7.049194,9.878263,0.3459489
-0.3523078,-0.03778969,0.03504999,7.150844,9.878264,0.3459541
-0.3385853,0.003422353,0.09208901,7.349964,9.861645,0.2448127
-0.3697678,0.02807726,-0.01091101,7.24924,9.878262,0.3459609
-0.3925042,-0.03819153,0.036342,7.350934,9.878261,0.3460117
-0.4341167,-0.04001526,0.03637298,7.551069,9.878235,0.3461052
-0.3573229,-0.0009277118,-0.07908694,7.450146,9.861632,0.2448367
-0.4092084,0.02933491,-0.01225894,7.449381,9.878256,0.3460535
-0.003245076,-0.0001589454,-0.006065232,5.745636,9.877283,0.4562537
-0.02672484,0.008302529,-0.001648844,5.643906,9.861495,0.549307
-0.01041626,0.004107322,-0.003117004,5.745747,9.877657,0.5529152
-0.01402604,0.003859038,-0.004272412,5.745112,9.878019,0.6497116
-0.02948392,0.009882595,-0.0005292881,5.64329,9.861857,0.7497067
-0.01383908,0.003841675,0.001510055,5.745448,9.878238,0.7505473
-0.03466712,-0.04923431,-0.001417347,5.538209,9.658868,0.8501194
-0.003971039,-0.02178977,0.000309942,5.445364,9.753413,0.8500302
-0.02726361,-0.01668721,-3.157443e-05,5.541815,9.760814,0.8499851
-0.001530637,-0.04304621,-0.003643264,5.442777,9.646615,0.9510195
-0.03514254,-0.04841516,0.000747486,5.538265,9.658771,0.9497756
-0.004118075,-0.02187195,-0.0002387641,5.4456,9.75276,0.9499622
-0.02698617,-0.01674864,-0.0001544501,5.54213,9.760512,0.9499389
-0.002860717,-0.002720308,-0.0002229421,5.421177,9.87863,0.8250125
-0.002177127,-0.01100673,-0.001170643,5.420132,9.828454,0.8756134
-0.003504176,-0.00216318,9.814644e-05,5.421285,9.878529,0.8751069
-0.008886594,-0.00117867,0.000374325,5.470941,9.879773,0.8755978
-0.01193968,-0.01194316,-0.000266323,5.466111,9.833897,0.8250119
-0.009454923,-0.001250305,-0.0006763279,5.470685,9.879848,0.8244797
-0.01168279,-0.01211192,-0.0001108896,5.466302,9.833728,0.875063
-0.01434545,0.00282145,0.002094924,5.745442,9.878274,0.8489333
-0.02822941,0.009860189,-0.001058047,5.643643,9.861846,0.9498437
-0.01380055,0.002323911,0.0007380429,5.745508,9.878287,0.9506141
-0.01523881,0.002783123,0.002383316,5.745564,9.878286,1.049069
-0.02820902,0.0100075,1.952566e-05,5.643864,9.861815,1.149914
-0.01500936,0.0005979978,0.0004381811,5.745525,9.878286,1.150757
-0.03563518,-0.04801132,-0.001106748,5.53825,9.65882,1.250177
-0.004385351,-0.02187687,-0.0001515094,5.445603,9.752741,1.250048
-0.0276616,-0.01624255,-0.000110815,5.542136,9.760517,1.250032
-0.001578368,-0.04323307,-0.003540482,5.442739,9.64681,1.351008
-0.0355227,-0.04838183,0.001034125,5.53817,9.658972,1.349801
-0.004358121,-0.02167069,0.0002025339,5.445382,9.753341,1.349988
-0.02751027,-0.01621574,0.0001950075,5.541852,9.760806,1.349971
-0.003706005,-0.002235116,-0.0004544732,5.422186,9.877612,1.225273
-0.002331451,-0.01142604,-0.001372924,5.420358,9.827868,1.275523
-0.003704747,-0.002046195,0.000547655,5.421604,9.878217,1.274906
-0.009081484,-0.001048001,0.0005246535,5.471542,9.879554,1.275499
-0.01210462,-0.01242088,-0.000215235,5.467483,9.832542,1.224993
-0.009378479,-0.001170367,-0.0009749881,5.472455,9.879028,1.224745
-0.01189995,-0.01230171,9.111698e-05,5.466754,9.833286,1.274944
-0.01440293,0.00262765,-0.0003157944,5.745442,9.878292,1.249161
-0.0286661,0.009846041,3.593521e-05,5.643443,9.861897,1.349928
-0.01580953,0.000466332,0.0001818548,5.745348,9.878296,1.350803
-0.03544251,-0.04799667,-0.0009797097,5.538169,9.658974,1.45019
-0.004241628,-0.02171449,0.0001840176,5.44538,9.753335,1.45001
-0.02699612,-0.01711787,-3.063202e-05,5.54185,9.760805,1.450027
-0.001325244,-0.04364922,-0.003927779,5.442773,9.646594,1.551001
-0.0354803,-0.0479171,0.0009766823,5.538242,9.658835,1.549812
-0.004247778,-0.02182147,-0.0001581619,5.445599,9.752732,1.549955
-0.02702565,-0.01724476,7.701439e-05,5.542133,9.76052,1.549964
-0.002872263,-0.002770882,-8.891974e-06,5.421201,9.878608,1.425002
-0.002207451,-0.01140358,-0.0008962222,5.420144,9.828428,1.475609
-0.003588465,-0.002013211,-0.0001799639,5.421297,9.878523,1.475103
-0.008779776,-0.001182499,0.0006821701,5.470972,9.879772,1.475595
-0.01086423,-0.01315969,-8.223131e-05,5.466171,9.833841,1.425006
-0.009306542,-0.001234916,-0.000474894,5.470759,9.87983,1.424477
-0.01202667,-0.01184912,7.756986e-05,5.466323,9.833697,1.475063
-0.0136566,0.003911076,-0.004372704,5.745349,9.878296,1.449185
-0.02937748,0.009881961,-0.0005787099,5.643664,9.861856,1.549915
-0.01355453,0.00396823,0.004442579,5.745432,9.878291,1.550813
-0.01600181,0.0004418671,-0.0001980316,5.745511,9.878286,1.649197
-0.02910156,0.009798202,4.274452e-05,5.643861,9.861817,1.749932
-0.01446701,0.002687136,0.0005691398,5.745519,9.878287,1.750841
-0.03570563,-0.0478577,-0.000741775,5.538236,9.658847,1.850207
-0.004345126,-0.02193198,-0.0001021354,5.445596,9.752761,1.85004
-0.02705495,-0.01711442,-6.361432e-05,5.542116,9.760537,1.85004
-0.001238459,-0.04343972,-0.003625027,5.44273,9.646901,1.950993
-0.03544904,-0.04875179,0.001498448,5.538153,9.659009,1.949843
-0.004260025,-0.02174933,8.478368e-05,5.445357,9.753419,1.949971
-0.02796013,-0.01614029,0.0003088377,5.541788,9.760864,1.949981
-0.003597124,-0.002403655,0.0006155857,5.422185,9.877613,1.825271
-0.002095555,-0.01101227,-0.001363537,5.420355,9.827878,1.875519
-0.0028632,-0.002726628,-3.00872e-05,5.421601,9.87822,1.874904
-0.008906209,-0.001325715,0.0003391555,5.47153,9.879557,1.875496
-0.01117568,-0.01312196,0.0002789736,5.467478,9.832546,1.824991
-0.008777558,-0.001350317,-6.924455e-05,5.472451,9.879029,1.824742
-0.01145765,-0.01259387,1.041843e-05,5.466741,9.833297,1.87494
-0.01512341,0.0005726751,-0.0003573439,5.745431,9.878291,1.849245
-0.02979658,0.009876314,0.0003673703,5.643357,9.861901,1.949963
-0.01513035,0.00279855,-0.001569696,5.745357,9.878298,1.950931
-0.03515494,-0.04829043,-0.0008321695,5.538097,9.659109,2.050229
-0.004140599,-0.02160301,0.0002794618,5.445281,9.753629,2.049985
-0.02687493,-0.01678454,7.665343e-05,5.541647,9.760996,2.050047
-0.001178674,-0.04374321,-0.003493352,5.442705,9.647108,2.151
-0.03503622,-0.04887483,0.001408246,5.538113,9.659064,2.14991
-0.004086,-0.02178057,-0.0001379797,5.445266,9.753683,2.149996
-0.02729404,-0.01662236,9.009108e-05,5.541616,9.761013,2.150033
-0.003227619,-0.002215233,0.0006651194,5.421136,9.878667,2.024967
-0.001977671,-0.01066989,-0.001039437,5.420019,9.828824,2.075547
-0.002842622,-0.002700685,1.347977e-05,5.421123,9.878684,2.075016
-0.008706184,-0.001340409,0.0004729312,5.470541,9.879896,2.075537
-0.01066707,-0.01268305,0.0001513558,5.466021,9.83398,2.024976
-0.0084057,-0.001310594,-0.0002256056,5.470582,9.879877,2.024447
-0.01156028,-0.01185948,5.252625e-05,5.465989,9.834013,2.075012
-0.01415203,0.001545425,-0.0004898514,5.74532,9.878297,2.049386
-0.02943315,0.009600458,3.939849e-05,5.643177,9.861908,2.150062
-0.01432818,0.003008386,-0.002357286,5.745337,9.878279,2.151066
-0.03564124,-0.04770883,-0.0007570578,5.538134,9.658977,2.250305
-0.004471173,-0.02167548,-0.0002017952,5.445269,9.753689,2.250008
-0.02778308,-0.01585467,-0.0001641171,5.541626,9.760971,2.25012
-0.001281729,-0.04318674,-0.002957611,5.442741,9.647084,2.351039
-0.03565886,-0.04893695,0.001810055,5.538245,9.658688,2.350076
-0.00427036,-0.02161149,0.0007570897,5.445282,9.753666,2.350028
-0.02816349,-0.01600539,0.000979424,5.541672,9.760836,2.350136
-0.002817274,-0.002680708,0.0002184716,5.421113,9.878689,2.224981
-0.002079624,-0.01087547,-0.0006794901,5.420013,9.828848,2.275552
-0.003344328,-0.002177154,0.0002209264,5.421116,9.878692,2.275024
-0.008773547,-0.001218086,0.0009088135,5.47052,9.879902,2.275558
-0.01147585,-0.0117536,0.0002193719,5.465963,9.834033,2.225
-0.009187418,-0.00135804,-8.351351e-05,5.470514,9.879895,2.22447
-0.01101837,-0.01229612,0.0004394864,5.46597,9.834028,2.275033
-0.01414703,0.00298981,-0.0007058184,5.745405,9.878239,2.249453
-0.03012072,0.009973978,0.001082747,5.643341,9.861739,2.350279
-0.01408162,0.003774972,0.003403567,5.745098,9.87802,2.350288
-0.03480677,-0.04685221,-0.0001709549,5.538378,9.658345,2.45055
-0.004196468,-0.02203053,0.0002540381,5.445317,9.753637,2.450076
-0.02652401,-0.01657843,0.0006060363,5.541753,9.760572,2.450272
-0.001431095,-0.04189774,-0.00324446,5.442996,9.647091,2.551158
-0.03403935,-0.04827827,0.0004874357,5.538766,9.657556,2.5507
-0.00363768,-0.02113031,0.000233294,5.445398,9.753567,2.550177
-0.02637373,-0.01728429,0.0001538898,5.541899,9.760007,2.550457
-0.003185047,-0.002131576,0.001174492,5.421117,9.87869,2.424988
-0.001860528,-0.01049024,-0.001444896,5.420016,9.828849,2.475558
-0.002721873,-0.002659837,-0.0001166545,5.42112,9.878691,2.475032
-0.008359041,-0.001380574,0.000428075,5.470551,9.879887,2.475601
-0.01020145,-0.01276691,0.0004620962,5.465986,9.83401,2.425027
-0.008002324,-0.001361988,0.0002524993,5.470532,9.879889,2.424501
-0.01114754,-0.01158686,-4.612636e-05,5.466016,9.83399,2.475076
-0.01081864,0.003934849,0.002665782,5.745741,9.877657,2.44708
-0.02659052,0.009522164,-0.006932036,5.644961,9.860937,2.550815
-0.003132924,-3.638274e-05,0.005763709,5.745626,9.877281,2.543723
-0.03555721,-0.04733876,-0.0007148897,5.539407,9.65655,2.651836
-0.004486023,-0.02271469,-0.001120538,5.445635,9.753596,2.650327
-0.0257861,-0.01775647,-0.0003223444,5.542185,9.758992,2.651078
-0.004698735,-0.04084378,0.0003456549,5.444907,9.649761,2.749894
-0.03462637,-0.0492984,0.00384371,5.541036,9.654563,2.753816
-0.004880128,-0.02240336,0.001089462,5.446115,9.753483,2.750864
-0.02756624,-0.0204473,0.001943101,5.542988,9.757418,2.752593
-0.003995392,-0.001779701,-0.0003733965,5.421133,9.878687,2.625018
-0.002031175,-0.01110726,-0.003188634,5.420064,9.828832,2.675683
-0.002757195,-0.002683808,-0.0008807163,5.421149,9.878678,2.675096
-0.00733753,-0.001671361,-0.002274069,5.47067,9.879837,2.67575
-0.01135551,-0.01192067,-0.0003236636,5.466081,9.833869,2.625158
-0.007170169,-0.00133681,-0.001533048,5.47061,9.879861,2.624582
-0.009204229,-0.01438234,-0.002483078,5.466177,9.833742,2.675361
-0.0492816,-0.02597929,-0.02279853,5.753906,9.869511,2.64581
-0.03749148,0.001426249,-0.0002136085,5.647504,9.856194,2.752142
-0.0639177,-0.007932004,-0.01932824,5.748208,9.85891,2.752912
-0.1257243,-0.01738301,-0.02032979,5.9529,9.877632,2.653814
-0.08716317,0.01199427,-0.005344385,5.849111,9.860765,2.754016
-0.103879,-0.003723703,-0.02447062,5.949288,9.861319,2.755078
-0.1547718,-0.0269373,-0.02262536,6.150547,9.878231,2.654394
-0.1183286,-0.003594609,0.03432227,6.049728,9.861627,2.755967
-0.1342671,0.001169162,-0.05734406,6.149705,9.861812,2.756404
-0.1934412,-0.03095993,-0.02614427,6.350613,9.878284,2.654406
-0.1506068,-0.004299585,0.04492428,6.249927,9.861856,2.756457
-0.1661892,0.002475678,-0.06616634,6.349834,9.861818,2.756181
-0.2330939,-0.03360545,-0.02916423,6.550761,9.878279,2.654361
-0.183849,-0.004419612,0.05201097,6.450022,9.86176,2.755851
-0.1998152,0.002952639,-0.07500635,6.549924,9.861767,2.755859
-0.2727879,-0.03553114,-0.03142307,6.750804,9.878298,2.654669
-0.2174507,-0.00481324,0.05334953,6.650083,9.861836,2.756215
-0.23265,0.003713899,-0.08034906,6.749929,9.861903,2.756585
-0.3125968,-0.03690868,-0.03336169,6.950814,9.878303,2.654781
-0.2509251,-0.006362619,0.06023474,6.850069,9.861933,2.756769
-0.2677986,0.00442972,-0.08553158,6.949928,9.861939,2.756817
-0.352202,-0.0378813,-0.03506922,7.150839,9.878297,2.65465
-0.2857408,-0.003872548,0.06481764,7.050076,9.861931,2.756768
-0.2953962,0.007073968,-0.0890219,7.149932,9.861897,2.756574
-0.3923056,-0.03824834,-0.03645264,7.35093,9.878274,2.654248
-0.3160882,-0.010419,0.07308035,7.250072,9.861823,2.756174
-0.3381792,0.003451964,-0.09236574,7.349953,9.861733,2.755718
-0.352958,0.006385406,-0.0923677,7.550085,9.861688,2.755592
-0.408978,0.02943056,0.0123604,7.449382,9.878264,2.654123
-0.3565856,-0.0005897777,0.08011877,7.450149,9.861685,2.755498
-0.1613111,-0.05516737,-0.003190461,6.349728,9.658806,2.861665
-0.1425678,-0.0293305,0.007608489,6.249944,9.760766,2.858053
-0.1696984,-0.005584569,-0.0009408875,6.349913,9.76042,2.857691
-0.1480568,-0.03210069,-0.004250071,6.24896,9.646975,2.957242
-0.1744811,-0.05162988,-0.01236279,6.350975,9.646703,2.957199
-0.1499555,-0.02042515,-0.001526885,6.249986,9.753425,2.95458
-0.1682771,-0.04097215,-0.008465118,6.34991,9.752659,2.954299
-0.228356,-0.05722509,-0.005221072,6.749784,9.659227,2.861856
-0.2126445,-0.03391498,0.01001342,6.650024,9.76049,2.857724
-0.2404821,-0.003328645,-0.002050904,6.749957,9.760934,2.858166
-0.2216941,-0.03627254,-0.001480897,6.648995,9.646761,2.957211
-0.245596,-0.05209929,-0.01270477,6.750993,9.647133,2.957274
-0.2216106,-0.01337938,0.0005414236,6.650068,9.752706,2.954303
-0.2392199,-0.04165325,-0.008255865,6.749973,9.75354,2.954617
-0.2619374,-0.05734597,-0.005777304,6.949812,9.659426,2.86195
-0.248819,-0.03587666,0.009774736,6.850006,9.761111,2.858341
-0.277477,-0.001230714,-0.002831242,6.949981,9.76115,2.85838
-0.2582444,-0.03952656,-0.002332057,6.848988,9.647326,2.957304
-0.2855792,-0.05398783,-0.01440503,6.951005,9.647375,2.957311
-0.2565018,-0.01267461,0.001067967,6.849983,9.753794,2.954706
-0.2773859,-0.04527056,-0.007508004,6.950002,9.753843,2.954722
-0.2946533,-0.05789902,-0.006243462,7.14984,9.659165,2.861825
-0.2866696,-0.03494216,0.01367092,7.050037,9.761097,2.858336
-0.3086517,0.002423151,-0.001128225,7.150009,9.760901,2.858149
-0.2964825,-0.03377689,0.0004829554,7.049005,9.647317,2.957301
-0.3154259,-0.05063653,-0.01337257,7.151017,9.647107,2.957266
-0.2931564,-0.01343784,0.0007199436,7.050012,9.753783,2.954706
-0.3087407,-0.04531919,-0.007235838,7.150035,9.753519,2.954613
-0.007943034,-0.001583321,-3.26155e-05,5.470689,9.878622,2.876124
-0.01048259,-0.01610541,0.002016156,5.46697,9.832912,2.826624
-0.003064602,-0.002978103,0.0008421217,5.421386,9.87848,2.82533
-0.002844647,-0.01312561,-0.001629253,5.421306,9.829013,2.876064
-0.008296166,-0.001954375,0.001862452,5.471023,9.879436,2.825253
-0.01309192,-0.0134892,-2.550957e-05,5.468008,9.831887,2.878047
-0.004112155,-0.001514483,-0.0008642012,5.421809,9.878081,2.875606
-0.00181546,-0.885763,0.003822993,5.410663,5.162502,0.01058677
-0.002257941,-0.9024062,-0.01291375,5.40992,5.187859,0.03590164
-0.001929199,-0.9252674,-0.01264014,5.409903,5.162278,0.03590353
-0.02837122,-0.8796425,-0.008330297,5.432967,5.162499,0.03290489
-0.02680407,-0.8977338,-0.001911599,5.436067,5.187854,0.009884073
-0.02363188,-0.8542594,-0.005107534,5.432976,5.187516,0.03289615
-0.03339892,-0.9218162,0.0003140968,5.436086,5.162265,0.009855454
-0.01852438,-0.7082304,-0.01100314,5.432962,5.962491,0.0329289
7.038898e-05,-0.7147649,0.002619783,5.410664,5.962499,0.01059275
-0.02655509,-0.7258874,-0.002843873,5.436066,5.987853,0.009892566
-0.002260265,-0.7269351,-0.02028176,5.409914,5.987848,0.03591986
-0.02498003,-0.6872053,-0.01771347,5.432956,5.98751,0.03293076
0.0008663537,-0.7446397,-0.01027186,5.409899,5.96226,0.03593291
-0.01618584,-0.7429712,0.002312846,5.436089,5.962263,0.009861015
-0.01699579,-0.6743139,-0.009648198,5.432968,6.162491,0.0329224
9.913347e-05,-0.6798497,0.00261285,5.410664,6.162499,0.01059238
-0.02693704,-0.6920261,-0.003092845,5.436069,6.187852,0.009887169
-0.00271567,-0.692989,-0.02126374,5.40992,6.18785,0.03591674
-0.02602211,-0.654235,-0.01923153,5.432976,6.187509,0.03290841
0.001553349,-0.7085557,-0.007719909,5.4099,6.162261,0.03593189
-0.01290013,-0.7066709,0.002747353,5.43609,6.162263,0.009859612
-0.005011214,-0.8166889,0.0002871113,5.431951,5.237562,2.968184
-0.01311254,-0.8419661,-0.01311316,5.409228,5.211705,2.965802
0.009108666,-0.8433093,0.0144383,5.434457,5.211661,2.990836
-0.01856169,-0.8333924,0.01880503,5.410206,5.237319,2.989902
-0.01594887,-0.8282357,-0.03705543,5.40948,5.237677,2.96534
0.03301505,-0.8295141,0.01564058,5.434917,5.237658,2.990563
-0.01450673,-0.8164189,0.004905062,5.431365,5.212577,2.96876
0.007717819,-0.7497068,-0.02389923,5.467434,5.524986,2.932564
-0.005098718,-0.8425769,0.0184363,5.420219,5.575647,2.927287
-0.01141111,-0.8169053,0.008267727,5.42236,5.525311,2.977755
-0.02522644,-0.8326628,0.004776236,5.472942,5.575655,2.979834
0.001736432,-0.8278052,-0.01900236,5.420675,5.524809,2.926366
-0.03071282,-0.7698705,0.01854457,5.466698,5.574955,2.933287
0.005376727,-0.8197019,-0.002242642,5.473837,5.524824,2.979367
0.01392352,-0.7010651,-0.02591316,5.466109,5.674995,2.933914
-0.01403698,-0.79428,0.03168334,5.420011,5.624259,2.927865
-0.03336464,-0.7833462,0.0111607,5.472385,5.62426,2.980051
-0.0004877535,-0.7411866,0.0004084567,5.421388,5.674971,2.97874
-0.04245088,-0.7394193,0.0291323,5.466275,5.624927,2.93372
-0.004356453,-0.7574191,-0.01002369,5.419891,5.675466,2.928092
0.01489178,-0.7468663,-0.001079552,5.472182,5.675458,2.980177
0.01056659,-0.6290986,-0.02032928,5.465964,6.075025,2.934074
-0.01514179,-0.7180909,0.03260839,5.41989,6.024315,2.928305
-0.03154019,-0.7060856,0.01218997,5.471989,6.024318,2.980181
0.000558708,-0.6572101,0.0009744529,5.421329,6.075004,2.978809
-0.04924816,-0.6653661,0.03726354,5.465953,6.024979,2.93407
-0.004726502,-0.673307,-0.007177004,5.419844,6.075494,2.928276
0.01567615,-0.6636035,-0.001712323,5.472021,6.07549,2.98023
0.01673202,-0.6370372,-0.02894907,5.465963,6.124976,2.934075
-0.002469901,-0.7312344,0.009953307,5.41989,6.175686,2.928305
-0.002611468,-0.6893228,0.001624215,5.421329,6.124996,2.978809
-0.021486,-0.7189055,0.005451982,5.471988,6.175682,2.980181
0.007150524,-0.70564,-0.02314375,5.419844,6.124507,2.928277
-0.03103355,-0.6645443,0.01804405,5.465951,6.175021,2.934069
0.02105658,-0.6988265,-0.006640385,5.472021,6.12451,2.98023
0.008738307,-0.5942424,-0.01689033,5.465963,6.275024,2.934075
-0.01540468,-0.6823017,0.03316319,5.41989,6.224315,2.928305
-0.03109448,-0.669285,0.0124049,5.471988,6.224318,2.980181
0.0008320194,-0.6178273,0.002357333,5.421329,6.275004,2.978809
-0.05230304,-0.6306583,0.04020564,5.46595,6.224979,2.934069
-0.005840369,-0.6340621,-0.004932052,5.419844,6.275494,2.928277
0.01624242,-0.6235464,-0.002645821,5.472021,6.27549,2.98023
0.01799378,-0.60017,-0.02949578,5.465963,6.324976,2.934075
-0.001784785,-0.6935719,0.00747007,5.41989,6.375685,2.928305
-0.001601053,-0.6497549,0.0009210228,5.421329,6.324996,2.978809
-0.01997464,-0.6810393,0.005144075,5.471988,6.375682,2.980181
0.007711211,-0.6657985,-0.02264011,5.419844,6.324507,2.928277
-0.02915001,-0.6297068,0.01630528,5.465951,6.375021,2.934069
0.02162887,-0.6600288,-0.007405367,5.472021,6.32451,2.98023
0.007770748,-0.5592532,-0.01418998,5.465963,6.475024,2.934075
-0.01531108,-0.6465759,0.03333739,5.41989,6.424315,2.928305
-0.03128017,-0.6336521,0.01229161,5.471988,6.424318,2.980181
0.000936916,-0.5802265,0.003390723,5.421329,6.475004,2.978809
-0.05302092,-0.5963505,0.04121522,5.465951,6.424979,2.934069
-0.006832517,-0.5963607,-0.00276481,5.419844,6.475493,2.928277
0.01664773,-0.5851311,-0.003275223,5.472021,6.47549,2.98023
0.01897217,-0.5641055,-0.03002891,5.465963,6.524976,2.934075
-0.001286933,-0.6569934,0.004900322,5.41989,6.575685,2.928305
-0.0009967517,-0.6114958,0.0005966266,5.421329,6.524996,2.978809
-0.01828144,-0.6447409,0.004865794,5.471988,6.575682,2.980181
0.007785844,-0.6272499,-0.02208254,5.419844,6.524507,2.928277
-0.02677162,-0.5956153,0.01413823,5.465951,6.575021,2.934069
0.02219413,-0.6223185,-0.008021653,5.472021,6.52451,2.98023
0.006267045,-0.5249856,-0.01132559,5.465963,6.675024,2.934074
-0.01515254,-0.6118855,0.03354966,5.41989,6.624315,2.928305
-0.03176258,-0.5992995,0.01241248,5.471988,6.624318,2.980181
0.0008476809,-0.543802,0.004110695,5.421329,6.675004,2.978809
-0.05369851,-0.5628254,0.0418909,5.465951,6.624979,2.934069
-0.007762009,-0.5591353,-0.0004354921,5.419844,6.675493,2.928276
0.01625018,-0.5478005,-0.003436965,5.472021,6.67549,2.98023
0.01915301,-0.4933098,-0.03127596,5.465978,6.924979,2.934056
-0.0007784145,-0.5832172,-0.0007115585,5.419899,6.975691,2.928267
-0.001247857,-0.5362875,0.0002264826,5.421332,6.924998,2.978804
-0.01746268,-0.5781234,0.002834704,5.472019,6.975688,2.98017
0.007595222,-0.5493443,-0.02183999,5.419848,6.924509,2.928261
-0.01938819,-0.5272906,0.004529264,5.465984,6.97503,2.934029
0.02076887,-0.5494115,-0.01031103,5.472032,6.924513,2.980225
-0.0009609141,-0.4647691,-0.0102788,5.466131,7.075061,2.933889
-0.01608863,-0.5429328,0.03238622,5.419912,7.024327,2.928217
-0.0384035,-0.5379564,0.01428942,5.472061,7.024332,2.980156
-0.003148125,-0.4697667,-0.0001548158,5.421395,7.07504,2.978732
-0.05045269,-0.4979806,0.03810682,5.466025,7.024995,2.933985
-0.009016136,-0.4837365,0.0004473541,5.419898,7.075524,2.92806
-0.0007908621,-0.4806441,0.003251702,5.472209,7.075522,2.98017
-0.000441038,-0.3641446,-0.01205122,5.432245,7.637625,2.967823
0.00133911,-0.3984036,0.0342108,5.40928,7.611718,2.96561
-0.04085875,-0.4098594,5.369676e-05,5.434614,7.611678,2.990785
-0.0002508563,-0.3729352,0.003094535,5.41033,7.637358,2.98977
-0.003739586,-0.3737473,0.001900226,5.43528,7.63767,2.990446
-0.01308524,-0.4037799,0.0008138264,5.431503,7.612602,2.968577
0.003528333,-0.3735905,-0.00264345,5.409606,7.637683,2.964941
0.002351551,-0.196896,-0.0082887,5.432292,8.762538,2.96778
-0.00311181,-0.2138731,-0.01940814,5.409507,8.788435,2.964864
-0.003016655,-0.1899339,0.00317901,5.410337,8.762776,2.989756
0.01164334,-0.212659,0.001546048,5.43532,8.788452,2.990545
-0.0009960912,-0.1975626,-0.0178437,5.4096,8.762433,2.964896
-0.006333142,-0.2141552,-0.0004404567,5.4321,8.787556,2.967921
0.01551438,-0.194825,-0.002149546,5.435315,8.762439,2.990439
-0.005787598,-0.009415831,-0.001779548,5.432431,9.840712,2.967321
-0.001106,-0.01744546,0.0033321,5.409366,9.813204,2.96574
-0.009196187,-0.01776494,2.832813e-05,5.434388,9.812735,2.990587
-0.001756062,-0.01005806,-3.168036e-05,5.4104,9.838336,2.989562
-0.006975661,-0.01850037,-0.0004538044,5.431656,9.81465,2.968243
-0.007499713,-0.007892139,0.0001294567,5.434584,9.838811,2.989971
-0.001374958,-0.008905988,0.0001717255,5.409697,9.839724,2.965031
-0.1293753,-0.007851798,-0.007271784,6.12438,9.879768,2.928968
-0.1528214,-0.01979904,-0.02269502,6.174973,9.833881,2.933789
-0.1224187,-0.02455715,-0.002946113,6.124381,9.828451,2.979836
-0.1534126,-0.004327686,-0.0006933259,6.174993,9.878623,2.978788
-0.1115338,-0.03182235,-0.02764291,6.124904,9.833693,2.933612
-0.1711441,-0.008702119,-0.01894355,6.175507,9.879837,2.929215
-0.1183876,-0.009858629,0.001086273,6.124885,9.878527,2.978681
-0.2079209,-0.0003136809,0.01202856,6.675489,9.879527,2.928318
-0.2212358,0.01315742,0.04196568,6.624973,9.832322,2.932204
-0.2134205,-0.01489323,0.001289228,6.67551,9.827821,2.979598
-0.2301807,0.002430914,0.007482117,6.625213,9.877455,2.977616
-0.1981398,-0.01532846,-0.0004690512,6.674922,9.833237,2.933128
-0.2500749,0.004559722,0.03621037,6.624783,9.878898,2.927122
-0.2097083,-0.005231992,0.004544132,6.674887,9.878192,2.978341
-0.2455256,-0.01278762,-0.0165277,6.724394,9.879773,2.928998
-0.2670454,-0.01677577,-0.02239918,6.774975,9.833957,2.933861
-0.240292,-0.02829341,-0.002067653,6.724385,9.828481,2.979851
-0.2707262,-0.003945007,-0.0001646746,6.774984,9.878647,2.978816
-0.2159067,-0.03868672,-0.04182123,6.724926,9.833743,2.933644
-0.2970104,-0.009713154,-0.02287202,6.77551,9.87986,2.92929
-0.2303528,-0.01006028,0.001491061,6.724886,9.878535,2.978694
-0.2476203,0.001595065,0.008847682,6.875538,9.879903,2.929451
-0.2578438,0.01891828,0.04977374,6.824975,9.834049,2.933957
-0.2515368,-0.01566147,0.00256033,6.875546,9.828896,2.979983
-0.2677359,-0.002965947,0.001936035,6.824967,9.878688,2.978861
-0.2284351,-0.01446492,0.004301737,6.875006,9.834078,2.933993
-0.2923639,0.002341925,0.03563997,6.824447,9.879892,2.929403
-0.2478303,-0.004052814,0.004921627,6.875016,9.878703,2.978877
-0.2837757,-0.01309449,-0.01945333,6.924457,9.879907,2.929466
-0.2995256,-0.01695258,-0.02493933,6.975012,9.834098,2.934011
-0.2778956,-0.02905406,-0.002812561,6.924448,9.828909,2.979987
-0.3110975,-0.004060906,0.0002075357,6.975021,9.878707,2.978882
-0.2547314,-0.03464792,-0.03404422,6.924986,9.834091,2.934007
-0.3369462,-0.01084369,-0.02372491,6.975543,9.879908,2.929466
-0.2670084,-0.008309999,0.001615695,6.924979,9.878707,2.978882
-0.2810056,0.002210538,0.01098524,7.07555,9.879898,2.929401
-0.2954828,0.02164619,0.05407728,7.024996,9.834083,2.933998
-0.2873501,-0.01829343,0.002306295,7.075566,9.828852,2.979966
-0.3041181,-0.00285977,0.002779291,7.024984,9.878703,2.978877
-0.2602905,-0.01552197,0.005830814,7.075029,9.834031,2.933961
-0.3315233,0.003997968,0.04056638,7.024462,9.879904,2.929451
-0.2814303,-0.004684408,0.005557186,7.075033,9.87869,2.978858
-0.3197472,-0.01398161,-0.02351621,7.124493,9.879865,2.929288
-0.3326351,-0.01455212,-0.02272691,7.175073,9.833741,2.933646
-0.3161877,-0.03011904,-0.002417743,7.124481,9.828748,2.979932
-0.3476611,-0.004871495,-0.000545762,7.175114,9.878534,2.978693
-0.2907775,-0.03567873,-0.03508315,7.125021,9.833938,2.933864
-0.3720107,-0.01112042,-0.02070588,7.175607,9.879774,2.928996
-0.3038184,-0.007988193,0.001237858,7.125016,9.878649,2.978813
7.467282e-05,-0.8340181,0.0027494,5.410664,5.3625,0.01059186
-0.001235523,-0.8465723,-0.01846169,5.40992,5.387854,0.03591493
-0.00101907,-0.8711162,-0.01756308,5.409901,5.362265,0.03592971
-0.02271449,-0.8294271,-0.01316884,5.432968,5.362494,0.03292019
-0.02556854,-0.8455619,-0.0022375,5.436069,5.387852,0.009886893
-0.02311942,-0.805223,-0.01310423,5.432976,5.387512,0.032907
-0.02444761,-0.8693816,-0.0001738925,5.43609,5.362264,0.00985894
5.149208e-06,-0.7900757,0.003060726,5.410664,5.562499,0.01059265
-0.001621684,-0.8022458,-0.01834339,5.40992,5.587851,0.03591694
-0.0004710059,-0.8234414,-0.01430708,5.4099,5.562262,0.0359321
-0.02039655,-0.7815713,-0.01109598,5.432968,5.562492,0.03292227
-0.02590466,-0.7998747,-0.00246509,5.436069,5.587852,0.009887209
-0.02324323,-0.7594953,-0.01373716,5.432976,5.58751,0.03290856
-0.02146447,-0.8210971,0.001097958,5.43609,5.562263,0.009859323
5.102526e-05,-0.7513822,0.002697147,5.410664,5.762499,0.01059251
-0.00192958,-0.7637063,-0.01988831,5.40992,5.78785,0.0359169
0.0004181924,-0.7834903,-0.01303019,5.4099,5.762261,0.03593207
-0.02042164,-0.7450955,-0.01233896,5.432968,5.762492,0.03292241
-0.02622462,-0.7626196,-0.002454357,5.436069,5.787852,0.009887146
-0.02488666,-0.7236659,-0.01683633,5.432976,5.78751,0.03290861
-0.01910348,-0.781688,0.001756597,5.43609,5.762263,0.009859304
0.000372495,-0.6344152,0.009341426,5.432958,6.062491,0.03293108
-0.003237932,-0.6678894,-0.001846401,5.410663,6.062498,0.01059431
-0.0003654253,-0.6979395,0.003094756,5.409905,6.087842,0.03592739
-0.001441897,-0.6937401,0.0005585457,5.436072,6.087843,0.009889378
0.001244867,-0.6847691,0.008312289,5.409891,6.062237,0.03593756
-0.0008753149,-0.6512172,0.006880138,5.432956,6.087508,0.03292473
0.001132944,-0.6810006,0.001484053,5.43609,6.062243,0.009862556
2.738862e-05,-0.6453612,0.002520002,5.410664,6.362499,0.01059233
-0.003053179,-0.6594095,-0.02181139,5.40992,6.38785,0.03591681
0.001963031,-0.6726317,-0.004734752,5.409901,6.362261,0.0359319
-0.01429331,-0.6401108,-0.007132535,5.432968,6.362491,0.03292215
-0.02712744,-0.6584743,-0.003408432,5.436069,6.387852,0.00988717
-0.02608829,-0.6210773,-0.01974367,5.432976,6.387509,0.03290846
-0.009232526,-0.6705427,0.0031613,5.43609,6.362263,0.009859416
-6.10956e-05,-0.6110579,0.0025724,5.410664,6.562499,0.01059235
-0.003383628,-0.626651,-0.02228888,5.40992,6.58785,0.03591658
0.002398079,-0.6371438,-0.001212624,5.4099,6.562261,0.03593174
-0.01138083,-0.6062393,-0.004032324,5.432968,6.562491,0.032922
-0.02765741,-0.6257931,-0.003629471,5.436069,6.587852,0.009887049
-0.02668448,-0.5891545,-0.02021761,5.432976,6.587509,0.03290817
-0.00598413,-0.6351124,0.003472297,5.43609,6.562263,0.009859356
-1.456546e-05,-0.5754189,0.002755644,5.410664,6.762498,0.01059148
-0.00356794,-0.5935163,-0.02221086,5.409916,6.787847,0.03591019
0.002186458,-0.6004582,0.002227646,5.409899,6.76226,0.03592839
-0.006112525,-0.5712746,0.0007820039,5.432965,6.76249,0.03291677
-0.02766623,-0.5933853,-0.004021657,5.436064,6.787851,0.009886565
-0.0267139,-0.5582285,-0.0199562,5.432973,6.787507,0.0328968
-0.001902106,-0.5992229,0.003896029,5.436088,6.762263,0.009858301
-0.008656687,-0.5270213,-0.007826044,5.41033,6.962642,0.0102311
-0.001592737,-0.5394425,0.006235211,5.409272,6.988279,0.0343946
-0.0003292205,-0.5273645,0.03817189,5.409605,6.962316,0.03506109
-0.005525537,-0.5473132,-0.001610741,5.432244,6.962376,0.03218224
0.003868094,-0.5406773,0.0001848853,5.434613,6.988324,0.009222109
-0.01521294,-0.550691,-0.0135387,5.431494,6.9874,0.03144391
0.03643302,-0.5262112,0.002265705,5.435281,6.96233,0.009555325
0.007855949,-0.5022428,0.004769148,5.422041,7.125033,0.02196223
0.003340492,-0.5314401,-0.0103546,5.420972,7.175334,0.07434177
0.01121405,-0.504243,0.01166087,5.420381,7.124494,0.07346588
0.01498051,-0.4696937,0.02268943,5.467298,7.125,0.06728526
-0.03157279,-0.5204604,0.0004160643,5.474485,7.175307,0.02092126
-0.03449935,-0.4880013,-0.01492241,5.468026,7.175017,0.0680108
0.01513617,-0.4947181,0.01648428,5.473624,7.124484,0.02032128
-0.0003089443,-0.4713713,0.0003967307,5.41066,7.362501,0.01058694
-0.002510036,-0.4963841,-0.02008395,5.409915,7.387849,0.03590654
0.003935387,-0.4937386,0.01216195,5.409896,7.362264,0.03591181
0.001086062,-0.4670256,0.01126451,5.432949,7.362497,0.03289866
-0.02492705,-0.4957445,-0.003247864,5.436062,7.387854,0.009885361
-0.02451527,-0.4593904,-0.01986199,5.432969,7.387511,0.0328928
0.01252229,-0.4913066,0.003480373,5.436075,7.362267,0.00985415
0.0004572782,-0.4354466,0.00229703,5.410664,7.562499,0.01059227
-0.002696545,-0.4623759,-0.01771765,5.40992,7.58785,0.03591654
0.003688561,-0.4569405,0.0139192,5.4099,7.562261,0.03593153
0.003933432,-0.4304467,0.01469163,5.432967,7.562491,0.03292167
-0.02370814,-0.4608703,-0.002521492,5.436069,7.587852,0.009887
-0.02422805,-0.4273466,-0.01744703,5.432976,7.587509,0.03290813
0.01343326,-0.4536402,0.004973868,5.436089,7.562263,0.009859276
0.0004502196,-0.3983266,0.001835034,5.410664,7.762499,0.01059238
-0.002140843,-0.4280012,-0.01452635,5.40992,7.78785,0.03591681
0.004209836,-0.4184771,0.0155068,5.409901,7.762261,0.03593192
0.007241848,-0.3926825,0.01701298,5.432968,7.762491,0.03292219
-0.02179895,-0.4260209,-0.001801812,5.436069,7.787852,0.009887168
-0.02235537,-0.3945055,-0.0150995,5.432976,7.787509,0.03290844
0.01663074,-0.4147132,0.00577274,5.43609,7.762263,0.00985939
0.0003524118,-0.3606138,0.001241564,5.410664,7.962498,0.0105924
-0.001558368,-0.3935302,-0.01072701,5.409918,7.987848,0.03591591
0.00458263,-0.3796154,0.01667713,5.4099,7.96226,0.03593124
0.01016857,-0.3545661,0.01845482,5.432968,7.962491,0.03292065
-0.01953317,-0.3909341,-0.0009430059,5.436069,7.987852,0.009888015
-0.02023578,-0.3620174,-0.01210212,5.432978,7.987509,0.03290414
0.01866489,-0.3754543,0.006632462,5.43609,7.962263,0.009859201
-0.0002276002,-0.32144,0.001102323,5.410657,8.162495,0.01058403
-0.001497982,-0.3577619,-0.006397253,5.409899,8.187839,0.03585379
0.004883847,-0.3395002,0.01871861,5.409892,8.162256,0.03590394
0.01219399,-0.3162319,0.01983074,5.432942,8.162485,0.0328912
-0.0203615,-0.3568273,-0.0003367578,5.436013,8.187844,0.009871597
-0.01743731,-0.3294107,-0.006982877,5.432923,8.187494,0.03284202
0.01768438,-0.3372354,0.007504921,5.436067,8.162258,0.009851544
-0.004342261,-0.285375,-0.003778452,5.423119,8.32537,0.0230674
0.002313569,-0.3074659,0.00203292,5.421321,8.375311,0.07537068
0.004467758,-0.2755971,0.006683497,5.421265,8.324874,0.07542663
0.01087773,-0.2566091,0.0227627,5.468796,8.325038,0.06881666
-0.01725551,-0.3130222,0.00388946,5.475457,8.375301,0.02128678
-0.01128592,-0.2841181,0.00550086,5.468793,8.374956,0.06879853
0.01271637,-0.2756576,0.010166,5.475501,8.324882,0.02123676
0.001156584,-0.2436206,0.0001034608,5.410661,8.5625,0.01058835
0.000338433,-0.2813586,0.001027149,5.409916,8.587848,0.03590936
0.0043727,-0.2581852,0.01499562,5.409897,8.562262,0.03591727
0.01469344,-0.2374957,0.01871777,5.432955,8.562494,0.0329052
-0.009928319,-0.2764274,0.0007644263,5.436064,8.587853,0.009886211
-0.009954271,-0.25667,-0.001302768,5.432972,8.58751,0.03289635
0.01979732,-0.2531397,0.006720941,5.436079,8.562266,0.009855608
0.001792967,-0.2042455,0.0005645275,5.410664,8.762498,0.0105922
0.0006525735,-0.2433841,0.004737143,5.40992,8.787847,0.03591603
0.004181078,-0.2181019,0.01363955,5.4099,8.762259,0.03593132
0.01347708,-0.2001486,0.01801169,5.432968,8.76249,0.03292173
-0.006725213,-0.2376863,0.002014971,5.436069,8.787851,0.009887046
-0.007042262,-0.2225412,0.002362654,5.432976,8.787507,0.03290794
0.01707475,-0.2128505,0.006891247,5.43609,8.762263,0.009859211
0.001695144,-0.1655073,0.0004203525,5.410665,8.962497,0.01059227
0.0007064661,-0.2020235,0.007080081,5.40992,8.987844,0.03591572
0.003600929,-0.1772094,0.01112122,5.409901,8.962256,0.03593129
0.01192437,-0.1618863,0.01581432,5.432968,8.962488,0.03292202
-0.003600157,-0.1967317,0.002426978,5.436069,8.987851,0.009887028
-0.003623946,-0.1839424,0.005046241,5.432976,8.987506,0.03290802
0.0140006,-0.1729907,0.006316689,5.43609,8.962262,0.009859321
0.002309705,-0.1272854,0.0004125687,5.410665,9.162496,0.01059179
0.0009692728,-0.1624942,0.008983204,5.409921,9.187839,0.03591343
0.003389404,-0.1380087,0.008154424,5.409901,9.162252,0.03592983
0.01003857,-0.1253739,0.01381624,5.432968,9.162486,0.03292115
-0.001279477,-0.1566277,0.00273449,5.43607,9.187851,0.009886696
-0.001959648,-0.1492809,0.007498639,5.432977,9.187503,0.03290703
0.0104633,-0.1338819,0.005299926,5.43609,9.162262,0.009858924
0.002173695,-0.09020715,-0.0001948734,5.410665,9.362494,0.01058924
0.0005023304,-0.1151846,0.007662817,5.409921,9.387834,0.03590399
0.002084972,-0.09679091,0.003964735,5.409901,9.362246,0.03592209
0.006249221,-0.08838428,0.009585868,5.432971,9.362484,0.03291752
0.0001202513,-0.1104089,0.002075123,5.43607,9.387852,0.009885346
-0.0001837074,-0.106016,0.007051575,5.432981,9.387504,0.03290424
0.005410934,-0.09538672,0.003606981,5.43609,9.362262,0.009857894
0.0005224943,-0.05403814,-0.001555736,5.410665,9.5625,0.01058413
0.0002963564,-0.07393576,0.007353926,5.409935,9.587831,0.03584294
0.0006834356,-0.05892365,0.001786548,5.409915,9.56223,0.03585926
0.003743368,-0.05387524,0.006537422,5.432988,9.562511,0.03292135
0.000355739,-0.07139827,0.001836191,5.436028,9.587837,0.009896796
0.0004760515,-0.06899484,0.007992542,5.433002,9.587551,0.03291383
0.002467394,-0.05722844,0.002407586,5.436045,9.562239,0.009868569
-0.0005187235,-0.02194088,9.669456e-05,5.410667,9.762597,0.01059133
-0.004225154,-0.02139323,-0.0004622741,5.435746,9.788026,0.01006017
-0.0004710283,-0.02299577,0.002216186,5.410066,9.788243,0.03563583
-0.004084936,-0.02261731,0.003580725,5.433199,9.788368,0.03317288
-0.0009995585,-0.02274416,-0.00120487,5.410016,9.762403,0.03561402
-0.003969734,-0.02127809,0.002669372,5.433099,9.762979,0.03304088
-0.005356876,-0.02230493,0.0002342985,5.435794,9.762282,0.009976889
-0.284513,-0.0107041,-3.633404e-05,7.237537,9.867347,0.0325323
-0.3363199,0.02619839,-0.001331447,7.211579,9.864569,0.009519097
-0.3296641,-0.004781435,-0.02625173,7.211595,9.890431,0.0351719
-0.3055107,-0.001499696,0.0004017759,7.237268,9.889533,0.01036765
-0.3312354,0.01195129,-0.01530113,7.212472,9.867696,0.03221414
-0.2984291,-0.002798267,0.005002351,7.237588,9.890267,0.03536648
-0.3051079,-0.009458172,0.00241732,7.237585,9.864374,0.009695713
-0.002072401,-0.01083134,0.0008146976,5.420019,9.828826,0.7244593
-0.003384299,-0.00213046,0.0001036564,5.421138,9.878668,0.7750306
-0.003383752,-0.002163707,-0.0005445886,5.421124,9.878683,0.7249811
-0.008941707,-0.001193805,-0.0008318779,5.470545,9.879891,0.7244412
-0.01132383,-0.01200489,-0.0003804649,5.466023,9.833974,0.7750153
-0.01122674,-0.01213187,-0.0003472294,5.466001,9.834009,0.724978
-0.008957256,-0.001235059,-6.282732e-05,5.470584,9.879879,0.775543
-0.001931058,-0.01075766,0.001223577,5.420355,9.827879,0.9244819
-0.003281857,-0.002595705,-0.0005085604,5.422184,9.877613,0.9747287
-0.002875455,-0.002713139,1.068887e-05,5.421601,9.87822,0.9250958
-0.009040813,-0.00137237,-0.0005019582,5.471528,9.879557,0.9245008
-0.0109081,-0.01318775,-0.0003227965,5.467479,9.832548,0.9750072
-0.01165057,-0.01208357,-4.627274e-05,5.466742,9.833296,0.9250565
-0.008904391,-0.001401177,0.0001027204,5.472448,9.879029,0.9752558
-0.002175114,-0.01074297,0.001053514,5.42014,9.828429,1.324394
-0.003632949,-0.00202503,0.0003124176,5.421201,9.878608,1.374999
-0.002932383,-0.002740551,2.289953e-05,5.421295,9.878521,1.324897
-0.009254538,-0.001272002,-0.0004288245,5.470972,9.879766,1.324402
-0.01152115,-0.01231567,0.0004873047,5.466172,9.833843,1.374995
-0.01189809,-0.01208387,-3.456508e-05,5.46633,9.833704,1.324939
-0.008708109,-0.001157717,0.001043401,5.470759,9.879829,1.375523
-0.002102124,-0.01131226,0.001153335,5.420365,9.827868,1.524477
-0.00356535,-0.002344743,-0.0002685731,5.422188,9.877613,1.574728
-0.003379991,-0.002369777,-9.119601e-06,5.421608,9.87822,1.525094
-0.008983452,-0.001187683,-0.0005604438,5.471544,9.879564,1.524503
-0.01210927,-0.01240307,6.065066e-05,5.46748,9.832538,1.575006
-0.01138323,-0.01275625,-0.0001164195,5.466744,9.833276,1.525057
-0.009080251,-0.001238292,0.0003814159,5.472457,9.879032,1.575258
-0.00237217,-0.0111014,0.001311947,5.420132,9.828453,1.924388
-0.003623411,-0.002019992,0.0007822743,5.421176,9.87863,1.974986
-0.003646216,-0.002108004,-0.0003887476,5.421285,9.878529,1.924892
-0.00926849,-0.001078016,-0.0002317102,5.470943,9.879774,1.924397
-0.011713,-0.01257447,0.000590253,5.466108,9.833901,1.974981
-0.0119975,-0.01208762,0.0001007307,5.466301,9.83373,1.924932
-0.009290955,-0.001019158,0.001247543,5.470685,9.879848,1.975512
-0.002122199,-0.01105217,0.001471604,5.420014,9.828838,2.124442
-0.003322494,-0.002203025,0.0005884142,5.421113,9.878688,2.175021
-0.003575088,-0.002068194,-0.0002668908,5.421117,9.878689,2.124978
-0.009026717,-0.001131674,-0.0001678355,5.470525,9.8799,2.124465
-0.01152962,-0.01249858,0.0001865502,5.465966,9.834031,2.17502
-0.01166778,-0.01222463,0.0002323704,5.465973,9.834027,2.124989
-0.009214507,-0.001125345,0.0005223181,5.470516,9.879894,2.175551
-0.001995009,-0.01018963,0.001235102,5.420015,9.828849,2.324446
-0.003382758,-0.002174297,0.0008290717,5.421117,9.878691,2.375027
-0.002860077,-0.002686167,0.0001019289,5.421118,9.878693,2.324984
-0.009811019,-0.001252718,-0.0002125415,5.470522,9.879905,2.324485
-0.01160587,-0.0123012,0.001216808,5.465976,9.834012,2.375045
-0.01191398,-0.01168907,6.205559e-05,5.465968,9.834023,2.325009
-0.009440071,-0.001112357,0.002035695,5.470529,9.879896,2.375581
-0.001866593,-0.01013198,0.001125341,5.420019,9.828848,2.524464
-0.00276756,-0.002615449,-9.364658e-05,5.421127,9.87869,2.575044
-0.003132056,-0.001999597,-6.048453e-05,5.421122,9.87869,2.524995
-0.008226655,-0.001076661,0.0001395334,5.470561,9.879882,2.524526
-0.01042273,-0.01246332,-0.001300862,5.466056,9.833911,2.575145
-0.01128333,-0.01165993,0.0001666349,5.466027,9.833973,2.525059
-0.008638826,-0.001385488,-0.0008914341,5.47059,9.879874,2.57564
-0.003275265,-0.01064943,-0.001784928,5.420103,9.828786,2.724708
-0.01425561,-0.01284185,0.0008983246,5.466539,9.833336,2.776016
-0.00391263,-0.002168543,0.002597724,5.421251,9.878594,2.775289
-0.003812407,-0.002348531,-0.002879832,5.421178,9.878656,2.725123
-0.01163009,-0.0003686954,0.003641567,5.470868,9.879678,2.776081
-0.01168005,-0.0003501922,-0.003838163,5.470742,9.879797,2.724777
-0.01431795,-0.01297123,-0.001571828,5.466268,9.833638,2.725494
-0.008583449,-0.3590356,0.02361678,5.420271,8.024258,2.92707
-0.035444,-0.3508196,0.009597508,5.473131,8.024278,2.979782
-0.002405471,-0.3007218,0.002140474,5.421512,8.074906,2.978603
-0.04857527,-0.3286418,0.03400287,5.466845,8.024895,2.933126
-0.007298322,-0.308903,0.006910929,5.419986,8.075422,2.927765
-0.007018205,-0.2920066,-0.001400295,5.466362,8.074954,2.933644
0.001150514,-0.2978384,0.002869073,5.472478,8.075418,2.980077
-0.01066731,-0.3309718,0.02382125,5.4199,8.224308,2.928264
-0.0009402345,-0.2637591,0.007184868,5.421333,8.275002,2.978803
-0.01102267,-0.2732522,0.01338849,5.419849,8.275491,2.928257
-0.01109278,-0.2564772,0.008320682,5.465983,8.275022,2.93405
-0.03292027,-0.3237588,0.01027977,5.472021,8.224312,2.98017
-0.04730061,-0.2968944,0.03147783,5.465988,8.22497,2.934025
0.003776064,-0.2620673,0.0005947004,5.472035,8.275488,2.980224
0.0006056492,-0.314142,-0.0120821,5.419895,8.375685,2.928284
0.004254931,-0.2747824,-0.0005066491,5.421332,8.324995,2.978804
0.004042112,-0.2822293,-0.007289329,5.419847,8.324505,2.928261
0.01392247,-0.2521549,-0.02194963,5.465978,8.324974,2.934055
-0.003458974,-0.3056728,-0.002054282,5.472004,8.375684,2.980175
-0.004824623,-0.2825053,-0.008707456,5.46597,8.375024,2.934044
0.01191121,-0.279534,-0.008689139,5.472031,8.32451,2.980225
-0.0100298,-0.2943474,0.02262789,5.4199,8.424317,2.928266
-0.001634602,-0.2302492,0.007163861,5.421355,8.475016,2.978778
-0.01179524,-0.2371671,0.01426321,5.419867,8.475504,2.928183
-0.0132581,-0.2237906,0.01046334,5.466041,8.475042,2.933986
-0.03259354,-0.2907055,0.008611322,5.472019,8.424323,2.98017
-0.04378052,-0.2615755,0.02796624,5.465987,8.424984,2.934026
0.00080155,-0.2290562,0.001866946,5.472099,8.475504,2.980204
-0.0005227071,-0.2705239,-0.01306852,5.420029,8.575748,2.927794
0.003308251,-0.2370813,-0.0003063018,5.421396,8.525031,2.978731
-0.0006365223,-0.2652401,-0.002370223,5.472446,8.575748,2.980031
0.002741766,-0.2428547,-0.005097826,5.419899,8.524536,2.928065
-0.003707119,-0.2468233,-0.008686554,5.466336,8.575086,2.933655
0.01047411,-0.2188373,-0.01985697,5.466135,8.52501,2.933885
0.007673636,-0.2429218,-0.007388386,5.472205,8.524545,2.980169
-0.00151075,-0.1072331,-0.007428507,5.419916,9.375635,2.928346
-0.00101244,-0.09603961,-0.0005515013,5.421332,9.324987,2.978811
0.0007513826,-0.09754607,-0.0002311469,5.419857,9.32447,2.92829
-0.002147051,-0.090548,-0.007234981,5.466004,9.324985,2.934051
-0.004486376,-0.105994,0.000270376,5.47197,9.375664,2.980161
-0.003288555,-0.09636371,-0.01055188,5.466019,9.375061,2.934025
-0.006041241,-0.09829632,-0.002965929,5.472023,9.324505,2.980221
-0.006660561,-0.09798805,0.006776837,5.419929,9.424244,2.928376
-0.005287016,-0.06888138,0.0005972803,5.421321,9.47496,2.978823
-0.00420898,-0.06710846,-0.0001943512,5.419968,9.475244,2.928594
-0.01721071,-0.06691748,0.003922604,5.46611,9.475132,2.933966
-0.01820632,-0.09965123,0.003684803,5.471944,9.42428,2.980149
-0.02201882,-0.08972629,0.00977072,5.466035,9.425028,2.934016
-0.01573702,-0.06855428,0.005248377,5.47173,9.475267,2.980113
-0.001372417,-0.06896873,-0.005771968,5.42011,9.575347,2.928805
-0.001425864,-0.0621542,2.192887e-05,5.421318,9.524939,2.978824
-0.0008030076,-0.0631149,0.001305013,5.420023,9.524136,2.928777
-0.005551556,-0.05866833,-0.005315936,5.466169,9.525134,2.933911
-0.005580756,-0.06562913,-0.0006139887,5.471494,9.575345,2.979971
-0.002899444,-0.06326306,-0.01151406,5.466309,9.575373,2.933755
-0.008024971,-0.06329813,-0.001410612,5.471544,9.524159,2.980058
-0.004836273,-0.06301517,0.002618008,5.420134,9.624264,2.92853
-0.004853516,-0.04021926,6.31561e-05,5.42152,9.67525,2.978561
-0.004620069,-0.03944278,-0.0007180706,5.420287,9.675703,2.928293
-0.01595674,-0.03647644,0.0003250563,5.46682,9.676054,2.9332
-0.01510752,-0.06367245,0.001648451,5.471737,9.624243,2.979943
-0.01848582,-0.05349939,0.002025202,5.466448,9.62551,2.933599
-0.01391314,-0.03840754,0.004643879,5.471908,9.675609,2.979772
-0.1530661,0.009573708,0.03334329,6.224994,9.833881,2.933789
-0.1420525,-0.01714049,0.003175506,6.27561,9.828454,2.979837
-0.1549761,-0.00410195,0.001159908,6.225001,9.878623,2.978788
-0.1753902,-0.001524409,0.02608104,6.224468,9.879838,2.929215
-0.1380722,-0.007504706,0.005871293,6.275108,9.878527,2.978683
-0.1428438,0.001011249,0.01567996,6.275593,9.87977,2.928973
-0.1321288,-0.006742258,0.01820445,6.275059,9.833704,2.933622
-0.1897364,-0.01608539,-0.02221573,6.375024,9.832298,2.932218
-0.1520195,-0.0303338,-0.001611903,6.324485,9.82781,2.979589
-0.199888,-0.004497807,0.0001244086,6.374785,9.87746,2.977608
-0.2099335,-0.01156013,-0.01757825,6.37521,9.87891,2.927106
-0.156411,-0.01467066,-0.0005074002,6.325111,9.87819,2.978334
-0.1643843,-0.009505735,-0.009516451,6.324508,9.879531,2.92831
-0.148312,-0.03440233,-0.02972175,6.325066,9.833211,2.933126
0.002491216,-0.7074801,0.01003441,5.432963,5.93751,0.03292477
0.000994791,-0.7123961,0.003529514,5.410664,5.937502,0.01059169
-0.002376212,-0.7396023,0.005399483,5.409922,5.912156,0.03592093
-0.0003181794,-0.7364469,-0.0005278663,5.436077,5.912159,0.009879573
6.375067e-05,-0.6951872,0.008886213,5.432962,5.912493,0.03291513
-0.001405614,-0.7467398,0.00819362,5.409899,5.937761,0.03593473
0.002347327,-0.744458,0.0005329218,5.436092,5.937759,0.009858029
0.004623076,-0.669252,0.01238375,5.432962,6.13751,0.03292606
0.0009434096,-0.6737455,0.00339579,5.410664,6.137502,0.01059218
-0.002305053,-0.6991211,0.005729156,5.409909,6.112161,0.03592571
0.0005204697,-0.6954251,-0.0002495565,5.436073,6.112155,0.009887236
-4.031381e-05,-0.655939,0.00863782,5.432955,6.112491,0.03292626
-0.001374507,-0.7078337,0.01042698,5.409897,6.137762,0.03593499
0.005006225,-0.7048903,0.0007084232,5.436092,6.137758,0.009858891
-0.382678,-0.01608037,0.01437873,7.362492,9.867028,0.03285861
-0.4215306,0.01210422,0.00356429,7.387841,9.864011,0.009892911
-0.4257428,-0.004365189,-0.01043655,7.38784,9.890072,0.03574331
-0.3721049,0.001167549,0.001246633,7.362499,9.889339,0.01057117
-0.3971982,0.01643767,-0.01723098,7.387508,9.867036,0.0328616
-0.3911186,-0.009866445,0.02867176,7.362258,9.890098,0.03576184
-0.3951637,-0.0238944,0.009548065,7.362256,9.863997,0.009869489
-0.01080789,-0.8416482,0.008376738,5.431958,5.262463,2.968168
-0.01458481,-0.8379248,0.01306408,5.410209,5.262691,2.989897
-0.002433957,-0.8527875,-0.01327638,5.409222,5.288318,2.96573
0.007649081,-0.8532152,0.002021202,5.43451,5.288354,2.990826
-0.001554688,-0.8372675,-0.03130146,5.40948,5.262327,2.965319
0.02594422,-0.8382067,0.001021242,5.434933,5.262335,2.99056
-0.01278719,-0.8533923,0.009876633,5.431389,5.287456,2.968701
0.00296264,-0.3626399,-0.01488338,5.432636,7.662565,2.967421
0.0008560277,-0.3825648,0.002608217,5.410537,7.662542,2.989552
0.001023624,-0.3990506,-0.002061761,5.409874,7.687866,2.964257
-0.006526202,-0.3934807,0.001539982,5.435922,7.687867,2.99017
0.0009016143,-0.3861177,-0.003920324,5.435724,7.662259,2.990265
0.004742238,-0.3891115,-0.008055864,5.409782,7.662255,2.964475
-0.01270013,-0.3720453,0.001245416,5.432807,7.687543,2.96725
0.00390615,-0.1779358,-0.01103883,5.432092,8.737605,2.968002
0.002478881,-0.1779862,-0.001614291,5.410258,8.737354,2.989843
0.00555888,-0.1974786,0.02269847,5.409245,8.711726,2.965728
-0.03048766,-0.1958995,-0.004186823,5.434515,8.711688,2.990821
-0.0005399776,-0.1834634,-0.003252718,5.409529,8.737725,2.965138
-0.01469919,-0.1952452,0.005854085,5.431403,8.712597,2.968688
0.001510325,-0.1796294,0.0002317718,5.435095,8.737723,2.990513
-0.00637625,-0.00565042,-0.000272815,5.432687,9.867229,2.966895
-0.001333525,-0.007011394,-0.0001445354,5.410876,9.863402,2.98908
-0.0007487796,-0.0007485557,-0.0005092086,5.410348,9.889544,2.961991
-0.007615279,-0.001320684,3.382545e-05,5.436474,9.889093,2.989042
-0.007333682,-0.006685741,-3.24415e-05,5.435519,9.864424,2.989878
-0.00101234,-0.00702118,0.0006019345,5.409818,9.864985,2.964238
-0.007359019,-0.001370482,-0.0009876996,5.434793,9.890105,2.964236
-0.008861183,-0.004527268,0.0009534332,5.459209,9.867556,2.967314
-0.01585065,-0.001079878,-0.002835957,5.486656,9.890639,2.96571
-0.01667499,-0.008074309,0.0003614856,5.487222,9.86562,2.990579
-0.009773255,-0.001650558,0.0004083151,5.461575,9.88961,2.989524
-0.007982346,-0.005205298,0.0002714105,5.461143,9.865418,2.989967
-0.01838976,-0.004158464,0.0006912949,5.485262,9.868347,2.968226
-0.009628872,-0.001299851,0.0001255365,5.46011,9.890306,2.965009
-0.325625,0.0006815107,0.005914143,7.437511,9.867083,2.967189
-0.389347,0.02766019,0.0144723,7.412171,9.864088,2.990129
-0.3968241,0.004279243,0.02039856,7.412173,9.890099,2.964344
-0.3436075,-0.001941911,-0.00286921,7.437503,9.889349,2.989446
-0.3846242,0.03534786,0.03704421,7.412513,9.867113,2.967233
-0.3395635,-0.002480211,0.003282547,7.437745,9.864036,2.990147
-0.3396432,-0.0037033,-0.002841131,7.43775,9.890104,2.964289
-0.3216566,-0.01515782,-0.0004910673,7.46249,9.867083,2.967188
-0.3601625,0.006298906,0.009820615,7.487828,9.890098,2.964342
-0.3615595,-0.00331884,0.00267875,7.48783,9.864086,2.990129
-0.3635146,-0.003751389,-0.001574521,7.462497,9.889349,2.989446
-0.3569861,-0.01310611,-0.004241181,7.462255,9.864035,2.990147
-0.3367201,0.001152113,0.01197085,7.48749,9.867109,2.967231
-0.3579907,-0.003808347,-0.001687072,7.46225,9.890103,2.964288
-0.3855497,-0.01649791,-0.06385474,7.650293,9.861562,0.2449214
-0.4617243,0.0235508,-0.0163899,7.649444,9.878194,0.3461831
-0.4617262,0.02361172,0.01625686,7.649453,9.878212,2.654126
-0.3838844,-0.01768086,0.06058114,7.650312,9.861694,2.755802
-0.4033872,0.03184779,-0.03319475,7.612494,9.867035,0.03287422
-0.3870441,0.004892129,-0.002394819,7.612484,9.889335,0.01057101
-0.4215686,0.002720474,-0.01700901,7.612164,9.890066,0.03574485
-0.352485,-0.005515017,-0.00155517,7.637513,9.867025,0.03287763
-0.3784748,-0.002072209,0.002501264,7.637502,9.889336,0.01057055
-0.3763097,-0.003916,0.004668352,7.637744,9.890089,0.03576708
-0.3748628,-0.002755554,-0.00150765,7.637747,9.863991,0.00987004
-0.004793421,-0.8365745,-0.001855966,5.410664,5.2625,0.01058952
-0.0009163802,-0.8804272,0.00627767,5.409922,5.287851,0.03591502
-0.001291528,-0.86859,0.008993664,5.409899,5.262246,0.03592681
-0.00442999,-0.8104003,0.01160498,5.432967,5.262495,0.03291428
-0.003501739,-0.8728891,0.0001492694,5.436077,5.287843,0.009878254
-0.003060245,-0.8246424,0.01318818,5.432963,5.287511,0.03290944
-0.004806806,-0.8610975,-0.0007654322,5.436092,5.262243,0.00985588
-0.003898469,-0.7885249,-0.001954193,5.410664,5.462498,0.01059177
-0.00113632,-0.8284881,0.003750871,5.409922,5.487846,0.03592065
-0.0004915413,-0.8137553,0.006923726,5.409899,5.462242,0.03593394
0.001406291,-0.7560412,0.008849925,5.432966,5.462492,0.03292167
-0.0006028496,-0.8236684,0.0006771018,5.436077,5.487842,0.009879432
0.001592111,-0.7753188,0.009724963,5.432963,5.487509,0.03291416
0.001854146,-0.809215,0.0005748437,5.436092,5.462242,0.009857549
-0.003521242,-0.7451314,-0.001521043,5.410664,5.662498,0.01059182
-0.0005035722,-0.7801712,0.004358032,5.409922,5.687845,0.0359211
0.000507725,-0.7663485,0.008105985,5.409899,5.66224,0.03593451
-0.0008688265,-0.7104782,0.009824456,5.432966,5.66249,0.03292234
-0.001586161,-0.7757065,0.0005384422,5.436077,5.687841,0.009879516
0.0001383504,-0.7281997,0.009900939,5.432963,5.687507,0.03291462
-0.0005445722,-0.7616084,0.001187687,5.436092,5.662241,0.009857669
-0.003442431,-0.7055091,-0.001467784,5.410664,5.862498,0.01059167
-0.0004542611,-0.7384352,0.003307277,5.409922,5.887844,0.03592086
-0.001024509,-0.7345306,0.0005658336,5.436077,5.887841,0.009879473
0.0009443413,-0.7246284,0.007766688,5.409899,5.86224,0.03593433
0.0003111313,-0.6898495,0.007708736,5.432962,5.887507,0.03291464
0.0014015,-0.6718123,0.00932596,5.432966,5.86249,0.03292226
0.001767722,-0.721019,0.001115614,5.436092,5.862241,0.009857626
-0.003187695,-0.6317524,-0.001892027,5.410664,6.262498,0.01059161
-0.0004086573,-0.659598,0.002488872,5.409922,6.287844,0.03592071
0.001565799,-0.6469434,0.008506592,5.409899,6.262239,0.03593428
0.0008698154,-0.5989914,0.009363805,5.432966,6.26249,0.03292216
-0.001683433,-0.6551923,0.000499078,5.436077,6.287841,0.009879441
-0.00156121,-0.6154507,0.005426456,5.432963,6.287507,0.03291449
0.001937421,-0.643304,0.001387491,5.436092,6.262241,0.009857612
-0.003091263,-0.5966509,-0.00189638,5.410664,6.462498,0.01059162
-0.0004361105,-0.6219946,0.001991296,5.409922,6.487844,0.0359207
0.001793662,-0.6100811,0.008802056,5.409899,6.462239,0.03593433
0.0007555123,-0.5644869,0.009228369,5.432966,6.46249,0.03292222
-0.002241036,-0.6170804,0.0004486798,5.436077,6.487841,0.009879442
-0.002880997,-0.580144,0.004391538,5.432963,6.487507,0.0329144
0.001884588,-0.606122,0.001560444,5.436092,6.462241,0.009857624
-0.003017221,-0.5610151,-0.001869775,5.410664,6.662498,0.01059146
-0.0006549177,-0.5846981,0.001014639,5.409922,6.687844,0.03591964
0.002017507,-0.5735024,0.008656257,5.409899,6.662239,0.03593377
0.001428467,-0.5305022,0.009031688,5.432965,6.66249,0.03292141
-0.002660691,-0.5798377,0.0002397317,5.436076,6.687841,0.00987913
-0.003909648,-0.545733,0.002749468,5.432962,6.687506,0.03291305
0.002569463,-0.569779,0.001654704,5.436092,6.662241,0.009857422
-0.002598185,-0.524157,-0.0004918768,5.410655,6.862493,0.01058043
-0.008627851,-0.5292011,0.0004983719,5.409901,6.887832,0.03583717
-0.001412628,-0.529024,0.006958812,5.409889,6.862234,0.03589723
-0.005160348,-0.4990609,0.004551541,5.43293,6.862482,0.03288161
-0.007277964,-0.5278014,-0.008964784,5.436006,6.887828,0.009857508
-0.02316869,-0.5144833,-0.01452678,5.432887,6.887486,0.03283577
-0.001455848,-0.5259817,-0.0003920381,5.436062,6.862235,0.009847366
0.0004661069,-0.4528648,-0.002596235,5.410538,7.262542,0.01044969
0.001105152,-0.4700074,0.0002658357,5.409875,7.287867,0.03574547
0.004956956,-0.4605428,0.007665774,5.409781,7.262257,0.03552443
-0.0009898318,-0.4277778,0.01335522,5.432641,7.262565,0.03257646
-0.005727449,-0.4620243,-0.0003913537,5.435924,7.287867,0.009830531
-0.01147429,-0.437023,-0.0007237677,5.432809,7.287543,0.03275343
-0.0005818312,-0.4554353,0.003604886,5.435726,7.262259,0.009735545
-0.001759612,-0.4225623,-0.001218596,5.410663,7.462498,0.01059111
-0.000558746,-0.4404384,-0.001207514,5.409922,7.487844,0.03591933
0.004055988,-0.4304134,0.00890597,5.409898,7.462239,0.03593197
0.003681533,-0.3966338,0.01137748,5.432964,7.46249,0.03291858
-0.00399964,-0.4337034,-0.001552074,5.436076,7.487841,0.009878971
-0.009330675,-0.410481,-0.002874946,5.432961,7.487507,0.03291242
0.002621213,-0.4254058,0.002690283,5.436091,7.462241,0.00985696
-0.001783889,-0.3883209,-0.001000738,5.410664,7.662498,0.01059166
-0.0006281718,-0.4050144,-0.001062903,5.409922,7.687844,0.03592077
0.003934718,-0.3949478,0.0085038,5.409899,7.662239,0.03593421
0.004525645,-0.3629935,0.01170336,5.432966,7.66249,0.03292215
-0.004572371,-0.398464,-0.00233379,5.436077,7.687841,0.00987941
-0.009971878,-0.3770273,-0.003484646,5.432962,7.687507,0.03291444
0.002789411,-0.3906409,0.002515498,5.436092,7.662241,0.009857581
-0.001678647,-0.3532405,-0.0007589992,5.410664,7.862498,0.01059165
-0.0004503372,-0.369645,-0.0005230489,5.409922,7.887844,0.03592067
0.004087325,-0.3591354,0.008121742,5.409899,7.862239,0.0359342
0.005413185,-0.3293637,0.01195506,5.432966,7.86249,0.03292215
-0.004730173,-0.3634588,-0.002777844,5.436077,7.887841,0.00987938
-0.009716558,-0.3435487,-0.003266705,5.432962,7.887507,0.03291431
0.002880827,-0.3559276,0.002410421,5.436092,7.862241,0.009857578
-0.001639884,-0.31791,-0.0004646908,5.410664,8.062497,0.01059115
-0.0003385039,-0.3337498,0.0006771382,5.409921,8.087844,0.0359169
0.003975808,-0.3229057,0.007693379,5.409898,8.062239,0.03593211
0.005621121,-0.2957086,0.01212735,5.432963,8.062489,0.03291967
-0.005208649,-0.3293575,-0.002795656,5.436073,8.087841,0.009878917
-0.008846195,-0.3099047,-0.001639242,5.432956,8.087506,0.03291337
0.002365803,-0.3213238,0.002772318,5.436091,8.062241,0.009857222
-0.004945783,-0.2622934,-0.005455929,5.410366,8.262663,0.01027273
-0.004025648,-0.2799298,0.01697301,5.409332,8.288338,0.03469808
-0.003620227,-0.2686577,0.01294666,5.409638,8.262327,0.03521102
0.002474602,-0.264196,0.002777862,5.432369,8.26241,0.03230266
0.01686975,-0.2806635,-0.003171142,5.434888,8.288375,0.009268433
0.006215604,-0.2856177,0.00769108,5.431734,8.287468,0.03166928
0.01219873,-0.2677473,-0.002289276,5.435414,8.26234,0.009584717
0.001709157,-0.24419,-0.002282952,5.410555,8.462532,0.0104703
0.001256315,-0.2567612,0.003998515,5.409884,8.487861,0.03578152
0.003252606,-0.2467938,0.004649525,5.409799,8.462241,0.03560194
0.009123346,-0.2296267,0.01329053,5.432705,8.462544,0.03264521
-0.00499246,-0.2547248,-0.001023898,5.435954,8.487861,0.009839432
-0.008306989,-0.2372902,0.00116059,5.432842,8.487534,0.03278983
0.004452823,-0.2458551,0.004684877,5.435791,8.462244,0.009752043
0.0001345371,-0.2108083,0.0004654535,5.410664,8.662497,0.01059122
0.0009676453,-0.2242077,0.003868323,5.409922,8.687842,0.03591949
0.003341395,-0.212852,0.003792251,5.409899,8.662238,0.03593256
0.00474287,-0.194521,0.01107603,5.432965,8.662489,0.03291935
-0.004701959,-0.2197783,-0.002609209,5.436076,8.687841,0.009879099
-0.00551848,-0.2061736,0.002782379,5.432962,8.687505,0.03291288
0.001112511,-0.2138128,0.003570918,5.436092,8.662241,0.009857183
4.463442e-05,-0.1764207,0.00058804,5.410664,8.862497,0.01059154
0.001055215,-0.1891213,0.004492357,5.409922,8.887841,0.03592014
0.002683936,-0.177805,0.00250818,5.409899,8.862236,0.03593386
0.004232208,-0.1627186,0.009944234,5.432965,8.862488,0.03292189
-0.004281733,-0.1866319,-0.00251587,5.436077,8.887841,0.009879336
-0.003658843,-0.1737181,0.00493432,5.432963,8.887504,0.03291413
0.0002825215,-0.1778734,0.003909826,5.436092,8.862241,0.009857639
0.0007914021,-0.140953,0.0006781854,5.410664,9.062496,0.01059147
0.001135889,-0.1519131,0.004882202,5.409922,9.087837,0.03591914
0.001746796,-0.1422323,0.0009633901,5.409899,9.062233,0.03593348
0.003191802,-0.1311252,0.01019534,5.432966,9.062486,0.03292178
-0.00345982,-0.1500469,-0.001825237,5.436077,9.08784,0.009879255
-0.003215348,-0.1395584,0.005794005,5.432963,9.087502,0.03291388
-0.0002537624,-0.1444677,0.003377813,5.436092,9.06224,0.009857599
6.575306e-06,-0.1071167,0.000353925,5.410664,9.262495,0.01059044
0.0009765503,-0.1166246,0.004814825,5.409923,9.287831,0.03591458
0.001036235,-0.107434,-0.0001782579,5.409899,9.262228,0.03592977
0.002143556,-0.1013024,0.008680486,5.432967,9.262483,0.03291971
-0.003546817,-0.1160999,-0.001279652,5.436077,9.287841,0.009878465
-0.001653546,-0.1075041,0.006769057,5.432965,9.2875,0.03291181
-0.002026205,-0.1088315,0.003231566,5.436092,9.26224,0.009856955
-1.227287e-05,-0.07138574,0.0006992811,5.410664,9.462494,0.01058631
9.658513e-05,-0.07720118,0.00493355,5.409933,9.487809,0.03586748
0.0004134749,-0.07245776,-0.0006533228,5.409905,9.462214,0.03589985
-0.0004619856,-0.06736463,0.006415561,5.432975,9.462488,0.0329172
-0.003077422,-0.07699017,-0.0005374136,5.436045,9.48782,0.009886525
-0.002459922,-0.07040689,0.006016129,5.432977,9.487512,0.03291312
-0.002868629,-0.07255049,0.002608742,5.436076,9.462229,0.009860337
-0.001185786,-0.04075075,0.0005325482,5.410666,9.662517,0.01058315
-0.000383215,-0.04250681,0.002865333,5.409951,9.68791,0.0358326
0.0002923451,-0.04224065,-0.0001841555,5.409919,9.662272,0.03586005
-0.00374247,-0.04015024,0.003230523,5.433004,9.662588,0.03293058
-0.003543543,-0.04114638,-0.0008070346,5.436025,9.687874,0.009902268
-0.004226925,-0.03884924,0.003791929,5.433023,9.687672,0.03294949
-0.005692978,-0.04383307,0.0009707268,5.436055,9.662258,0.009870349
4.793909e-06,-0.004378163,0.0001685254,5.408922,9.866216,1.011788
-0.0005955082,-0.001160857,0.0003259121,5.409444,9.890414,1.038684
-7.959625e-05,-0.004158826,-0.000770932,5.408925,9.866083,1.038176
-0.005527638,-0.005089883,-4.207094e-06,5.43075,9.869027,1.037586
-0.005426032,-0.0001760157,-0.001898222,5.433366,9.890995,1.011816
-0.006383786,-0.004684907,-0.0005324065,5.430638,9.869125,1.012524
-0.005637951,-0.0001964358,0.001093251,5.433517,9.890996,1.038146
6.824266e-05,-0.004223277,0.0006595008,5.408922,9.866215,1.611787
-0.0008106623,-0.0007805107,5.85843e-05,5.409444,9.890413,1.638683
8.117921e-05,-0.004471297,-0.0006121433,5.408926,9.866082,1.638175
-0.006196651,-0.004730862,4.048375e-05,5.430751,9.869026,1.637585
-0.005403508,-0.0002617267,-0.001211809,5.433368,9.890995,1.611816
-0.005908266,-0.00492658,-0.0002180012,5.43064,9.869124,1.612523
-0.005210932,-0.0002030743,0.001304344,5.433518,9.890996,1.638145
-0.01539909,-0.7562966,0.03193575,5.419894,5.824314,2.92829
-0.03100962,-0.7436379,0.01220809,5.471999,5.824316,2.980177
0.0004916248,-0.6971438,0.0006547851,5.42133,5.875004,2.978807
-0.04886738,-0.702875,0.03589879,5.465964,5.824977,2.934053
-0.004420454,-0.7134353,-0.009430168,5.419845,5.875494,2.928271
0.01525347,-0.7039,-0.002194232,5.472025,5.875489,2.980228
0.01007161,-0.6667918,-0.02217571,5.46597,5.875024,2.934068
-0.002990749,-0.7682604,0.01207833,5.419885,5.975689,2.928303
-0.003271086,-0.7293195,0.001324926,5.421329,5.924996,2.978806
-0.02365965,-0.7565421,0.005468733,5.471989,5.97568,2.980179
0.006815883,-0.74558,-0.02323019,5.41984,5.924505,2.928273
-0.03335303,-0.6986094,0.01904809,5.465957,5.975021,2.934073
0.01939085,-0.7385505,-0.006400231,5.472023,5.924512,2.980226
0.01514395,-0.6743249,-0.02833603,5.465971,5.924977,2.934076
-0.005504379,-0.9451231,0.005067446,5.409915,5.112199,0.0358556
-0.0001698536,-0.8977037,0.008334006,5.432944,5.112501,0.0328941
-0.006710868,-0.9403696,0.001212921,5.436056,5.11216,0.009879218
-0.0009318252,-0.9012563,0.005333289,5.410662,5.137506,0.01058504
-0.002651351,-0.943691,-0.0009813096,5.409901,5.137785,0.03589366
-0.009513297,-0.897858,0.003958589,5.432959,5.137517,0.03290327
-0.01663691,-0.9397341,0.00201733,5.436085,5.137761,0.009853508
-0.3051163,-0.005412527,0.009018876,6.787695,9.864396,0.009719063
-0.3087412,-0.006274578,0.003525475,6.787696,9.890235,0.03533843
-0.2345693,-0.009308692,0.009561511,6.761093,9.889818,0.010083
-0.2915817,-0.000789841,-0.001042268,6.787534,9.867359,0.03253819
-0.24682,-0.009628532,0.01656338,6.761718,9.890437,0.03517546
-0.2527425,-0.02553498,0.02294265,6.76247,9.867688,0.0322163
-0.248238,-0.01684021,0.01563294,6.761704,9.864569,0.009496233
-0.009613801,-0.7847768,0.008575556,5.409532,5.461348,2.990589
-0.000296046,-0.8191542,-0.01994484,5.408968,5.48821,2.966565
0.01445649,-0.8199033,-5.422605e-05,5.433743,5.488237,2.99111
0.02530129,-0.7973636,-0.001374308,5.433799,5.461851,2.991123
-0.0006441964,-0.7959733,-0.02619456,5.408954,5.461885,2.966505
-0.006085601,-0.8142733,0.004979536,5.430774,5.46246,2.969339
-0.006563104,-0.8298272,0.003136712,5.430735,5.487499,2.969385
0.004566821,-0.150256,-0.005682743,5.410123,8.861068,2.989956
0.001969443,-0.1878443,-0.007953076,5.409627,8.887682,2.96492
0.001098898,-0.1872164,-0.00278141,5.435298,8.887666,2.990416
0.004604774,-0.1521303,0.003062742,5.409482,8.861673,2.964859
0.001550165,-0.1763305,-0.009110927,5.432296,8.887453,2.96779
0.001443208,-0.1519063,-0.008265198,5.432123,8.862438,2.967945
-0.009841604,-0.1528313,-0.005017256,5.435327,8.861668,2.990565
-0.1865636,0.02314229,-0.0006297156,6.411693,9.865508,2.990787
-0.1681139,0.002574936,-0.001275642,6.437359,9.88968,2.989797
-0.1613499,0.004401591,-0.001290606,6.437677,9.864834,2.990445
-0.1547162,-0.007586355,-0.001786612,6.437623,9.867766,2.96793
-0.1904915,-0.002353995,0.02384852,6.411735,9.890727,2.96583
-0.164977,-0.001103924,-0.002460063,6.437687,9.890401,2.965138
-0.2001488,0.000780213,0.009525937,6.412607,9.86853,2.968674
-0.1888479,-0.01598371,-0.001675424,6.487854,9.864236,2.990178
-0.1794227,-0.002499415,-0.002606628,6.46254,9.889475,2.98958
-0.1793089,-0.01332691,-0.004977638,6.462269,9.864397,2.990265
-0.1633559,-0.01955624,-0.00230453,6.46256,9.867381,2.967538
-0.1891452,0.001412034,0.003604834,6.487852,9.890145,2.96451
-0.1683119,-0.01672307,0.008381949,6.487523,9.867251,2.967396
-0.1771307,-0.004223943,-0.004623442,6.46227,9.890227,2.964681
-0.2423513,-0.02614206,-0.005063662,6.588306,9.865506,2.99079
-0.2017673,0.003916925,0.001450248,6.562641,9.88968,2.989797
-0.201705,-0.02730129,-0.003489009,6.562323,9.864832,2.990447
-0.2228458,-0.006787449,-0.003149533,6.562377,9.867754,2.967939
-0.2395659,-0.0058138,-0.01705471,6.588266,9.890723,2.965833
-0.1895451,-0.002534337,-0.03067336,6.562314,9.890399,2.965139
-0.2519236,-0.008289928,-0.002856362,6.587392,9.868509,2.968694
-0.1912403,-0.005001027,0.0005986494,6.512146,9.864236,2.990179
-0.1864775,0.002863672,0.001459486,6.53746,9.889475,2.98958
-0.1896042,-0.01266533,0.003805898,6.537731,9.864396,2.990266
-0.1887598,-0.005899027,0.005796874,6.53744,9.867374,2.967543
-0.1880616,0.00544328,0.01159246,6.512149,9.890144,2.96451
-0.1806275,-0.001630041,0.01633698,6.512477,9.867249,2.967397
-0.1798201,0.009753825,-0.008489293,6.537731,9.890226,2.964681
0.001502336,-0.8438443,0.005055417,5.410664,5.337504,0.01059089
-0.00263924,-0.8815144,0.006409529,5.409922,5.312162,0.03591614
-0.0008563511,-0.8844128,-0.0008952589,5.409899,5.337766,0.03593145
-0.006166207,-0.8409346,0.004853852,5.432966,5.337514,0.03292038
-0.001395787,-0.875929,-0.0002528007,5.436077,5.31216,0.009878545
-0.0002864601,-0.8324912,0.01084599,5.432963,5.312498,0.03291097
-0.009258393,-0.8810253,0.0009605074,5.436092,5.337759,0.009857077
0.001270377,-0.7948446,0.004371738,5.410664,5.537503,0.0105918
-0.00297443,-0.8290729,0.004369053,5.409922,5.512158,0.03592072
-0.001630288,-0.8321884,0.002643042,5.409899,5.537763,0.03593464
-0.001594186,-0.7887384,0.007233411,5.432965,5.537511,0.0329229
-0.002629816,-0.8249507,-0.0006246759,5.436077,5.512159,0.009879456
-0.0006585289,-0.7807572,0.008939984,5.432963,5.512495,0.0329143
-0.004643616,-0.8290253,0.0008506867,5.436092,5.537759,0.009857676
0.0009816659,-0.7526031,0.003799969,5.410664,5.737503,0.01059171
-0.002562685,-0.7821928,0.005851166,5.409922,5.712156,0.03592092
-0.001226947,-0.7884095,0.006245493,5.409899,5.737762,0.03593455
0.0002194747,-0.7473649,0.008300459,5.432965,5.737511,0.03292301
-0.0002293182,-0.7785107,-0.0006601522,5.436077,5.712159,0.009879539
0.0003169423,-0.735705,0.009818769,5.432963,5.712494,0.03291476
-0.0005234091,-0.7859983,0.0006599633,5.436092,5.737759,0.009857712
0.000819457,-0.6360098,0.003094949,5.410664,6.337502,0.01059158
-0.002149222,-0.6598418,0.005240083,5.409922,6.312156,0.03592082
-0.001404218,-0.6692159,0.01203061,5.409899,6.337761,0.03593438
0.006636002,-0.6317237,0.01449804,5.432965,6.33751,0.03292298
0.0003677545,-0.6559534,1.78561e-05,5.436077,6.312159,0.009879475
-0.0008113078,-0.6187099,0.007738725,5.432963,6.312493,0.03291461
0.007089898,-0.6657972,0.000948172,5.436092,6.337759,0.009857562
0.0005663473,-0.5987123,0.002715271,5.410664,6.537502,0.01059157
-0.002249949,-0.6213084,0.004632968,5.409922,6.512156,0.03592079
-0.00152733,-0.6312096,0.01349681,5.409899,6.537761,0.03593427
0.008417265,-0.5943236,0.01664696,5.432965,6.53751,0.03292289
0.0004316713,-0.6169188,0.000353549,5.436077,6.512159,0.009879468
-0.001634188,-0.5821282,0.006747603,5.432963,6.512493,0.03291453
0.008927324,-0.6272505,0.001365852,5.436092,6.537759,0.009857546
0.0002588379,-0.5594689,0.002224344,5.410664,6.737502,0.01059099
-0.00257905,-0.5822741,0.002958813,5.409922,6.712156,0.03591937
-0.001791196,-0.5910945,0.01440139,5.409899,6.737761,0.03593208
0.0102198,-0.5559794,0.01783998,5.432963,6.737509,0.03291966
-4.509622e-05,-0.577879,0.0004501928,5.436076,6.712159,0.009879023
-0.002970404,-0.5462496,0.00450118,5.432962,6.712493,0.03291266
0.01073826,-0.5875455,0.001979128,5.436091,6.737759,0.009856947
-0.0112451,-0.4973637,-0.01087207,5.410537,6.937458,0.01044825
-0.01238599,-0.5119857,0.006085292,5.409876,6.912133,0.03574598
-0.01053573,-0.5055862,0.03551432,5.409783,6.937744,0.0355262
-0.008258457,-0.5287674,-0.003562532,5.432638,6.937435,0.03258112
0.004918214,-0.5094171,-0.01208142,5.435924,6.912133,0.009830633
-0.0278071,-0.5144393,-0.02184236,5.432809,6.912457,0.03275454
0.03569225,-0.5036547,-0.00822802,5.435725,6.937741,0.009735194
0.001175453,-0.447665,-0.0008918417,5.410655,7.337507,0.01058028
-0.001957029,-0.4651991,-0.00191389,5.409901,7.312168,0.03583709
-0.002820303,-0.4752026,0.01507234,5.40989,7.337766,0.03589745
0.01902846,-0.4388733,0.01941247,5.432929,7.337518,0.03288292
0.004355947,-0.4565604,0.002211789,5.436006,7.312172,0.009857527
-0.005749287,-0.4343803,-0.001382341,5.432886,7.312514,0.03283602
0.0226833,-0.4677773,0.005605261,5.436062,7.337765,0.00984739
0.0004836415,-0.4115011,-0.0009269976,5.410664,7.537502,0.01059134
-0.002551357,-0.4319963,-0.003089486,5.409922,7.512156,0.03591969
-0.002213048,-0.4378211,0.01494819,5.409899,7.537761,0.0359339
0.01592574,-0.4066124,0.0184938,5.432964,7.53751,0.03292214
-0.0008580876,-0.4239978,0.000339159,5.436076,7.512159,0.009879129
-0.01024835,-0.4053808,-0.004482588,5.432962,7.512494,0.03291322
0.01872273,-0.4298487,0.004819536,5.436092,7.537759,0.009857396
0.0008711582,-0.3737574,-0.001810522,5.410664,7.737502,0.01059155
-0.002862187,-0.3949684,-0.004818972,5.409922,7.712156,0.03592076
-0.002227365,-0.3977727,0.01363541,5.409899,7.737761,0.03593448
0.01482087,-0.3702769,0.01725153,5.432965,7.73751,0.03292294
-0.002674934,-0.3864839,-0.0006638689,5.436077,7.712159,0.009879446
-0.013114,-0.3709632,-0.007386982,5.432962,7.712493,0.03291461
0.01870084,-0.3889029,0.005195379,5.436092,7.737759,0.009857596
0.00133332,-0.3363059,-0.00246975,5.410664,7.937502,0.01059148
-0.003029947,-0.3587124,-0.006486381,5.409922,7.912156,0.03592058
-0.002389702,-0.357964,0.01181363,5.409899,7.937761,0.03593407
0.01309569,-0.3344601,0.01561652,5.432965,7.93751,0.03292233
-0.004630385,-0.3500088,-0.001580817,5.436077,7.912159,0.009879383
-0.01582722,-0.3369268,-0.01024553,5.432962,7.912493,0.03291434
0.01836972,-0.3484654,0.005316214,5.436092,7.937759,0.009857489
0.0004661664,-0.298506,-0.002450881,5.410661,8.137501,0.01058755
-0.003219259,-0.3226099,-0.00697157,5.40992,8.112155,0.03591441
-0.00240852,-0.3180358,0.01090807,5.409896,8.137759,0.03592017
0.01039606,-0.2987122,0.01444135,5.43295,8.137506,0.0329076
-0.007489331,-0.3158185,-0.002324142,5.436071,8.112157,0.009878091
-0.01790812,-0.3028518,-0.01154701,5.432953,8.112492,0.03291047
0.01583566,-0.3105467,0.004448787,5.436081,8.137756,0.009854071
0.001491874,-0.2250384,-0.004378869,5.410657,8.537505,0.0105829
-0.002275197,-0.2490205,-0.008600232,5.409905,8.512163,0.03585669
-0.003268453,-0.2396005,0.003563732,5.409892,8.537764,0.03590653
0.007234827,-0.224153,0.00772145,5.432938,8.537515,0.03289382
-0.01070293,-0.242807,-0.00331367,5.436022,8.512168,0.009862296
-0.01895577,-0.2316259,-0.01187539,5.432904,8.512508,0.03285679
0.01537239,-0.230482,0.004235691,5.436069,8.537763,0.009849944
0.001073308,-0.1890277,-0.004531219,5.410664,8.737502,0.01059137
-0.003023881,-0.2154983,-0.009201976,5.409922,8.712154,0.0359199
-0.003624807,-0.2025632,0.000638647,5.409899,8.737759,0.03593365
0.004723426,-0.1899267,0.004282014,5.432965,8.737509,0.03292226
-0.01049765,-0.2091488,-0.003219118,5.436076,8.712158,0.00987922
-0.01843219,-0.1995876,-0.01387591,5.432962,8.712492,0.03291353
0.01212543,-0.1932699,0.003966333,5.436092,8.737758,0.009857451
0.0003493434,-0.1545833,-0.004287561,5.410664,8.937501,0.01059149
-0.002907757,-0.1812427,-0.009062968,5.409922,8.912152,0.0359204
-0.003643748,-0.1657114,-0.001444101,5.409899,8.937757,0.03593373
0.001332584,-0.1561322,0.001202255,5.432965,8.937507,0.03292268
-0.01143419,-0.1757514,-0.003537496,5.436077,8.912158,0.009879366
-0.01810602,-0.1670937,-0.01351117,5.432963,8.912491,0.03291449
0.00832755,-0.1582386,0.002150271,5.436092,8.937758,0.009857511
-0.0002884721,-0.1202718,-0.003920819,5.410664,9.1375,0.01059117
-0.002601336,-0.1459533,-0.008334419,5.409922,9.112149,0.03591944
-0.003388618,-0.1293785,-0.003112576,5.4099,9.137753,0.03593256
-0.001451021,-0.1219539,-0.0009831681,5.432965,9.137505,0.03292192
-0.01192989,-0.1422173,-0.003211639,5.436077,9.112158,0.009879301
-0.01673659,-0.1333283,-0.01166095,5.432963,9.112488,0.03291402
0.004626041,-0.1235544,0.0009400901,5.436092,9.137758,0.009857443
-0.0009624589,-0.08717609,-0.002574083,5.410664,9.337498,0.01058897
-0.00255009,-0.1112945,-0.006811701,5.409922,9.312142,0.03591402
-0.003501534,-0.09338627,-0.003561165,5.4099,9.337747,0.03592618
-0.004857379,-0.08868984,-0.001955224,5.432968,9.337503,0.03291899
-0.0122209,-0.1084045,-0.003323467,5.436077,9.312158,0.009878386
-0.01643077,-0.1013617,-0.009971318,5.432964,9.312486,0.03291131
0.0006811635,-0.0894346,-0.0003355274,5.436093,9.337758,0.009856395
-0.001806301,-0.05696964,-0.001217913,5.410664,9.537501,0.01058424
-0.002169758,-0.07339314,-0.004025626,5.409934,9.512121,0.03586086
-0.00299436,-0.05765135,-0.003815369,5.409915,9.537721,0.03586267
-0.00520939,-0.05306723,-0.00128981,5.432985,9.537526,0.03292339
-0.01028289,-0.07167369,-0.001981214,5.43604,9.512135,0.009887162
-0.01370196,-0.06529269,-0.006729764,5.432977,9.5125,0.03291264
-0.003281448,-0.05635413,-0.002017062,5.436045,9.537728,0.009868195
-0.002092615,-0.02579399,-0.0007967492,5.410664,9.737557,0.01058509
-0.002222519,-0.03833942,-0.003004302,5.409961,9.712256,0.03580918
-0.002277819,-0.0256046,-0.001251474,5.409982,9.737836,0.03570429
-0.007678198,-0.02421702,-0.0005423678,5.43307,9.73784,0.03300675
-0.008699523,-0.03813946,-0.001914805,5.436004,9.712209,0.00991165
-0.01026438,-0.03414292,-0.004361238,5.433027,9.712706,0.03295233
-0.007928069,-0.02413801,-0.002502918,5.43589,9.737752,0.00993842
6.386125e-05,-0.004437495,-0.00105426,5.408923,9.866216,1.188213
-0.0007983593,-0.0007913345,-4.793079e-05,5.409444,9.890414,1.161317
0.0001582968,-0.004619017,0.0005352463,5.408927,9.866083,1.161825
-0.006205661,-0.00478565,-0.0001288485,5.430758,9.869035,1.162415
-0.005326951,-0.0003371326,0.0007691641,5.433368,9.890995,1.188185
-0.005453872,-0.005127121,3.644285e-06,5.430642,9.869126,1.187477
-0.005134399,-0.000249131,-0.001470177,5.433518,9.890997,1.161855
-5.920138e-06,-0.004308148,-0.0003903649,5.408923,9.866216,1.788212
-0.0005354892,-0.001193089,-0.0005284175,5.409443,9.890414,1.761317
-3.420913e-05,-0.004083268,0.0005856521,5.408927,9.866083,1.761824
-0.005546374,-0.005102576,-2.496226e-05,5.430758,9.869035,1.762414
-0.005527528,-0.0001507882,0.001651362,5.433367,9.890995,1.788184
-0.006538842,-0.004559773,0.000265549,5.430641,9.869127,1.787476
-0.005697052,-0.00021146,-0.00126572,5.433519,9.890997,1.761854
-0.4225037,0.01165763,-0.003735229,7.387867,9.864169,2.990156
-0.4279128,-0.004369508,0.01078028,7.387862,9.890125,2.964433
-0.3711004,0.001277651,-0.0005366995,7.362545,9.889464,2.989574
-0.3985946,0.0141919,0.01540282,7.387544,9.867186,2.967315
-0.3963249,-0.0286065,-0.01100436,7.362278,9.864366,2.990257
-0.3899882,-0.01541475,-0.01209278,7.36257,9.867361,2.967488
-0.3940252,-0.01003764,-0.02739394,7.362271,9.890211,2.964653
-0.3348478,-0.005305568,-0.01205212,7.311694,9.865503,2.990784
-0.3376053,-0.0009115095,-0.001047336,7.33736,9.889674,2.989796
-0.3608227,-0.02896093,-0.006301764,7.337678,9.864816,2.990443
-0.3460101,-0.0324221,-0.01709197,7.337626,9.867761,2.967897
-0.3295079,-0.008085313,0.0155022,7.311736,9.890724,2.965821
-0.3268084,-0.01957643,0.003910734,7.312609,9.868525,2.96866
-0.3537301,-0.003650461,-0.02222006,7.337693,9.890389,2.965126
-0.01129513,-1.059838,0.00402041,5.421783,4.825135,0.02145628
-0.1626095,-0.8840762,-0.007694241,5.699634,4.899578,0.09478777
-0.1743265,-0.8376416,0.0003113859,5.899735,4.899793,0.08994186
-0.202626,-0.7917044,0.0006072465,6.099448,4.899907,0.08830573
-0.203192,-0.7673267,0.0004338752,6.299689,4.899954,0.08780115
-0.2113581,-0.7483194,0.0002513882,6.499845,4.899971,0.08762419
-0.2079741,-0.7421114,4.938276e-05,6.699929,4.899979,0.08756371
-0.2114911,-0.7406,8.67185e-05,6.899986,4.899983,0.0875669
-0.2042183,-0.7533958,8.419672e-05,7.10004,4.899985,0.08762007
-0.2096845,-0.7682769,0.000603937,7.300113,4.899984,0.08772793
-0.2023624,-0.8092652,5.399301e-05,7.500244,4.899979,0.08793231
-0.0551434,-0.9150963,-0.02908926,5.445015,4.952174,0.2508444
-0.156847,-0.8886612,0.001503948,5.694057,4.898644,0.2896637
-0.1752832,-0.8359541,0.001008571,5.896792,4.899266,0.2824196
-0.2037065,-0.7932805,0.0003643882,6.098191,4.899617,0.2788742
-0.2031307,-0.7691531,0.0003590782,6.298946,4.899791,0.2773476
-0.2117259,-0.7498663,0.0003231407,6.499393,4.899877,0.2766833
-0.2078921,-0.7436563,0.0001065984,6.699687,4.899918,0.2764374
-0.2119195,-0.741687,0.0003781198,6.899915,4.899938,0.2764524
-0.2043709,-0.7555976,0.0001423394,7.100135,4.899942,0.2766802
-0.209954,-0.7693764,0.001253262,7.300408,4.899932,0.2771287
-0.2017,-0.813947,-0.0002135474,7.500827,4.899901,0.277905
-0.1071243,-0.9855845,-0.02129385,5.445668,4.849792,0.4497605
-0.1551202,-0.8825373,-0.002804711,5.691861,4.897881,0.4942354
-0.1730855,-0.8381463,-6.379855e-06,5.894548,4.898643,0.4881388
-0.2030114,-0.7931232,-5.627283e-05,6.096464,4.899221,0.4837877
-0.2028428,-0.7693778,0.0003411713,6.297772,4.899554,0.4813294
-0.2117319,-0.7499235,0.0004055189,6.498637,4.899732,0.4801067
-0.2077948,-0.743775,0.0001897639,6.699262,4.899824,0.4796195
-0.2119868,-0.7416623,0.0006060492,6.899772,4.899867,0.479648
-0.2040697,-0.7556758,7.932908e-05,7.100268,4.899875,0.4801114
-0.2101456,-0.7690969,0.001452867,7.300864,4.899848,0.4810033
-0.2011642,-0.8141591,-0.0001886957,7.501718,4.899774,0.4824368
-0.1099824,-0.9893174,-0.02488005,5.44552,4.850043,0.6498934
-0.1543304,-0.8805808,0.00190265,5.690574,4.897904,0.6967323
-0.1726958,-0.8366513,0.00230031,5.892772,4.898405,0.6925239
-0.2039195,-0.7934825,0.001068567,6.094783,4.898951,0.6886471
-0.2030366,-0.7694379,0.000450649,6.29645,4.899349,0.6858748
-0.2120874,-0.7499709,0.0006425081,6.497741,4.899589,0.6842786
-0.2077973,-0.7439505,0.0002419743,6.698738,4.899723,0.6835992
-0.2120748,-0.7414616,0.0007506819,6.899581,4.899787,0.6836215
-0.2036157,-0.7558078,0.0002482287,7.100405,4.899798,0.6842517
-0.2101053,-0.7684653,0.001680072,7.301369,4.899754,0.6854586
-0.1996014,-0.8150807,0.0006373966,7.502677,4.899637,0.6873094
-0.09597434,-1.005766,-0.02683178,5.445467,4.851111,0.8499218
-0.154606,-0.8833506,0.001918855,5.689926,4.898356,0.8980904
-0.1726843,-0.8353889,0.001445245,5.891584,4.898504,0.8954371
-0.2037214,-0.79391,0.001053018,6.093457,4.898865,0.8926282
-0.2030702,-0.7681979,0.0002935685,6.295259,4.89922,0.8902359
-0.2120011,-0.7501328,0.0006222555,6.496851,4.899478,0.8886083
-0.20775,-0.7439817,0.0002251958,6.698201,4.899635,0.8878285
-0.2120128,-0.7414481,0.0007058816,6.899376,4.899713,0.8878155
-0.2032162,-0.7558936,0.0002904819,7.100527,4.899725,0.88848
-0.2097606,-0.7681987,0.001344097,7.301845,4.899664,0.8897745
-0.1984103,-0.8156923,0.0008499277,7.503492,4.899514,0.8916267
-0.08847163,-1.000666,-0.01709962,5.445434,4.851515,1.049973
-0.1540671,-0.8830685,0.0008937944,5.689546,4.898626,1.098941
-0.1727353,-0.8346148,0.001157464,5.890872,4.898636,1.097376
-0.2041502,-0.7947038,0.001290348,6.092542,4.898869,1.095635
-0.2030885,-0.7687172,0.0003154292,6.294349,4.899157,1.094007
-0.2119951,-0.750267,0.0007638604,6.496105,4.899402,1.092735
-0.2077624,-0.7440957,0.0002428985,6.697717,4.899568,1.092015
-0.2120095,-0.7413765,0.0006599572,6.899192,4.899654,1.091946
-0.203058,-0.7559328,0.0003246253,7.100637,4.899664,1.092521
-0.2098492,-0.7677801,0.001012732,7.302219,4.89959,1.093631
-0.1980046,-0.8160475,0.0007771406,7.504068,4.899423,1.095055
-0.0914618,-1.013329,-0.01415071,5.445396,4.851485,1.249991
-0.1561779,-0.8838325,0.00111671,5.689268,4.898655,1.29953
-0.1731774,-0.8409206,0.0005086564,5.890435,4.898682,1.298805
-0.2030439,-0.7941077,0.001102445,6.092008,4.898882,1.297973
-0.2035089,-0.7695435,0.0003043772,6.293775,4.899135,1.297177
-0.2116996,-0.7502286,0.0007334812,6.495602,4.899362,1.296504
-0.207902,-0.7440111,0.0002816848,6.697369,4.899527,1.296048
-0.2119548,-0.7413547,0.000553023,6.899058,4.899616,1.295961
-0.2029381,-0.7559685,0.0004431753,7.100715,4.899623,1.29632
-0.2097803,-0.7675126,0.0006365721,7.302457,4.899542,1.29698
-0.1973821,-0.8163483,0.0007130311,7.504397,4.899371,1.297727
-0.09548408,-1.022759,-0.01637197,5.445346,4.85137,1.449996
-0.1561274,-0.8829568,0.001775565,5.689096,4.898616,1.500003
-0.1731522,-0.8397642,0.001481976,5.890218,4.898685,1.500007
-0.2035073,-0.7945424,0.0007486307,6.091783,4.898893,1.500009
-0.2035179,-0.7700477,0.0004771681,6.293556,4.89914,1.500009
-0.2117452,-0.7503211,0.0005798487,6.495402,4.899359,1.500009
-0.2079454,-0.7441126,0.0003472655,6.697246,4.899519,1.500009
-0.2119134,-0.7413707,0.0004028099,6.899001,4.899606,1.500008
-0.2030085,-0.756038,0.0004466652,7.100723,4.89961,1.500008
-0.2095788,-0.7677074,0.0002489528,7.302538,4.899524,1.500007
-0.1976802,-0.8165317,0.0003862932,7.504494,4.899351,1.500006
-0.09748755,-1.023867,-0.01835998,5.445333,4.851348,1.650004
-0.1565721,-0.8827965,0.001189888,5.689075,4.898603,1.700478
-0.1732189,-0.8390307,0.0005906948,5.890237,4.898695,1.70121
-0.2035773,-0.7944836,0.0007826584,6.091861,4.898921,1.702043
-0.203717,-0.7699854,0.0003673266,6.293678,4.899175,1.702841
-0.2117426,-0.7502729,0.0005410274,6.495542,4.899393,1.703514
-0.2080827,-0.7440715,0.0003719264,6.697333,4.899548,1.703969
-0.2118567,-0.7413984,0.000287504,6.899037,4.899627,1.704055
-0.2030835,-0.7560343,0.0004618059,7.100704,4.899627,1.703694
-0.2094559,-0.7678297,-1.661973e-05,7.30245,4.899539,1.703034
-0.197594,-0.8164246,0.000534837,7.504391,4.89936,1.702286
-0.09828682,-1.023673,-0.02006887,5.445334,4.851346,1.850014
-0.156793,-0.8830803,0.0007789254,5.689196,4.898618,1.901055
-0.173367,-0.83936,0.000193882,5.890518,4.898735,1.902631
-0.2035769,-0.7943886,0.0004542595,6.092279,4.898983,1.904379
-0.203828,-0.7700323,0.0002596188,6.294176,4.89925,1.906009
-0.2117507,-0.7502229,0.000385093,6.496,4.899466,1.907282
-0.2081949,-0.7440673,0.0003207218,6.697656,4.899607,1.908001
-0.2117513,-0.7414798,0.0001269596,6.899158,4.899674,1.908069
-0.2032634,-0.7561238,0.0003793273,7.100619,4.899671,1.907493
-0.2091356,-0.7683707,-0.0003765395,7.302209,4.899584,1.906383
-0.1978055,-0.8167627,0.0001988576,7.50406,4.899403,1.904959
-0.0992209,-1.024689,-0.01972782,5.44534,4.851347,2.050027
-0.1569978,-0.8840309,0.0003844477,5.689494,4.898664,2.101881
-0.1735802,-0.8398062,-0.0001718618,5.891142,4.898821,2.104561
-0.2034067,-0.7943893,0.0005114127,6.093132,4.8991,2.107383
-0.2039586,-0.7700214,0.0001960665,6.295051,4.899372,2.109779
-0.2116915,-0.7502181,0.0003174086,6.496727,4.899568,2.111406
-0.2082913,-0.7440116,0.0002359482,6.69813,4.899685,2.112185
-0.2117564,-0.7415931,-2.352251e-05,6.899338,4.899739,2.112197
-0.2035105,-0.7560274,0.0001969818,7.100508,4.899733,2.111533
-0.2094395,-0.7685556,-0.0007028839,7.301836,4.899658,2.11024
-0.1985034,-0.8160776,-0.0002424991,7.503487,4.89949,2.108391
-0.09941003,-1.027139,-0.02056236,5.445357,4.851349,2.250051
-0.1581908,-0.8860016,-0.0009449622,5.690114,4.898761,2.303243
-0.1736348,-0.8403506,-0.0007606353,5.892312,4.898987,2.307483
-0.2033605,-0.793967,0.0001233594,6.094462,4.899288,2.311367
-0.2041578,-0.7697635,6.457774e-05,6.296252,4.899532,2.314139
-0.2116253,-0.7501147,0.0001049986,6.497627,4.899686,2.315734
-0.2084783,-0.7438914,0.0001800029,6.698674,4.899774,2.316411
-0.2117702,-0.7416888,-0.0001534034,6.899548,4.899812,2.316388
-0.2038745,-0.7560162,0.0001971352,7.10039,4.899806,2.315759
-0.2097036,-0.768842,-0.0009850433,7.301366,4.899748,2.314555
-0.1990733,-0.8157579,-1.062444e-05,7.502683,4.899615,2.31271
-0.09923834,-1.026622,-0.02366656,5.445417,4.851351,2.450138
-0.1590032,-0.8876801,0.001530241,5.691433,4.898965,2.505817
-0.173399,-0.8411295,-4.058042e-05,5.894154,4.899262,2.511897
-0.2029387,-0.7941586,0.0005801906,6.096209,4.899532,2.516232
-0.2039251,-0.7697429,-0.0001256786,6.297623,4.899707,2.518683
-0.2114218,-0.7502021,7.351402e-05,6.498554,4.899808,2.519901
-0.2084898,-0.7437484,8.278946e-05,6.699218,4.899862,2.520387
-0.2117048,-0.7418785,-0.0002126282,6.899751,4.899884,2.520358
-0.2042809,-0.7558172,0.0001209432,7.100261,4.899881,2.519896
-0.2098181,-0.7693808,-0.001058991,7.300869,4.899844,2.519007
-0.2006757,-0.8145023,5.717541e-05,7.501737,4.899758,2.517581
-0.06400771,-0.913202,0.02093862,5.444936,4.952528,2.749401
-0.1587485,-0.8913868,-0.0007620575,5.693752,4.899315,2.710441
-0.1765721,-0.8414412,-0.001581606,5.896539,4.899612,2.717623
-0.2026412,-0.7937081,-0.0001882574,6.098043,4.89978,2.721142
-0.2045129,-0.7693066,-0.0001312107,6.298867,4.899868,2.722659
-0.2112404,-0.7500659,-8.198654e-05,6.499351,4.899914,2.72332
-0.2086839,-0.7435929,7.327675e-05,6.699666,4.899936,2.723565
-0.2116963,-0.7419481,-0.0001571766,6.899906,4.899946,2.72355
-0.2046534,-0.7558091,-9.2299e-05,7.100134,4.899945,2.723323
-0.2098879,-0.7696516,-0.0009957549,7.300417,4.89993,2.722877
-0.2013035,-0.8145336,-0.0001472572,7.500855,4.899892,2.722106
-0.05263905,-1.006982,-0.008508201,5.447363,4.850418,2.852246
-0.1624633,-0.8868354,0.009523603,5.69957,4.899734,2.905234
-0.1753167,-0.8369506,0.0009792967,5.89963,4.899864,2.91007
-0.2026771,-0.7924201,-0.0007314381,6.099394,4.899941,2.911698
-0.204351,-0.7673344,-6.184532e-05,6.299664,4.89997,2.9122
-0.2112465,-0.7486361,-0.0002171314,6.499834,4.899979,2.912376
-0.2087057,-0.742109,6.487413e-05,6.699924,4.899983,2.912437
-0.2113481,-0.7408206,1.418619e-07,6.899984,4.899985,2.912433
-0.2043647,-0.7535871,-3.94963e-05,7.100041,4.899985,2.912381
-0.2097115,-0.768313,-0.000417863,7.300121,4.899983,2.912273
-0.2016228,-0.8094067,-0.0001694803,7.50027,4.899977,2.912071
-0.1563856,-0.9636632,0.002588001,5.551822,4.848752,0.04472644
-0.00452187,-0.9409517,-0.002271032,5.410311,4.987387,0.01024126
-0.04757317,-0.9116664,0.01368478,5.552619,4.950845,0.04495806
-0.05168448,-1.007235,0.007222781,5.447076,4.850164,0.146892
-0.1263527,-0.9861868,0.01847922,5.543965,4.849076,0.1425148
-0.0373966,-0.9534643,-0.0006551372,5.445735,4.952696,0.1504774
-0.05514334,-0.9414768,-0.02450111,5.543414,4.949573,0.1427644
-0.05722273,-1.089405,0.00585234,5.421282,4.775958,2.825384
-0.02206742,-1.047232,0.01866352,5.410228,4.787286,2.989827
-0.1184348,-0.9823509,-0.03076129,5.544245,4.84934,2.857095
-0.03983268,-0.9555345,0.00308401,5.445634,4.952926,2.849863
-0.05393636,-0.9452435,0.01743248,5.543189,4.949739,2.857432
-0.01163097,-1.005204,0.007701152,5.410239,4.812669,2.989829
-0.1637955,-0.9872502,-0.004657568,5.55291,4.848784,2.954939
-0.01156078,-0.95423,0.00753278,5.409553,4.988662,2.990552
-0.06103062,-0.9524428,-0.009125135,5.552454,4.950942,2.955146
-0.02908317,-1.120817,0.003097731,5.422057,4.774961,0.02169461
-0.1649186,-1.02538,-0.01673959,5.552545,4.750491,0.04497582
-0.05595733,-1.094852,-0.02834894,5.421261,4.77542,0.17429
-0.1710745,-1.035317,0.01837845,5.545703,4.747909,0.1428829
-0.03328291,-1.009473,0.009087434,5.467419,4.874896,0.0673098
-0.06828177,-1.07474,0.009907484,5.472797,4.824228,0.02027133
-0.00860791,-1.038405,0.003801412,5.421972,4.875239,0.02176937
-0.02335597,-1.101587,-0.009912744,5.421076,4.825698,0.07042928
-0.06668195,-1.068824,-0.01682569,5.467395,4.82457,0.06723095
-0.01751595,-1.060202,0.004681498,5.420643,4.876023,0.07232196
-0.02970394,-1.038383,0.01384162,5.47323,4.87547,0.02033521
-0.07187193,-1.045147,-0.01575012,5.421037,4.776578,1.024492
-0.07537993,-1.051042,0.03452001,5.421025,4.776566,1.175509
-0.07145228,-1.074966,-0.001290196,5.421015,4.776521,1.224503
-0.07501079,-1.076157,0.02203946,5.420967,4.776301,1.375508
-0.07632434,-1.083212,-0.009802954,5.420957,4.776258,1.424496
-0.07670251,-1.084161,0.01978192,5.420949,4.77622,1.575506
-0.07731276,-1.083194,-0.01299702,5.420948,4.776218,1.624496
-0.07873184,-1.079014,0.01720437,5.420948,4.776216,1.775507
-0.07856431,-1.07839,-0.01551637,5.420948,4.776216,1.824497
-0.07925017,-1.07741,0.0176062,5.420948,4.776216,1.975508
-0.07928536,-1.079244,-0.01486604,5.420948,4.776216,2.024497
-0.078541,-1.082872,0.01715307,5.42095,4.776217,2.175508
-0.07869214,-1.084314,-0.0157362,5.42095,4.776217,2.224497
-0.07884746,-1.084823,0.01384025,5.420955,4.776216,2.375511
-0.07847957,-1.08499,-0.0186761,5.420955,4.776215,2.424501
-0.07657331,-1.087078,0.01231892,5.420973,4.776205,2.575546
-0.070453,-1.091673,-0.0151088,5.420981,4.776198,2.624566
-0.07880964,-1.079103,0.01560091,5.421133,4.776136,2.776036
-0.04407046,-0.978104,-0.02045345,5.468227,4.924903,0.06815187
-0.005803719,-1.02987,0.002406267,5.422592,4.924793,0.02256582
-0.06304922,-1.001183,0.001052777,5.474531,4.975225,0.02114277
-0.01011299,-0.9967922,-0.02837355,5.421262,4.975562,0.07414029
-0.01293845,-1.028269,-0.008198083,5.421111,4.92466,0.07380431
-0.04900653,-1.01386,0.008456462,5.474334,4.924257,0.02091874
-0.06542866,-0.9626473,-0.03828718,5.469201,4.975009,0.06913952
-0.02357585,-0.9843239,0.000127282,5.468592,4.924816,2.93156
-0.01406804,-1.009941,0.0188598,5.420767,4.975996,2.927037
-0.002609665,-1.00502,-0.004203075,5.422903,4.924594,2.9772
-0.04245889,-1.001757,0.009800538,5.47352,4.975646,2.979396
-0.01319424,-1.037092,-0.001309465,5.421295,4.92469,2.925776
-0.03854822,-1.025455,0.00235957,5.47493,4.924251,2.978943
-0.0522836,-0.9680808,0.02739512,5.468513,4.974937,2.931625
-0.00674215,-0.9187704,-0.003180274,5.410529,5.012534,0.01045512
-0.01621413,-0.8875589,0.03112616,5.446064,5.051884,2.851493
-0.08575544,-0.8700694,0.001133406,5.553543,5.048968,0.04519883
-0.0153274,-0.8952579,-0.02868906,5.446623,5.051797,0.1503104
-0.06477861,-0.8925477,-0.003542735,5.543557,5.049838,0.1429629
-0.07222809,-0.8926516,0.0106289,5.542585,5.049897,2.85799
-0.01080999,-0.9093399,0.006291471,5.422479,5.025331,2.977683
-0.08889637,-0.8825454,-0.003403234,5.551883,5.049035,2.955352
-0.005092015,-0.8596889,0.03357975,5.470091,5.075027,0.06999239
-0.06419202,-0.9344817,-0.004665956,5.475565,5.024365,0.02160359
-0.009000075,-0.9351282,-0.02892123,5.42177,5.024833,0.07496581
-0.001270435,-0.8944126,0.02542284,5.421824,5.075887,0.07542601
-0.009476345,-0.8903113,0.003602209,5.475974,5.075485,0.02166434
-0.06178472,-0.9090749,-0.02373643,5.469863,5.02504,0.06977267
-0.005435055,-0.87266,-0.01509276,5.467256,5.075018,2.932884
-0.01289433,-0.9580013,0.02078659,5.420997,5.025131,2.926732
-0.03567032,-0.948546,0.006271518,5.47408,5.024656,2.979223
0.0001388962,-0.9088532,-0.005667596,5.422005,5.07503,2.978164
0.001226266,-0.9249817,-0.01000582,5.420484,5.07596,2.927287
-0.00205818,-0.9169655,-0.01029091,5.473473,5.075524,2.979733
-0.04733791,-0.9330078,0.02578095,5.467867,5.02499,2.932294
-0.06634679,-1.09007,-0.05014055,5.421217,4.775068,0.2239518
-0.1731332,-0.9813408,0.01072495,5.545588,4.745976,0.2461092
-0.04588659,-1.112771,-0.00690339,5.42105,4.77342,0.3754362
-0.1632864,-0.9863858,0.003915243,5.545247,4.744321,0.3478924
-0.09549824,-1.022902,-0.02660455,5.421047,4.773273,0.424429
-0.1561169,-0.9756621,0.001913629,5.545187,4.743713,0.4486583
-0.09527403,-1.023829,0.02468738,5.421029,4.773281,0.5755199
-0.1478694,-0.9734251,0.00268426,5.544985,4.74356,0.549145
-0.07090521,-1.055687,-0.01149519,5.421026,4.773435,0.6244759
-0.15657,-0.9788309,0.003346574,5.544895,4.744022,0.6493508
-0.09228402,-1.031256,0.02559399,5.421066,4.775136,0.7752739
-0.143912,-0.9711365,0.002291673,5.54465,4.745024,0.749493
-0.0577999,-1.085023,0.01975782,5.421035,4.775631,0.824254
-0.1477808,-0.9853019,0.004356343,5.544543,4.74613,0.8496392
-0.07356087,-1.040977,0.02328338,5.421039,4.776522,0.9754998
-0.005125024,-0.9822026,-0.0165114,5.40963,4.987846,0.03502605
-0.01818503,-0.9309581,-0.008657377,5.432214,4.987636,0.03220888
-0.02331499,-0.9806149,-0.0004487708,5.435197,4.987813,0.009590376
-0.01613337,-0.9697329,-0.005225616,5.431446,4.962616,0.03147928
-0.002794639,-0.9697337,-0.000584125,5.409834,4.961225,0.009808008
0.001989648,-1.008255,-0.02651516,5.409251,4.961902,0.03441415
-0.04271014,-1.006351,0.007602715,5.434501,4.961856,0.009210842
-0.04008046,-1.169902,0.01506777,5.421683,4.77511,2.92723
-0.1448271,-1.146938,-0.008236713,5.474463,4.77496,2.97881
-0.1133121,-1.117553,-0.003320312,5.469653,4.774134,2.930426
-0.02677734,-1.001487,-0.0215755,5.468883,4.874884,2.931314
-0.02348709,-1.094972,0.01990891,5.422018,4.826076,2.927887
-0.09938216,-1.081213,-0.008232748,5.474543,4.824702,2.978848
-0.01115419,-1.01338,-0.004974397,5.423095,4.875415,2.977139
-0.07149535,-1.061724,-0.004535464,5.469555,4.824622,2.930655
-0.01713665,-1.054339,-0.01727922,5.421545,4.876288,2.925909
-0.02144506,-1.044365,-0.007499081,5.475193,4.87572,2.978825
-0.009711693,-0.9594905,-0.005150294,5.409812,5.012213,0.03546478
-0.009196175,-0.9017309,-0.002298233,5.432627,5.012573,0.03259655
-0.01469875,-0.9576622,-0.004333146,5.435671,5.012181,0.009769526
-0.001214347,-0.8737333,0.003963005,5.432818,5.037553,0.03276195
-0.009439572,-0.9077021,-0.005632347,5.410608,5.037532,0.01053709
-0.009595006,-0.9395434,0.005075257,5.409854,5.037804,0.03570597
0.0004068466,-0.9371222,-0.004847674,5.435922,5.037768,0.009815613
-0.0002879603,-0.8830453,0.004950997,5.432898,5.062514,0.03283721
-0.005423416,-0.9005228,-0.001639985,5.410639,5.062512,0.01056795
-0.004889063,-0.9373147,0.003993435,5.409879,5.062299,0.03579325
-0.003111074,-0.9331299,-0.0003381288,5.436013,5.062256,0.009840476
-0.03185672,-0.919581,0.00475131,5.540892,4.949208,0.2457684
-0.1004161,-0.9866089,0.004398584,5.446401,4.850077,0.2491361
-0.1245735,-0.9446187,0.01294349,5.542717,4.848048,0.2458726
-0.100757,-0.9904741,0.01177731,5.445907,4.849819,0.3496636
-0.1176118,-0.9624383,0.001804034,5.541652,4.847372,0.3478225
-0.05520445,-0.9089068,-0.001069173,5.443383,4.954853,0.3510986
-0.02649034,-0.932782,-0.008566705,5.539015,4.948752,0.3477096
-0.1251048,-0.9543671,0.002539698,5.541278,4.846933,0.4486736
-0.06390047,-0.9084351,-0.03111037,5.442972,4.955306,0.4489317
-0.02845333,-0.9379466,0.001259188,5.538299,4.948612,0.4485858
-0.1084489,-0.9887733,0.02081793,5.445563,4.849816,0.5498694
-0.1234074,-0.9561151,0.0004183555,5.54094,4.846917,0.5491706
-0.06789763,-0.8934234,0.02170146,5.442737,4.955508,0.5509031
-0.02292977,-0.9378691,-0.0003747311,5.537743,4.948511,0.549136
-0.1248204,-0.9632284,0.00163508,5.540835,4.847118,0.6493958
-0.06452316,-0.8941878,-0.023067,5.442673,4.955629,0.6489329
-0.02237398,-0.9461421,0.001685646,5.537575,4.948664,0.6493838
-0.103416,-0.9956329,0.01106206,5.445487,4.850584,0.7498956
-0.1138115,-0.9544358,0.0009729351,5.540674,4.847627,0.7495604
-0.06806693,-0.9011713,0.02699772,5.442622,4.955834,0.7509525
-0.01884123,-0.9353279,0.002195968,5.537372,4.948847,0.749562
-0.1137054,-0.9604879,0.001366646,5.540616,4.848129,0.8496667
-0.06316351,-0.8979002,-0.01918394,5.442603,4.956044,0.84896
-0.02523567,-0.9397096,0.0005594686,5.537318,4.949121,0.8496781
-0.08793423,-1.004866,0.02083257,5.445446,4.85141,0.9499615
-0.1051006,-0.9566684,0.002846065,5.540521,4.848483,0.9497627
-0.06211056,-0.9007253,0.0252205,5.442582,4.956176,0.9509801
-0.02655393,-0.93515,0.001831939,5.537221,4.949275,0.9497515
-0.1070826,-0.9562028,0.004440935,5.540487,4.848638,1.049822
-0.06309412,-0.8978104,-0.02128232,5.442573,4.956236,1.048979
-0.02899042,-0.9356656,0.002539166,5.537196,4.949386,1.049832
-0.08991717,-1.006565,0.0293661,5.445417,4.851527,1.149988
-0.1050458,-0.9548595,0.006573575,5.540415,4.848694,1.149878
-0.06621282,-0.9018532,0.02859658,5.442561,4.956251,1.150992
-0.02827432,-0.9368993,0.001445585,5.537138,4.949409,1.149861
-0.1045636,-0.9557783,0.00470552,5.54035,4.84866,1.24992
-0.06837286,-0.8943332,-0.02062676,5.442553,4.956242,1.248988
-0.03141311,-0.9463396,-0.001127251,5.537109,4.949411,1.249927
-0.09422597,-1.0188,0.02682401,5.445366,4.851417,1.35
-0.1013487,-0.9507739,0.003877727,5.540257,4.848605,1.349955
-0.07109391,-0.8995993,0.02739113,5.442542,4.956223,1.350999
-0.03194089,-0.9504056,0.00127544,5.537064,4.949385,1.349938
-0.1060902,-0.9528913,0.002527825,5.540194,4.848552,1.449986
-0.07167754,-0.897406,-0.02165013,5.442535,4.956207,1.448995
-0.03393623,-0.9540635,-0.0001183127,5.537039,4.949365,1.449998
-0.09724378,-1.024932,0.02594684,5.445337,4.851353,1.550005
-0.1000278,-0.9495897,0.002664334,5.540159,4.848527,1.550015
-0.07330522,-0.9008578,0.02597218,5.442531,4.956199,1.551006
-0.03471539,-0.9578862,0.001059677,5.537023,4.949352,1.550005
-0.1040367,-0.9519097,0.001208685,5.540143,4.848517,1.65005
-0.07260153,-0.8948878,-0.02200881,5.442529,4.956196,1.649002
-0.0359219,-0.9572298,0.0006324015,5.537014,4.949343,1.650064
-0.09864785,-1.024752,0.02282517,5.445334,4.851346,1.750014
-0.101089,-0.9500964,0.001105665,5.540148,4.848508,1.750084
-0.07394339,-0.8958834,0.02483821,5.44253,4.956195,1.751014
-0.03594839,-0.9590207,0.001043749,5.537025,4.949346,1.750077
-0.1042273,-0.952726,0.0004025043,5.540144,4.848513,1.850124
-0.07310191,-0.8938723,-0.02303102,5.442531,4.956195,1.84901
-0.03648783,-0.9591247,0.0003045121,5.537024,4.949339,1.850141
-0.09893642,-1.02471,0.02260519,5.445338,4.851345,1.950026
-0.1019211,-0.951218,0.0007472851,5.540172,4.848504,1.950173
-0.07401312,-0.8961121,0.02416974,5.442537,4.956195,1.951022
-0.0365915,-0.9605819,0.0007238371,5.537061,4.949352,1.95017
-0.1055823,-0.9539362,0.0004216211,5.540173,4.848518,2.050227
-0.07369255,-0.8933121,-0.02295725,5.442541,4.956196,2.049019
-0.03721445,-0.9609081,0.0002855411,5.537068,4.949342,2.050249
-0.09956447,-1.026141,0.02274614,5.445351,4.851346,2.150043
-0.1029318,-0.9523829,0.0004755528,5.540233,4.848506,2.150312
-0.07449358,-0.8963818,0.0240741,5.442554,4.956197,2.151038
-0.03697727,-0.9620442,-0.0004790102,5.537147,4.949368,2.150322
-0.1037484,-0.9531438,-2.589391e-05,5.540249,4.848532,2.250406
-0.07265602,-0.8955216,-0.0224273,5.442567,4.956196,2.249045
-0.03633439,-0.9606513,-0.0002018263,5.537182,4.949351,2.250443
-0.09951805,-1.027896,0.01950189,5.445384,4.851349,2.350089
-0.09908959,-0.9500876,0.0001696657,5.54038,4.848516,2.35059
-0.07490513,-0.9008656,0.02284222,5.442611,4.956189,2.351085
-0.03495905,-0.9578247,0.0006008613,5.537369,4.949398,2.350636
-0.09720374,-0.9466263,-0.002813505,5.540469,4.848569,2.450826
-0.0757943,-0.8985429,-0.02073711,5.442671,4.956169,2.449136
-0.03419175,-0.9524253,0.0005272153,5.537528,4.949372,2.450914
-0.09734694,-1.019857,0.01486947,5.445525,4.851324,2.55026
-0.106897,-0.9505404,-0.005199738,5.540823,4.848567,2.551342
-0.07403038,-0.9051148,0.02698094,5.442905,4.955965,2.551154
-0.03728049,-0.9556542,0.002211235,5.538084,4.949461,2.551498
-0.03684948,-0.9302614,-0.002099874,5.540673,4.949643,2.754428
-0.08934055,-1.015555,-0.01992376,5.445784,4.851111,2.650363
-0.104452,-0.9568372,-0.004800858,5.541255,4.848714,2.652185
-0.06364833,-0.9066081,-0.00407977,5.443316,4.955397,2.649045
-0.03096144,-0.9391954,0.007823812,5.538804,4.949442,2.652429
-0.08900886,-1.002976,0.0003612023,5.446333,4.850826,2.750799
-0.1100362,-0.9448284,-0.01541352,5.542477,4.848846,2.754081
-0.07797581,-1.115118,-0.01019513,5.468614,4.773082,2.827252
-0.06174006,-1.084908,0.003385549,5.421886,4.77474,2.876233
-0.06757266,-1.089277,-0.01603311,5.469148,4.773547,2.878667
-0.0226553,-1.09374,-0.001902035,5.409627,4.78773,2.965368
-0.02065606,-1.10228,0.01962425,5.409855,4.761065,2.990168
-0.02384962,-1.15045,0.005646532,5.409313,4.7615,2.965737
-0.09258563,-1.15748,0.01862852,5.431592,4.762133,2.968374
-0.0343776,-1.088177,0.01121246,5.434939,4.787718,2.990468
-0.06289381,-1.120023,0.006148894,5.432113,4.787336,2.967893
-0.07459875,-1.143622,0.01453247,5.434528,4.76169,2.990747
-0.01656975,-1.059168,-0.001597832,5.409645,4.812367,2.96543
-0.008026242,-0.9868031,-0.001522886,5.409885,4.838866,2.99017
-0.01245166,-1.020278,-0.01312236,5.409326,4.838422,2.965715
-0.01753134,-1.038479,-0.009727782,5.431626,4.837427,2.968428
-0.02670123,-1.053846,0.00321371,5.434974,4.812207,2.990468
-0.006355855,-1.021607,-0.0009712131,5.434649,4.83821,2.990752
-0.03601604,-1.070227,0.001090301,5.432133,4.812335,2.967897
-0.00845762,-0.9478934,0.004786898,5.433847,4.988239,2.991069
-0.00834516,-0.9465892,0.004271212,5.409013,4.98824,2.966437
-0.02804306,-0.9655381,0.01950656,5.430865,4.987494,2.969231
-0.03203129,-1.003545,0.0198086,5.430955,4.962423,2.969091
-0.01444777,-0.9799096,0.01042156,5.409567,4.961331,2.990502
0.002295917,-0.9788744,0.009826299,5.433958,4.961853,2.991058
-0.01129805,-0.9801028,-0.009010752,5.409013,4.961902,2.966249
-0.1082573,-1.140083,0.01417588,5.473269,4.775489,0.02048623
-0.0353241,-1.165748,-0.01138473,5.420947,4.775794,0.07153768
-0.09488,-1.134167,-0.007574503,5.467957,4.774234,0.06783369
-0.05493401,-1.082724,-0.006989874,5.421643,4.774733,0.1227023
-0.06616441,-1.095875,0.00886225,5.468715,4.772702,0.1721965
-0.06496041,-1.091606,0.008051843,5.46869,4.773476,0.1203041
-0.0623596,-1.068899,0.01143292,5.421035,4.776596,1.075503
-0.05533547,-1.098692,-0.001032116,5.468224,4.77303,1.02498
-0.0675392,-1.085802,-6.744335e-05,5.468215,4.773061,1.074968
-0.06375267,-1.076064,0.001998259,5.421032,4.776591,1.124496
-0.0588758,-1.107954,0.0161989,5.468178,4.773037,1.174978
-0.06943284,-1.099706,0.01510237,5.468204,4.773062,1.124994
-0.07009998,-1.084466,0.01339862,5.421,4.77645,1.275513
-0.06932785,-1.10356,0.00595998,5.468145,4.772989,1.225005
-0.07568789,-1.089318,0.005763644,5.468097,4.772916,1.274991
-0.07379066,-1.084976,0.007173308,5.420982,4.776368,1.324502
-0.07294012,-1.11181,0.01107362,5.46799,4.772757,1.374989
-0.07920814,-1.0957,0.01678641,5.468041,4.77283,1.325009
-0.07483771,-1.092093,0.009976467,5.420953,4.776235,1.475506
-0.07838,-1.113282,0.004252623,5.467958,4.772706,1.425007
-0.0834475,-1.090775,-0.001579881,5.467942,4.772676,1.474992
-0.07514809,-1.091845,0.002643512,5.42095,4.776225,1.524496
-0.07792637,-1.118266,0.008117605,5.467924,4.772652,1.574996
-0.08180853,-1.094157,0.01389508,5.467932,4.772659,1.52501
-0.07571744,-1.092737,0.005934869,5.420948,4.776217,1.675506
-0.07994744,-1.117671,0.0006670872,5.467921,4.772647,1.625015
-0.0839785,-1.091512,-0.004692335,5.467923,4.772644,1.675
-0.07540704,-1.091984,-0.002083417,5.420948,4.776217,1.724497
-0.07807821,-1.117504,0.003853995,5.46792,4.772642,1.775006
-0.08302047,-1.094619,0.01044144,5.467921,4.772642,1.725019
-0.07543753,-1.091561,0.005002796,5.420948,4.776215,1.875507
-0.07922766,-1.117959,-0.00186363,5.467918,4.77264,1.825027
-0.08364735,-1.090843,-0.006727538,5.467923,4.77264,1.87501
-0.0752261,-1.0916,-0.002081741,5.420948,4.776215,1.924497
-0.07802171,-1.117904,0.004350244,5.467924,4.772643,1.975021
-0.08294909,-1.09392,0.01038007,5.467922,4.77264,1.92503
-0.07594064,-1.092868,0.005879162,5.420949,4.776216,2.075507
-0.07989089,-1.118238,-0.0007143029,5.467921,4.77264,2.025042
-0.08495645,-1.094446,-0.006753453,5.467928,4.772642,2.075025
-0.07595423,-1.093637,-0.001135775,5.420949,4.776217,2.124498
-0.08001611,-1.120737,0.004547147,5.467934,4.772647,2.175043
-0.08390364,-1.095558,0.009717189,5.467928,4.772642,2.125046
-0.07657087,-1.09546,0.003705138,5.420951,4.776217,2.275507
-0.08079767,-1.120731,-0.002980992,5.46793,4.772643,2.225065
-0.08547698,-1.099648,-0.00804634,5.467941,4.772647,2.275052
-0.07673016,-1.095861,-0.004659246,5.420952,4.776217,2.324498
-0.07943068,-1.120159,0.0001170378,5.467959,4.772654,2.375092
-0.08388175,-1.098354,0.005488103,5.467942,4.772644,2.325078
-0.07638211,-1.094015,-0.0005179613,5.420959,4.776214,2.475517
-0.07918808,-1.117588,-0.008428932,5.467954,4.772645,2.425122
-0.08340597,-1.099159,-0.012714,5.46798,4.772655,2.47513
-0.07705472,-1.090753,-0.007657293,5.420962,4.776213,2.524517
-0.08167937,-1.113552,-0.003295038,5.468038,4.772678,2.575266
-0.08565573,-1.090883,-0.0005007848,5.467986,4.772651,2.525182
-0.07399194,-1.089589,0.001306229,5.421006,4.776187,2.675643
-0.08059365,-1.109253,-0.009551974,5.468045,4.77267,2.625368
-0.08317187,-1.096817,-0.01177347,5.468136,4.772723,2.675537
-0.07588422,-1.077174,-0.008744274,5.421034,4.776189,2.724778
-0.08406208,-1.075987,-0.01074686,5.46843,4.772917,2.77642
-0.08874414,-1.079369,-0.01008561,5.468196,4.772756,2.725827
-0.072428,-1.144033,0.0169947,5.468725,4.772088,0.223299
-0.08608102,-1.040267,0.007907061,5.42112,4.774365,0.2752688
-0.05569774,-1.137113,0.02007751,5.468602,4.771331,0.2740591
-0.08742011,-1.04147,-0.00361989,5.421071,4.773727,0.3243124
-0.0522519,-1.173524,0.01043174,5.468536,4.770398,0.3746143
-0.04413249,-1.170387,0.006861702,5.468595,4.770778,0.3243617
-0.05069379,-1.076876,0.01543764,5.421037,4.773219,0.4754998
-0.0276863,-1.17126,0.0003498176,5.468546,4.770214,0.4246784
-0.03950556,-1.166482,-0.01157543,5.468502,4.770104,0.4748287
-0.03768131,-1.107272,-0.02009464,5.421034,4.77322,0.5244651
-0.009299079,-1.172068,0.006750938,5.468467,4.770175,0.5748989
-0.05289095,-1.167383,0.01099744,5.468498,4.770106,0.5248307
-0.0463431,-1.110926,0.007594361,5.421021,4.773753,0.675512
-0.02044187,-1.172194,-0.02119216,5.468461,4.770368,0.6248775
-0.05996069,-1.168501,-0.01345595,5.468422,4.770682,0.6749461
-0.06443385,-1.070389,-0.01153191,5.42105,4.774383,0.7243508
-0.02713966,-1.162889,-0.004502047,5.468343,4.771777,0.7749448
-0.03550739,-1.159253,-0.0009789509,5.468394,4.771195,0.7249156
-0.06731815,-1.057765,0.002002659,5.421022,4.776057,0.8753761
-0.05723553,-1.118847,-0.01731151,5.468335,4.772216,0.8249626
-0.06277056,-1.099931,-0.009459977,5.468282,4.772545,0.8749512
-0.06011835,-1.07302,0.002561977,5.42104,4.776385,0.9244745
-0.05222827,-1.098475,0.006604705,5.468229,4.772945,0.9749541
-0.06618656,-1.090411,0.003903574,5.468252,4.772796,0.9249722
-0.5262782,-0.7045851,0.005540005,5.502987,4.297951,0.09235364
-0.3888757,-0.761882,0.001000703,5.702644,4.297042,0.0912029
-0.3485299,-0.7472217,0.001809455,5.900505,4.299213,0.08874285
-0.3022918,-0.7364763,-0.001228233,6.099951,4.299877,0.08798435
-0.2735521,-0.7188468,0.0001695357,6.299936,4.299963,0.0877455
-0.2501058,-0.7088033,-0.0001927112,6.499966,4.299977,0.08765915
-0.2248569,-0.6998197,2.071647e-05,6.699986,4.299984,0.08763254
-0.2023513,-0.6949765,-1.595723e-05,6.900003,4.299987,0.08764298
-0.1734184,-0.6966223,-0.0002509209,7.10002,4.299988,0.08768315
-0.1411587,-0.6991918,-0.0008129347,7.300038,4.299988,0.08775155
-0.09329499,-0.7134305,-0.001344059,7.500061,4.299988,0.087859
-0.7134767,-0.8426959,-0.008962895,5.451638,4.443998,0.04375084
-0.3970257,-0.8735383,-0.01007622,5.701568,4.496458,0.09215056
-0.3267904,-0.8096431,0.00242954,5.900384,4.499068,0.08925123
-0.2899775,-0.7782675,-0.0004679019,6.099826,4.499832,0.0881371
-0.2582649,-0.7483054,0.0003019994,6.29987,4.499945,0.0877838
-0.2408517,-0.7325056,-0.0001160896,6.499932,4.499968,0.08766009
-0.2189594,-0.7227925,6.021016e-05,6.699969,4.499977,0.08762017
-0.2039027,-0.718379,7.698356e-05,6.899997,4.499982,0.08762741
-0.1767463,-0.7267594,-0.0001931924,7.100023,4.499983,0.08767189
-0.1545368,-0.7379571,-0.0001302072,7.300055,4.499982,0.08775521
-0.1103842,-0.768723,-0.001104378,7.500101,4.499977,0.08790246
-0.06171386,-1.685991,-0.01757273,5.411692,4.611538,0.01188325
-0.2653024,-0.9356968,-0.01392912,5.700809,4.698763,0.09441762
-0.2389065,-0.8512133,-4.605617e-05,5.900025,4.699429,0.08972409
-0.2407832,-0.801981,0.0005298113,6.099626,4.699852,0.08825354
-0.2276154,-0.7667247,0.0001854928,6.299778,4.699942,0.08780108
-0.2239165,-0.7468803,0.0002121297,6.499889,4.699966,0.08764418
-0.2124555,-0.7373297,8.732407e-05,6.69995,4.699976,0.0875922
-0.2062023,-0.7357538,0.0001680212,6.899992,4.699981,0.08759699
-0.1904507,-0.7461599,1.629207e-05,7.100031,4.699982,0.08764626
-0.1820685,-0.7635662,0.0003507376,7.300081,4.699981,0.08774367
-0.1598656,-0.8032032,-5.806604e-05,7.500168,4.699974,0.08792602
-0.5336416,-0.7456519,0.002451416,5.502053,4.297059,0.2874445
-0.3922804,-0.7610573,-0.004268691,5.701021,4.297928,0.2830007
-0.3437727,-0.7462531,0.0002007932,5.900124,4.299068,0.2796268
-0.3031396,-0.736824,-0.001204037,6.099876,4.299561,0.2779643
-0.2734335,-0.7188186,0.0003142229,6.299848,4.299778,0.2771928
-0.2510165,-0.7100187,2.981437e-05,6.499887,4.299877,0.2768473
-0.2247317,-0.7009632,0.0001180575,6.699943,4.299923,0.2767328
-0.202381,-0.6961681,0.0002672164,6.900002,4.299942,0.2767766
-0.1728524,-0.6980274,-0.0001653939,7.100062,4.299945,0.2769515
-0.1408013,-0.7000347,-0.0002207074,7.300119,4.299931,0.2772449
-0.09480804,-0.7144911,-0.0007238615,7.500165,4.299888,0.2776778
-0.767507,-0.9164726,0.007988496,5.454393,4.444059,0.2444813
-0.4119627,-0.8855068,-0.004733045,5.70135,4.495706,0.2869205
-0.3278855,-0.8104325,0.0005219888,5.899729,4.498461,0.2810332
-0.2935655,-0.7796766,-0.0009099318,6.099547,4.49938,0.2784344
-0.2580887,-0.748494,0.0001788042,6.299635,4.499714,0.2773251
-0.2416781,-0.7342755,9.837491e-05,6.499758,4.499848,0.2768482
-0.2187962,-0.7244861,0.0001091516,6.699871,4.499906,0.2766816
-0.2041641,-0.7198563,0.0002454518,6.899972,4.49993,0.2767128
-0.1759197,-0.7287893,-0.0003077576,7.10007,4.499933,0.2769052
-0.1548595,-0.739338,0.0004103383,7.300173,4.499914,0.2772567
-0.1093763,-0.7717503,-0.0009250344,7.500282,4.499853,0.2778318
-0.1505387,-1.304598,-0.0550691,5.452032,4.642402,0.2490578
-0.2606902,-0.9503239,-0.0008117834,5.697878,4.696478,0.2892994
-0.2413175,-0.8538661,0.0005353617,5.898385,4.698614,0.2820705
-0.2422074,-0.8038301,0.0003755087,6.098924,4.699416,0.2787529
-0.2278523,-0.7689153,0.0003517486,6.299315,4.699722,0.2773664
-0.2239926,-0.7484538,0.0003694923,6.499586,4.699848,0.2767749
-0.2122962,-0.7391151,0.0001864293,6.699783,4.699905,0.2765617
-0.2063946,-0.7374776,0.0004684261,6.899943,4.699928,0.2765831
-0.1902412,-0.7482396,0.000175231,7.100097,4.699932,0.2767949
-0.1820428,-0.765248,0.0009525414,7.300276,4.699915,0.2772018
-0.1586722,-0.8064522,0.0001766013,7.50052,4.699861,0.2778991
-0.535073,-0.7444723,0.00234438,5.503341,4.295616,0.4930295
-0.3924878,-0.7651597,0.0004851771,5.70197,4.296392,0.4889422
-0.3433341,-0.7486458,-0.0002184942,5.900411,4.298121,0.4850133
-0.3046937,-0.7379796,0.0002936796,6.09985,4.299039,0.4825097
-0.273676,-0.7189902,0.0002852178,6.29972,4.299491,0.4811378
-0.2511167,-0.7099329,0.0003386013,6.499762,4.29971,0.4804568
-0.224722,-0.700941,0.0002034625,6.699866,4.299816,0.4802155
-0.2024204,-0.696016,0.0003826681,6.89999,4.299862,0.4803001
-0.1721324,-0.6980864,1.568974e-05,7.100119,4.299867,0.4806599
-0.1407029,-0.6994228,0.00016559,7.300243,4.299827,0.4812605
-0.09293963,-0.7140526,7.811278e-05,7.500333,4.299713,0.4821088
-0.7517308,-0.9018007,-0.001705955,5.45552,4.441909,0.4477387
-0.4043558,-0.8912376,-0.0007427942,5.702028,4.493499,0.4923673
-0.3249043,-0.8112669,-0.001027068,5.899688,4.497116,0.4867338
-0.2928095,-0.780262,-0.000342291,6.099197,4.498713,0.483228
-0.2585119,-0.7494343,0.0002050994,6.299265,4.499374,0.481364
-0.2416437,-0.7343098,0.0003657523,6.499471,4.499662,0.4804581
-0.2188294,-0.724487,0.0001799585,6.699696,4.499792,0.4801183
-0.2041766,-0.7200454,0.0003477504,6.899915,4.499846,0.4801774
-0.1756511,-0.7287403,-3.371993e-05,7.100131,4.49985,0.4805712
-0.1555772,-0.7389468,0.0006853107,7.30035,4.499799,0.4812814
-0.1080025,-0.7721095,0.0001218689,7.500562,4.499652,0.4823729
-0.1465013,-1.354289,-0.01082701,5.452673,4.640216,0.4496228
-0.2633343,-0.9484637,-0.002996306,5.69738,4.694662,0.4939624
-0.2383846,-0.8541793,0.000885524,5.897445,4.697462,0.4877867
-0.2423327,-0.8042292,9.476628e-05,6.097978,4.69881,0.4836483
-0.2277253,-0.7688116,0.0006130539,6.298584,4.699404,0.4813987
-0.2242753,-0.7486121,0.0004286602,6.499082,4.69967,0.4803016
-0.2122479,-0.7391339,0.000241094,6.699489,4.699795,0.4798758
-0.2064535,-0.7374628,0.0005254857,6.899842,4.699847,0.4799162
-0.1900514,-0.7481375,0.0001201126,7.100185,4.699853,0.4803479
-0.1818905,-0.7652334,0.0008755862,7.300571,4.699809,0.4811615
-0.1578873,-0.8069237,-0.0001427909,7.501057,4.699682,0.4824586
-0.5320724,-0.7426244,-0.002458596,5.50404,4.296043,0.6963291
-0.3924111,-0.7640788,0.001713018,5.702337,4.296227,0.6934393
-0.3446149,-0.7460674,0.0005939264,5.900621,4.297626,0.6901154
-0.3047363,-0.7380563,0.0007911677,6.099779,4.29864,0.6874223
-0.2739378,-0.7190109,0.0001348318,6.299556,4.299226,0.6856702
-0.251313,-0.70998,0.0004659397,6.499608,4.299536,0.6847288
-0.2247937,-0.7008945,0.0002092792,6.699769,4.299695,0.6843716
-0.2025884,-0.6958824,0.0004648675,6.89997,4.299766,0.6844723
-0.172527,-0.6980323,0.0001289874,7.100184,4.299771,0.6849651
-0.1408641,-0.6994062,0.0003002533,7.300394,4.299703,0.6857951
-0.09491485,-0.7147266,8.42835e-05,7.500554,4.299519,0.6869416
-0.7612609,-0.9196654,-0.00144798,5.455686,4.442244,0.648967
-0.4044036,-0.8886143,0.009535252,5.70173,4.493775,0.6957287
-0.325058,-0.8105886,0.002505082,5.899445,4.496691,0.6915661
-0.2927593,-0.7798981,0.001662285,6.098771,4.498274,0.6881928
-0.2585514,-0.7491913,0.0004298542,6.298817,4.499085,0.6859615
-0.2418889,-0.7341484,0.000632564,6.499119,4.499479,0.6847453
-0.2188423,-0.7244245,0.0002510748,6.699476,4.49967,0.6842579
-0.2043737,-0.7195952,0.0004193674,6.899836,4.499752,0.6843227
-0.1755139,-0.7286787,0.000158868,7.100193,4.499755,0.6848607
-0.1553511,-0.7384827,0.0007949763,7.300555,4.49967,0.6858323
-0.1079657,-0.7717472,0.0006611408,7.500894,4.499438,0.6872724
-0.1417407,-1.376625,-0.01698649,5.452517,4.640629,0.6498199
-0.2632495,-0.9486388,0.007101696,5.696687,4.694955,0.696514
-0.2388587,-0.8530528,0.0003810205,5.896544,4.697133,0.6922823
-0.2432166,-0.8040025,0.001437236,6.097005,4.69843,0.6885578
-0.2280362,-0.7685082,0.0001552134,6.297739,4.699138,0.6859831
-0.2246206,-0.7484957,0.0007047201,6.498477,4.699499,0.6845399
-0.2123395,-0.7391127,0.0001917064,6.699124,4.699678,0.6839411
-0.2065718,-0.7373113,0.0006442203,6.899706,4.699758,0.6839799
-0.1898881,-0.7481774,0.0002433111,7.100274,4.699764,0.6845677
-0.1820977,-0.7646653,0.001046637,7.3009,4.69969,0.685673
-0.1579837,-0.8072093,0.0003343596,7.50165,4.699492,0.687358
-0.5326964,-0.7586856,-0.001767223,5.504384,4.297326,0.8980045
-0.3926693,-0.757682,0.003339585,5.702361,4.296885,0.8961587
-0.3439002,-0.7473064,0.0002869111,5.900579,4.297686,0.893883
-0.3041096,-0.7373224,0.001659599,6.099684,4.298466,0.8917388
-0.2738817,-0.7185548,7.359863e-05,6.299372,4.299041,0.8900487
-0.2511782,-0.7098167,0.0007381707,6.49944,4.299393,0.8889981
-0.2247853,-0.7008386,0.0002909857,6.699664,4.299583,0.8885617
-0.2025622,-0.6956698,0.0005693836,6.899948,4.299671,0.8886384
-0.172014,-0.6979525,0.0002909579,7.100253,4.299676,0.8891589
-0.1406624,-0.6986093,0.0006660238,7.300555,4.299584,0.8900612
-0.0932761,-0.7134974,0.000465029,7.500791,4.299339,0.8912931
-0.7542584,-0.9734741,0.01021294,5.455574,4.444925,0.8495261
-0.41165,-0.8874767,0.007193023,5.701211,4.49528,0.8975022
-0.3300319,-0.8103607,0.001080437,5.899,4.496987,0.8948483
-0.293701,-0.7793766,0.001852348,6.098339,4.498163,0.8923538
-0.2591765,-0.749101,0.0003337675,6.29837,4.498907,0.8903457
-0.2420202,-0.7340752,0.0007210033,6.498751,4.499338,0.8890512
-0.2189711,-0.7244625,0.0002653532,6.699244,4.499563,0.8884738
-0.2043394,-0.7196409,0.0004665642,6.89975,4.499662,0.8885091
-0.1752588,-0.7286178,0.0002552008,7.100255,4.499663,0.8890771
-0.1554722,-0.7381559,0.000728446,7.300762,4.499548,0.8901286
-0.1068053,-0.7718431,0.0008025244,7.50121,4.499248,0.8916197
-0.09389297,-1.418877,-0.004092203,5.427464,4.617897,0.8239253
-0.258106,-0.9564815,0.008489156,5.696169,4.696275,0.8979424
-0.2410213,-0.8548265,0.0008632487,5.895774,4.69742,0.8952904
-0.2407582,-0.8052033,0.001884842,6.096165,4.698347,0.8925959
-0.2285402,-0.7684275,0.0001579205,6.296951,4.698982,0.8903544
-0.2242404,-0.7486884,0.0007655054,6.497864,4.699368,0.888863
-0.2124182,-0.7391548,0.0002272576,6.698746,4.699578,0.8881681
-0.2064297,-0.7372873,0.0006773109,6.899558,4.699674,0.888174
-0.1896578,-0.7480873,0.0003371117,7.100355,4.699678,0.8887945
-0.1817211,-0.7645032,0.001013925,7.301218,4.699579,0.8899833
-0.1571725,-0.8072841,0.000600253,7.502169,4.699326,0.8916878
-0.5335529,-0.7513174,0.0002790817,5.504379,4.297991,1.098901
-0.3915566,-0.7595477,0.001552756,5.702235,4.297364,1.097843
-0.3477799,-0.7446076,-0.0007097903,5.900429,4.297865,1.096473
-0.304229,-0.7376779,0.001571966,6.099503,4.298448,1.0951
-0.2750282,-0.7189028,9.011985e-05,6.29921,4.298938,1.093885
-0.2513279,-0.7099894,0.0008130819,6.499278,4.299286,1.092986
-0.2250068,-0.7008837,0.0002756875,6.699562,4.299495,1.092533
-0.2025741,-0.6956343,0.0005316165,6.899927,4.299592,1.092553
-0.1722498,-0.6978444,0.000327081,7.100317,4.299595,1.093
-0.1406799,-0.6984305,0.0004244613,7.3007,4.299479,1.093806
-0.09362438,-0.7132702,0.0002889884,7.500984,4.299204,1.094826
-0.7574128,-0.9417963,-0.01327839,5.455505,4.446299,1.049716
-0.4079392,-0.8867082,-0.002465835,5.700816,4.49605,1.098589
-0.3294693,-0.8101025,-0.001551472,5.898594,4.497297,1.097041
-0.2928989,-0.7796836,0.001300459,6.097913,4.498197,1.095492
-0.258927,-0.7489284,0.0001585614,6.297986,4.498825,1.094108
-0.2419791,-0.7341387,0.0009635917,6.498425,4.499239,1.09306
-0.2190218,-0.7244682,0.0002260844,6.699028,4.49948,1.092496
-0.2043379,-0.7194795,0.0004604747,6.899671,4.499589,1.092474
-0.1752315,-0.7286019,0.0004271618,7.100312,4.499585,1.092966
-0.1552267,-0.7379577,0.0005750298,7.300934,4.499445,1.093887
-0.1067929,-0.7717612,0.0006915084,7.50146,4.499115,1.095068
-0.08906223,-1.392364,-0.005566155,5.427479,4.61972,1.025016
-0.2581494,-0.9557322,0.008559195,5.69579,4.696926,1.098886
-0.2428042,-0.8529913,0.001801092,5.89522,4.697695,1.097304
-0.2416917,-0.8051636,0.001283177,6.095506,4.698382,1.095631
-0.2287822,-0.7681011,0.0005988768,6.296318,4.698912,1.094105
-0.2244152,-0.7486834,0.0007288241,6.49734,4.699279,1.092927
-0.2125052,-0.739164,0.0003088849,6.6984,4.699502,1.092273
-0.2064615,-0.7372114,0.0006032346,6.899425,4.699606,1.092223
-0.1895862,-0.7481605,0.0003518156,7.10043,4.699607,1.09276
-0.1818322,-0.7642072,0.0007915164,7.301471,4.699487,1.093788
-0.1572766,-0.8073761,0.0003815549,7.502555,4.699208,1.095108
-0.5345552,-0.7046625,0.01154781,5.503728,4.298206,1.299563
-0.3924148,-0.7593296,0.003818118,5.701856,4.297536,1.299052
-0.3503589,-0.7466123,0.000590529,5.900194,4.29796,1.298394
-0.3046495,-0.737624,0.0009048043,6.09932,4.298465,1.297726
-0.2751709,-0.7197,-3.500571e-05,6.299045,4.298901,1.297122
-0.2508386,-0.7096809,0.0007675022,6.499164,4.299224,1.296622
-0.2251163,-0.7009326,0.0003143571,6.699481,4.299435,1.296302
-0.2024461,-0.6955294,0.0004947275,6.899908,4.299539,1.296266
-0.1722872,-0.6978012,0.000451429,7.100362,4.299535,1.296553
-0.1406554,-0.6982896,0.0003950884,7.300788,4.299409,1.297058
-0.09318835,-0.7130092,0.0002870746,7.501134,4.299131,1.297615
-0.6704459,-0.8061036,0.001788772,5.454277,4.446133,1.249972
-0.3983132,-0.882506,0.001616105,5.700085,4.496164,1.299422
-0.3294624,-0.8108334,-0.0006217926,5.89818,4.497407,1.298663
-0.2915683,-0.780096,0.0009181485,6.097582,4.49823,1.297914
-0.2603702,-0.7507169,0.0001063719,6.297685,4.4988,1.297235
-0.2416492,-0.7340908,0.0009556419,6.498189,4.499186,1.296671
-0.2194133,-0.7243722,0.0002711157,6.698866,4.499426,1.296297
-0.2043313,-0.7193283,0.0004291514,6.899611,4.49954,1.296236
-0.1752717,-0.7285989,0.0005757199,7.100351,4.49953,1.29655
-0.1550532,-0.7379097,0.0004372998,7.301045,4.499378,1.29711
-0.1066088,-0.7718161,0.00064176,7.501633,4.499042,1.297737
-0.1674079,-1.647029,0.05838688,5.427183,4.619799,1.224875
-0.2666607,-0.9531205,0.004488126,5.695244,4.696931,1.299537
-0.2411016,-0.851681,0.002692215,5.894769,4.69777,1.298782
-0.2415009,-0.8056231,0.0008025985,6.095067,4.69841,1.297977
-0.2288774,-0.7684122,0.0007029036,6.295883,4.698889,1.29723
-0.2244206,-0.7489684,0.0006925652,6.496974,4.699233,1.296604
-0.2126088,-0.739142,0.0003667363,6.698148,4.699454,1.296183
-0.2064087,-0.7372472,0.0005604802,6.899326,4.699562,1.296107
-0.1895136,-0.7481973,0.0004665602,7.100481,4.699558,1.296446
-0.1817635,-0.764034,0.000673137,7.301635,4.699427,1.297061
-0.1573027,-0.8070869,0.0005293352,7.502791,4.699143,1.297755
-0.533038,-0.7189013,0.00358242,5.503024,4.298327,1.499998
-0.3941992,-0.7596129,0.001863641,5.70143,4.29759,1.500008
-0.3477078,-0.7483738,0.000728319,5.899963,4.297996,1.500006
-0.3051115,-0.7379516,0.0008733427,6.099178,4.298487,1.500004
-0.2753639,-0.7196894,0.0005414304,6.298947,4.298906,1.500003
-0.2509936,-0.7097799,0.0006689849,6.499091,4.299216,1.500002
-0.2252925,-0.7010078,0.0004271688,6.69946,4.29942,1.500002
-0.2024438,-0.695625,0.000398606,6.899894,4.299522,1.500002
-0.1726537,-0.6977985,0.0004499254,7.100354,4.299515,1.500001
-0.1406209,-0.6986683,0.0002329881,7.300825,4.299385,1.500001
-0.09407604,-0.7137961,0.0001242825,7.501181,4.299103,1.5
-0.6993902,-0.7838531,0.01380983,5.452195,4.446599,1.449988
-0.3995903,-0.8818042,0.00174549,5.699368,4.496134,1.500016
-0.3277311,-0.8100614,0.001405112,5.897847,4.497424,1.500009
-0.2921676,-0.780054,0.0006326604,6.097375,4.498251,1.500006
-0.2600827,-0.7506733,0.0003508987,6.297534,4.498808,1.500004
-0.2417058,-0.7341035,0.0006530584,6.498072,4.499181,1.500004
-0.2194549,-0.724386,0.0003523322,6.698811,4.499414,1.500003
-0.204311,-0.7192338,0.0003332948,6.89958,4.499526,1.500003
-0.1754204,-0.7286281,0.0005818188,7.100343,4.499512,1.500003
-0.1547335,-0.7378539,0.0002075565,7.301088,4.499354,1.500002
-0.1071706,-0.7716841,0.0002900282,7.501684,4.499014,1.500002
-0.1828753,-1.640662,0.006432011,5.425579,4.619127,1.424982
-0.2712194,-0.9519816,0.00259347,5.694767,4.696808,1.50001
-0.2410179,-0.8506485,0.002598755,5.894465,4.697762,1.500009
-0.243007,-0.8053992,0.0008114247,6.094839,4.698423,1.500007
-0.2289685,-0.7684678,0.0007191648,6.295693,4.698896,1.500006
-0.2246615,-0.7489695,0.0005627422,6.496815,4.699229,1.500006
-0.2126542,-0.7391636,0.0004283866,6.698059,4.699444,1.500006
-0.2064179,-0.7372419,0.0004804513,6.89928,4.699551,1.500005
-0.1895071,-0.7483003,0.0004493293,7.100478,4.699542,1.500005
-0.1817663,-0.7639695,0.0004397473,7.301693,4.699406,1.500004
-0.157256,-0.8071384,0.0004067298,7.50286,4.699118,1.500004
-0.530839,-0.7213983,0.001395823,5.502757,4.298269,1.700469
-0.3961246,-0.759334,0.0009285282,5.701209,4.297572,1.700967
-0.3483371,-0.7475941,0.0007067043,5.899826,4.298018,1.701617
-0.3055869,-0.7376823,0.001023826,6.099114,4.298527,1.702281
-0.2750869,-0.7190832,0.0004346165,6.298932,4.29895,1.702882
-0.2509375,-0.7096145,0.0006431322,6.499103,4.299258,1.703381
-0.2254015,-0.7011043,0.000429784,6.699449,4.299455,1.703701
-0.2023597,-0.695696,0.0003227609,6.89989,4.299549,1.703737
-0.1727205,-0.6978249,0.0004919396,7.100352,4.299538,1.703449
-0.1405338,-0.6986522,0.0001142384,7.300779,4.299403,1.702944
-0.09345795,-0.713518,0.0001384097,7.501121,4.299113,1.702387
-0.7056925,-0.782667,0.003453497,5.451847,4.446509,1.650082
-0.4030847,-0.8808424,0.001886823,5.699138,4.49608,1.700631
-0.3282701,-0.8102195,0.0006289507,5.897713,4.497431,1.701355
-0.2927566,-0.7801125,0.0008089736,6.09733,4.498286,1.702096
-0.2604369,-0.7506281,0.0002115706,6.297548,4.498851,1.702773
-0.2415374,-0.7338026,0.0006177541,6.498115,4.499223,1.703335
-0.219653,-0.724395,0.0003652189,6.698826,4.499449,1.703709
-0.2042481,-0.7192599,0.0002844203,6.899589,4.499552,1.703769
-0.1755828,-0.7286754,0.0006882087,7.100338,4.499533,1.703456
-0.1546713,-0.7380279,0.0001185967,7.301036,4.499371,1.702895
-0.1073619,-0.7717824,0.000406608,7.50162,4.499023,1.702268
-0.1894712,-1.659258,-0.010905,5.425517,4.619071,1.625004
-0.2715207,-0.9520294,0.001976872,5.69464,4.696762,1.700499
-0.2413683,-0.850869,0.0008623696,5.894395,4.697764,1.701236
-0.2432966,-0.8056494,0.0007561981,6.094847,4.698454,1.702035
-0.2291881,-0.7684893,0.0004253841,6.295755,4.698937,1.702782
-0.2246988,-0.7490686,0.0004808318,6.496902,4.699268,1.703407
-0.2127038,-0.739153,0.0004366033,6.698107,4.699477,1.703828
-0.2063832,-0.7372835,0.0004316809,6.899303,4.699574,1.703903
-0.1895384,-0.7483291,0.0005133267,7.100468,4.699561,1.703564
-0.1818031,-0.7639214,0.0004912953,7.301626,4.699421,1.702948
-0.1573565,-0.8069145,0.0009263097,7.502781,4.699127,1.702253
-0.5279815,-0.7222852,0.0005868023,5.502595,4.298203,1.901085
-0.3973569,-0.7582281,0.001068887,5.701088,4.297568,1.902149
-0.3487399,-0.7469586,0.0004328296,5.89977,4.298069,1.903522
-0.3058268,-0.7378901,0.0007736818,6.099136,4.298609,1.904895
-0.2751669,-0.7190596,0.0004251245,6.299012,4.299047,1.90611
-0.2510124,-0.7096868,0.000628535,6.499175,4.299354,1.907011
-0.2256348,-0.7012252,0.0004123401,6.699508,4.299534,1.907467
-0.2022773,-0.6958427,0.0002861553,6.899897,4.299611,1.907449
-0.1733025,-0.6977744,0.0004290678,7.1003,4.299599,1.907002
-0.1401309,-0.6992523,7.450797e-06,7.300685,4.299468,1.906197
-0.09535445,-0.7151003,0.0001032507,7.500961,4.299171,1.905176
-0.6920608,-0.7842895,0.001825705,5.451787,4.446393,1.85019
-0.4025247,-0.8797327,0.000921996,5.699119,4.496073,1.901398
-0.3274199,-0.8104816,0.0005203342,5.897757,4.497476,1.902954
-0.2925827,-0.7802282,0.000555186,6.097462,4.498366,1.904506
-0.2603259,-0.7506805,0.0002653083,6.297744,4.498947,1.905891
-0.2413895,-0.7335769,0.0004849284,6.498297,4.499315,1.906942
-0.2197309,-0.7244293,0.0003552139,6.698961,4.499524,1.907507
-0.2040927,-0.7192262,0.0002135056,6.899635,4.49961,1.90753
-0.1757355,-0.7286912,0.0005568873,7.100292,4.49959,1.907039
-0.1538853,-0.7380549,7.951707e-05,7.300918,4.499433,1.906118
-0.1076517,-0.7712548,0.0002523748,7.501438,4.49908,1.904937
-0.1831805,-1.631584,-0.01707815,5.425517,4.619059,1.825008
-0.2710991,-0.9513735,0.0008534609,5.694691,4.696769,1.901102
-0.2411759,-0.8506599,0.0004792655,5.894551,4.697807,1.902691
-0.2434134,-0.8054342,0.0005672279,6.095112,4.698527,1.90437
-0.229293,-0.7684632,0.0003122651,6.296092,4.699025,1.905901
-0.2247232,-0.7490653,0.0004149571,6.497214,4.699353,1.90708
-0.2126961,-0.7391596,0.0003919969,6.698331,4.699545,1.907735
-0.206268,-0.7373275,0.0003351336,6.899387,4.699628,1.907786
-0.1893714,-0.7485096,0.00049803,7.100409,4.699613,1.907249
-0.1814358,-0.7639491,0.0003620288,7.301457,4.699477,1.906221
-0.1563137,-0.8069361,0.0009146452,7.50254,4.699179,1.904901
-0.5308864,-0.721146,0.000219472,5.502356,4.298216,2.102024
-0.3965228,-0.7592959,0.0007168119,5.700966,4.297623,2.103838
-0.3482249,-0.7473481,0.0001068982,5.899765,4.298192,2.106095
-0.305818,-0.7375538,0.0005435194,6.099238,4.298775,2.108238
-0.2751559,-0.7189148,0.0002808723,6.29914,4.299217,2.109935
-0.2509524,-0.7096815,0.0004637297,6.49932,4.299489,2.110994
-0.2257035,-0.7012942,0.0003025048,6.699602,4.299634,2.111436
-0.2022524,-0.6959724,0.000184895,6.899916,4.299695,2.111362
-0.1730539,-0.6979584,0.0002757838,7.100234,4.299681,2.110843
-0.1402873,-0.6994394,-2.988499e-05,7.300539,4.299571,2.109941
-0.0955706,-0.7158927,-9.612083e-05,7.500766,4.2993,2.10871
-0.7013459,-0.7824149,0.001237134,5.451774,4.446422,2.05034
-0.4045762,-0.8808493,0.001029055,5.699198,4.496132,2.102493
-0.3280543,-0.8103043,0.0003737641,5.897954,4.497599,2.105131
-0.2930455,-0.7802046,0.000747719,6.097782,4.498529,2.107627
-0.2605424,-0.7507304,0.0002352564,6.298081,4.499112,2.109642
-0.2412903,-0.7334709,0.0004197029,6.498603,4.499449,2.110944
-0.2198185,-0.7244765,0.0002722906,6.699168,4.499621,2.111527
-0.2040238,-0.7193783,0.0001064191,6.89971,4.49969,2.111494
-0.1757969,-0.7287068,0.00036256,7.100232,4.49967,2.110927
-0.1545923,-0.7381683,-0.000115344,7.300745,4.499535,2.109877
-0.1072935,-0.7711719,-0.0001325601,7.501187,4.499206,2.108386
-0.18663,-1.64779,-0.007646751,5.425517,4.61906,2.025014
-0.2719341,-0.9521645,0.000518475,5.694877,4.696825,2.101961
-0.2411544,-0.8513012,-0.0001622948,5.89495,4.697917,2.104672
-0.2433849,-0.8055967,0.0005671346,6.095681,4.698675,2.107392
-0.2294397,-0.7685711,0.0001424367,6.296681,4.699175,2.109644
-0.2246418,-0.7491637,0.0003578705,6.497717,4.699476,2.11114
-0.2127145,-0.739191,0.0002742365,6.698667,4.699636,2.111838
-0.206239,-0.737447,0.0001663841,6.899517,4.699702,2.111833
-0.189439,-0.7484925,0.0003173535,7.100333,4.699686,2.111214
-0.1813951,-0.7642712,-4.575985e-05,7.301204,4.699568,2.110026
-0.1563372,-0.8070481,0.0003006691,7.502155,4.69929,2.108323
-0.5295365,-0.7220614,-0.0004704841,5.501961,4.298223,2.303663
-0.3971027,-0.758363,0.0002514244,5.700804,4.297762,2.306515
-0.3482177,-0.7472334,-1.925729e-05,5.899784,4.298455,2.309826
-0.3058805,-0.7377342,0.0006623287,6.099349,4.299059,2.312533
-0.2751445,-0.7190584,0.0001959447,6.299342,4.299435,2.314307
-0.2509013,-0.7097393,0.0003973472,6.4995,4.29964,2.315262
-0.2258609,-0.7013843,0.0002641615,6.699715,4.299746,2.315625
-0.2022225,-0.6961059,0.000142916,6.899943,4.299789,2.315527
-0.1736875,-0.6978566,0.0002758184,7.100169,4.299777,2.315036
-0.1403495,-0.7000636,0.0001213473,7.300382,4.299691,2.314207
-0.09709646,-0.716623,0.000169018,7.500535,4.299483,2.313062
-0.7072731,-0.7803797,-0.0002569679,5.45175,4.446499,2.250621
-0.4052103,-0.8803509,-0.001114996,5.699369,4.496282,2.304263
-0.3282935,-0.8105389,-0.0004149299,5.898319,4.497864,2.308389
-0.2929944,-0.7800612,0.0006343896,6.098219,4.498817,2.311768
-0.2606059,-0.7508295,6.528503e-05,6.298547,4.49934,2.314018
-0.2411653,-0.73342,0.000301344,6.498985,4.499602,2.315247
-0.2199258,-0.7245013,0.0002173533,6.699409,4.49973,2.315741
-0.2039555,-0.7194096,5.725929e-05,6.899802,4.499779,2.315679
-0.1760632,-0.7287393,0.0004039526,7.100176,4.499762,2.315143
-0.1540371,-0.7383454,-0.0001540107,7.300544,4.499658,2.314173
-0.1080752,-0.7708537,9.583793e-05,7.50088,4.499399,2.312734
-0.1920038,-1.666154,-0.01203667,5.425518,4.619065,2.225024
-0.2727841,-0.9532566,-0.002303746,5.695252,4.696958,2.303362
-0.2414281,-0.8515985,-0.0005819718,5.895683,4.698149,2.307667
-0.2431807,-0.8053783,0.0007404524,6.096528,4.698928,2.311421
-0.2295347,-0.7685788,1.029878e-05,6.297486,4.699379,2.31401
-0.2245,-0.7491305,0.000305179,6.498344,4.699618,2.31546
-0.212794,-0.739188,0.0002077942,6.699054,4.699738,2.316063
-0.2061987,-0.7375259,5.433897e-05,6.899669,4.699785,2.316025
-0.1895506,-0.7486616,0.0002796707,7.100256,4.699772,2.315439
-0.1814664,-0.7643997,-0.0002090379,7.300893,4.69968,2.314336
-0.1564008,-0.8069733,0.0003774376,7.501646,4.699459,2.312654
-0.5316196,-0.721593,-0.003633685,5.501382,4.29822,2.506792
-0.3963792,-0.7606245,-0.0009532456,5.70055,4.29814,2.510875
-0.3475426,-0.7485648,-0.0006404547,5.899725,4.298944,2.514868
-0.3056431,-0.7374863,0.0002021093,6.099525,4.299415,2.517435
-0.2752758,-0.7194274,-6.333682e-05,6.299566,4.299663,2.518839
-0.2508015,-0.7098175,0.0002146664,6.499688,4.299791,2.519534
-0.2258922,-0.7014302,0.0001375848,6.69983,4.299854,2.519781
-0.2020965,-0.6962932,7.258337e-05,6.899972,4.299879,2.519699
-0.1733692,-0.6980722,0.0001765425,7.10011,4.299871,2.519341
-0.140247,-0.7005432,7.211375e-05,7.300238,4.299819,2.518741
-0.09703266,-0.7171807,-1.904935e-05,7.500327,4.299687,2.517895
-0.706254,-0.7792041,-0.005104942,5.451682,4.446511,2.451241
-0.4045777,-0.8854866,-0.0008246502,5.69965,4.496665,2.507426
-0.3286668,-0.8114009,-0.0008497931,5.89871,4.498384,2.513146
-0.2925534,-0.7800073,0.0005909038,6.098768,4.499223,2.516716
-0.2606238,-0.7509848,-0.0001738146,6.299069,4.49959,2.518614
-0.2409964,-0.7336402,0.000198193,6.499377,4.499759,2.519534
-0.2199532,-0.7245702,0.0001005025,6.69965,4.499837,2.51988
-0.2038343,-0.7196403,-2.74134e-05,6.899893,4.499866,2.519823
-0.1760804,-0.7288418,0.0002570382,7.10012,4.499855,2.519431
-0.1542454,-0.7387621,-0.0003242841,7.300347,4.499791,2.518722
-0.1078742,-0.7710472,3.50084e-06,7.500562,4.499624,2.517633
-0.1916517,-1.66414,-0.02290841,5.42552,4.619067,2.425044
-0.2727525,-0.9547878,-0.0002823261,5.69597,4.697291,2.505959
-0.242955,-0.8537785,-0.001542486,5.896711,4.698588,2.512165
-0.2427772,-0.8057359,0.0004078739,6.097609,4.699282,2.516328
-0.2296732,-0.7688261,-0.0003462869,6.298399,4.699609,2.518593
-0.2242936,-0.7492938,0.0001367526,6.498988,4.699765,2.519697
-0.2128701,-0.7392219,6.257702e-05,6.699441,4.699839,2.520126
-0.206125,-0.7377133,-8.921336e-05,6.899818,4.699867,2.520087
-0.1896959,-0.7486725,0.0001321847,7.100175,4.699859,2.519656
-0.1814036,-0.765043,-0.000573825,7.300571,4.699802,2.518845
-0.1562367,-0.8068864,8.859258e-05,7.501067,4.699658,2.517552
-0.5273083,-0.7217609,-0.001861196,5.500607,4.298816,2.712246
-0.3943779,-0.7592649,0.003068993,5.700101,4.298994,2.716744
-0.3456072,-0.749868,0.0005396263,5.899737,4.299521,2.720266
-0.3046636,-0.737441,0.0006705373,6.099706,4.299757,2.721995
-0.2748063,-0.719595,8.905331e-05,6.299772,4.299865,2.722791
-0.2505557,-0.709825,0.0002129378,6.499852,4.299916,2.723146
-0.2259319,-0.7015046,0.0001248105,6.699926,4.29994,2.723265
-0.202054,-0.6963875,3.535451e-05,6.899994,4.29995,2.723223
-0.173905,-0.6979751,0.0001804911,7.100058,4.299947,2.723048
-0.1403707,-0.7009669,0.0004764145,7.300119,4.299928,2.722756
-0.09782481,-0.7170696,0.0006130416,7.500168,4.299876,2.722324
-0.6900901,-0.7839202,-0.006956199,5.451509,4.446632,2.652949
-0.3992471,-0.8803805,-1.076119e-05,5.699636,4.497705,2.712699
-0.328852,-0.8115119,0.0004002949,5.899146,4.499169,2.718829
-0.2914054,-0.7795426,0.0003798325,6.099319,4.499646,2.721521
-0.2606149,-0.7511398,1.092805e-05,6.299537,4.499822,2.722659
-0.2407034,-0.7335317,0.0001049127,6.499713,4.499895,2.723146
-0.2200363,-0.7246059,7.954868e-05,6.69985,4.499927,2.723317
-0.2038055,-0.7196844,-9.74274e-05,6.899963,4.499939,2.723287
-0.1764541,-0.7288953,0.0002670703,7.100067,4.499935,2.723095
-0.1538072,-0.7392151,-0.000351325,7.300176,4.49991,2.722745
-0.1095018,-0.7708838,0.0004979025,7.500293,4.49984,2.722172
-0.1834249,-1.633395,-0.02342119,5.425524,4.61908,2.625116
-0.2670545,-0.952114,-0.006653704,5.69688,4.698094,2.710652
-0.2425311,-0.8520169,-0.00189716,5.897953,4.699234,2.717891
-0.2408968,-0.8050641,-0.000433079,6.098728,4.69966,2.721231
-0.2294776,-0.7687089,-0.0002776431,6.299222,4.699825,2.722627
-0.2238514,-0.749178,-8.091523e-05,6.499541,4.699895,2.723223
-0.2129138,-0.7391971,-1.357601e-05,6.699761,4.699926,2.723438
-0.2060835,-0.7377475,-0.0002376181,6.899933,4.699937,2.723418
-0.190066,-0.7487583,-0.0001088291,7.100095,4.699935,2.723207
-0.1817049,-0.7650941,-0.0009931509,7.300282,4.699912,2.722801
-0.1577088,-0.8065333,-0.0007532816,7.500542,4.69985,2.722108
-0.5213547,-0.7302031,-0.009005771,5.502406,4.298391,2.907489
-0.3931389,-0.7610875,-0.002622096,5.70234,4.297278,2.908699
-0.3452982,-0.7505618,-0.0001741138,5.900383,4.29931,2.911221
-0.303773,-0.7366864,0.0008420991,6.099903,4.299918,2.912003
-0.2744406,-0.7193898,0.0003158088,6.299917,4.299981,2.91225
-0.250161,-0.7086988,0.0002232202,6.499957,4.299985,2.912339
-0.2259242,-0.7002944,0.0001252109,6.699983,4.299987,2.912367
-0.2022026,-0.6952321,0.0001134478,6.900002,4.299989,2.912357
-0.17435,-0.6966976,0.0002230933,7.10002,4.299989,2.912317
-0.1410832,-0.7001239,0.0007874077,7.30004,4.299988,2.912248
-0.09664874,-0.7159469,0.001047613,7.500066,4.299985,2.912141
-0.6885207,-0.7830572,-0.0178485,5.450607,4.44815,2.858345
-0.4031883,-0.8731315,0.005648495,5.70094,4.496816,2.907673
-0.3254309,-0.8099655,0.0006294776,5.900191,4.499205,2.910701
-0.2908628,-0.7770371,0.0001099959,6.09976,4.499883,2.911848
-0.2599508,-0.7491431,0.0002032176,6.299844,4.499967,2.912211
-0.2404377,-0.7318972,7.170813e-05,6.499921,4.499977,2.912338
-0.220057,-0.7229483,7.40627e-05,6.699965,4.499982,2.912379
-0.2037796,-0.7181348,-2.479986e-05,6.899996,4.499984,2.912373
-0.1772579,-0.7269062,0.0001685196,7.100024,4.499984,2.912328
-0.1541,-0.7377264,0.0001990003,7.300058,4.499982,2.912245
-0.1107981,-0.7681521,0.0008438062,7.500114,4.499974,2.912098
-0.1824177,-1.636765,-0.02728454,5.425442,4.619414,2.825828
-0.2670401,-0.9382716,0.00845196,5.700483,4.698933,2.905523
-0.2419786,-0.8515736,0.0009389893,5.899899,4.699527,2.910256
-0.2412086,-0.802526,-0.0002853922,6.099572,4.699895,2.91174
-0.2295062,-0.7669478,4.176836e-05,6.299755,4.699962,2.912197
-0.2239429,-0.7474549,-7.415946e-05,6.499878,4.699975,2.912355
-0.2131604,-0.7374489,1.387577e-05,6.699945,4.69998,2.912408
-0.2060176,-0.7359935,-0.0001060299,6.899989,4.699982,2.912403
-0.1904338,-0.7465881,-1.803662e-05,7.100032,4.699983,2.912354
-0.1821207,-0.7633875,-0.000422334,7.300088,4.69998,2.912257
-0.1596489,-0.8031139,-0.0004137757,7.50019,4.699971,2.912076
-0.8402009,-1.560217,-0.04989125,5.388398,4.588255,0.01193304
-0.458709,-0.8727431,-0.02510633,5.555303,4.444401,0.04286504
-0.8869211,-1.622449,-0.02626718,5.425956,4.57387,0.02301125
-0.4918526,-1.045659,-0.02832878,5.555624,4.548034,0.04370082
-0.6619852,-0.7694487,0.01060448,5.452705,4.4468,0.1413437
-0.4734244,-0.8617487,0.02465105,5.551427,4.447427,0.1382121
-1.112804,-1.624327,-0.07119219,5.429356,4.568483,0.1748963
-0.522822,-1.063808,0.02365871,5.552003,4.545657,0.1412017
-0.8773911,-1.311867,0.08695931,5.389897,4.585054,1.387557
-0.9550015,-1.38508,0.09530284,5.389848,4.585059,1.412477
-1.002545,-1.617629,0.01017542,5.389793,4.585067,1.587542
-1.016464,-1.501529,-0.003356229,5.389794,4.585065,1.612459
-0.9825647,-1.527458,-0.02729193,5.389803,4.585038,1.787524
-0.9336523,-1.17441,-0.03523236,5.389798,4.585038,1.812443
-0.9325805,-1.232182,0.02931733,5.389798,4.585038,1.98756
-0.9828399,-1.474646,0.03993049,5.389803,4.585038,2.012479
-1.001656,-1.616748,0.01023315,5.389797,4.585059,2.187544
-1.022868,-1.545021,0.001150809,5.389797,4.58506,2.212461
-1.019577,-1.598688,-0.002711557,5.389798,4.58506,2.387548
-1.013293,-1.611516,-0.01537745,5.389797,4.58506,2.412466
-0.9824638,-1.558023,-0.02636999,5.389803,4.585038,2.587539
-0.942884,-1.18971,-0.05286745,5.389797,4.58504,2.61246
-0.9330353,-1.258594,0.01862137,5.389785,4.585044,2.787649
-0.9687152,-1.527801,-0.02099943,5.389783,4.585051,2.812599
-0.9318386,-1.577738,0.02502947,5.3881,4.587625,2.987969
-0.3395883,-1.121736,-0.03044224,5.547432,4.646858,2.857064
-0.1677598,-1.036996,-0.02214533,5.545451,4.748174,2.85681
-0.1238389,-1.661694,0.008314074,5.423724,4.622951,2.976873
-0.3312064,-1.105864,0.0138734,5.553526,4.647421,2.955062
-0.1697121,-1.046092,0.01783154,5.553021,4.75026,2.954824
-0.3313421,-1.102875,-0.01552446,5.554607,4.647808,0.04496733
-0.1947659,-1.686153,-0.02363478,5.427181,4.618566,0.1752737
-0.3568606,-1.13879,0.007959589,5.549011,4.646311,0.14294
-0.4585356,-0.8333868,0.02050094,5.552962,4.444391,0.241653
-0.7794772,-1.397495,-0.01254192,5.455092,4.542907,0.2483223
-0.5202028,-1.081831,0.01008804,5.553621,4.541535,0.2441314
-0.7578418,-0.8970727,0.01529878,5.455214,4.442652,0.3465372
-0.453532,-0.7928428,0.008927528,5.553635,4.442443,0.344393
-0.9004342,-1.352516,0.01616004,5.455081,4.541932,0.3486083
-0.5276172,-1.080986,0.01821641,5.554301,4.53859,0.3463633
-0.4492733,-0.8032427,0.003031078,5.554198,4.441263,0.446249
-0.8245921,-1.334488,-0.02441802,5.455255,4.54136,0.4490891
-0.5084445,-1.087721,-0.007814992,5.554682,4.537553,0.4475611
-0.7539382,-0.9090562,0.007667734,5.455697,4.441868,0.5484882
-0.4472131,-0.79972,0.005335035,5.554238,4.441131,0.5473539
-0.8158426,-1.336852,0.01649679,5.455275,4.54131,0.5493674
-0.5031755,-1.089209,0.01331243,5.554652,4.537324,0.548366
-0.4461563,-0.7861183,0.001204268,5.554304,4.441495,0.6481746
-0.8721016,-1.356732,-0.01136078,5.455204,4.541711,0.6495265
-0.5111098,-1.09366,0.001439977,5.554565,4.537962,0.6488338
-0.7540837,-0.8922961,0.003335679,5.455676,4.443393,0.7493147
-0.4597377,-0.8048951,0.003994511,5.554081,4.442689,0.7486825
-0.7935221,-1.341291,0.02025517,5.455474,4.54243,0.7489366
-0.5121319,-1.093296,0.004418405,5.553999,4.539881,0.7493435
-0.4663516,-0.7766546,0.001443985,5.553954,4.444097,0.8490555
-0.8560474,-1.374981,0.02859359,5.45493,4.543419,0.8493394
-0.5642451,-1.084126,0.01069389,5.553534,4.54231,0.8494216
-0.749962,-0.9504208,-0.005345143,5.455587,4.445939,0.9496042
-0.4640609,-0.7779506,0.000953373,5.553824,4.445113,0.9492452
-0.870397,-1.353843,-0.007394215,5.455274,4.544478,0.9498155
-0.5520824,-1.088602,0.003155408,5.553355,4.54361,0.9495305
-0.4657607,-0.7877863,-0.0004691175,5.553734,4.445542,1.049464
-0.8504869,-1.356389,-0.002855397,5.455254,4.54476,1.04988
-0.5512916,-1.079185,-0.01029689,5.553273,4.544096,1.049656
-0.7566402,-0.9626858,-0.003127657,5.455218,4.446255,1.149757
-0.45403,-0.8048952,-0.01920526,5.553482,4.44562,1.149573
-0.7745011,-1.397538,0.005281283,5.455109,4.544642,1.150043
-0.5441591,-1.073586,-0.01561062,5.553108,4.544109,1.149728
-0.326803,-1.121974,0.0120939,5.549218,4.645001,1.049789
-0.1501857,-0.9864362,0.003688049,5.544342,4.747025,1.049814
-0.09552593,-1.36395,0.1327077,5.427415,4.619727,1.17493
-0.3403858,-1.116554,0.02481093,5.549043,4.645064,1.149837
-0.1535309,-0.9893754,0.005291065,5.544233,4.74707,1.149877
-0.4752511,-0.8569891,-0.01658864,5.55297,4.445518,1.249786
-1.028928,-1.608168,0.07157106,5.430021,4.569414,1.22489
-0.5026335,-1.048153,0.008040185,5.552662,4.544029,1.249913
-0.6943157,-0.7846093,0.01808901,5.452958,4.446491,1.349948
-0.4782162,-0.8469643,0.01121666,5.552115,4.445601,1.349875
-0.8581707,-1.594712,0.02064288,5.427686,4.569723,1.374934
-0.4942685,-1.03881,0.01269475,5.551477,4.544015,1.349962
-0.3459547,-1.117161,0.02766201,5.548586,4.644955,1.249953
-0.156174,-1.003266,0.005118478,5.544057,4.746996,1.249927
-0.1733647,-1.604825,0.02659656,5.425692,4.619194,1.374882
-0.3360567,-1.106267,0.01440436,5.547784,4.644717,1.349961
-0.1559703,-1.003585,0.003775155,5.543796,4.746837,1.349963
-0.4839002,-0.8446866,0.004609185,5.551483,4.445618,1.449967
-0.9247414,-1.608037,0.0390614,5.427427,4.569695,1.424987
-0.4913714,-1.02718,0.008363053,5.550764,4.543963,1.449972
-0.703227,-0.7781997,0.008399833,5.451932,4.44658,1.549999
-0.4865828,-0.839155,0.005184269,5.551202,4.445571,1.550034
-0.9903195,-1.613046,0.0218386,5.427298,4.569653,1.575002
-0.4957031,-1.025641,0.007062172,5.550519,4.543898,1.550027
-0.3317629,-1.102831,0.009302742,5.547311,4.644557,1.449994
-0.1605107,-1.007951,0.003175763,5.543622,4.746725,1.449983
-0.1894772,-1.659317,0.02302909,5.425518,4.619077,1.574999
-0.3351656,-1.103536,0.007298971,5.547155,4.644491,1.550002
-0.1612517,-1.008265,0.004567666,5.543547,4.746676,1.550016
-0.4873854,-0.8397684,0.001332686,5.551083,4.445506,1.650148
-0.9879308,-1.615464,-0.004605158,5.427296,4.569635,1.62501
-0.495019,-1.024289,0.002530607,5.550438,4.543835,1.650079
-0.7009926,-0.781454,0.00195064,5.45181,4.44643,1.7501
-0.4874482,-0.8389439,2.63904e-05,5.551046,4.445441,1.750236
-0.9532198,-1.603973,-0.01044308,5.427291,4.569597,1.77501
-0.4930355,-1.023273,0.001325285,5.550419,4.543799,1.750147
-0.3337899,-1.103973,0.003141551,5.547103,4.644456,1.650071
-0.1618179,-1.009908,0.002181832,5.543517,4.746652,1.650047
-0.1862528,-1.645859,0.01024652,5.425517,4.619061,1.775004
-0.3340279,-1.102939,0.001646144,5.547095,4.644431,1.750085
-0.1613341,-1.0087,0.001878198,5.543517,4.746648,1.750087
-0.4905952,-0.8389616,-0.0007956582,5.551005,4.445428,1.850371
-0.9043137,-1.60041,-0.01325786,5.427288,4.569592,1.825017
-0.489568,-1.022806,0.0005989949,5.550399,4.543774,1.850208
-0.6918144,-0.7836928,0.0004253945,5.451769,4.446379,1.950224
-0.4910041,-0.8384523,0.003001653,5.551015,4.445402,1.950497
-0.906635,-1.599845,0.01705072,5.427288,4.569591,1.975021
-0.4899777,-1.022619,0.002418361,5.550414,4.543781,1.950299
-0.333347,-1.103897,0.0007642479,5.547081,4.644429,1.85016
-0.1623886,-1.009936,0.001071958,5.543509,4.746637,1.850123
-0.1831731,-1.630914,0.02014486,5.425518,4.619059,1.975009
-0.3341742,-1.103763,0.002457085,5.547101,4.644418,1.95019
-0.1622084,-1.009425,0.001400001,5.543532,4.746649,1.950176
-0.4878963,-0.839165,0.002609154,5.550975,4.445451,2.050686
-0.9520594,-1.60455,0.01042508,5.42729,4.569595,2.02503
-0.4932661,-1.02349,0.002587147,5.550399,4.54378,2.050389
-0.7045949,-0.7801268,0.002644204,5.451754,4.446447,2.150437
-0.4897833,-0.8379831,0.002379342,5.55101,4.445439,2.150911
-0.9917275,-1.614964,0.0190947,5.427299,4.569611,2.175041
-0.497156,-1.023174,0.002908138,5.550436,4.543813,2.150538
-0.3345174,-1.104517,0.002229762,5.54709,4.644437,2.050283
-0.163705,-1.011315,0.0008640082,5.543527,4.74664,2.050227
-0.1908879,-1.661905,0.02067391,5.425519,4.619064,2.175017
-0.3364239,-1.105057,0.00207896,5.547132,4.644427,2.150352
-0.1638897,-1.011287,0.0009594056,5.543576,4.746667,2.150316
-0.490113,-0.8367482,-0.0008901184,5.550945,4.445524,2.251228
-1.000643,-1.616886,-0.0002403353,5.427298,4.569614,2.225053
-0.4993252,-1.023038,-0.0007995782,5.550414,4.543816,2.250701
-0.7076429,-0.7813553,-0.001592907,5.451699,4.446472,2.350862
-0.4903797,-0.8376594,-0.001759631,5.551002,4.445495,2.351683
-1.001347,-1.618174,-0.0005675858,5.4273,4.569616,2.375084
-0.4990747,-1.02255,-0.001651156,5.550479,4.543872,2.350989
-0.3374736,-1.105728,-0.001110241,5.547119,4.644463,2.250492
-0.1646876,-1.011964,-0.000903782,5.543577,4.746654,2.250403
-0.1920596,-1.667718,0.010283,5.425521,4.619065,2.375034
-0.3369435,-1.104541,-0.002503075,5.547197,4.644452,2.350657
-0.1621621,-1.010102,-0.001992272,5.543675,4.746705,2.350582
-0.4894593,-0.8395995,-0.006746238,5.550892,4.445645,2.452329
-0.9957355,-1.615642,-0.02051661,5.427298,4.569618,2.425105
-0.4985081,-1.023828,-0.007610319,5.550445,4.543892,2.451347
-0.705721,-0.7846776,-0.005783487,5.451579,4.446455,2.551888
-0.4882692,-0.8457529,-0.006024784,5.550973,4.445671,2.55339
-0.9559869,-1.608912,-0.02197307,5.427293,4.569616,2.575199
-0.4939799,-1.027434,-0.005848857,5.550553,4.54405,2.552031
-0.338626,-1.104523,-0.006786548,5.54719,4.644529,2.450931
-0.1629406,-1.008755,-0.00533984,5.543708,4.746698,2.45079
-0.1878013,-1.649577,0.002099877,5.425526,4.61907,2.575084
-0.3377665,-1.10689,-0.006678627,5.547344,4.644565,2.551388
-0.1669401,-1.011395,-0.008584007,5.543935,4.746825,2.55126
-0.4874353,-0.8395997,-0.01115425,5.550753,4.446134,2.655051
-0.9071042,-1.603124,-0.01961307,5.427284,4.569631,2.62526
-0.4880548,-1.022983,-0.0146976,5.550482,4.544275,2.653069
-0.6968182,-0.7988984,-0.01096324,5.45119,4.446889,2.755043
-0.4873466,-0.854796,-0.002661414,5.550686,4.446749,2.757862
-0.91006,-1.592737,-0.01751268,5.427225,4.569801,2.775717
-0.4855456,-1.03519,-0.005921379,5.550548,4.545067,2.755199
-0.3300912,-1.103336,-0.0133935,5.547372,4.644846,2.6522
-0.1559315,-1.011101,-0.008144978,5.544119,4.746921,2.652
-0.1854396,-1.613661,9.718596e-05,5.425512,4.619212,2.775449
-0.334986,-1.1131,-0.007113114,5.547662,4.645348,2.753928
-0.1699978,-1.017431,-0.01119759,5.544775,4.747418,2.753783
-0.476384,-0.8528733,-0.01014579,5.549994,4.448316,2.861496
-0.9406938,-1.607965,-0.03144648,5.427108,4.57003,2.826091
-0.499109,-1.044273,-0.02994828,5.549844,4.546655,2.858478
-0.6983993,-0.8321415,0.005245429,5.450766,4.444076,2.956191
-0.4652094,-0.8706057,0.01365556,5.554683,4.444418,2.957088
-0.9036868,-1.59449,0.01257512,5.424248,4.573046,2.97732
-0.4792275,-1.03357,0.02324736,5.55451,4.54785,2.956313
-0.6615424,-1.079992,0.007614998,5.47634,4.523144,0.06777307
-0.9482252,-1.234575,-0.06892842,5.425907,4.520952,0.02124933
-0.6735971,-1.281755,-0.03644648,5.478797,4.573932,0.02121959
-0.8942144,-1.605155,0.01614162,5.427665,4.571911,0.07320745
-0.8801945,-1.287679,-0.002515303,5.427697,4.522677,0.0692614
-0.672923,-1.341861,0.02355162,5.476795,4.571735,0.06919682
-0.5753391,-1.090148,-0.05061114,5.477987,4.521849,0.02031927
-0.6153623,-1.03818,0.02820834,5.478514,4.520265,0.1194284
-0.8794573,-1.593414,0.06157056,5.429067,4.570017,0.1235429
-0.9281133,-1.157164,0.05492766,5.431719,4.51736,0.1720979
-0.7413179,-1.25643,0.05646021,5.480493,4.565712,0.1719801
-0.8498998,-1.273268,0.01201454,5.430267,4.519516,0.1210829
-0.6620361,-1.275972,0.02346866,5.479368,4.568398,0.1209777
-0.6247931,-0.9730496,0.1532009,5.479796,4.518048,0.1706824
-0.9422436,-1.615736,0.04475991,5.390804,4.584988,1.311764
-0.9760755,-1.592387,0.02551368,5.389796,4.585072,1.487543
-0.995977,-1.599375,0.01682904,5.389792,4.585074,1.512457
-1.163912,-0.9052752,0.02051265,5.377343,4.523807,1.574992
-1.191232,-0.8832053,0.00913961,5.377338,4.523778,1.625021
-0.99635,-1.612332,0.00108525,5.389792,4.585058,1.687543
-1.162081,-0.8834414,-0.009250074,5.377328,4.523739,1.674996
-0.9990572,-1.450204,-0.02150622,5.389794,4.585054,1.712458
-1.14332,-0.9005625,-0.01656474,5.377315,4.523645,1.775004
-1.205118,-0.8698173,-0.01227517,5.377322,4.523694,1.725026
-1.190912,-0.8835214,-0.005987117,5.377293,4.523642,1.825028
-0.9647008,-1.597798,0.01159855,5.389809,4.585032,1.887537
-1.161517,-0.8747143,-0.0005683295,5.377279,4.52363,1.875008
-0.9517274,-1.606162,-0.008535113,5.389809,4.585032,1.912465
-1.18967,-0.8838137,0.006515285,5.377294,4.523639,1.975021
-1.159521,-0.8787114,0.0003733914,5.377278,4.523631,1.925035
-1.136489,-0.9189661,0.02522171,5.377311,4.523645,2.025047
-0.9856569,-1.513774,0.02673123,5.389794,4.585053,2.087545
-1.200538,-0.8400254,0.01125097,5.377322,4.523686,2.075024
-0.9940714,-1.612702,0.007505693,5.389792,4.585057,2.112459
-1.173304,-0.8854447,0.01006877,5.377338,4.523747,2.175044
-1.177528,-0.8906026,0.01138008,5.377326,4.523726,2.125058
-1.173871,-0.8902823,0.005537522,5.377335,4.523765,2.225081
-1.022713,-1.601136,0.008027939,5.389798,4.58506,2.287545
-1.170787,-0.8903609,0.0009497176,5.377335,4.523764,2.275061
-1.023554,-1.608402,-0.007410598,5.389798,4.58506,2.312463
-1.181123,-0.8959825,-0.006129957,5.377336,4.523758,2.375108
-1.159794,-0.8980215,-0.002855468,5.37733,4.523769,2.325105
-1.165953,-0.8830391,-0.006364226,5.377323,4.52376,2.425159
-0.994874,-1.615496,-0.006847925,5.389793,4.585057,2.487552
-1.184154,-0.8763889,-0.01394495,5.377322,4.523725,2.475156
-1.001146,-1.547877,-0.02468159,5.389794,4.585054,2.512467
-1.160631,-0.8918952,-0.02888673,5.377295,4.523645,2.575286
-1.178704,-0.8648783,-0.01435478,5.377302,4.523701,2.525228
-1.196684,-0.8869991,-0.02518948,5.377245,4.523675,2.625395
-0.9613829,-1.611977,-1.984233e-05,5.389807,4.585033,2.687567
-1.163087,-0.9112371,-0.01359299,5.377241,4.523651,2.675502
-0.975187,-1.578544,-0.02862064,5.389805,4.585037,2.712502
-1.20499,-0.9097801,-0.02040926,5.377158,4.52372,2.776137
-1.167978,-0.9228392,-0.01733282,5.377187,4.523702,2.725742
-1.168596,-0.9374198,-0.04590128,5.376968,4.523912,2.826771
-0.9509048,-1.608773,-0.04295697,5.389666,4.585101,2.887943
-1.198019,-0.9189484,0.006193786,5.376646,4.524203,2.877886
-0.8959721,-1.571051,-0.09821713,5.389546,4.585183,2.913038
-1.093941,-0.7753723,0.03557782,5.375971,4.522342,2.978529
-1.141726,-0.82346,-0.04396784,5.375742,4.525164,2.929631
-0.3351592,-1.320732,-0.01839071,5.476997,4.623055,0.0214439
-0.0551642,-1.281826,-0.006909097,5.409955,4.688552,0.009845286
-0.1339323,-1.609191,0.03516536,5.425968,4.621852,0.07355265
-0.3487688,-1.341223,0.02096047,5.474708,4.621978,0.07015208
-0.1128122,-1.33185,0.03497238,5.423325,4.6732,0.07188058
-0.2041495,-1.217821,0.03027485,5.471591,4.672963,0.06981162
-0.2020086,-1.20646,-0.003882555,5.475213,4.675389,0.02123797
-0.3116616,-1.114661,-0.01757561,5.549894,4.642468,0.2458615
-0.1470102,-1.388865,0.008870322,5.452539,4.640757,0.3493636
-0.324501,-1.133039,0.006457109,5.55017,4.639882,0.3474659
-0.3123171,-1.120205,-0.002953652,5.550369,4.638873,0.4483952
-0.1409495,-1.350936,0.001913063,5.452651,4.64019,0.5497354
-0.3100633,-1.119818,0.004586137,5.550257,4.638783,0.5488841
-0.3171206,-1.131168,0.0008349641,5.550138,4.639348,0.6492349
-0.1319377,-1.338465,-0.002723293,5.452043,4.641977,0.7497823
-0.2977085,-1.118703,0.003992341,5.549683,4.641277,0.7493385
-0.3232752,-1.123638,0.001137838,5.549425,4.643435,0.8495204
-0.08532681,-1.387778,0.02051795,5.427483,4.619659,0.9749691
-0.3266191,-1.126783,0.00439883,5.549288,4.644604,0.9496639
-0.1500994,-0.9860982,0.003480414,5.544398,4.746732,0.9497457
-0.8922291,-1.268966,-0.008948538,5.390032,4.585052,1.362439
-0.9647939,-1.270082,0.05243446,5.391136,4.558729,1.38742
-0.9718454,-1.012905,-0.0153963,5.391342,4.558694,1.362584
-1.007612,-1.27309,0.05713877,5.391038,4.558741,1.412584
-0.9552284,-1.612453,0.03255378,5.389821,4.585063,1.437555
-1.010847,-1.415572,0.06663418,5.390991,4.558742,1.437418
-1.013738,-1.579784,0.0177412,5.389789,4.585072,1.562464
-1.05203,-1.323142,0.03710895,5.390946,4.558735,1.587417
-1.043559,-1.312477,0.01349583,5.390947,4.558736,1.562583
-1.050886,-1.216139,-0.008249428,5.390947,4.558726,1.612587
-0.9993349,-1.615876,-0.003143681,5.38979,4.585065,1.637538
-1.049957,-1.326731,0.01014296,5.390951,4.558709,1.637421
-0.9834616,-1.517805,-0.01580392,5.389802,4.585042,1.762447
-1.021115,-1.337457,-0.01789693,5.390935,4.558668,1.787421
-1.013856,-1.2523,-0.02950553,5.390942,4.558667,1.762585
-1.004141,-1.124843,-0.0437967,5.390931,4.558665,1.812588
-0.9478709,-1.594462,-0.009926456,5.389796,4.585038,1.837521
-0.9904157,-1.415783,0.001911644,5.390929,4.558657,1.837424
-0.9486666,-1.583402,0.01165742,5.389796,4.585038,1.962481
-0.9997949,-1.174011,0.04293415,5.390931,4.558664,1.987425
-0.9871627,-1.400414,-0.002274702,5.390929,4.558657,1.962588
-1.024198,-1.301646,0.02115682,5.390934,4.558669,2.012592
-0.9819075,-1.598463,0.006956554,5.389802,4.585042,2.037556
-1.011016,-1.317269,0.03410392,5.390943,4.558666,2.037427
-1.014507,-1.550821,0.01560186,5.389792,4.585062,2.162465
-1.054365,-1.316984,0.02428959,5.390954,4.558707,2.187431
-1.044621,-1.255542,0.00160862,5.390954,4.558697,2.162593
-1.05824,-1.254275,-0.002092985,5.390953,4.55871,2.2126
-1.00817,-1.6184,0.000506967,5.389794,4.585063,2.237539
-1.062596,-1.30083,0.01196056,5.390958,4.558701,2.237434
-1.020769,-1.582741,-0.00400098,5.389794,4.585063,2.362469
-1.053095,-1.31084,0.001826679,5.390955,4.558708,2.387448
-1.053687,-1.290735,-0.01791414,5.390956,4.558703,2.362607
-1.051075,-1.311248,-0.01913173,5.39095,4.558712,2.41262
-1.014806,-1.576893,-0.01763833,5.389792,4.585062,2.437544
-1.049782,-1.250671,0.003994298,5.390956,4.558697,2.437454
-0.9851385,-1.51177,-0.0203506,5.389802,4.585043,2.562459
-1.019704,-1.359441,-0.0228148,5.390934,4.55867,2.587495
-1.019849,-1.21481,-0.04699648,5.390937,4.558674,2.562644
-1.011969,-1.121444,-0.04919519,5.39092,4.558679,2.612672
-0.9458932,-1.48726,0.01575488,5.389795,4.585039,2.637541
-1.00126,-1.383589,0.0003558301,5.390926,4.558663,2.637514
-0.940703,-1.406468,-0.05777491,5.389786,4.585046,2.762544
-0.9874148,-1.203643,-0.003665893,5.390888,4.558708,2.787761
-0.9954359,-1.328172,-0.04026552,5.390889,4.558706,2.762837
-0.9987342,-1.377893,-0.04769825,5.390843,4.558768,2.81303
-0.9683267,-1.581696,-0.03539592,5.389778,4.585051,2.837723
-0.9887038,-1.389532,-0.03553859,5.390825,4.558774,2.83799
-0.8335055,-0.8986719,0.2878768,5.388368,4.586124,2.963314
-0.9391222,-1.319586,0.002738953,5.387865,4.561112,2.989984
-0.9210664,-0.7427649,-0.02126128,5.387913,4.561621,2.966359
-0.1294195,-1.169366,-0.01117979,5.469387,4.723371,2.930892
-0.06278649,-1.277064,0.01587495,5.423061,4.724046,2.977395
-0.04422528,-1.277951,-0.00116683,5.422278,4.722919,2.928168
-0.1618587,-1.182825,-0.0005596273,5.474956,4.723635,2.978814
-0.1611604,-1.583186,0.03805843,5.426892,4.620248,0.1240773
-0.4026551,-1.306874,0.0259359,5.477314,4.616827,0.1728164
-0.14299,-1.301258,-0.0004003438,5.424183,4.669603,0.1747735
-0.3748721,-1.290614,0.001044004,5.476542,4.619142,0.1217922
-0.1241162,-1.248587,0.0147081,5.423831,4.671281,0.1233318
-0.1985386,-1.167059,0.01138429,5.472413,4.671096,0.1215544
-0.1982301,-1.162849,0.03998925,5.472885,4.669523,0.1727776
-0.9342593,-1.619137,0.04920365,5.428442,4.569895,1.324505
-0.9087523,-1.234565,0.0149563,5.428351,4.519881,1.374974
-0.9187306,-1.224454,0.03710962,5.429222,4.519677,1.325024
-0.6316812,-0.9848817,-0.006006713,5.478494,4.518709,1.325023
-0.6729156,-1.249264,0.008627859,5.477528,4.566862,1.374984
-0.6965223,-1.252472,0.00953238,5.478431,4.566856,1.325025
-0.6312272,-1.008723,0.004957007,5.477721,4.518802,1.374962
-0.9181731,-1.184647,0.03230812,5.427959,4.519915,1.424998
-0.9483641,-1.606895,0.03411809,5.42734,4.569684,1.474993
-0.9268487,-1.183775,0.01684492,5.427785,4.519911,1.474986
-0.6349769,-0.9763943,0.009722696,5.477076,4.518793,1.474974
-0.6914576,-1.241994,0.02238139,5.477131,4.56683,1.424988
-0.6305675,-0.9854207,0.01299214,5.477288,4.518815,1.425007
-0.6961344,-1.241034,0.0158585,5.476963,4.566794,1.474994
-0.9709773,-1.611859,0.0178587,5.427309,4.56967,1.525003
-0.9321726,-1.18934,0.009572381,5.427695,4.519862,1.574997
-0.9265602,-1.173334,0.009744436,5.427715,4.519891,1.525011
-0.6350839,-0.9686989,0.01000162,5.476978,4.518761,1.525024
-0.7084248,-1.238063,0.008806276,5.476859,4.56674,1.575008
-0.7023862,-1.238655,0.01500346,5.476892,4.566764,1.525004
-0.631472,-0.961242,0.008227452,5.476935,4.518727,1.574993
-0.9336547,-1.183038,0.004669968,5.427688,4.519824,1.625025
-0.9820992,-1.609253,0.003085507,5.427295,4.569618,1.675006
-0.9312131,-1.190622,0.0003644281,5.427676,4.519784,1.675009
-0.6316649,-0.9629632,9.181847e-05,5.476911,4.518645,1.675011
-0.7071236,-1.23859,0.005406975,5.476847,4.566712,1.625018
-0.6342892,-0.9629769,0.004827741,5.476918,4.518687,1.625046
-0.7075225,-1.237825,-0.0005671174,5.476847,4.566684,1.675019
-0.9677551,-1.608693,-0.02022624,5.427294,4.569605,1.725013
-0.9171259,-1.192464,-0.006010243,5.427672,4.519734,1.77502
-0.9264945,-1.17642,-0.007999293,5.427672,4.519755,1.725032
-0.6348569,-0.9667112,-0.002335893,5.476906,4.518619,1.725063
-0.6994277,-1.235869,-0.008030499,5.476841,4.566663,1.775034
-0.7023244,-1.238111,-0.004083705,5.476844,4.566667,1.725029
-0.6289385,-0.9693781,-0.00352305,5.476905,4.518604,1.775033
-0.9102052,-1.193993,-0.0019038,5.427665,4.519727,1.825046
-0.938922,-1.600107,0.01940663,5.427286,4.569589,1.875015
-0.9107578,-1.19627,0.001818423,5.427653,4.519715,1.875032
-0.6322317,-0.9759297,0.001300426,5.476897,4.518583,1.875054
-0.6902881,-1.236782,-0.001265012,5.476836,4.566655,1.825044
-0.634608,-0.9793795,-0.0008193428,5.476898,4.518597,1.825088
-0.6985845,-1.235542,0.003616904,5.476839,4.566647,1.875045
-0.9381511,-1.600764,-0.01637978,5.427285,4.569589,1.925022
-0.9089845,-1.192043,0.004803058,5.427661,4.519722,1.97505
-0.911584,-1.19791,-5.965615e-05,5.427652,4.519716,1.925055
-0.6316214,-0.9758036,0.001140171,5.476892,4.518585,1.92511
-0.6910846,-1.236645,0.004643507,5.476839,4.566655,1.975068
-0.698759,-1.235697,-0.001036255,5.476837,4.566646,1.925057
-0.6346061,-0.9788798,0.003990528,5.476899,4.518589,1.975087
-0.9166773,-1.197041,0.009343284,5.427669,4.519731,2.025078
-0.954731,-1.606755,0.02353948,5.427294,4.569599,2.075028
-0.9271578,-1.175341,0.01431312,5.427668,4.51974,2.075066
-0.6368804,-0.9691306,0.006092628,5.476904,4.518597,2.075118
-0.7001425,-1.236046,0.0103315,5.476836,4.566656,2.025082
-0.6275059,-0.9686233,0.007321478,5.476895,4.5186,2.025148
-0.7024734,-1.238737,0.00843084,5.476845,4.566657,2.075084
-0.9784125,-1.609241,0.008892194,5.427296,4.569605,2.125038
-0.9327083,-1.183301,0.00720833,5.427678,4.519772,2.1751
-0.9259998,-1.183365,0.005004439,5.427672,4.519759,2.125096
-0.6342892,-0.9625455,0.0052727,5.476899,4.518614,2.125184
-0.712597,-1.238504,0.004886217,5.476849,4.566675,2.175125
-0.7091415,-1.237314,0.008505071,5.476844,4.56666,2.125103
-0.6352568,-0.9590349,0.004256276,5.47691,4.518621,2.175178
-0.9355374,-1.181923,0.002574374,5.427682,4.519786,2.225137
-1.006915,-1.615601,0.01320404,5.427299,4.569614,2.275055
-0.9356997,-1.182775,0.001773884,5.427674,4.51978,2.275134
-0.6359957,-0.9541344,0.000114861,5.47691,4.518627,2.275238
-0.715465,-1.238164,0.003857659,5.476842,4.566674,2.225146
-0.6360863,-0.9558701,0.001853042,5.476898,4.51864,2.225253
-0.7179208,-1.238507,0.001260185,5.476853,4.566675,2.275158
-1.008841,-1.615559,-0.01264029,5.427299,4.569615,2.325071
-0.9345817,-1.18276,-0.003725474,5.427671,4.519783,2.375209
-0.9359588,-1.187358,-0.003181874,5.427674,4.519787,2.325178
-0.6351418,-0.953231,-0.002045281,5.476897,4.518644,2.325328
-0.714972,-1.237749,-0.006046923,5.476859,4.566691,2.37524
-0.7185455,-1.237773,-0.002643669,5.476848,4.566675,2.325189
-0.6358658,-0.9556196,-0.003875072,5.476913,4.518639,2.375364
-0.9337729,-1.184446,-0.009442217,5.427674,4.519793,2.425268
-0.9845955,-1.612618,-0.007285904,5.427299,4.569614,2.47512
-0.9313323,-1.179281,-0.007800099,5.427659,4.519772,2.475297
-0.6355052,-0.9627672,-0.008910818,5.476908,4.518644,2.475517
-0.7145974,-1.237071,-0.00811464,5.476844,4.566688,2.425283
-0.6356234,-0.9576462,-0.007330576,5.476888,4.518665,2.425477
-0.7098954,-1.237968,-0.01023264,5.476861,4.566694,2.475327
-0.9757068,-1.61062,-0.02912913,5.427295,4.569614,2.525155
-0.9209253,-1.190893,-0.01440011,5.427633,4.519763,2.575504
-0.9310868,-1.183243,-0.01771472,5.427656,4.519776,2.525387
-0.6380922,-0.9698687,-0.01110214,5.476877,4.518681,2.525683
-0.7014695,-1.239026,-0.01880163,5.476868,4.566739,2.575544
-0.7095825,-1.241305,-0.01318107,5.476848,4.566699,2.525406
-0.6336576,-0.9760997,-0.01309539,5.476899,4.518684,2.57585
-0.9162855,-1.196475,-0.01528963,5.427628,4.51981,2.625655
-0.9474205,-1.603446,0.007229907,5.427279,4.56965,2.675341
-0.9096877,-1.206205,-0.01010726,5.427586,4.519827,2.675841
-0.6293792,-0.9750525,-0.01255102,5.47685,4.518825,2.676397
-0.6915974,-1.235573,-0.01331946,5.476832,4.566761,2.625683
-0.6353196,-0.9780852,-0.01422755,5.476835,4.51878,2.626117
-0.6984956,-1.235455,-0.009046426,5.476849,4.566842,2.675891
-0.9478665,-1.60656,-0.03687259,5.42726,4.569704,2.725482
-0.9161167,-1.211841,-0.01775523,5.427426,4.520085,2.776713
-0.6920614,-1.24578,-0.01651798,5.476737,4.567258,2.776809
-0.9155266,-1.220289,-0.01666522,5.427554,4.519944,2.726165
-0.6397561,-0.9905035,-0.01271416,5.476724,4.519053,2.726918
-0.7063868,-1.249241,-0.01527678,5.476781,4.566959,2.726214
-0.6386287,-1.001251,-0.01405115,5.476647,4.519323,2.777688
-0.9169818,-1.198748,-0.03340233,5.427231,4.52051,2.827497
-0.6856427,-1.252422,-0.02426379,5.476429,4.56774,2.827615
-0.9414523,-1.60971,-0.03257823,5.426802,4.570511,2.876732
-0.8958866,-1.201695,-0.00640087,5.426643,4.521217,2.878786
-0.6702765,-1.2582,-0.005736784,5.475908,4.568882,2.879009
-0.6253711,-1.008363,-0.006659891,5.475677,4.52111,2.880418
-0.6316345,-1.000539,-0.02595931,5.476221,4.520042,2.828829
-0.8815653,-1.65374,-0.07980858,5.425877,4.571678,2.927841
-0.9200158,-1.213305,0.065584,5.424727,4.520314,2.978818
-0.6294414,-1.29437,0.03132737,5.476935,4.573166,2.979298
-0.9309454,-1.283943,-0.0489405,5.425544,4.522847,2.930665
-0.6877416,-1.35899,-0.02230217,5.474454,4.570945,2.930998
-0.6794666,-1.091829,-0.002127568,5.474541,4.522951,2.93225
-0.5532365,-1.086999,0.04397851,5.476777,4.521312,2.979797
-0.9368304,-1.242221,-0.07358397,5.39028,4.58501,1.337392
-1.028374,-1.267323,-0.09634819,5.392401,4.5584,1.312562
-0.9970358,-1.165817,-0.00647078,5.391729,4.558608,1.337426
-0.9845677,-1.382178,0.03351705,5.389805,4.585068,1.462474
-1.019286,-1.380671,0.02234346,5.390952,4.558759,1.487415
-1.023006,-1.180562,0.02971873,5.390968,4.558748,1.46258
-0.9969284,-1.50486,0.02135198,5.389788,4.585075,1.537536
-1.017395,-1.364577,0.01708782,5.390946,4.558758,1.512584
-1.025948,-1.299257,0.03719993,5.390947,4.558744,1.537418
-1.014109,-1.481232,-0.004487358,5.389789,4.585063,1.662465
-1.044798,-1.343413,-0.003059088,5.390946,4.558702,1.68742
-1.048999,-1.180701,-0.01996379,5.39095,4.558701,1.662585
-0.9929838,-1.600278,-0.01435261,5.389797,4.585048,1.737527
-1.033284,-1.237453,-0.02793623,5.390944,4.558694,1.712588
-1.017801,-1.343373,-0.002830219,5.390946,4.558676,1.737423
-0.965395,-1.451259,0.01585557,5.389801,4.585036,1.86245
-1.004984,-1.359783,0.00242497,5.390922,4.55866,1.887423
-1.008537,-1.171987,0.009678428,5.390926,4.558656,1.862587
-0.9651628,-1.457052,-0.0146798,5.389801,4.585036,1.937552
-1.013716,-1.361713,-0.0005205842,5.390921,4.558661,1.912589
-1.009321,-1.179091,-0.008002403,5.390926,4.558655,1.937425
-0.9867693,-1.456012,0.01362203,5.389797,4.585048,2.062475
-1.02153,-1.302647,0.01596176,5.390946,4.55869,2.087425
-1.018824,-1.167628,0.001432753,5.390946,4.558675,2.062589
-1.00304,-1.54087,0.009733301,5.389791,4.585061,2.137537
-1.034198,-1.358504,0.01033835,5.390947,4.558698,2.112594
-1.031804,-1.250798,0.0361403,5.390954,4.558693,2.137429
-1.021267,-1.608217,0.008592494,5.389794,4.585063,2.262467
-1.058504,-1.29479,0.01381804,5.390955,4.558709,2.287435
-1.05618,-1.27876,-0.005625068,5.390957,4.558703,2.262598
-1.01563,-1.616575,-0.008576438,5.389795,4.585063,2.337541
-1.059472,-1.291109,-0.01459572,5.390953,4.558712,2.312606
-1.062772,-1.286847,0.004596608,5.390958,4.558701,2.337442
-1.00819,-1.538532,-0.008138354,5.389791,4.585062,2.462473
-1.048424,-1.340442,-0.009631981,5.390949,4.558697,2.487462
-1.046503,-1.214894,-0.03188398,5.390952,4.558698,2.46262
-0.9976892,-1.566172,-0.02349119,5.389798,4.585048,2.537538
-1.042256,-1.282455,-0.02502239,5.390942,4.558698,2.512635
-1.03263,-1.258323,-0.00775632,5.390946,4.558676,2.537474
-0.9715691,-1.5771,0.002886609,5.389799,4.585038,2.662474
-1.017085,-1.354657,0.002933245,5.390915,4.558671,2.687558
-1.011185,-1.312136,-0.003311214,5.390914,4.558674,2.662693
-0.9734553,-1.578291,-0.03150358,5.389796,4.585039,2.737599
-1.011567,-1.32931,-0.03834255,5.390898,4.558693,2.712752
-1.013316,-1.356667,-0.02694785,5.390908,4.558678,2.737619
-0.9536154,-1.569108,-0.03955891,5.389748,4.585071,2.862731
-0.9552738,-1.451137,-0.05075646,5.390565,4.559005,2.88856
-0.9576649,-1.381704,-0.06139766,5.390721,4.558885,2.863381
-0.8579267,-1.263922,-0.1476208,5.389128,4.5854,2.938262
-0.9237522,-1.506912,-0.07642336,5.390163,4.559373,2.914256
-0.9087378,-0.9274051,-0.02958563,5.389412,4.56003,2.939838
-0.2076145,-1.563096,-0.02991811,5.43743,4.611095,0.01009813
-0.08398041,-1.480117,-0.01882033,5.411054,4.63674,0.01084537
-0.09343007,-1.700907,0.02201744,5.412826,4.610255,0.03750032
-0.2807988,-1.605106,-0.002870518,5.436973,4.61042,0.03370058
-0.08298327,-1.483203,0.03001306,5.411146,4.636181,0.03591306
-0.223982,-1.465341,0.01962182,5.434786,4.636038,0.03319584
-0.1786955,-1.408728,-0.01906412,5.43657,4.637216,0.009911713
-0.07884895,-1.237739,-0.03779412,5.424271,4.669142,0.8241098
-0.08044798,-1.392556,0.001716729,5.427502,4.619011,0.8747886
-0.07418994,-1.225717,0.01388242,5.424055,4.670216,0.8747821
-0.250916,-1.303949,-0.02055775,5.477845,4.615413,0.8248317
-0.2305414,-1.300723,-0.001347781,5.477776,4.61672,0.8748666
-0.147608,-1.160161,0.004378,5.472919,4.669277,0.8749333
-0.1609411,-1.163426,-0.03185482,5.473107,4.66855,0.8249533
-0.08648204,-1.22046,-0.01922048,5.42401,4.671096,1.025004
-0.0869136,-1.39277,0.04540971,5.427475,4.619737,1.074962
-0.08441274,-1.216257,0.03338398,5.424006,4.671116,1.074985
-0.1470479,-1.147541,0.008764444,5.47279,4.670212,1.074967
-0.2282829,-1.296137,0.01204041,5.477714,4.617835,1.024976
-0.1419382,-1.1566,0.006308538,5.472805,4.670171,1.024971
-0.2334398,-1.293932,0.02002239,5.477696,4.617879,1.074928
-0.1368736,-1.26607,0.01255061,5.423883,4.670977,1.224984
-0.1573905,-1.537939,0.04440394,5.42687,4.61974,1.274269
-0.129885,-1.267724,0.03960567,5.423689,4.67071,1.274926
-0.1792001,-1.1536,0.01558339,5.472154,4.669911,1.275029
-0.3670692,-1.300382,0.0254988,5.477216,4.617915,1.225022
-0.1883351,-1.169586,0.01928808,5.4725,4.670098,1.225015
-0.3517683,-1.26874,0.01706032,5.476452,4.617734,1.275025
-0.1507724,-1.302505,-0.00629544,5.423187,4.669955,1.424993
-0.1847018,-1.637733,0.03147822,5.425539,4.619097,1.474994
-0.1482073,-1.29243,0.03480918,5.423164,4.669912,1.474998
-0.2026384,-1.16177,0.0129565,5.471178,4.669313,1.474997
-0.3803943,-1.280705,0.01645439,5.47442,4.617155,1.425005
-0.1993197,-1.171203,0.01761568,5.471247,4.669367,1.424997
-0.385355,-1.279663,0.01315965,5.474311,4.617105,1.474981
-0.153291,-1.310191,-0.01728507,5.423151,4.669883,1.625002
-0.1889517,-1.652859,0.01760031,5.425518,4.619066,1.675002
-0.1499328,-1.299086,0.02435603,5.423151,4.66988,1.675002
-0.2061131,-1.1631,0.004546209,5.47113,4.669256,1.675008
-0.3883455,-1.288408,0.007220806,5.474234,4.617052,1.625027
-0.2050319,-1.174611,0.00838272,5.47113,4.669265,1.625008
-0.3900877,-1.284589,0.002729266,5.474237,4.617034,1.674998
-0.1503792,-1.302072,-0.02207315,5.423151,4.669875,1.825004
-0.1852288,-1.636895,0.0212725,5.425518,4.619058,1.875006
-0.1477648,-1.292723,0.02659205,5.423151,4.669874,1.875004
-0.2040306,-1.160447,0.004517875,5.471129,4.669246,1.87502
-0.3809409,-1.277507,0.001754619,5.474229,4.617025,1.825045
-0.2017812,-1.170942,0.003468969,5.471126,4.669248,1.82502
-0.3849803,-1.276971,0.003567855,5.474235,4.617016,1.875015
-0.1523889,-1.306147,-0.01645063,5.423151,4.669876,2.025007
-0.1872572,-1.642738,0.02565775,5.425518,4.619061,2.075012
-0.1494355,-1.297456,0.02960895,5.423152,4.669877,2.075007
-0.2060989,-1.165142,0.007248237,5.471132,4.669249,2.075038
-0.384163,-1.282748,0.007310872,5.474229,4.617026,2.025069
-0.2036666,-1.173331,0.007443353,5.471127,4.669248,2.025036
-0.3891309,-1.282578,0.007202597,5.474239,4.617019,2.075041
-0.1545639,-1.314306,-0.01923753,5.423152,4.66988,2.225013
-0.1926823,-1.66481,0.01968523,5.42552,4.619064,2.275023
-0.15281,-1.30578,0.0249524,5.423153,4.66988,2.275014
-0.2100668,-1.170334,0.003193632,5.47114,4.669256,2.27507
-0.3933753,-1.292607,0.003458472,5.474232,4.617036,2.22511
-0.2080498,-1.178441,0.004340279,5.471132,4.669254,2.225064
-0.3961968,-1.291839,0.002192618,5.474245,4.617027,2.275087
-0.1539049,-1.312838,-0.02721801,5.423155,4.669881,2.425025
-0.1905121,-1.656538,0.009181476,5.425523,4.619066,2.475049
-0.1522875,-1.302838,0.01686864,5.423157,4.66988,2.47503
-0.2077383,-1.167566,-0.003989832,5.471158,4.669267,2.475148
-0.3932061,-1.290192,-0.005544616,5.474238,4.617048,2.425197
-0.207663,-1.175431,-0.003740919,5.471143,4.66926,2.425124
-0.3919169,-1.287264,-0.005981984,5.474258,4.617037,2.475193
-0.14834,-1.299196,-0.02650368,5.423163,4.669887,2.625081
-0.1863286,-1.642874,0.007763122,5.425528,4.619093,2.675161
-0.150842,-1.292663,0.01544697,5.423169,4.669901,2.675136
-0.2049539,-1.162484,-0.009268278,5.47121,4.669357,2.675489
-0.3824093,-1.274958,-0.008508828,5.474245,4.617109,2.625465
-0.2038767,-1.166767,-0.006130708,5.471173,4.669301,2.625338
-0.3838119,-1.277811,-0.01078392,5.474276,4.617136,2.675582
-0.2050091,-1.160506,-0.02124822,5.4709,4.670846,2.878648
-0.3778582,-1.294001,-0.02726695,5.473996,4.617932,2.827113
-0.1473064,-1.2844,-0.01703826,5.423146,4.670211,2.826101
-0.1753646,-1.609777,-0.01140229,5.425239,4.619881,2.876534
-0.2058794,-1.183724,-0.0268574,5.471124,4.66999,2.827068
-0.3766525,-1.288976,-0.006332539,5.473577,4.618857,2.87846
-0.1406354,-1.255126,0.001098312,5.42304,4.670657,2.87718
-0.9738394,-1.251417,-0.009315083,5.388836,4.562391,0.01012788
-0.9403823,-1.147057,-0.2666963,5.389627,4.587099,0.0376079
-1.112285,-1.000766,0.1533113,5.389385,4.562807,0.03380937
-0.0922514,-1.122893,-0.01857615,5.469594,4.722384,2.878683
-0.06122463,-1.223676,-0.001726005,5.422029,4.722345,2.826111
-0.09942798,-1.152171,-0.01741298,5.469471,4.721839,2.827141
-0.06074261,-1.194658,0.004721802,5.422104,4.722485,2.877085
-0.2298379,-1.209696,-0.03204095,5.469935,4.672315,2.931103
-0.1477377,-1.664639,-0.06831958,5.424606,4.621041,2.92742
-0.3202476,-1.32747,-0.00361028,5.475608,4.622146,2.979015
-0.1145316,-1.343161,0.01447119,5.422993,4.673719,2.977691
-0.3765102,-1.346261,-0.03162011,5.472131,4.620876,2.930737
-0.1079549,-1.339414,-0.03010991,5.42264,4.671734,2.928569
-0.2216081,-1.218757,-0.002108982,5.474745,4.674276,2.979168
-0.06011098,-1.213548,-0.007989976,5.422847,4.724946,0.02241186
-0.04886656,-1.269847,-0.004241411,5.422225,4.724133,0.07147832
-0.112146,-1.183804,0.006639685,5.469289,4.723736,0.0687714
-0.1425933,-1.17373,0.005613474,5.474586,4.724549,0.02105607
-0.0568461,-1.245282,-0.0207417,5.422012,4.720782,0.1750598
-0.05345489,-1.198869,-0.006093545,5.422208,4.72268,0.1227903
-0.08627907,-1.121657,0.01594862,5.469928,4.722446,0.1209546
-0.09175553,-1.122748,0.01712046,5.470181,4.721459,0.1725339
-0.06282832,-1.172777,-0.02083291,5.422154,4.722878,1.024995
-0.05875244,-1.165634,0.03284073,5.422151,4.7229,1.074998
-0.07668024,-1.102583,0.005985404,5.469875,4.721901,1.074976
-0.07147193,-1.117204,0.004205649,5.469888,4.721861,1.024973
-0.09917491,-1.391391,0.008162709,5.427467,4.619731,1.125
-0.09252587,-1.24546,0.07169249,5.423967,4.671041,1.174999
-0.09560825,-1.241568,-0.01413041,5.424001,4.671102,1.125004
-0.1530214,-1.160178,0.007608802,5.472765,4.670206,1.124986
-0.2559978,-1.292636,0.02662417,5.477576,4.617851,1.174947
-0.2665332,-1.289581,0.02111195,5.477667,4.617869,1.124996
-0.1468369,-1.163535,0.02143561,5.47269,4.670164,1.174987
-0.07084059,-1.17215,0.04010512,5.422132,4.722846,1.175007
-0.06226478,-1.172643,-0.007951238,5.422146,4.722888,1.125
-0.08117832,-1.113382,0.009624273,5.469858,4.721897,1.124987
-0.07732544,-1.1237,0.01270494,5.469814,4.721864,1.17499
-0.8811387,-1.148634,-0.04867366,5.432115,4.518493,1.225018
-0.7977327,-1.570182,0.02404842,5.429294,4.569431,1.274326
-0.8271807,-1.32171,0.0324068,5.430748,4.519056,1.275096
-0.6055932,-1.043695,-0.01737018,5.47958,4.5185,1.274979
-0.6976146,-1.258179,-0.02549258,5.480761,4.566704,1.224999
-0.6209838,-0.9837375,-0.1321565,5.480455,4.518336,1.225006
-0.6243703,-1.271849,-0.01233281,5.479754,4.566791,1.27501
-0.06595233,-1.236719,-0.004851237,5.422103,4.722775,1.225009
-0.06520602,-1.208495,0.03569745,5.422049,4.722639,1.27501
-0.09046152,-1.112652,0.01036117,5.469607,4.721674,1.275008
-0.08768088,-1.131114,0.01090102,5.469735,4.721794,1.225005
-0.1794481,-1.636794,0.01413149,5.425955,4.619255,1.324252
-0.1442494,-1.291775,0.03092626,5.423246,4.670044,1.374949
-0.1479738,-1.281524,-0.001062847,5.423416,4.670299,1.324903
-0.1958936,-1.162983,0.01365101,5.471727,4.669662,1.325021
-0.3705931,-1.271679,0.009283769,5.474709,4.617244,1.374976
-0.3855505,-1.282345,0.01330712,5.475417,4.617442,1.325051
-0.1885098,-1.163669,0.008069829,5.471407,4.669472,1.375001
-0.07191235,-1.234305,0.03252665,5.421935,4.722343,1.375
-0.06832438,-1.231869,-0.006825113,5.421984,4.722472,1.324998
-0.09514447,-1.127177,0.00940692,5.469455,4.721526,1.325008
-0.09494747,-1.138983,0.005735279,5.469332,4.721407,1.374998
-0.07340545,-1.247678,-0.01393152,5.421911,4.722273,1.424997
-0.07001404,-1.235392,0.03168224,5.4219,4.72224,1.475002
-0.1011235,-1.126681,0.007872003,5.469226,4.721288,1.474997
-0.100988,-1.146381,0.0125244,5.469261,4.72133,1.425001
-0.1877105,-1.64874,-0.004637069,5.425524,4.619084,1.525
-0.1534527,-1.308586,0.02696964,5.423152,4.669887,1.575
-0.1510526,-1.298812,-0.01302819,5.423156,4.669894,1.525
-0.2034156,-1.163778,0.00679689,5.471149,4.669287,1.525001
-0.3887349,-1.288225,0.005668945,5.474241,4.617066,1.57499
-0.3874029,-1.283101,0.008926726,5.474265,4.617079,1.525015
-0.2037928,-1.174215,0.003280708,5.471135,4.669274,1.575003
-0.07436082,-1.251331,0.02756265,5.421893,4.722219,1.575003
-0.07097881,-1.238651,-0.01407943,5.421895,4.722225,1.524998
-0.1007064,-1.129413,0.006397243,5.469209,4.721266,1.525004
-0.1021471,-1.150599,0.001581932,5.469199,4.721256,1.575001
-0.07518768,-1.251984,-0.01899871,5.421892,4.722217,1.624999
-0.07096428,-1.239975,0.02454319,5.421892,4.722215,1.675004
-0.1026534,-1.127616,0.003255105,5.469195,4.721245,1.675005
-0.1040972,-1.150692,0.00849587,5.469195,4.72125,1.625009
-0.187686,-1.646246,-0.02134991,5.425518,4.619063,1.725005
-0.1516624,-1.305044,0.01881955,5.423151,4.669876,1.775003
-0.1502853,-1.297751,-0.02545679,5.423151,4.669878,1.725003
-0.2047907,-1.164968,-0.003021639,5.471129,4.669251,1.725013
-0.3841475,-1.282359,-0.003880192,5.474232,4.617026,1.775007
-0.3882342,-1.283525,-0.002739981,5.474236,4.617027,1.725032
-0.2025571,-1.172063,-0.004412673,5.471128,4.66925,1.775015
-0.07550358,-1.248147,0.02267933,5.421892,4.722213,1.775005
-0.07117507,-1.238504,-0.02140382,5.421892,4.722214,1.725
-0.1019087,-1.130921,0.001392141,5.469194,4.721242,1.725013
-0.1027744,-1.148856,-0.003737103,5.469193,4.721241,1.775011
-0.07546116,-1.24583,-0.0231321,5.421892,4.722212,1.825001
-0.07042351,-1.23567,0.02436088,5.421892,4.722212,1.875005
-0.1018008,-1.125448,0.002061682,5.469195,4.721238,1.875016
-0.1033631,-1.148085,0.004814306,5.469192,4.721241,1.825019
-0.1857674,-1.638512,-0.01882228,5.425518,4.619058,1.92501
-0.1501183,-1.301635,0.02477216,5.423151,4.669875,1.975006
-0.1493217,-1.293894,-0.02399215,5.423151,4.669874,1.925005
-0.2037075,-1.162932,-0.001951366,5.471128,4.669245,1.925026
-0.3813913,-1.277799,0.001661725,5.474233,4.617021,1.97503
-0.3846075,-1.277718,-0.001234363,5.474234,4.617017,1.92505
-0.2010888,-1.170842,-3.241569e-05,5.471129,4.669248,1.97503
-0.07572711,-1.245532,0.02559463,5.421892,4.722212,1.975006
-0.07076339,-1.236192,-0.02122098,5.421892,4.722212,1.925001
-0.1014667,-1.128913,0.001268337,5.469194,4.721239,1.925024
-0.1026751,-1.148092,-0.001841306,5.469195,4.721239,1.975024
-0.07609424,-1.249268,-0.02029662,5.421892,4.722213,2.025002
-0.07142739,-1.238645,0.02607053,5.421893,4.722213,2.075007
-0.103574,-1.130878,0.002559359,5.469199,4.72124,2.07503
-0.1042448,-1.150042,0.006545164,5.469193,4.721241,2.025033
-0.1895216,-1.652502,-0.0108614,5.425518,4.619062,2.125017
-0.1540727,-1.312151,0.02469519,5.423152,4.66988,2.17501
-0.1505519,-1.300367,-0.01848258,5.423152,4.669879,2.125009
-0.2067121,-1.165569,0.001026981,5.471131,4.669249,2.125046
-0.391983,-1.291154,0.001511433,5.474239,4.617028,2.175066
-0.3911422,-1.2855,0.003159635,5.474236,4.617024,2.125079
-0.2067095,-1.177187,-0.0006738187,5.471135,4.669255,2.175055
-0.07617166,-1.25385,0.02513591,5.421894,4.722215,2.175009
-0.07146013,-1.241299,-0.01931303,5.421893,4.722214,2.125003
-0.1030028,-1.131127,0.001712868,5.469197,4.721243,2.12504
-0.1050499,-1.153761,-0.002206983,5.469202,4.721243,2.175045
-0.07629773,-1.255881,-0.02213456,5.421894,4.722215,2.225005
-0.07254269,-1.245772,0.02278718,5.421895,4.722215,2.27501
-0.1051365,-1.136368,0.0001439683,5.469208,4.721243,2.275057
-0.1058098,-1.154811,0.004196828,5.469199,4.721246,2.225056
-0.1925609,-1.665571,-0.02015931,5.425519,4.619065,2.32503
-0.1551671,-1.315065,0.01735634,5.423155,4.669881,2.37502
-0.1523509,-1.305625,-0.02542091,5.423153,4.66988,2.325017
-0.2092796,-1.168002,-0.004706664,5.471138,4.669254,2.325083
-0.3926415,-1.292339,-0.006434357,5.474251,4.617035,2.375139
-0.3960162,-1.290665,-0.003827743,5.474241,4.617033,2.325133
-0.2072223,-1.177415,-0.007283289,5.471148,4.669262,2.375105
-0.07654583,-1.256212,0.02005786,5.421897,4.722215,2.375014
-0.0722643,-1.245985,-0.0237612,5.421895,4.722215,2.325007
-0.1038681,-1.133731,-0.00216489,5.469206,4.721246,2.325072
-0.1049916,-1.153647,-0.006859525,5.469218,4.721245,2.375088
-0.0755471,-1.254561,-0.02761707,5.421897,4.722215,2.425012
-0.07253602,-1.242482,0.01700673,5.4219,4.722213,2.475021
-0.1036014,-1.133793,-0.005350914,5.469232,4.721247,2.475126
-0.1045498,-1.151044,-0.00236515,5.469214,4.721251,2.425108
-0.1891008,-1.650447,-0.02932685,5.425523,4.619067,2.525065
-0.1528943,-1.30575,0.01241552,5.423162,4.669882,2.575055
-0.1494603,-1.297282,-0.03235974,5.423158,4.66988,2.525039
-0.2096561,-1.162596,-0.01152122,5.471156,4.669266,2.525184
-0.3876494,-1.284631,-0.01396474,5.474272,4.617061,2.575337
-0.3945777,-1.285463,-0.01146203,5.47425,4.617053,2.525271
-0.2064398,-1.172394,-0.01356374,5.47118,4.66929,2.575258
-0.07530338,-1.247976,0.01740303,5.421907,4.722214,2.575047
-0.07224837,-1.238582,-0.02846422,5.421902,4.722213,2.525024
-0.1044002,-1.126263,-0.008181271,5.469233,4.721257,2.525165
-0.1045665,-1.146938,-0.01054204,5.469265,4.72126,2.575233
-0.06995316,-1.243267,-0.02627335,5.42191,4.722218,2.625072
-0.07124689,-1.235258,0.01508229,5.421921,4.722228,2.675143
-0.1023855,-1.129978,-0.008604931,5.469319,4.721309,2.675474
-0.1017258,-1.140378,-0.004741951,5.469265,4.721287,2.625321
-0.1877393,-1.641611,-0.02885944,5.425522,4.619131,2.725258
-0.3901264,-1.273115,-0.02263473,5.474228,4.617448,2.776329
-0.1537012,-1.267842,0.009513309,5.423176,4.670019,2.775528
-0.1516438,-1.282781,-0.02896737,5.423171,4.669934,2.725256
-0.2077991,-1.149353,-0.02736538,5.471239,4.66964,2.776246
-0.2093784,-1.162206,-0.01188114,5.471199,4.669426,2.725733
-0.3924831,-1.28605,-0.01334829,5.474233,4.617257,2.725864
-0.07585506,-1.218649,0.01604733,5.421966,4.722307,2.775586
-0.07246638,-1.225635,-0.02403515,5.421934,4.722254,2.725278
-0.1034716,-1.112595,-0.0237592,5.469446,4.721522,2.776275
-0.104862,-1.121866,-0.01122523,5.469338,4.721392,2.725743
-0.05221941,-1.393083,-0.008855083,5.41053,4.662181,0.01038145
-0.04325328,-1.295088,0.01339343,5.409527,4.687346,0.03412186
-0.05356074,-1.400053,0.009603851,5.410225,4.661019,0.03497019
-0.1462678,-1.406118,0.003697571,5.433263,4.661346,0.03259269
-0.06355157,-1.282584,-0.002406307,5.434719,4.6881,0.009310625
-0.1070719,-1.348557,0.010365,5.431958,4.686694,0.03171284
-0.1185864,-1.341112,-0.0107262,5.435655,4.662013,0.009670944
-0.05704223,-1.141832,-0.03013128,5.422534,4.72089,0.225081
-0.063077,-1.109459,0.02317403,5.422104,4.718546,0.2753929
-0.1048306,-1.140721,0.02974987,5.470229,4.720702,0.2234501
-0.1026123,-1.13328,0.02872061,5.470307,4.719598,0.274207
-0.03088744,-1.180735,-0.003468184,5.422071,4.717128,0.3754403
-0.05571505,-1.150995,0.005071118,5.422068,4.717561,0.3242757
-0.09744518,-1.160948,0.01540723,5.47038,4.718793,0.3242875
-0.09873522,-1.170196,0.004465765,5.470379,4.71834,0.3747041
-0.06077825,-1.070145,-0.01815186,5.422077,4.716935,0.4243996
-0.03970805,-1.095729,0.006693687,5.422075,4.716865,0.4755075
-0.09490088,-1.153981,-0.005676429,5.470388,4.717978,0.4749059
-0.08930134,-1.156921,0.001817303,5.470409,4.718078,0.4245875
-0.05767058,-1.062064,0.01873656,5.422067,4.716934,0.5755297
-0.02859145,-1.11958,-0.01119547,5.422074,4.716864,0.5244379
-0.09846593,-1.155876,0.005036421,5.470392,4.71796,0.5247233
-0.07418094,-1.156849,0.004915504,5.470359,4.718062,0.5749824
-0.04401521,-1.097602,-0.01096425,5.422059,4.717122,0.6244551
-0.03012123,-1.152829,0.001046155,5.42204,4.717542,0.6755405
-0.09985626,-1.155425,-0.01402956,5.470283,4.718707,0.6750381
-0.07994439,-1.160712,-0.01067254,5.470347,4.718276,0.6247818
-0.06210164,-1.066484,0.01854912,5.422485,4.720768,0.7741822
-0.04695517,-1.090934,-0.01700565,5.422068,4.718492,0.724248
-0.0881327,-1.136644,-0.007491026,5.470221,4.719403,0.7248124
-0.0715855,-1.145284,-0.02760518,5.470078,4.720356,0.7750043
-0.04858191,-1.203932,-0.02037864,5.421943,4.720564,0.8235936
-0.05599955,-1.180484,0.01704575,5.422148,4.722085,0.8747605
-0.07460511,-1.117747,-0.003232384,5.469988,4.721205,0.8749579
-0.07336187,-1.127358,-0.01980727,5.470135,4.720758,0.8249812
-0.09057914,-1.390989,-0.01790615,5.427493,4.61948,0.9250092
-0.08211904,-1.21689,0.0242943,5.424014,4.671012,0.9749832
-0.08702282,-1.218068,-0.0263376,5.424021,4.670778,0.9249744
-0.2268689,-1.298398,0.004662574,5.47772,4.617716,0.9749078
-0.2280617,-1.301398,-0.007443328,5.477748,4.6174,0.9249548
-0.1408106,-1.15518,5.382405e-05,5.472815,4.670049,0.9749522
-0.1445524,-1.152688,-0.00572289,5.472846,4.669781,0.9249536
-0.06332137,-1.171804,0.028146,5.422157,4.722803,0.9749921
-0.0561227,-1.169247,-0.02027371,5.422161,4.722607,0.9249651
-0.0679572,-1.116989,0.002389469,5.469897,4.72176,0.9749629
-0.07481781,-1.108876,-0.001864481,5.469927,4.72155,0.9249599
-0.4993526,-0.04159715,0.00189055,8.389336,5.187521,0.01059698
-0.490389,-0.03578721,-0.001338593,8.389336,5.212485,0.01059761
-0.4988994,-0.03434893,0.002317266,8.389336,5.387519,0.01060103
-0.4896824,-0.0325888,-0.0002165558,8.389336,5.412483,0.01060108
-0.4985927,-0.0307788,0.002236287,8.389336,5.587518,0.01060161
-0.4904378,-0.02882495,-0.0005456289,8.389336,5.612483,0.01060152
-0.4979558,-0.02801342,0.002019546,8.389336,5.787518,0.01060146
-0.49081,-0.0262687,-0.0003932429,8.389336,5.812482,0.01060152
-0.497401,-0.02630078,0.00170122,8.389336,5.987518,0.01060118
-0.4911025,-0.02444816,-0.000417554,8.389335,6.012482,0.01059918
-0.4967599,-0.02473381,0.00154486,8.389336,6.187518,0.01060129
-0.4913328,-0.02272068,-0.0003729052,8.389336,6.212482,0.01060129
-0.4962115,-0.02337845,0.001291455,8.389336,6.387518,0.01060129
-0.4915755,-0.02116692,-0.0003468,8.389336,6.412482,0.01060129
-0.4956697,-0.02208258,0.001059882,8.389336,6.587518,0.01060129
-0.4917718,-0.01975875,-0.0002960552,8.389336,6.612482,0.01060129
-0.495106,-0.0205135,0.000782845,8.389336,6.787518,0.0106013
-0.4920154,-0.01824266,-0.0003707913,8.389336,6.812482,0.0106013
-0.4945338,-0.01916535,0.0005650915,8.389336,6.987518,0.0106013
-0.4922411,-0.0167019,-0.0003503157,8.389336,7.012482,0.01060129
-0.4939236,-0.01713272,0.000376469,8.389336,7.187518,0.01060125
-0.4924371,-0.01526965,-0.0005319868,8.389337,7.212482,0.01060127
-0.4934018,-0.01506448,0.0005327946,8.389345,7.387513,0.01059317
-0.4930988,-0.01644946,-0.0008238755,8.389358,7.412469,0.01057557
-0.4893421,-0.0261378,0.001398045,8.389532,7.587286,0.0103988
-0.4905908,-0.01518443,7.834795e-06,8.389401,7.612489,0.01053294
-0.4928554,-0.01208583,-0.0001791704,8.389337,7.787518,0.01060117
-0.4929614,-0.01216636,-0.0006917201,8.389337,7.812482,0.01060124
-0.4928348,-0.01071295,-0.0003068845,8.389336,7.987518,0.01060129
-0.4932954,-0.01163861,-0.0007234095,8.389336,8.012482,0.01060129
-0.4927461,-0.00947589,-0.0003031414,8.389336,8.187518,0.01060132
-0.4934367,-0.01095804,-0.0007161917,8.389336,8.212482,0.01060128
-0.4926543,-0.008326239,-0.0001099542,8.389336,8.387518,0.0106012
-0.493387,-0.009639198,-0.0006947116,8.389335,8.412482,0.01059914
-0.4927866,-0.008128944,0.0003802045,8.389336,8.587517,0.0106013
-0.4933645,-0.008522696,-0.0006288275,8.389336,8.612482,0.01060137
-0.4930197,-0.006999846,0.001468648,8.389336,8.787517,0.01060125
-0.4932166,-0.006216703,-0.0003174919,8.389336,8.812481,0.01060129
-0.4927074,-0.007171857,0.0002998411,8.389336,8.987516,0.01060114
-0.4930998,-0.007474205,-0.0007607368,8.389336,9.012481,0.01060128
-0.4924054,-0.004601538,0.0005716198,8.389336,9.187515,0.01060056
-0.4930565,-0.004027158,-0.001039088,8.389336,9.212479,0.01060057
-0.4917764,-0.006131724,1.422033e-06,8.389336,9.387513,0.01059718
-0.4950591,-0.009042262,-0.007012816,8.389335,9.412477,0.01059492
-0.4887934,-0.02336384,0.003862646,8.389336,9.587516,0.01059144
-0.4701536,-0.002604788,0.003637503,8.389336,9.612483,0.01059077
-0.4844892,0.009413794,0.007975706,8.389305,9.787661,0.01061577
-0.4484201,0.0006131753,0.001414808,8.389274,9.812746,0.01064494
-0.4558208,-0.01103096,-0.005430775,8.377701,9.82498,0.1755228
-0.4870937,0.001264695,0.001323483,8.377865,9.82485,0.2244904
-0.4732748,-0.00672364,0.002609576,8.378007,9.824784,0.375509
-0.487593,0.01075147,0.003644582,8.378015,9.82478,0.4245038
-0.4723968,-0.00583267,0.0007639529,8.37803,9.824781,0.5755106
-0.4819237,0.006003048,-0.0002566336,8.378031,9.824782,0.6245006
-0.4765715,-0.002518982,-0.003951574,8.378038,9.824778,0.7755083
-0.4686183,-0.01001529,-0.0005693212,8.378042,9.824772,0.8245028
-0.4839865,0.001833066,-0.006973244,8.378042,9.824791,0.9755012
-0.4707614,-0.008245013,-0.001604174,8.378039,9.824808,1.024497
-0.4745633,-0.007635779,-0.002386771,8.378035,9.824785,1.175507
-0.4688027,-0.01103306,-0.0002668175,8.378035,9.82478,1.224496
-0.4733902,-0.008168709,-0.0004411908,8.378035,9.824777,1.375505
-0.4836113,0.007640992,-0.001340143,8.378035,9.824779,1.424496
-0.4850977,0.007702195,-0.001171058,8.378035,9.824802,1.575505
-0.4674759,-0.01214387,0.0009687776,8.378039,9.824809,1.624494
-0.4762849,-0.002213764,-0.002533673,8.378035,9.824783,1.775504
-0.4708226,-0.01155017,4.346619e-05,8.378036,9.824787,1.824493
-0.480665,0.003383412,-0.001334002,8.378042,9.824825,1.975497
-0.463388,-0.01693338,-0.0004155592,8.378054,9.824857,2.024482
-0.4886112,-0.001089979,-0.0321617,8.378712,9.826251,2.175981
-0.4172427,-0.02772784,-0.006052605,8.378937,9.826565,2.224789
-0.4744976,-0.09987077,0.01623118,8.379926,9.828691,2.375503
-0.4846629,-0.04908188,0.002437919,8.379943,9.828803,2.424413
-0.4717443,-0.1109395,-0.005511802,8.379909,9.828877,2.575554
-0.4568605,-0.05055734,0.004404917,8.379906,9.82886,2.624473
-0.4859442,-0.07990728,-0.02705701,8.379641,9.828478,2.775703
-0.4185806,-0.567689,-0.01388185,8.354489,5.151788,2.847175
-0.5422291,-0.05733272,-0.01117341,8.390057,5.188865,2.990137
-0.4263541,-0.5204556,0.0194465,8.354788,5.249272,2.847109
-0.4333072,-0.5192304,-0.01643943,8.354935,5.351009,2.846725
-0.4432261,-0.1747436,0.002164219,8.376888,5.225346,2.976937
-0.4835531,-0.01690239,0.001041121,8.38986,5.388957,2.989931
-0.4237765,-0.3257545,0.01857441,8.355479,6.448932,2.848357
-0.4284231,-0.3264051,-0.02746648,8.355519,6.550975,2.84842
-0.4771838,-0.1227001,0.008583896,8.378034,6.424978,2.978115
-0.4959278,-0.1489393,-0.01104473,8.377643,6.57531,2.977754
-0.4336013,-0.3079606,0.02856784,8.355725,6.649004,2.84915
-0.4275332,-0.3045169,-0.02508753,8.355869,6.750978,2.849581
-0.4778673,-0.1165533,0.003063055,8.378213,6.624849,2.978312
-0.4804843,-0.1254291,-0.003298248,8.37865,6.775022,2.978772
-0.480334,-0.1117811,0.00219227,8.378672,7.024965,2.978793
-0.4804379,-0.1082916,-0.002467398,8.378672,7.175034,2.978794
-0.4915454,-0.01007992,-0.0002506287,8.38937,8.412474,2.989435
-0.5058261,-0.01480687,-0.002022602,8.390314,8.588591,2.990405
-0.4733872,-0.07513552,0.002841957,8.377336,8.625311,2.977404
-0.4966569,-0.01723888,-0.003429432,8.389771,8.787338,2.989869
-0.4884937,-0.05827074,-0.004202797,8.389756,8.812686,2.989852
-0.4903099,-0.01023836,-0.001390268,8.389656,8.987343,2.989742
-0.4917589,-0.01616123,-0.0002453982,8.389495,9.012489,2.989576
-0.4736257,-0.0325332,-0.003261437,8.37808,9.17493,2.978166
-0.470473,-0.03198373,-0.0017528,8.378308,9.22496,2.9784
-0.4919538,-0.01084581,-0.001869301,8.389693,9.387363,2.98979
-0.4889852,-0.01580046,-0.001919981,8.389511,9.412498,2.9896
-0.4382841,0.003590377,-0.0001604937,8.377634,9.574988,2.977705
-0.5066545,0.02226123,0.06102147,8.377229,9.624677,2.977318
-0.4821867,0.003832014,-0.008737991,8.389321,9.787732,2.989385
-0.416155,-0.02948835,0.006959878,8.379216,9.827985,2.824586
-0.4494055,0.0002152941,-0.0008273446,8.389287,9.812824,2.989354
-0.4324702,-0.4887409,0.0489626,8.354853,5.449033,2.846544
-0.4232005,-0.449506,-0.01998777,8.355081,5.551021,2.84704
-0.4944458,-0.2155953,0.01505253,8.376252,5.425015,2.976283
-0.5378027,-0.04276788,-0.01093933,8.390138,5.588821,2.990225
-0.4235849,-0.4135984,0.01980423,8.355436,5.649063,2.848301
-0.4299574,-0.4197398,-0.03243802,8.355746,5.750978,2.849178
-0.443164,-0.1555689,-0.003268421,8.377428,5.625207,2.97751
-0.479277,-0.1711873,-0.004556397,8.37858,5.77501,2.978693
-0.4254388,-0.3958853,0.01792442,8.355764,5.849026,2.84923
-0.4287922,-0.4042252,-0.02848702,8.355535,5.95098,2.848563
-0.4786907,-0.160085,0.00321279,8.378584,5.824988,2.978698
-0.4845403,-0.1611256,0.01133775,8.377606,5.974738,2.977707
-0.4288361,-0.3868691,0.0216054,8.355298,6.049006,2.847744
-0.4285985,-0.3791647,-0.02075481,8.355109,6.150952,2.84723
-0.4866652,-0.01455398,-0.001517529,8.390443,6.01135,2.990552
-0.4932567,-0.03735655,-0.0042012,8.389658,6.187345,2.989745
-0.4287767,-0.353977,0.02980489,8.355135,6.249035,2.847186
-0.4259223,-0.3458576,-0.02858969,8.355368,6.351052,2.84804
-0.4890391,-0.03085917,0.000416494,8.389496,6.212491,2.989577
-0.4714902,-0.1304778,-0.003030801,8.37799,6.374986,2.978066
-0.4259386,-0.2827058,0.01863813,8.355905,6.848994,2.849731
-0.4300866,-0.2870373,-0.02644547,8.355914,6.950995,2.849778
-0.4804245,-0.1180928,0.001796543,8.378664,6.824962,2.978786
-0.4799284,-0.1179315,-0.002931402,8.378672,6.975034,2.978793
-0.4809946,-0.1034368,0.002209656,8.378671,7.224965,2.978798
-0.4798209,-0.1011064,-0.002325254,8.37867,7.375035,2.978799
-0.4806859,-0.09696461,0.002311032,8.378668,7.424967,2.978796
-0.4805648,-0.08915632,-0.002216297,8.378614,7.575067,2.978732
-0.4815622,-0.08804697,0.004609209,8.378513,7.625053,2.978622
-0.5138102,-0.02072158,-0.00471517,8.390484,7.788672,2.990604
-0.4771156,-0.107255,0.002050849,8.377634,7.825301,2.977751
-0.4796078,-0.06670123,0.001298436,8.378135,7.975125,2.978234
-0.4831304,-0.07468269,0.01748703,8.377575,8.024702,2.977682
-0.486211,-0.05934671,0.00437785,8.377046,8.174673,2.977115
-0.4870471,-0.0360427,-0.005206769,8.390267,8.211381,2.990356
-0.4895507,-0.008871288,-0.0003982181,8.38937,8.387525,2.989435
-0.4861144,-0.03992903,0.002373483,8.389336,5.112486,0.01059276
-0.4923059,-0.240074,0.00214558,8.378209,5.175705,0.07596444
-0.4701924,-0.2011947,0.007671786,8.37817,5.12481,0.07576234
-0.4972542,-0.03530329,0.001803505,8.389338,5.287519,0.01059841
-0.478669,-0.2275075,-0.04777498,8.378222,5.22442,0.07599487
-0.4660673,-0.1630251,0.007281785,8.378285,5.275483,0.07608443
-0.4871713,-0.03339222,0.001911533,8.389338,5.312485,0.01059871
-0.4903209,-0.2149902,-0.0002217983,8.378243,5.37564,0.07604331
-0.4705356,-0.1777125,0.0076546,8.378289,5.324561,0.07609261
-0.4972047,-0.02668873,0.001486847,8.389338,5.487518,0.01060008
-0.4793316,-0.1994913,-0.03436642,8.378244,5.424382,0.0760447
-0.4650325,-0.1596406,-0.0002896198,8.378294,5.475465,0.07610546
-0.4882285,-0.02580408,0.00198158,8.389338,5.512483,0.01060011
-0.4908997,-0.1960537,0.003127125,8.378245,5.575634,0.07604839
-0.4694405,-0.1605275,0.007663711,8.378294,5.524549,0.07610618
-0.4969371,-0.02398732,0.001470631,8.389337,5.687518,0.01059836
-0.4843232,-0.1883765,-0.04456586,8.378245,5.624376,0.07604876
-0.4654625,-0.143636,0.0008347761,8.378296,5.675461,0.07611161
-0.4886755,-0.0233228,0.001885671,8.389338,5.712483,0.01059994
-0.4893747,-0.1819071,0.003430865,8.378245,5.775631,0.07604874
-0.4686004,-0.1480821,0.008002455,8.378295,5.724545,0.07610794
-0.4965692,-0.02125824,0.00134508,8.389338,5.887517,0.01059988
-0.4855148,-0.1753813,-0.04235281,8.378245,5.824373,0.07604848
-0.4661143,-0.1348182,-0.00125601,8.378295,5.875459,0.07610738
-0.4890351,-0.02078216,0.002052997,8.389338,5.912483,0.01059987
-0.488586,-0.1703196,0.003673048,8.378246,5.975629,0.07605012
-0.4677276,-0.1372173,0.007872866,8.378295,5.924543,0.07610747
-0.4962892,-0.01954375,0.001196651,8.389337,6.087518,0.01059772
-0.4854356,-0.1641217,-0.04141058,8.378245,6.024372,0.07605516
-0.4669013,-0.1263224,-0.002270168,8.378294,6.075458,0.07611391
-0.4892976,-0.01910386,0.002168026,8.389338,6.112483,0.01059969
-0.4874466,-0.1602525,0.004589182,8.378245,6.175629,0.076049
-0.467083,-0.1274872,0.007912891,8.378296,6.124543,0.07610864
-0.4960174,-0.01801938,0.001093706,8.389338,6.287517,0.01059982
-0.4847527,-0.1534475,-0.039528,8.378245,6.224372,0.0760487
-0.4679029,-0.1185592,-0.003558124,8.378294,6.275458,0.0761074
-0.4895934,-0.01756102,0.002373827,8.389338,6.312483,0.01059982
-0.4866514,-0.1506522,0.0048965,8.378245,6.375629,0.07604877
-0.4664335,-0.1185161,0.007735723,8.378294,6.324542,0.07610741
-0.4958264,-0.0167341,0.0009331451,8.389338,6.487517,0.01059983
-0.4841329,-0.1438173,-0.03787447,8.378245,6.424371,0.0760488
-0.468764,-0.1113209,-0.004515165,8.378294,6.475458,0.07610751
-0.4899085,-0.01635735,0.002560489,8.389338,6.512483,0.01059983
-0.4856062,-0.1419893,0.005090447,8.378245,6.575629,0.0760489
-0.4658374,-0.1100707,0.00750186,8.378294,6.524542,0.07610754
-0.4958162,-0.01534486,0.0006424893,8.389338,6.687517,0.01059983
-0.4818073,-0.1336153,-0.03393462,8.378245,6.624371,0.07604893
-0.4697136,-0.1041097,-0.005409648,8.378294,6.675458,0.07610762
-0.4905264,-0.01526924,0.002549927,8.389338,6.712483,0.01059983
-0.4853131,-0.1327504,0.005100475,8.378245,6.775629,0.07604894
-0.4652069,-0.1019712,0.007094728,8.378294,6.724542,0.07610764
-0.4956162,-0.01439111,0.0004555041,8.389338,6.887517,0.01059983
-0.4826487,-0.1254816,-0.03424392,8.378245,6.824371,0.07604895
-0.4705674,-0.09763399,-0.006032212,8.378294,6.875458,0.07610767
-0.49097,-0.01444846,0.002383673,8.389338,6.912483,0.01059983
-0.4834287,-0.1259998,0.005010511,8.378245,6.975629,0.07604894
-0.4650473,-0.09438236,0.006548956,8.378294,6.924542,0.07610767
-0.4954183,-0.0130343,0.0001776794,8.389338,7.087517,0.01059982
-0.4745902,-0.1124004,-0.02367921,8.378245,7.024371,0.07604891
-0.47234,-0.08972458,-0.007218831,8.378294,7.075458,0.07610755
-0.4915393,-0.01322517,0.002216253,8.389338,7.112483,0.01059982
-0.4839445,-0.1166435,0.005100936,8.378245,7.175628,0.07604841
-0.4652315,-0.08729017,0.005370152,8.378294,7.124542,0.07610743
-0.4950416,-0.01206669,0.0001314796,8.389338,7.287517,0.01059954
-0.4803883,-0.1080719,-0.0289876,8.378245,7.224371,0.07604761
-0.4723799,-0.08422741,-0.00702426,8.378296,7.275457,0.07610339
-0.4915931,-0.01266869,0.002279707,8.389338,7.312483,0.01059921
-0.4835415,-0.1104326,0.004843673,8.37826,7.375627,0.07600786
-0.4650453,-0.08103071,0.005730155,8.378299,7.324539,0.07609575
-0.5277842,-0.01215794,-0.005668912,8.389816,7.488935,0.01011599
-0.4815385,-0.1067209,-0.02596959,8.378317,7.424435,0.07591292
-0.4789127,-0.08535803,-0.003258811,8.378609,7.475976,0.07564682
-0.4798128,-0.09814761,-0.009670467,8.376195,7.525008,0.02378458
-0.4779497,-0.09743594,0.01341225,8.378544,7.575187,0.07556808
-0.463094,-0.08816233,0.009592699,8.378151,7.524605,0.07666745
-0.4944205,-0.01010206,-0.0003313198,8.389341,7.687519,0.01059624
-0.4707183,-0.08615987,-0.01449245,8.378309,7.624318,0.07589583
-0.4755317,-0.06802862,-0.008888658,8.378308,7.675457,0.07606534
-0.4924708,-0.01019669,0.001921663,8.389339,7.712483,0.01059827
-0.4825429,-0.09204938,0.002550268,8.378246,7.775629,0.07604506
-0.4655897,-0.06554694,0.003207832,8.378298,7.724544,0.07609489
-0.4946239,-0.008451423,-0.0004434187,8.389338,7.887517,0.01059981
-0.4769325,-0.08185343,-0.02217313,8.378245,7.824372,0.07604747
-0.4755171,-0.06297707,-0.01029631,8.378294,7.875458,0.07610705
-0.4931961,-0.008456541,0.00100103,8.389338,7.912483,0.01059982
-0.4825435,-0.08411802,0.000879648,8.378245,7.975628,0.07604875
-0.4665185,-0.05934238,0.002028257,8.378294,7.924542,0.0761074
-0.494407,-0.007588539,-0.0004833528,8.389338,8.087517,0.01059983
-0.4820218,-0.07709119,-0.02776311,8.378245,8.024371,0.07604881
-0.4754475,-0.05738299,-0.01112454,8.378294,8.075457,0.07610753
-0.4934466,-0.007163502,0.0003803947,8.389338,8.112483,0.01059983
-0.4821921,-0.0773043,-0.000936416,8.378245,8.175628,0.07604879
-0.4667267,-0.05265302,0.001470528,8.378294,8.124542,0.07610756
-0.4941724,-0.006329885,-0.0005503019,8.389338,8.287517,0.01059985
-0.4816487,-0.06977087,-0.02721158,8.378245,8.224371,0.0760489
-0.4755612,-0.05103287,-0.01245453,8.378294,8.275457,0.07610743
-0.4936039,-0.006299552,0.0002922664,8.389338,8.312483,0.01059981
-0.4822827,-0.06867109,-0.00250603,8.378246,8.375626,0.07605004
-0.4665788,-0.04625974,0.0009077644,8.378295,8.324541,0.07610762
-0.4939143,-0.005783677,-0.000341098,8.389337,8.487517,0.01059773
-0.483731,-0.06193368,-0.02864127,8.378244,8.42437,0.07605527
-0.4759526,-0.04533341,-0.01341781,8.378294,8.475455,0.07611371
-0.4935955,-0.0055368,0.0002764038,8.389338,8.512483,0.01059966
-0.48212,-0.06241082,-0.003516326,8.378245,8.575625,0.07604834
-0.4662009,-0.03999985,0.0009421183,8.378295,8.52454,0.07610849
-0.4936339,-0.00461084,-7.079482e-05,8.389338,8.687517,0.01059983
-0.4830743,-0.05554088,-0.02756805,8.378245,8.624367,0.07604839
-0.4764569,-0.03987902,-0.01454774,8.378294,8.675453,0.07610665
-0.493565,-0.004834281,0.0002433796,8.389338,8.712482,0.01059983
-0.4811432,-0.05159374,-0.005928531,8.378244,8.775622,0.0760475
-0.4656402,-0.03411009,1.717938e-05,8.378294,8.724537,0.07610673
-0.4932479,-0.003966793,0.0006196372,8.389338,8.887516,0.0105998
-0.483886,-0.04617918,-0.02776947,8.378245,8.824363,0.07604787
-0.4775259,-0.03593241,-0.01513654,8.378294,8.875449,0.0761061
-0.4929113,-0.004139076,0.0004311595,8.389338,8.912482,0.01059984
-0.4813265,-0.04707397,-0.006334366,8.378244,8.975615,0.07604637
-0.4647727,-0.02784618,-0.0003753704,8.378294,8.924532,0.07610596
-0.4923234,-0.003137872,-0.0002647787,8.389337,9.087516,0.0105996
-0.4808157,-0.04334012,-0.028541,8.378244,9.024357,0.07604662
-0.4762185,-0.02934385,-0.01764912,8.378293,9.075442,0.07610434
-0.4930493,-0.002942043,0.0002909759,8.389337,9.112481,0.01059966
-0.4764752,-0.02839692,-0.01106414,8.378242,9.175606,0.07604272
-0.4635954,-0.02075491,-0.002803477,8.378293,9.124524,0.07610351
-0.4925787,-0.004127229,-0.0005748505,8.389337,9.287514,0.01059812
-0.4779954,-0.0274586,-0.03015449,8.378242,9.224347,0.07604191
-0.4764539,-0.02092353,-0.02384837,8.378287,9.275427,0.07609177
-0.4920312,-0.004499415,-0.0003181408,8.389337,9.312479,0.01059794
-0.4747238,-0.01230998,-0.01259958,8.378219,9.375569,0.07599904
-0.4603217,-0.0161995,-0.004730547,8.378283,9.324505,0.07608503
-0.4913571,-0.006663951,-0.0008026173,8.389336,9.487513,0.01059145
-0.4775932,-0.01947155,-0.03536736,8.378205,9.424287,0.07597734
-0.4777053,-0.01902149,-0.0256111,8.378163,9.475188,0.07578057
-0.4931164,-0.006570348,-0.006174742,8.389337,9.512479,0.01059284
-0.4845724,-0.006019866,-0.01751664,8.378034,9.575179,0.0754402
-0.4790223,-0.01632516,-0.01797405,8.378113,9.524139,0.07558135
-0.4899916,-0.0004965506,-0.0004098522,8.389333,9.687529,0.0105888
-0.4910411,-0.01552809,-0.0294445,8.378049,9.624074,0.07556647
-0.4875291,-0.01557257,-0.02579889,8.377963,9.675141,0.07544325
-0.4575358,-0.0003981293,0.002066027,8.389334,9.712498,0.01058837
-0.4834798,0.01154248,-0.0122495,8.377024,9.774816,0.07370223
-0.4533143,0.001901313,0.0037437,8.377771,9.724256,0.07512875
-0.4306298,-0.001666221,0.001587642,8.388221,9.888182,0.01177303
-0.4538213,0.008967626,-0.01022539,8.377058,9.825529,0.07436761
-0.485905,-0.003926446,-0.02492127,8.389337,9.889277,0.08720713
-0.4818276,0.01247886,-0.01144326,8.377023,9.826192,0.1251155
-0.4830736,-0.008567913,0.002881103,8.389358,9.889334,0.1874994
-0.4531598,-0.0019794,-0.0006536032,8.389356,9.889313,0.1123126
-0.4538144,-0.002190127,8.770301e-05,8.38937,9.88933,0.2124701
-0.4589739,-0.01162979,-0.006718355,8.377963,9.824784,0.2754873
-0.4875753,-0.008619854,-0.02022925,8.38938,9.88933,0.2875119
-0.4663697,-0.01223082,7.523629e-05,8.377985,9.824793,0.3245059
-0.4870739,-0.007898332,-0.001926281,8.389375,9.889331,0.3875144
-0.4538763,-0.002275333,-0.0003068289,8.389381,9.88933,0.3124828
-0.4545653,-0.002722027,-0.0001801449,8.389359,9.889335,0.4124813
-0.4626384,-0.01346872,0.0002625626,8.378023,9.824777,0.4755093
-0.4873187,-0.0101329,0.01411395,8.389354,9.889339,0.4875154
-0.467556,-0.01051037,0.002809342,8.378026,9.824779,0.5245016
-0.4857575,-0.01060661,0.007780055,8.389355,9.889339,0.5875159
-0.4667355,-0.006840459,-0.003166851,8.389354,9.889339,0.5124811
-0.4670992,-0.007361291,-0.003207347,8.389355,9.889339,0.6124817
-0.4673656,-0.009785639,-0.0006909013,8.378034,9.82478,0.6755079
-0.4858025,-0.01106231,0.01728769,8.389357,9.889338,0.6875165
-0.471573,-0.007711043,0.002079033,8.378034,9.824781,0.7245004
-0.4900513,-0.01629513,0.03588608,8.389367,9.889332,0.7875168
-0.4699793,-0.00848895,-0.00536349,8.389358,9.889337,0.7124824
-0.4893116,-0.01512134,-0.04249437,8.389383,9.889327,0.8124841
-0.4735276,-0.00704799,0.0003392321,8.378044,9.82477,0.8755071
-0.4703888,-0.008697644,0.004985483,8.38942,9.889335,0.8875166
-0.4815028,0.0009683957,0.005525989,8.378042,9.824779,0.9244952
-0.4574518,-0.004896897,0.001104022,8.38937,9.889352,0.9875193
-0.4860657,-0.01109849,-0.02537099,8.389416,9.889337,0.9124799
-0.4845586,-0.01112931,-0.003670184,8.389352,9.889361,1.012483
-0.4716591,-0.01033738,-0.0003167196,8.37804,9.82481,1.075506
-0.4676786,-0.008799768,0.005274625,8.389359,9.889373,1.087515
-0.4830332,0.006464195,0.007132061,8.378037,9.824799,1.124497
-0.4683059,-0.008832143,0.005980666,8.389355,9.88934,1.187517
-0.4850754,-0.01097486,-0.01338363,8.389349,9.889363,1.112482
-0.4851312,-0.01200377,-0.01846019,8.389356,9.889339,1.212483
-0.476349,-0.005616743,0.001601679,8.378035,9.824777,1.275505
-0.4650431,-0.008189368,0.003357466,8.389357,9.889339,1.287517
-0.4819115,0.003844774,0.008180167,8.378035,9.824777,1.324496
-0.4678924,-0.009048528,0.005994164,8.389357,9.889338,1.387517
-0.484562,-0.01086706,-0.009178864,8.389357,9.889339,1.312483
-0.4915737,-0.01608576,0.01300726,8.389357,9.889339,1.412483
-0.4812558,0.00429627,-2.656681e-05,8.378035,9.82478,1.475504
-0.4890978,-0.01591959,0.03618883,8.389356,9.88934,1.487517
-0.4793683,0.003140589,0.002001873,8.378034,9.824786,1.524496
-0.4662254,-0.008847442,0.004606291,8.38935,9.889361,1.587518
-0.4888416,-0.01528714,-0.04063603,8.389355,9.88934,1.512483
-0.4844514,-0.01127457,-0.008702653,8.389359,9.889371,1.612485
-0.4794837,-0.0006412124,-0.001612061,8.378036,9.824798,1.675503
-0.493017,-0.01684701,-0.01816911,8.389353,9.889348,1.687518
-0.4790153,-0.002002777,-0.002243983,8.378035,9.824785,1.724496
-0.4848481,-0.0116243,0.01659327,8.389356,9.88934,1.787517
-0.4665329,-0.008503352,-0.004523237,8.389354,9.889343,1.712483
-0.4693861,-0.009033286,-0.007292522,8.389355,9.889341,1.812483
-0.4839212,0.007304869,-0.006652715,8.378038,9.824801,1.875503
-0.4851336,-0.01126028,0.01810326,8.389349,9.889363,1.887518
-0.4700363,-0.01206286,-9.984454e-05,8.378042,9.824815,1.924492
-0.4880647,-0.01561812,0.04075032,8.389353,9.889352,1.987517
-0.4693081,-0.009129048,-0.00657924,8.389359,9.889373,1.912485
-0.4887305,-0.01575872,-0.03391766,8.389354,9.889352,2.012481
-0.4850633,0.001692205,-0.01688166,8.378091,9.82496,2.075477
-0.4666862,-0.007672688,0.002303472,8.389389,9.889389,2.087501
-0.4629623,-0.01792311,-0.00328485,8.378221,9.825266,2.124503
-0.466986,-0.001242614,0.0009519331,8.390187,9.890129,2.18882
-0.4839554,-0.009184368,-0.004883631,8.389425,9.889405,2.112453
-0.5003538,0.02792073,-0.07946028,8.377576,9.877438,2.225215
-0.4711816,-0.06521821,0.01399621,8.379583,9.827749,2.275508
-0.4017595,-0.01004757,-0.02924668,8.378319,9.878175,2.274891
-0.4605768,-0.04625487,0.001092564,8.37984,9.828413,2.324374
-0.3576539,-0.006153101,-0.0007977325,8.378791,9.878634,2.374985
-0.4345854,-0.001281173,-0.07608955,8.378676,9.878519,2.324887
-0.4220219,-0.01901479,-0.02607012,8.3788,9.87868,2.424965
-0.4691306,-0.1050437,-0.009740939,8.379923,9.828847,2.475528
-0.3566186,-0.00637451,0.0001404841,8.378782,9.878681,2.47502
-0.4698696,-0.04723172,0.001674379,8.379916,9.828871,2.524444
-0.3583758,-0.006626154,0.0005676699,8.378751,9.878692,2.575034
-0.4356356,-0.01257369,0.003624275,8.378758,9.878693,2.524991
-0.4452674,-0.003224159,0.0281584,8.378767,9.87868,2.625003
-0.4720754,-0.1123363,-0.01548505,8.379893,9.828832,2.675597
-0.3554009,-0.005672374,0.001565658,8.378764,9.878684,2.675064
-0.4628064,-0.04993133,0.004119203,8.379838,9.828721,2.724537
-0.3962824,-0.01613789,0.01334917,8.378566,9.878481,2.775178
-0.4433579,0.003546393,0.0666236,8.378715,9.878637,2.725059
-0.4964472,-0.2426326,-0.01966315,8.378744,5.176247,2.925148
-0.4917515,-0.03335176,-0.00140589,8.38938,5.112464,2.989452
-0.4746835,-0.2113175,-0.01249835,8.378313,5.124858,2.924616
-0.4963025,-0.2275444,-0.01016406,8.378703,5.376116,2.924813
-0.4821569,-0.02048229,0.002033078,8.390082,5.311129,2.990161
-0.4775503,-0.1796676,-0.01142902,8.378889,5.324087,2.92517
-0.4887427,-0.09648698,0.003557143,8.380139,7.024318,2.928302
-0.4767473,-0.08751949,0.003141059,8.378675,7.075005,2.978797
-0.4815164,-0.07303006,-0.0009288733,8.380185,7.075489,2.928275
-0.4810902,-0.05142394,-0.01018687,8.37898,8.775229,2.92572
-0.481932,-0.03956917,0.01151027,8.377279,8.724662,2.977351
-0.4694041,-0.02551271,-0.008582093,8.379059,8.724201,2.925424
-0.4681532,-0.0337747,-0.01026447,8.378922,8.824813,2.925544
-0.4833451,-0.0405329,-0.008451694,8.376933,8.875385,2.976988
-0.4822961,-0.02773473,-0.004242639,8.378821,8.875771,2.92473
-0.4819798,-0.04520678,-0.007770328,8.37882,8.975129,2.925267
-0.4775831,-0.02586671,0.01293125,8.376909,8.92463,2.976962
-0.4667926,-0.0204044,-0.007163102,8.378801,8.924219,2.924667
-0.4655349,-0.03014229,-0.002087979,8.378553,9.024335,2.92485
-0.4623989,-0.001221336,-0.0006248619,8.390141,9.08882,2.99023
-0.4838446,-0.02493732,-0.003152584,8.378982,9.075924,2.925573
-0.4824747,-0.0217309,-9.992671e-05,8.37968,9.175634,2.926891
-0.4790648,-0.03617135,-0.0008797581,8.37741,9.125244,2.977494
-0.4709965,-0.03032003,-0.006687869,8.379154,9.124823,2.925767
-0.4862759,-0.02818394,0.004448068,8.379837,9.224293,2.927296
-0.4682645,-0.006480759,0.002576913,8.378082,9.275099,2.978171
-0.4759142,-0.01628613,0.00990014,8.379732,9.275482,2.926861
-0.477359,-0.01384965,0.005205997,8.378913,9.37517,2.925709
-0.48946,-0.008101799,0.01606563,8.377403,9.324749,2.977498
-0.4596894,-0.01087676,-0.0003333381,8.379142,9.32423,2.92579
-0.4744963,-0.01605427,0.007620797,8.378537,9.42432,2.92502
-0.4613594,-0.0008518026,0.0001304455,8.390122,9.488831,2.990215
-0.4845488,-0.04818221,0.005362327,8.378824,9.475733,2.92579
-0.4686231,-0.0507935,-0.006411166,8.379158,9.575291,2.926507
-0.494217,-0.0367022,0.01932314,8.377264,9.525285,2.977347
-0.4390785,-0.01822096,-0.01392924,8.378853,9.524527,2.925911
-0.395238,0.001412701,-0.01229899,8.378783,9.623864,2.925835
-0.4824481,-0.02427084,-0.004056149,8.389661,9.687403,2.989758
-0.4841337,0.03245638,0.007195031,8.378594,9.674976,2.925936
-0.4849046,0.01137533,0.001576416,8.377256,9.77562,2.926357
-0.4588678,-0.000724865,-0.00138744,8.389457,9.712566,2.989544
-0.4535495,0.00949621,-0.01928615,8.377969,9.724672,2.925342
-0.4682285,0.02909599,0.06706686,8.37822,9.878153,2.825066
-0.4626408,-0.01259036,0.038553,8.377886,9.827974,2.874683
-0.4956374,0.005943061,0.05727944,8.377423,9.877378,2.87507
-0.4596678,-0.0006871902,0.0320464,8.377657,9.826756,2.925264
-0.4313247,-0.001872136,-0.001806633,8.388243,9.888203,2.988248
-0.462934,-0.0005625342,0.0009137676,8.390148,9.890075,2.911514
-0.5248059,-0.3133668,-0.03085834,8.367024,5.162496,0.03291003
-0.4892444,-0.03742854,0.0008507904,8.389337,5.162501,0.01059416
-0.5117693,-0.3814305,-0.00705997,8.363932,5.187853,0.009892108
-0.497855,-0.02688424,0.001665173,8.390091,5.18786,0.03590756
-0.4941313,-0.03088492,0.003081701,8.390112,5.16228,0.0359121
-0.5132362,-0.3169829,-0.05714758,8.367033,5.187515,0.03291469
-0.506876,-0.3965731,-0.004075402,8.363911,5.162264,0.009865195
-0.5133402,-0.2559386,-0.03240792,8.367027,5.237516,0.03291378
-0.5006331,-0.348755,-0.003996124,8.363932,5.212151,0.009892391
-0.4933995,-0.03105123,-7.849226e-05,8.389338,5.237505,0.0105964
-0.5032051,-0.0398782,-0.005965432,8.390091,5.212159,0.03590907
-0.4928825,-0.01970675,0.0006073378,8.390116,5.237745,0.03592838
-0.5153387,-0.3041013,-0.05425464,8.367034,5.212498,0.03291567
-0.506379,-0.3267881,0.001391346,8.363912,5.23774,0.00986619
-0.5263331,-0.2736563,-0.02617166,8.367029,5.362493,0.03291788
-0.4889208,-0.02966506,0.001226084,8.389338,5.362499,0.01059871
-0.5127427,-0.3426685,-0.007628871,8.363934,5.387852,0.009894096
-0.4972342,-0.02316074,0.002174246,8.390092,5.387855,0.03591908
-0.49398,-0.02426107,0.003873686,8.390116,5.362268,0.03593472
-0.5140114,-0.2813817,-0.05759879,8.367037,5.387512,0.03292181
-0.5074001,-0.3560226,-0.002820481,8.363913,5.362263,0.009867427
-0.5155794,-0.222294,-0.03673999,8.36703,5.437513,0.03291908
-0.5004627,-0.3101269,-0.005186971,8.363934,5.41215,0.00989418
-0.4924047,-0.0234966,-0.0003508669,8.389338,5.437503,0.01059924
-0.5020185,-0.03310591,-0.007109946,8.390092,5.412154,0.03591913
-0.4923896,-0.01472458,-0.001341198,8.390117,5.43774,0.0359362
-0.5173489,-0.2690687,-0.05866925,8.367037,5.412494,0.03292196
-0.5086877,-0.2889371,0.00393697,8.363913,5.437739,0.009867685
-0.527326,-0.2445813,-0.02268938,8.36703,5.562491,0.03291974
-0.4885664,-0.02428391,0.002093864,8.389338,5.562498,0.01059947
-0.5142492,-0.3171074,-0.006962378,8.363934,5.587851,0.009894567
-0.4967578,-0.02043543,0.002961853,8.390092,5.587852,0.03592092
-0.4931717,-0.02002542,0.004806115,8.390117,5.562265,0.03593718
-0.5145875,-0.2589442,-0.05656622,8.367038,5.58751,0.03292332
-0.5082458,-0.3243927,-0.001073603,8.363913,5.562262,0.009867808
-0.5145796,-0.1996178,-0.03757708,8.367031,5.637511,0.03292123
-0.5008948,-0.2850832,-0.006010833,8.363934,5.612149,0.009894539
-0.4928262,-0.02104596,-0.0007703548,8.389338,5.637502,0.01059927
-0.5026243,-0.0307029,-0.005540009,8.390092,5.612151,0.03592095
-0.4926425,-0.01288541,-0.002097238,8.390116,5.637738,0.03593741
-0.5173419,-0.2481266,-0.0588959,8.367038,5.612493,0.03292364
-0.5081415,-0.2608899,0.003047663,8.363914,5.637738,0.009867902
-0.5267465,-0.2255689,-0.0204719,8.36703,5.76249,0.03291993
-0.4883424,-0.02149422,0.00212641,8.389338,5.762498,0.01059933
-0.5143569,-0.2980928,-0.006375897,8.363934,5.787851,0.009894413
-0.4963868,-0.0187666,0.003510141,8.390092,5.787851,0.0359208
-0.4929509,-0.01767028,0.005212633,8.390117,5.762264,0.03593717
-0.5143283,-0.2415128,-0.05574711,8.367038,5.787509,0.03292338
-0.5083749,-0.3015871,0.000167613,8.363913,5.762262,0.009867805
-0.5147364,-0.1831366,-0.03974994,8.36703,5.83751,0.03291975
-0.5010301,-0.2662325,-0.00641518,8.363934,5.812149,0.009894433
-0.4930591,-0.01916396,-0.0008047706,8.389338,5.837502,0.01059928
-0.5025269,-0.02826014,-0.004937197,8.390092,5.81215,0.03592059
-0.492666,-0.01164665,-0.003126824,8.390117,5.837737,0.0359371
-0.5173421,-0.2315454,-0.06006559,8.367038,5.812492,0.03292322
-0.508628,-0.23988,0.003323789,8.363913,5.837738,0.009867818
-0.5267918,-0.2100508,-0.01928941,8.36703,5.96249,0.03292022
-0.4883296,-0.01966241,0.002184377,8.389338,5.962498,0.01059926
-0.5152061,-0.282871,-0.005757634,8.363934,5.987851,0.009894491
-0.4960149,-0.01725888,0.003713078,8.390091,5.987851,0.03592103
-0.4926269,-0.01614358,0.005241205,8.390117,5.962263,0.03593698
-0.514779,-0.2275711,-0.05486383,8.367039,5.987508,0.03292521
-0.5087928,-0.2823364,0.00117251,8.363913,5.962262,0.009867967
-0.5261795,-0.197045,-0.01795594,8.36703,6.16249,0.03291985
-0.4882373,-0.01808278,0.002234274,8.389338,6.162498,0.01059923
-0.5154337,-0.2687983,-0.005036373,8.363934,6.187851,0.009894417
-0.4956868,-0.01580346,0.004159512,8.390092,6.187851,0.03592068
-0.4923463,-0.01483383,0.005575001,8.390117,6.162263,0.03593685
-0.5147374,-0.2150257,-0.05381772,8.367038,6.187509,0.03292329
-0.5088388,-0.2653164,0.002163112,8.363913,6.162262,0.009867881
-0.5150717,-0.1578082,-0.04286573,8.36703,6.23751,0.03291966
-0.5015211,-0.237153,-0.007058102,8.363934,6.212149,0.009894404
-0.493317,-0.01658016,-0.0007742063,8.389338,6.237502,0.01059922
-0.502364,-0.02549504,-0.004537726,8.390092,6.212149,0.03592067
-0.4930752,-0.009667542,-0.004222715,8.390117,6.237737,0.0359368
-0.5167809,-0.2070134,-0.06219004,8.367038,6.212491,0.03292324
-0.5090982,-0.2071067,0.003250416,8.363913,6.237738,0.009867823
-0.5260402,-0.1847507,-0.01720354,8.36703,6.36249,0.03291966
-0.4882798,-0.0168359,0.002226383,8.389338,6.362498,0.01059922
-0.5159552,-0.2554585,-0.004334299,8.363934,6.387851,0.009894401
-0.4953547,-0.01477021,0.004270156,8.390092,6.387851,0.03592068
-0.4920775,-0.01370468,0.005591147,8.390117,6.362263,0.03593681
-0.5151002,-0.2035521,-0.05268536,8.367038,6.387509,0.03292322
-0.5089353,-0.2490148,0.002970952,8.363913,6.362262,0.009867823
-0.5151992,-0.1468329,-0.04462026,8.36703,6.43751,0.03291968
-0.501694,-0.2244222,-0.007058638,8.363934,6.412149,0.009894402
-0.4934598,-0.01555852,-0.0006748374,8.389338,6.437502,0.01059922
-0.5022346,-0.02431406,-0.004432042,8.390092,6.412149,0.03592068
-0.4933039,-0.00890205,-0.004742376,8.390117,6.437737,0.03593681
-0.5164641,-0.1962932,-0.06292765,8.367038,6.412491,0.03292323
-0.5093128,-0.1927702,0.003346736,8.363913,6.437738,0.009867827
-0.5259102,-0.1730233,-0.01666769,8.36703,6.56249,0.03291972
-0.4883564,-0.0157588,0.002208548,8.389338,6.562498,0.01059923
-0.5164075,-0.242694,-0.003623905,8.363934,6.587851,0.009894413
-0.4950544,-0.01379456,0.004334398,8.390092,6.587851,0.0359207
-0.4918577,-0.01265746,0.005555643,8.390117,6.562263,0.03593683
-0.5154049,-0.1926858,-0.05137885,8.367038,6.587509,0.03292328
-0.5089315,-0.2333758,0.003681161,8.363913,6.562262,0.009867835
-0.5151833,-0.1365771,-0.04661359,8.36703,6.63751,0.03291973
-0.5018834,-0.2125462,-0.007079405,8.363934,6.612149,0.009894413
-0.4935667,-0.01457011,-0.0005368232,8.389338,6.637502,0.01059923
-0.5020542,-0.02319968,-0.004552456,8.390092,6.612149,0.0359207
-0.4935957,-0.008220771,-0.005509697,8.390117,6.637737,0.03593683
-0.5160295,-0.1860021,-0.06367604,8.367038,6.612491,0.03292328
-0.5095238,-0.1791818,0.003483803,8.363913,6.637738,0.009867839
-0.5263539,-0.1617258,-0.01664712,8.36703,6.76249,0.0329198
-0.4884774,-0.01471443,0.002181594,8.389338,6.762498,0.01059923
-0.5170189,-0.2293181,-0.002811107,8.363934,6.787851,0.009894421
-0.4947602,-0.01285545,0.00421451,8.390092,6.787851,0.03592071
-0.4915447,-0.01166397,0.005329038,8.390117,6.762263,0.03593684
-0.5157384,-0.1820139,-0.04988047,8.367038,6.787509,0.03292336
-0.5086885,-0.2178979,0.004235066,8.363913,6.762262,0.009867843
-0.5150989,-0.1267617,-0.0474748,8.36703,6.83751,0.0329198
-0.5022372,-0.2010419,-0.00698433,8.363934,6.812149,0.009894421
-0.4936681,-0.01351489,-0.0004990798,8.389338,6.837502,0.01059923
-0.5019759,-0.02187834,-0.004265961,8.390092,6.812149,0.03592071
-0.4939227,-0.007427763,-0.005425036,8.390117,6.837737,0.03593684
-0.515499,-0.1753533,-0.06330895,8.367038,6.812491,0.03292336
-0.5096935,-0.1660669,0.003084087,8.363913,6.837738,0.009867843
-0.5262107,-0.1508777,-0.01639874,8.36703,6.96249,0.0329198
-0.4886114,-0.01383144,0.002131564,8.389338,6.962498,0.01059923
-0.5173553,-0.2172212,-0.001939731,8.363934,6.987851,0.009894421
-0.4945036,-0.01190134,0.004231945,8.390092,6.987851,0.0359207
-0.491392,-0.0107618,0.005267722,8.390117,6.962263,0.03593684
-0.5159145,-0.1719211,-0.04818433,8.367038,6.987509,0.03292336
-0.5085059,-0.2027468,0.004847022,8.363913,6.962262,0.009867843
-0.5151852,-0.1189079,-0.04962432,8.36703,7.03751,0.03291979
-0.5025046,-0.190173,-0.006699161,8.363934,7.012149,0.009894421
-0.4939475,-0.01282775,-0.0001336043,8.389338,7.037502,0.01059923
-0.5016758,-0.02099042,-0.004892874,8.390092,7.012149,0.0359207
-0.4942366,-0.007192871,-0.006608684,8.390117,7.037737,0.03593683
-0.5146972,-0.1658362,-0.06420506,8.367038,7.012491,0.03292336
-0.5101867,-0.1544586,0.003504808,8.363913,7.037738,0.009867814
-0.526785,-0.1390055,-0.01716344,8.36703,7.16249,0.03291965
-0.4888391,-0.01245657,0.002037577,8.389338,7.162498,0.01059921
-0.5181616,-0.2033243,-0.0007800309,8.363934,7.187851,0.009894379
-0.4941911,-0.01088303,0.004184131,8.390092,7.187851,0.03592056
-0.4911591,-0.009360664,0.004836357,8.390117,7.162263,0.03593676
-0.5167274,-0.1608226,-0.04617825,8.367038,7.187509,0.03292309
-0.5084982,-0.1860389,0.005475236,8.363913,7.162262,0.009867788
-0.5147104,-0.1085168,-0.04887758,8.36703,7.23751,0.03291921
-0.5028674,-0.1792485,-0.006421694,8.363934,7.212149,0.00989433
-0.4938981,-0.01148076,-0.0002769975,8.389338,7.237502,0.01059912
-0.5016554,-0.01934604,-0.003880664,8.390092,7.212149,0.03592049
-0.4944618,-0.005951315,-0.005643082,8.390117,7.237737,0.03593655
-0.5140301,-0.1547809,-0.06192633,8.367038,7.212491,0.032923
-0.5099237,-0.1419923,0.002460913,8.363914,7.237738,0.009867772
-0.5231038,-0.1301068,-0.01905306,8.36704,7.362487,0.03290739
-0.4893414,-0.01190428,0.001548068,8.389341,7.362496,0.01059561
-0.5184899,-0.1901817,0.000606074,8.363959,7.387848,0.0098866
-0.4935696,-0.009563093,0.004331984,8.390101,7.387847,0.03589364
-0.4918822,-0.008481239,0.004219818,8.39012,7.362261,0.03592573
-0.5187012,-0.1508256,-0.04473074,8.36706,7.387502,0.03289481
-0.5085364,-0.1727118,0.006368246,8.363923,7.36226,0.009864349
-0.5177776,-0.09747651,-0.05648178,8.367171,7.437486,0.0327898
-0.5045624,-0.1745085,-0.006363864,8.363994,7.41214,0.009871774
-0.4961057,-0.008938182,-0.00131262,8.3894,7.437495,0.01052159
-0.5014403,-0.01918058,-0.00398152,8.390109,7.412148,0.035853
-0.496243,-0.004771254,-0.005896045,8.390162,7.437766,0.03575957
-0.5131885,-0.1500634,-0.06373862,8.367096,7.412476,0.03286547
-0.5136886,-0.1156349,-0.002088516,8.364071,7.437763,0.009797493
-0.4953173,-0.1020126,-0.009454397,8.367693,7.562471,0.03227686
-0.4902234,-0.01036997,0.001276835,8.389819,7.561094,0.01011602
-0.5118217,-0.1763074,0.007366325,8.364321,7.587704,0.009723662
-0.4914521,-0.01671115,0.006862026,8.39026,7.587709,0.03552014
-0.4746443,-0.006053998,-0.00194316,8.390468,7.561723,0.03536001
-0.5145662,-0.1364741,-0.0315143,8.367357,7.587535,0.03259452
-0.4994856,-0.1129006,0.01736763,8.364487,7.561711,0.009501824
-0.5131246,-0.08968819,-0.05221727,8.367081,7.637524,0.03285338
-0.4981371,-0.1471109,-0.002836877,8.364097,7.612128,0.009833951
-0.4935232,-0.01123853,-7.375052e-06,8.389361,7.637514,0.01057664
-0.5001531,-0.01737694,-0.004707052,8.390154,7.612129,0.03574597
-0.4942407,-0.0052257,-0.007006479,8.39014,7.637742,0.03586993
-0.5041934,-0.1266474,-0.05865221,8.367164,7.612513,0.03277985
-0.5086352,-0.1179785,0.003401721,8.363975,7.637745,0.009848104
-0.5288361,-0.106068,-0.0191806,8.367031,7.76249,0.03291816
-0.4899633,-0.009952453,0.002033403,8.389338,7.762498,0.0105989
-0.5194111,-0.1634667,0.002837383,8.363934,7.787851,0.009894211
-0.4935581,-0.009015967,0.002920085,8.390092,7.787851,0.03592014
-0.4905989,-0.007038373,0.003049579,8.390117,7.762263,0.03593572
-0.5176447,-0.1274268,-0.03998047,8.367038,7.787509,0.03292246
-0.5079035,-0.1352346,0.006975212,8.363914,7.762262,0.009867494
-0.514163,-0.08090851,-0.0528707,8.36703,7.83751,0.03291945
-0.5042913,-0.148129,-0.003433028,8.363934,7.812149,0.009894282
-0.4945337,-0.008772969,-0.0003692377,8.389338,7.837502,0.01059917
-0.5007953,-0.01544407,-0.004209685,8.390092,7.812149,0.03592035
-0.4955528,-0.003906097,-0.006286964,8.390117,7.837737,0.03593672
-0.5127033,-0.1217323,-0.05912866,8.367038,7.812491,0.03292279
-0.5100597,-0.1073473,-0.00015558,8.363913,7.837738,0.009867756
-0.5294604,-0.09532703,-0.02104031,8.36703,7.96249,0.0329198
-0.4906523,-0.008930354,0.00192662,8.389338,7.962498,0.01059926
-0.5196387,-0.1490237,0.003508811,8.363934,7.987851,0.009894413
-0.4935393,-0.008084232,0.002335537,8.390092,7.987851,0.03592069
-0.490702,-0.006296427,0.002026366,8.390117,7.962263,0.03593681
-0.5178075,-0.1165121,-0.03871076,8.367038,7.987509,0.03292332
-0.5078344,-0.1189789,0.006587975,8.363913,7.962262,0.009867804
-0.5138302,-0.07175354,-0.05243934,8.36703,8.03751,0.03291977
-0.5052026,-0.1370315,-0.00262043,8.363934,8.012149,0.009894415
-0.4945938,-0.007652896,-0.00066854,8.389338,8.037502,0.01059923
-0.500755,-0.01367262,-0.003832545,8.390092,8.012149,0.03592069
-0.4960122,-0.002916168,-0.005824484,8.390117,8.037737,0.03593682
-0.5130063,-0.1108358,-0.05669555,8.367038,8.012491,0.03292332
-0.5102223,-0.09646284,-0.001478478,8.363913,8.037738,0.009867838
-0.5289784,-0.08520433,-0.02286889,8.36703,8.16249,0.03291976
-0.4911765,-0.008311205,0.00181985,8.389338,8.162498,0.01059922
-0.5198085,-0.1350213,0.004161348,8.363934,8.187851,0.009894411
-0.4933312,-0.007695973,0.001597826,8.390092,8.18785,0.03592056
-0.4911441,-0.005936341,0.001109222,8.390117,8.162263,0.03593685
-0.5186761,-0.1057885,-0.03810989,8.367038,8.187509,0.03292336
-0.5076419,-0.1033294,0.00601649,8.363913,8.162262,0.009867807
-0.5138959,-0.06377392,-0.05318556,8.36703,8.23751,0.03291972
-0.5066155,-0.1245058,-0.001771126,8.363934,8.212149,0.009894411
-0.4946158,-0.006917038,-0.0008668239,8.389338,8.237502,0.01059921
-0.5001792,-0.01264903,-0.004490682,8.390092,8.212149,0.03592071
-0.4962615,-0.002432679,-0.006278753,8.390117,8.237737,0.03593678
-0.513939,-0.1007713,-0.05650549,8.367038,8.212491,0.03292331
-0.5111979,-0.08643366,-0.001896922,8.363913,8.237738,0.009867835
-0.52964,-0.07409491,-0.0245794,8.36703,8.36249,0.03292038
-0.4916606,-0.007174678,0.001932605,8.389338,8.362498,0.01059918
-0.5190467,-0.119296,0.004595606,8.363934,8.387851,0.009894552
-0.4930998,-0.006421248,0.001315042,8.390091,8.38785,0.03592079
-0.4913524,-0.004842456,0.0004691116,8.390117,8.362263,0.03593697
-0.519831,-0.09316175,-0.03775794,8.367039,8.387508,0.03292511
-0.5073241,-0.08807389,0.005290697,8.363913,8.362262,0.009867902
-0.5158572,-0.05642905,-0.05555206,8.367038,8.437508,0.03292877
-0.5084631,-0.1087585,-0.001078864,8.363933,8.412147,0.009892391
-0.4943754,-0.006143491,-0.0009300366,8.389336,8.437501,0.01059274
-0.4991631,-0.01079116,-0.004692065,8.390086,8.412152,0.03591944
-0.4962019,-0.001870943,-0.006326391,8.390102,8.437739,0.03593276
-0.5165878,-0.08907003,-0.05673317,8.367043,8.41249,0.03292958
-0.5130995,-0.07674447,-0.001875212,8.363911,8.437736,0.009861041
-0.5292029,-0.06560968,-0.02598427,8.36703,8.562489,0.03291995
-0.4923548,-0.006566344,0.001401337,8.389338,8.562498,0.01059916
-0.5178198,-0.1056346,0.005430164,8.363934,8.587851,0.009894373
-0.4927165,-0.007134712,-4.903674e-05,8.390092,8.587849,0.0359203
-0.4918835,-0.004954338,-0.0001146609,8.390117,8.562262,0.03593684
-0.5212986,-0.08427857,-0.03686546,8.367038,8.587508,0.03292319
-0.5071423,-0.07307891,0.003965584,8.363913,8.562262,0.009867812
-0.5163249,-0.05024312,-0.05629853,8.36703,8.637509,0.03291967
-0.509474,-0.09491586,-0.0001079278,8.363934,8.612149,0.009894391
-0.4942153,-0.005825419,-0.0009817766,8.389338,8.637502,0.01059915
-0.4985851,-0.01018896,-0.005514904,8.390092,8.612148,0.03592036
-0.496273,-0.001824657,-0.006476783,8.390117,8.637736,0.03593673
-0.5167402,-0.08023795,-0.05604193,8.367038,8.61249,0.03292321
-0.5141736,-0.06841479,-0.001643362,8.363913,8.637738,0.009867742
-0.5293617,-0.05395321,-0.02966029,8.36703,8.762489,0.03291963
-0.492677,-0.005536765,0.0003027728,8.389338,8.762497,0.01059914
-0.5131028,-0.08775654,0.00367026,8.363933,8.787851,0.009894364
-0.4928869,-0.006998049,-0.001286756,8.390092,8.787848,0.03592008
-0.4922861,-0.004052317,-0.001477095,8.390116,8.762261,0.03593656
-0.5221656,-0.07149899,-0.03692848,8.367037,8.787507,0.03292299
-0.5099869,-0.060032,0.004189056,8.363913,8.762261,0.00986776
-0.5165444,-0.0425789,-0.05448917,8.36703,8.837508,0.03291952
-0.5102995,-0.07688353,0.0008870974,8.363933,8.812148,0.009894362
-0.4940678,-0.004920527,-0.0008221161,8.389338,8.837501,0.01059911
-0.4982631,-0.00751036,-0.004831627,8.390092,8.812147,0.03592041
-0.496608,-0.001270536,-0.005444035,8.390117,8.837734,0.03593649
-0.5169464,-0.0671198,-0.05259914,8.367038,8.812489,0.03292319
-0.5148353,-0.05861031,-0.001641913,8.363913,8.837737,0.009867818
-0.5270947,-0.04659326,-0.03267329,8.36703,8.962487,0.0329194
-0.4925154,-0.0052977,-9.097055e-05,8.389338,8.962497,0.0105991
-0.5175552,-0.07816915,0.004501038,8.363933,8.98785,0.009894281
-0.4929397,-0.006978169,-0.001921715,8.390092,8.987845,0.03591971
-0.4924744,-0.004212769,-0.002471571,8.390117,8.962259,0.03593638
-0.5219352,-0.06428941,-0.03761252,8.367037,8.987505,0.03292273
-0.5137553,-0.04796672,0.003755172,8.363913,8.962261,0.009867789
-0.5165701,-0.03694189,-0.05576818,8.36703,9.037506,0.03291923
-0.5112468,-0.06771059,0.0004691232,8.363933,9.012148,0.009894336
-0.4937281,-0.004057512,-0.001219627,8.389338,9.037501,0.01059908
-0.4982077,-0.007894956,-0.005636856,8.390092,9.012144,0.03591997
-0.4970232,-0.001273565,-0.00591326,8.390116,9.037732,0.03593605
-0.5166416,-0.05977439,-0.05370586,8.367038,9.012488,0.03292289
-0.5159164,-0.05094949,-0.002673064,8.363913,9.037737,0.00986769
-0.528037,-0.03154197,-0.04057439,8.367029,9.162484,0.0329184
-0.4923927,-0.005019664,-0.0005788713,8.389338,9.162496,0.0105987
-0.5119477,-0.0526273,-0.00238571,8.363933,9.18785,0.009893957
-0.4941585,-0.004371659,-0.003324218,8.390091,9.18784,0.03591747
-0.4928115,-0.003132974,-0.004683926,8.390116,9.162255,0.03593484
-0.5232802,-0.0428212,-0.04090916,8.367037,9.187502,0.03292134
-0.5206968,-0.03376054,0.004630553,8.363913,9.162261,0.00986742
-0.5189772,-0.02302704,-0.05553728,8.367029,9.237503,0.03291737
-0.5140825,-0.04077738,-0.0006992871,8.363933,9.212148,0.009893918
-0.4933712,-0.002129866,-0.001200326,8.389338,9.237499,0.01059818
-0.4983089,-0.004955209,-0.005322493,8.390091,9.212139,0.03591749
-0.4978835,-0.000214014,-0.005583531,8.390116,9.237727,0.03593314
-0.5189751,-0.04033622,-0.05234765,8.367037,9.212485,0.03292132
-0.5184163,-0.03491571,-0.002919275,8.363913,9.237737,0.009867286
-0.5248467,-0.01823982,-0.04051161,8.367027,9.362481,0.03291541
-0.4918102,-0.007661888,-0.001967634,8.389338,9.362494,0.01059612
-0.5195023,-0.03652057,-0.001344672,8.363933,9.38785,0.009892731
-0.4955427,-0.00835843,-0.002893874,8.39009,9.387834,0.0359083
-0.4942854,-0.00306926,-0.003736662,8.390116,9.362248,0.03592733
-0.5253523,-0.03743335,-0.03877494,8.367034,9.3875,0.03291978
-0.5236532,-0.01622847,9.655413e-05,8.363912,9.362261,0.009866496
-0.5164866,-0.01918537,-0.05105435,8.36703,9.437502,0.03292347
-0.5196548,-0.0276498,-0.006163696,8.363932,9.412146,0.009890527
-0.4921483,-0.004195693,-0.001989609,8.389335,9.437497,0.01058809
-0.4998254,-0.007743344,-0.005211722,8.390085,9.412136,0.035906
-0.4981073,-0.00368793,-0.004227106,8.390097,9.437717,0.03590848
-0.5088473,-0.02838541,-0.04604986,8.367037,9.412481,0.0329237
-0.5158566,-0.02081924,-0.005753263,8.363919,9.437729,0.009862102
-0.514175,-0.01129873,-0.04029496,8.367006,9.56249,0.03291808
-0.4922986,-0.00352626,-0.001671114,8.389337,9.562496,0.01059061
-0.5112103,-0.01180047,0.003922869,8.363974,9.587822,0.009903717
-0.4932051,0.005497878,0.004594762,8.390075,9.58781,0.03584525
-0.4936891,-0.0001878713,0.0005020008,8.390101,9.56222,0.03586369
-0.5259367,0.004452229,-0.04637551,8.367007,9.58752,0.03292462
-0.5247657,-0.002383026,0.0036925,8.363956,9.56223,0.009876763
-0.5069917,0.001124665,-0.05224787,8.366993,9.637538,0.03293077
-0.4809056,-0.001989205,0.0008353422,8.363964,9.612132,0.009901155
-0.4928496,-0.01569415,-0.0001325354,8.389336,9.637504,0.01058764
-0.4973356,-0.003909205,0.01641076,8.390077,9.612123,0.03585301
-0.4982569,0.004573209,0.002279239,8.390095,9.637713,0.0358651
-0.5251666,-0.008545109,-0.03788942,8.367006,9.612503,0.03292521
-0.5176548,-0.01042244,-0.001006788,8.363946,9.637721,0.009877534
-0.5152866,0.01062577,-0.02934185,8.366863,9.762807,0.03305304
-0.4552078,0.0005223427,0.002999502,8.389331,9.762549,0.01059153
-0.5106163,0.01660789,0.006073508,8.364241,9.787953,0.01006486
-0.4951884,0.00106247,0.007330591,8.3899,9.787954,0.03557032
-0.4971312,0.002014616,0.0401077,8.389984,9.762225,0.03561122
-0.5225248,0.007896385,-0.04867255,8.36674,9.788141,0.03318484
-0.4544068,0.004930918,0.0007023634,8.364196,9.762226,0.009983802
-0.5339631,-0.008760873,-0.06363656,8.366314,9.839597,0.0336113
-0.4804984,0.005064121,-0.000227126,8.36419,9.812596,0.01013495
-0.4957239,0.03913918,0.01145582,8.389177,9.838036,0.01073599
-0.4952825,-0.004410799,0.02607725,8.389827,9.812597,0.03562646
-0.4941739,-0.01274004,0.005993809,8.389524,9.83833,0.03520501
-0.5326266,0.01439387,-0.04938313,8.366602,9.813593,0.03332517
-0.5467389,0.02115952,0.01369535,8.364624,9.838334,0.01042986
-0.5380051,-0.3307579,0.01940366,8.367619,5.162417,2.967718
-0.5406895,-0.0525026,-0.01074879,8.390682,5.188358,2.965318
-0.5090192,-0.04461989,-0.0001500693,8.389636,5.162667,2.989722
-0.4790256,-0.242562,-0.01110633,8.36512,5.188383,2.990719
-0.4981694,-0.03531478,-0.001259497,8.390379,5.162367,2.96481
-0.5446629,-0.3530677,0.02472657,8.368268,5.187475,2.96833
-0.5047631,-0.3203109,0.006637852,8.364594,5.162364,2.990407
-0.4827889,-0.2275735,-0.003950053,8.378693,5.224743,2.92468
-0.4784985,-0.1704075,0.00418132,8.376902,5.274628,2.97695
-0.4695648,-0.165531,-0.007291083,8.37877,5.275147,2.924635
-0.5358577,-0.2725752,0.01696528,8.367615,5.362522,2.967703
-0.5354344,-0.0395736,-0.05988479,8.390494,5.388441,2.964799
-0.4983533,-0.05287072,-0.003288892,8.389642,5.362768,2.989725
-0.456131,-0.2175342,0.00470571,8.364626,5.388448,2.990524
-0.5587975,-0.292359,0.007200498,8.367828,5.387557,2.967872
-0.493743,-0.02912838,-0.003842655,8.39039,5.362421,2.964799
-0.4985912,-0.2934493,0.003368985,8.364604,5.362427,2.990413
-0.4884908,-0.1381002,-0.02349552,8.379315,6.575868,2.926408
-0.4860168,-0.0223086,-0.002676683,8.39048,6.511325,2.990603
-0.4759363,-0.09584969,-0.01587541,8.379591,6.524454,2.926998
-0.4878637,-0.1088206,0.003885788,8.37981,6.624281,2.927289
-0.4782495,-0.1051183,0.001380678,8.378512,6.674916,2.978629
-0.4802225,-0.08691023,-0.004189892,8.380044,6.675435,2.92785
-0.4834997,-0.1196784,-0.01495581,8.38011,6.77567,2.928227
-0.4781728,-0.1070521,-8.497296e-05,8.378613,6.724963,2.978739
-0.4775933,-0.09149425,-0.0163211,8.380117,6.724476,2.928091
-0.4837446,-0.1034512,-0.01313657,8.380138,7.175682,2.928302
-0.4791598,-0.09279745,0.0008643615,8.378675,7.124995,2.978797
-0.4780371,-0.07669615,-0.01543483,8.380185,7.124511,2.928275
-0.4649902,-0.05310537,0.001717486,8.378354,8.424428,2.92422
-0.5094391,-0.003075744,0.00234694,8.389838,8.48893,2.989907
-0.4843543,-0.04893814,0.004329188,8.378669,8.475955,2.924568
-0.4792477,-0.06311629,-0.01041255,8.379159,8.575677,2.925841
-0.4787253,-0.06705048,0.009033757,8.376412,8.524931,2.976456
-0.4634484,-0.0554164,-0.00914406,8.378343,8.524631,2.923874
-0.4964198,-0.04829669,0.02361318,8.368565,8.762553,2.968651
-0.4933994,-0.006085815,-0.007077615,8.390474,8.787791,2.965255
-0.4911049,-0.01101215,-0.003031217,8.39016,8.761177,2.990249
-0.5355431,-0.09657751,-0.01958884,8.365028,8.78778,2.990507
-0.4889969,-0.005025735,0.0009376252,8.390782,8.761824,2.965685
-0.5140127,-0.03061067,-0.01647023,8.365457,8.761783,2.990828
-0.5145672,-0.0656189,0.02829383,8.367979,8.787559,2.968079
-0.5170165,-0.03853791,0.02565936,8.368415,8.837499,2.968492
-0.4938472,-0.01064603,-0.001155876,8.390463,8.812237,2.9652
-0.5030525,-0.08867573,-0.006329975,8.364977,8.812254,2.990495
-0.4630263,-0.001288696,-0.0007022335,8.390112,8.838856,2.990197
-0.5101964,-0.06315899,0.06421167,8.367935,8.812478,2.968033
-0.5005066,5.303183e-05,-0.03083829,8.390746,8.838224,2.965485
-0.4428358,-0.05016146,-0.005165104,8.365274,8.838266,2.990789
-0.5036962,-0.04061956,0.02177239,8.368311,8.962522,2.968381
-0.4920505,-0.005548072,-0.005044038,8.390376,8.98776,2.964896
-0.4868477,-0.01200586,-0.002941813,8.390073,8.961162,2.990152
-0.5136387,-0.07752251,-0.01293761,8.364696,8.98775,2.9904
-0.4906324,-0.005607845,-0.002752187,8.390713,8.961784,2.965355
-0.5135267,-0.05481236,0.02693756,8.367706,8.987564,2.967793
-0.5079479,-0.01908114,-0.01267691,8.365158,8.96175,2.990751
-0.5131417,-0.0350285,0.05655431,8.367473,9.037456,2.967576
-0.4953283,-0.009987689,0.005191806,8.39024,9.012128,2.964592
-0.5096337,-0.06886767,-0.005032555,8.364397,9.012131,2.990262
-0.4932214,-0.005309419,-0.0001629989,8.389507,9.037478,2.98959
-0.5124274,-0.06262808,0.06087871,8.367446,9.012505,2.967535
-0.4961857,-0.001052293,0.002046687,8.390274,9.037732,2.964619
-0.5318843,-0.05077516,-0.01050241,8.364414,9.037736,2.990299
-0.5223937,-0.01698402,0.03061568,8.368549,9.362593,2.968648
-0.4918769,-0.006599319,0.0002188242,8.390405,9.387784,2.96506
-0.4894298,-0.006861912,-0.003350182,8.390146,9.361202,2.990239
-0.5215321,-0.03785799,-0.009286839,8.364829,9.387786,2.990437
-0.4915724,-0.006055894,-0.001258744,8.390767,9.361842,2.965688
-0.520979,-0.02852624,0.03509203,8.367821,9.387601,2.96793
-0.5164645,-0.001092697,-0.006942098,8.365446,9.361816,2.990815
-0.5217059,-0.02594694,0.06014491,8.367475,9.437473,2.967593
-0.4929121,-0.007624381,0.007496553,8.390252,9.412135,2.964674
-0.5111038,-0.02955715,-0.001845744,8.364455,9.41215,2.99028
-0.4927041,-0.005080506,-0.0008714062,8.38951,9.437482,2.989599
-0.5219985,-0.03648514,0.05996755,8.367494,9.412528,2.967601
-0.492653,-0.001513604,0.00527905,8.390273,9.437727,2.964654
-0.5387018,-0.03447067,-0.01277872,8.364431,9.437742,2.990302
-0.5175377,0.01541762,0.02795338,8.366958,9.762983,2.967036
-0.492876,-0.003789759,-0.008339518,8.389945,9.78825,2.964394
-0.4559427,0.000158969,-0.002578873,8.389353,9.762606,2.989427
-0.5112093,0.003954011,-0.005268734,8.364278,9.788012,2.989946
-0.4922621,0.002900487,-0.03127028,8.390014,9.762416,2.964459
-0.5261831,-0.005310592,0.04156503,8.366825,9.788359,2.966859
-0.4764254,0.01112844,-0.001682273,8.364268,9.762279,2.990037
-0.5400519,-0.008075886,0.07695013,8.366456,9.839827,2.966426
-0.4954953,-0.007547483,-0.01371606,8.38988,9.812941,2.964299
-0.4971285,0.001157924,0.006103114,8.364219,9.812657,2.989875
-0.4930396,0.0362792,-0.008870806,8.389191,9.838109,2.989263
-0.5360894,-0.001851984,0.06693877,8.366707,9.813839,2.966727
-0.4945072,-0.01148396,-0.002870269,8.389598,9.838651,2.964722
-0.5454734,0.02120225,-0.009459938,8.364654,9.838389,2.98958
-0.4600926,-0.1961702,0.006234668,8.378157,5.424437,2.923595
-0.4923929,-0.04585864,-0.0001030523,8.389555,5.487275,2.989633
-0.4640361,-0.1456784,-0.004254886,8.378659,5.475004,2.9246
-0.4964118,-0.1943487,-0.02632607,8.378927,5.576101,2.925576
-0.4889937,-0.02468986,0.0004095474,8.389454,5.512464,2.989529
-0.473814,-0.1678374,-0.01639601,8.378545,5.524508,2.924591
-0.480341,-0.1261985,0.005392598,8.379429,6.02437,2.926671
-0.4965178,-0.1445328,-0.003580443,8.377118,6.075448,2.977192
-0.4801332,-0.1222943,-0.01153522,8.378977,6.075745,2.925165
-0.4760278,-0.1565641,-0.02607893,8.378837,6.175153,2.925317
-0.4819701,-0.1220165,0.0136583,8.376965,6.124653,2.977025
-0.4745034,-0.1235057,-0.01377774,8.37885,6.124245,2.924833
-0.4777106,-0.1428709,0.02309944,8.378556,6.224356,2.924857
-0.4890204,-0.008548164,-0.001143499,8.390137,6.288825,2.990224
-0.4848961,-0.1101907,-0.007815366,8.378977,6.275949,2.925542
-0.4882987,-0.1026908,0.00456901,8.380126,6.824311,2.92827
-0.4766991,-0.09618882,0.001908741,8.378672,6.875003,2.978793
-0.4807705,-0.07983703,-0.00166926,8.380182,6.875487,2.928261
-0.4829889,-0.1126855,-0.0142345,8.380139,6.975681,2.928301
-0.4787696,-0.1019573,-0.0001151012,8.378674,6.924994,2.978795
-0.479003,-0.0860134,-0.01485234,8.380184,6.92451,2.928269
-0.4879837,-0.08693442,0.002542302,8.380129,7.224324,2.928304
-0.476997,-0.08083725,0.002466061,8.378671,7.275004,2.978808
-0.4822439,-0.06700427,-0.0006482972,8.380158,7.275495,2.928277
-0.4828546,-0.09751952,-0.01316045,8.380122,7.37568,2.928297
-0.4791346,-0.08615675,0.0004170475,8.378671,7.324996,2.978808
-0.4792724,-0.0713085,-0.01381131,8.380157,7.324506,2.928276
-0.4884447,-0.0820754,0.001701258,8.38012,7.424322,2.92829
-0.4768677,-0.07229677,0.00337293,8.378663,7.475008,2.978798
-0.4833582,-0.06093207,-0.0003772156,8.38015,7.475499,2.928246
-0.4838312,-0.0903625,-0.01057134,8.380083,7.575708,2.92812
-0.4793156,-0.07725813,0.001804357,8.37865,7.525008,2.97878
-0.4794323,-0.06339108,-0.01208783,8.380143,7.524515,2.928202
-0.4800816,-0.07079776,-0.002407988,8.380013,7.62438,2.927879
-0.4800199,-0.05695007,0.00261336,8.378217,7.675121,2.978316
-0.4830336,-0.05728546,0.0005834319,8.379862,7.675529,2.927264
-0.4826406,-0.0927096,-0.01833208,8.379546,7.775721,2.92712
-0.4830288,-0.07110877,0.01207383,8.37765,7.724695,2.977767
-0.4733266,-0.0638346,-0.01138305,8.379367,7.724315,2.9264
-0.4721646,-0.06280388,-0.002764562,8.379235,8.024142,2.926181
-0.4928884,-0.003501813,-0.0001053641,8.390411,8.088713,2.990524
-0.483333,-0.05216586,0.0003848433,8.379458,8.075607,2.926591
-0.4779152,-0.07260141,-0.008372846,8.378829,8.175389,2.925029
-0.4772319,-0.07021783,0.003119593,8.37714,8.125451,2.977217
-0.4674998,-0.05644836,-0.01377272,8.378956,8.124872,2.925243
-0.469295,-0.04744109,-0.001884782,8.379083,8.22428,2.925639
-0.4926921,-0.06037883,0.007498374,8.376384,8.275052,2.976424
-0.4830146,-0.04781845,-0.000213513,8.378321,8.27535,2.923789
-0.4795609,-0.07204508,-0.008134228,8.378352,8.375566,2.924213
-0.4874748,-0.009382233,-0.001959614,8.389835,8.311069,2.989904
-0.465816,-0.03936511,-0.007618122,8.378662,8.324035,2.924538
-0.5162441,-0.3007179,-0.03731724,8.367023,5.137517,0.03290732
-0.4934897,-0.03373082,0.002803028,8.389338,5.137506,0.01059289
-0.4950921,-0.03755462,-0.008688422,8.390085,5.112193,0.03587162
-0.5039266,-0.3814112,0.006085368,8.363923,5.112159,0.00988565
-0.5110283,-0.3140647,-0.05018749,8.367028,5.112497,0.03290684
-0.4920584,-0.02054022,0.001910464,8.390112,5.137781,0.03590416
-0.511201,-0.3914682,0.003874547,8.363908,5.137761,0.009863074
-0.5189356,-0.2647027,-0.01535309,8.367029,5.262494,0.03291339
-0.4892051,-0.0289451,0.001049932,8.389338,5.262499,0.01059659
-0.4976869,-0.02957119,0.005831893,8.390096,5.287848,0.03592119
-0.5102839,-0.3432441,-0.000444173,8.363926,5.287844,0.009888226
-0.4957957,-0.02061789,0.00728321,8.390118,5.262248,0.03593241
-0.5101112,-0.2826844,-0.04039295,8.367038,5.287513,0.03291547
-0.5055266,-0.3482793,0.0007100805,8.36391,5.262242,0.009864856
-0.514075,-0.2637247,-0.03554827,8.36703,5.337515,0.03291596
-0.4927681,-0.02801092,0.002007625,8.389339,5.337504,0.01059799
-0.4955116,-0.02991565,-0.007953365,8.390096,5.312164,0.03592213
-0.5031449,-0.3342213,0.004695835,8.363926,5.312158,0.00988839
-0.5089576,-0.2736816,-0.05079856,8.367038,5.312496,0.03291611
-0.4935024,-0.01477944,0.004562262,8.390118,5.337764,0.03593624
-0.5092319,-0.3432652,0.004803895,8.36391,5.337761,0.009865593
-0.5238702,-0.2306536,-0.0207782,8.367031,5.462491,0.0329179
-0.4895988,-0.0225426,0.001234478,8.389339,5.462498,0.01059881
-0.4963633,-0.01977704,0.0009176382,8.390096,5.487844,0.03592661
-0.5141345,-0.3059686,-0.001351923,8.363927,5.487843,0.009889173
-0.4954925,-0.01772871,0.003312359,8.390118,5.462244,0.03593888
-0.5120816,-0.242058,-0.04510807,8.36704,5.48751,0.03291905
-0.5068146,-0.3109566,0.001003126,8.363911,5.462241,0.00986594
-0.5137481,-0.2338121,-0.03249106,8.367031,5.537512,0.03291838
-0.4931052,-0.02318385,0.002020927,8.389339,5.537503,0.01059892
-0.4971494,-0.0218172,-0.004095427,8.390096,5.51216,0.03592655
-0.5032564,-0.2971311,0.004089843,8.363927,5.512158,0.009889166
-0.5108691,-0.2364359,-0.04631123,8.36704,5.512494,0.03291913
-0.4934406,-0.01316168,0.004367417,8.390118,5.537761,0.0359395
-0.509535,-0.3048024,0.005617264,8.363911,5.53776,0.0098661
-0.5232867,-0.20799,-0.01837717,8.367035,5.662489,0.0329235
-0.4895754,-0.01896661,0.001183976,8.389338,5.662497,0.01059716
-0.4963845,-0.01824109,0.001618382,8.390093,5.68784,0.03592568
-0.5143548,-0.2817532,-0.001550641,8.363926,5.687844,0.009887671
-0.4953713,-0.01417517,0.004319266,8.390114,5.662244,0.03593818
-0.5121158,-0.221751,-0.04366262,8.367044,5.687509,0.0329245
-0.5071202,-0.2844517,0.001407901,8.36391,5.662239,0.009864479
-0.5243075,-0.191125,-0.01924448,8.367031,5.862489,0.03291837
-0.4897692,-0.01652827,0.0009649261,8.389339,5.862497,0.01059871
-0.496231,-0.0168563,0.000849603,8.390097,5.887842,0.03592673
-0.5150082,-0.2609804,-0.001346548,8.363927,5.887843,0.009889222
-0.4951614,-0.012394,0.003633619,8.390118,5.862241,0.03593926
-0.5129396,-0.204614,-0.04443964,8.36704,5.887508,0.03291933
-0.5073072,-0.2627376,0.001757227,8.363911,5.86224,0.009865995
-0.5126043,-0.1992487,-0.03029364,8.367031,5.937511,0.03291863
-0.4930341,-0.01875586,0.001579242,8.389339,5.937503,0.01059873
-0.4974779,-0.01748152,-0.0031959,8.390097,5.912158,0.03592667
-0.503528,-0.2519709,0.002902295,8.363927,5.912157,0.009889231
-0.5104304,-0.2002098,-0.04742429,8.36704,5.912492,0.03291937
-0.4931863,-0.01140952,0.003037742,8.390118,5.937759,0.03593924
-0.5099927,-0.2592994,0.006650012,8.363911,5.93776,0.009866043
-0.5247701,-0.1779174,-0.0194196,8.367039,6.06249,0.03292731
-0.4899088,-0.01506542,0.000919305,8.389336,6.062498,0.01059225
-0.4960276,-0.01570206,0.0005198113,8.390091,6.087839,0.03592546
-0.5154297,-0.2445556,-0.001418476,8.363926,6.087845,0.009887176
-0.4949239,-0.01139573,0.003323237,8.390103,6.062239,0.03593516
-0.5134631,-0.1911326,-0.04452953,8.367045,6.087509,0.03292557
-0.50746,-0.2450764,0.001939858,8.363908,6.062242,0.009859251
-0.5121814,-0.1864276,-0.02982958,8.367031,6.137511,0.03291895
-0.4929027,-0.01711536,0.001406443,8.389339,6.137503,0.01059869
-0.4975304,-0.01606616,-0.002902584,8.390096,6.112158,0.03592696
-0.5034474,-0.2347874,0.002411379,8.363927,6.112157,0.009889306
-0.5103407,-0.1871632,-0.04806835,8.367041,6.112492,0.03292124
-0.4931986,-0.01058135,0.002732127,8.390118,6.137759,0.03593926
-0.510203,-0.2418862,0.00694465,8.363911,6.13776,0.009866102
-0.5263391,-0.165939,-0.02007711,8.367031,6.262489,0.03291836
-0.4900122,-0.01382387,0.001138389,8.389339,6.262497,0.01059868
-0.4958555,-0.01469377,-0.0001067913,8.390097,6.287842,0.03592657
-0.5158125,-0.2293779,-0.001341353,8.363927,6.287843,0.009889196
-0.4946601,-0.01048706,0.00264663,8.390118,6.262241,0.03593919
-0.5139934,-0.1789085,-0.04483048,8.36704,6.287508,0.03291931
-0.5075762,-0.2287949,0.002387815,8.363911,6.26224,0.00986597
-0.5120818,-0.1748039,-0.03025251,8.367031,6.337511,0.03291837
-0.4929072,-0.01580519,0.001270798,8.389339,6.337503,0.01059868
-0.4975984,-0.01477885,-0.002788711,8.390097,6.312158,0.03592664
-0.5034375,-0.2189929,0.001963969,8.363927,6.312157,0.009889196
-0.5106128,-0.1748792,-0.04883057,8.36704,6.312492,0.03291931
-0.4932083,-0.009850697,0.002263588,8.390118,6.337759,0.03593913
-0.5105841,-0.2258938,0.007203785,8.363911,6.33776,0.00986597
-0.5271792,-0.1547725,-0.02058872,8.367031,6.462489,0.0329184
-0.4901866,-0.01280441,0.001174053,8.389339,6.462497,0.01059869
-0.4956862,-0.01379318,-0.0005781493,8.390097,6.487842,0.03592666
-0.5162797,-0.2154972,-0.001176189,8.363927,6.487843,0.009889206
-0.4943889,-0.009756803,0.002167342,8.390118,6.462241,0.03593914
-0.5145592,-0.1674766,-0.04496031,8.36704,6.487508,0.03291935
-0.5076743,-0.2135726,0.002743164,8.363911,6.46224,0.009865976
-0.5120207,-0.16383,-0.03093097,8.367031,6.537511,0.03291842
-0.4929617,-0.01471568,0.001160249,8.389339,6.537503,0.01059869
-0.4976905,-0.01376455,-0.002779637,8.390097,6.512158,0.03592666
-0.5034389,-0.2044756,0.001482493,8.363927,6.512157,0.009889208
-0.5107825,-0.1634419,-0.04951297,8.36704,6.512492,0.03291936
-0.4932211,-0.009163035,0.001676054,8.390118,6.537759,0.03593915
-0.51085,-0.2108539,0.007321445,8.363911,6.53776,0.009865983
-0.527844,-0.1440072,-0.02154174,8.367031,6.662489,0.03291844
-0.4903693,-0.01174931,0.001134668,8.389339,6.662497,0.01059869
-0.4954173,-0.01261256,-0.001418672,8.390097,6.687842,0.03592667
-0.5171493,-0.2024714,-0.000800228,8.363927,6.687843,0.009889215
-0.4942009,-0.009156921,0.001313815,8.390118,6.662241,0.03593916
-0.5152551,-0.1557479,-0.04521826,8.36704,6.687508,0.0329194
-0.5079143,-0.1989761,0.003130997,8.363911,6.66224,0.009865988
-0.5125252,-0.1533461,-0.0323756,8.367031,6.737511,0.03291846
-0.4930176,-0.01369688,0.001067694,8.389339,6.737503,0.0105987
-0.4977602,-0.01257603,-0.002909935,8.390097,6.712158,0.03592668
-0.5036916,-0.1913528,0.0006161672,8.363927,6.712157,0.009889217
-0.5114846,-0.1519582,-0.04995157,8.36704,6.712492,0.03291941
-0.4931879,-0.008386837,0.001117253,8.390118,6.737759,0.03593916
-0.5112237,-0.1967192,0.007234305,8.363911,6.73776,0.009865991
-0.5281195,-0.1335695,-0.02150945,8.367031,6.862489,0.03291847
-0.4905181,-0.01088098,0.001145544,8.389339,6.862497,0.0105987
-0.4952685,-0.01194363,-0.001446114,8.390097,6.887842,0.03592668
-0.5176318,-0.1901533,-0.0005095834,8.363927,6.887843,0.009889218
-0.4941269,-0.008451505,0.001217011,8.390118,6.862241,0.03593917
-0.5156323,-0.1454065,-0.04457074,8.36704,6.887508,0.03291942
-0.5080499,-0.1848466,0.003448543,8.363911,6.86224,0.009865991
-0.5126008,-0.1430661,-0.03353732,8.367031,6.937511,0.03291847
-0.4931478,-0.01275602,0.0009705314,8.389339,6.937503,0.0105987
-0.4977558,-0.01190609,-0.003121645,8.390097,6.912158,0.03592668
-0.5039179,-0.1785101,0.0001186839,8.363927,6.912157,0.009889218
-0.5114612,-0.1416252,-0.05058275,8.36704,6.912492,0.03291942
-0.4932186,-0.007740615,0.0004202053,8.390118,6.937759,0.03593917
-0.5113667,-0.1827777,0.006982312,8.363911,6.93776,0.009865991
-0.5290671,-0.1249718,-0.02417524,8.367031,7.062489,0.03291845
-0.4907588,-0.01031363,0.001154916,8.389339,7.062497,0.01059869
-0.4948333,-0.01068166,-0.002985162,8.390097,7.087842,0.03592665
-0.5185769,-0.1771789,3.075724e-05,8.363927,7.087843,0.009889211
-0.4938344,-0.008572625,-0.0002423909,8.390118,7.062241,0.03593915
-0.5167741,-0.1346061,-0.04595328,8.36704,7.087508,0.03291938
-0.5082224,-0.1712143,0.00359699,8.363911,7.062241,0.009866018
-0.5135833,-0.1331714,-0.03796125,8.367031,7.137511,0.03291839
-0.4935613,-0.01150671,0.0006559609,8.389339,7.137503,0.01059868
-0.4979103,-0.01085464,-0.003474823,8.390097,7.112158,0.03592664
-0.5044517,-0.1660832,-0.0002522855,8.363927,7.112157,0.009889209
-0.5124174,-0.1307655,-0.05088884,8.36704,7.112492,0.03291937
-0.4929352,-0.006936794,-0.001630212,8.390118,7.137759,0.03593911
-0.5128498,-0.1689779,0.006844184,8.363911,7.137759,0.009866005
-0.5287402,-0.1145514,-0.02312194,8.367031,7.262489,0.03291758
-0.4908858,-0.009290804,0.00116534,8.389339,7.262497,0.01059847
-0.4946721,-0.01004989,-0.002193133,8.390097,7.287842,0.03592548
-0.5187016,-0.1659188,0.0004710282,8.363927,7.287843,0.009888838
-0.4938829,-0.007316968,0.0003905513,8.390118,7.262241,0.03593866
-0.5169758,-0.1253945,-0.04371386,8.367041,7.287508,0.03291776
-0.508263,-0.1579778,0.003961915,8.363911,7.26224,0.009865875
-0.5118484,-0.1255559,-0.03978856,8.367036,7.337509,0.03291247
-0.4937908,-0.0109828,0.0003799105,8.38934,7.337502,0.01059709
-0.4979316,-0.01050721,-0.002775869,8.390097,7.312158,0.03592437
-0.5047302,-0.1555378,-0.0002953701,8.363928,7.312157,0.009888468
-0.5116278,-0.1228601,-0.05006189,8.367042,7.312491,0.03291654
-0.4932896,-0.006982625,-0.002491796,8.390119,7.337758,0.03593406
-0.5131257,-0.1582525,0.007030312,8.363915,7.337759,0.009864597
-0.529685,-0.09218557,-0.02636021,8.367052,7.662496,0.03288738
-0.4912276,-0.007917509,0.0015144,8.389347,7.662502,0.01059056
-0.4939636,-0.008287313,-0.003573003,8.3901,7.687844,0.03591516
-0.5197465,-0.1381202,0.002101013,8.363936,7.687845,0.009885691
-0.4935564,-0.006460106,-0.0008866241,8.390129,7.662245,0.03591126
-0.5185983,-0.1022381,-0.04405661,8.36705,7.687511,0.0329061
-0.506556,-0.1238408,0.004739443,8.363936,7.662243,0.009858383
-0.5141586,-0.1005339,-0.04677242,8.367033,7.737511,0.03291554
-0.4946607,-0.008955765,2.662816e-05,8.389339,7.737503,0.01059799
-0.4981926,-0.008729716,-0.004018656,8.390098,7.712159,0.03592152
-0.5054496,-0.1275238,-0.0005730182,8.363931,7.712158,0.00988761
-0.5130093,-0.09961011,-0.05057108,8.367044,7.712493,0.03291319
-0.4934799,-0.004957429,-0.004537998,8.390119,7.737759,0.03593702
-0.5148667,-0.129576,0.005392112,8.363912,7.73776,0.009865422
-0.5291596,-0.08447405,-0.02792296,8.367031,7.862489,0.03291825
-0.4918502,-0.007058702,0.0008342793,8.389339,7.862497,0.01059861
-0.494524,-0.006873685,-0.003692418,8.390097,7.887842,0.0359266
-0.5186509,-0.1245896,0.001520158,8.363927,7.887843,0.009889192
-0.4939353,-0.005705018,-0.001397669,8.390118,7.862241,0.03593911
-0.5179938,-0.09133029,-0.04342154,8.36704,7.887508,0.0329193
-0.5081833,-0.1148105,0.003590598,8.363911,7.862241,0.009866015
-0.5143676,-0.08957208,-0.04719691,8.367031,7.937511,0.03291837
-0.4950938,-0.007884193,0.0001218499,8.389339,7.937503,0.01059864
-0.4983855,-0.007380635,-0.004253433,8.390097,7.912158,0.03592656
-0.5065817,-0.1156976,-0.0002045699,8.363927,7.912157,0.0098892
-0.5129007,-0.0890667,-0.04963143,8.36704,7.912492,0.03291933
-0.4940769,-0.004073253,-0.004675212,8.390118,7.937759,0.0359392
-0.5148596,-0.1172355,0.004063467,8.363911,7.937759,0.009866008
-0.5286037,-0.07473287,-0.0280792,8.367031,8.062489,0.03291844
-0.4921167,-0.006327024,0.0006664294,8.389339,8.062497,0.01059869
-0.4947707,-0.006318305,-0.00320608,8.390097,8.087842,0.03592666
-0.5181527,-0.1121586,0.001622044,8.363927,8.087843,0.009889213
-0.4942748,-0.004684458,-0.001137174,8.390118,8.062241,0.03593915
-0.5179604,-0.08156433,-0.04192796,8.36704,8.087508,0.03291939
-0.5083551,-0.1013657,0.003366972,8.363911,8.06224,0.009865987
-0.5142071,-0.07992355,-0.04780928,8.367031,8.137511,0.03291839
-0.4952757,-0.007351992,0.0001683885,8.389339,8.137503,0.01059865
-0.4984151,-0.006780523,-0.004487652,8.390097,8.112158,0.03592659
-0.5073579,-0.1030172,0.0002162289,8.363927,8.112157,0.009889213
-0.5125128,-0.07933428,-0.04948435,8.36704,8.112492,0.03291939
-0.4946751,-0.00379647,-0.004825724,8.390118,8.137759,0.0359392
-0.5148937,-0.1054783,0.003174852,8.363911,8.137759,0.009866015
-0.5288591,-0.06610937,-0.03038628,8.367031,8.262489,0.03291847
-0.4923251,-0.005813712,0.0005191823,8.389339,8.262497,0.01059864
-0.4946286,-0.00515109,-0.003740197,8.390097,8.287842,0.03592651
-0.5181699,-0.09928851,0.001939157,8.363927,8.287843,0.009889214
-0.4942854,-0.004182784,-0.001878787,8.390118,8.262241,0.03593915
-0.5187392,-0.07103424,-0.04253334,8.36704,8.287508,0.0329194
-0.5085186,-0.08826891,0.00309478,8.363911,8.26224,0.009865983
-0.514653,-0.06966604,-0.04936491,8.367031,8.337511,0.03291866
-0.4952316,-0.006330601,5.959886e-05,8.389339,8.337503,0.01059864
-0.4982931,-0.005548682,-0.004904755,8.390097,8.312158,0.03592657
-0.5083048,-0.09037346,0.000660118,8.363927,8.312157,0.009889227
-0.5133653,-0.06880504,-0.04962868,8.36704,8.312492,0.0329194
-0.4950168,-0.002804934,-0.005478334,8.390118,8.337758,0.03593918
-0.5156249,-0.09343385,0.00253514,8.363911,8.337759,0.00986607
-0.5150771,-0.06159646,-0.05028358,8.367031,8.53751,0.03291889
-0.4952067,-0.006257693,4.896706e-05,8.389339,8.537503,0.01059861
-0.4979842,-0.005257168,-0.004862139,8.390096,8.512157,0.03592687
-0.508882,-0.07826239,0.0007226376,8.363927,8.512157,0.009889269
-0.5138358,-0.06051021,-0.0492771,8.367041,8.512492,0.03292128
-0.4953086,-0.002830759,-0.005616549,8.390118,8.537758,0.03593909
-0.5163029,-0.08323199,0.00180041,8.363911,8.537759,0.009866162
-0.5289519,-0.05080936,-0.03353964,8.367031,8.662488,0.03291828
-0.4925518,-0.005060806,0.0004188365,8.389339,8.662497,0.0105986
-0.4943196,-0.003812169,-0.003674987,8.390097,8.68784,0.03592622
-0.5165213,-0.07564109,0.002200118,8.363927,8.687842,0.009889109
-0.4941896,-0.003476259,-0.002502896,8.390118,8.66224,0.03593902
-0.520841,-0.0531324,-0.04169249,8.36704,8.687507,0.0329192
-0.5088536,-0.06378146,0.002372419,8.363911,8.66224,0.009865988
-0.5161242,-0.05248015,-0.05116677,8.367031,8.737509,0.03291815
-0.4950272,-0.004879525,-8.875231e-05,8.389339,8.737502,0.01059856
-0.4975576,-0.004240912,-0.005426825,8.390097,8.712156,0.03592632
-0.5101608,-0.06601485,0.001369159,8.363927,8.712157,0.009889141
-0.5152249,-0.051327,-0.04945974,8.36704,8.71249,0.03291923
-0.4955447,-0.002104845,-0.006383532,8.390118,8.737757,0.03593892
-0.5174184,-0.07012146,0.001635193,8.363911,8.737759,0.009866039
-0.528328,-0.04253693,-0.03354184,8.367031,8.862487,0.03291813
-0.4923949,-0.004115911,-0.0004417643,8.389339,8.862496,0.0105986
-0.4945658,-0.003404355,-0.002387861,8.390097,8.887839,0.03592604
-0.5137389,-0.06423911,0.0009375793,8.363927,8.887842,0.009889097
-0.4943176,-0.002812027,-0.001978807,8.390118,8.862238,0.0359389
-0.5215103,-0.04484599,-0.03914308,8.36704,8.887506,0.03291908
-0.5094307,-0.05080512,0.002074035,8.363911,8.86224,0.009866031
-0.5172641,-0.04588491,-0.0514771,8.367031,8.937508,0.03291796
-0.4945093,-0.004073592,-0.0002211178,8.389339,8.937502,0.0105986
-0.496984,-0.004007445,-0.005066463,8.390097,8.912155,0.03592626
-0.5110276,-0.05338574,0.00169293,8.363927,8.912157,0.009889124
-0.5165649,-0.04399041,-0.04930773,8.36704,8.912489,0.03291914
-0.4955856,-0.002324279,-0.006403262,8.390118,8.937755,0.03593861
-0.5189559,-0.05976518,0.001425514,8.363911,8.937759,0.009866016
-0.52805,-0.03494528,-0.04020569,8.367031,9.062485,0.03291782
-0.492407,-0.005611871,-0.0002484104,8.389338,9.062496,0.01059855
-0.4948698,-0.002353013,-0.003132347,8.390096,9.087835,0.03592511
-0.5111485,-0.05071798,-0.003587579,8.363926,9.087842,0.009888968
-0.4941879,-0.002707373,-0.00394505,8.390118,9.062236,0.03593837
-0.523336,-0.03396513,-0.04086306,8.367039,9.087504,0.03291847
-0.5150157,-0.0415594,0.003484603,8.36391,9.06224,0.009866008
-0.5187548,-0.03308452,-0.05354551,8.36703,9.137506,0.03291725
-0.4937956,-0.002084298,-7.062122e-05,8.389338,9.137501,0.01059829
-0.4967258,-0.003395607,-0.0062737,8.390096,9.112151,0.03592538
-0.5127628,-0.0387985,0.0003931586,8.363927,9.112156,0.009889043
-0.5184034,-0.03428517,-0.05114402,8.367039,9.112487,0.03291858
-0.4962315,-0.0009110892,-0.006970462,8.390118,9.137752,0.03593738
-0.5191041,-0.04462964,0.000765859,8.363911,9.137759,0.009865878
-0.5276528,-0.02166839,-0.04495906,8.367029,9.262482,0.03291575
-0.4922337,-0.004073294,-0.0009744549,8.389338,9.262494,0.01059748
-0.4954954,-0.002078372,-0.004633544,8.390096,9.287829,0.03592041
-0.5203908,-0.03870832,-0.001287931,8.363926,9.287841,0.009888285
-0.4954581,-0.002039856,-0.00453343,8.390118,9.26223,0.03593484
-0.5247976,-0.02344613,-0.04616558,8.367038,9.287501,0.03291613
-0.5182207,-0.02332468,-0.001267162,8.36391,9.262239,0.009865412
-0.52131,-0.02514905,-0.05581568,8.367028,9.337503,0.03291452
-0.4931731,-0.001997493,0.0002800046,8.389338,9.337499,0.01059623
-0.4967201,-0.003464191,-0.006803997,8.390096,9.312145,0.0359199
-0.5139647,-0.02468831,-0.006193826,8.363926,9.312156,0.009888172
-0.5204196,-0.02444823,-0.05075759,8.367038,9.312484,0.03291588
-0.4963532,-0.00139926,-0.007435328,8.390117,9.337745,0.0359309
-0.5207184,-0.02960869,0.001291195,8.36391,9.337758,0.00986487
-0.5240218,-0.01073904,-0.05760424,8.367009,9.537512,0.03291739
-0.489396,-0.006304122,0.001337811,8.389338,9.5375,0.01059093
-0.4941887,-0.004388226,-0.007363222,8.390083,9.512117,0.03586676
-0.5240511,-0.01583985,-0.002333739,8.363962,9.51213,0.009896699
-0.5189542,-0.02039325,-0.05316055,8.367024,9.512487,0.0329177
-0.4930374,-0.0002381922,-0.005251518,8.390102,9.53771,0.03586657
-0.5165782,-0.01368734,0.001804676,8.363956,9.537723,0.009876477
-0.5171968,-0.00225345,-0.024737,8.36699,9.662525,0.03293529
-0.4598166,-0.001104698,0.002597769,8.389336,9.662503,0.01058677
-0.4964969,0.003288766,0.004609821,8.39006,9.687828,0.03583343
-0.5180201,-0.006507848,-0.00163745,8.363975,9.687836,0.009910523
-0.4988872,0.001990541,0.03411664,8.390093,9.662225,0.03586439
-0.51084,-0.001360398,-0.05168644,8.366976,9.687584,0.03295612
-0.4610227,-0.001162099,-0.001062287,8.363945,9.662231,0.009877143
-0.5262983,0.002856312,-0.06972248,8.366909,9.737708,0.03300898
-0.484456,-0.007531823,0.006370802,8.389335,9.737522,0.01058668
-0.493239,0.00234201,0.02132806,8.390051,9.712158,0.03581796
-0.5135126,0.0002004833,0.00196281,8.36399,9.712162,0.009919132
-0.5215779,0.0007555942,-0.05258365,8.366964,9.712594,0.0329663
-0.4925181,0.005241132,-0.001747631,8.390023,9.737703,0.03570213
-0.5212388,-0.005070177,0.007839189,8.364103,9.737707,0.009945421
-0.4900999,0.01229447,-0.009022738,8.366107,9.866042,0.03384647
-0.5082543,-0.06459562,0.001822587,8.388874,9.862995,0.0110559
-0.50169,0.001672612,0.03939962,8.388905,9.888811,0.03685874
-0.4073787,-0.01618982,0.01545052,8.3631,9.888842,0.01108646
-0.4785018,-0.0107543,0.007764105,8.389579,9.863899,0.03589873
-0.5203268,-0.003651461,0.002911451,8.364066,9.889521,0.03592014
-0.5363385,-0.01780329,0.01203794,8.363988,9.863934,0.01038115
-0.5344104,0.04580758,0.001362622,8.366362,9.866301,0.06031899
-0.5234963,-0.0026853,-0.0297743,8.364341,9.889825,0.08732754
-0.4730806,-0.005320521,8.582981e-05,8.389242,9.889168,0.0618806
-0.4931971,-0.001920606,0.002322454,8.389861,9.864192,0.08733484
-0.4946251,-0.02158337,0.01190737,8.389568,9.864604,0.0615669
-0.5328704,-0.01330807,-0.004451217,8.364766,9.889518,0.06155201
-0.5326684,0.06925066,-0.01254741,8.36666,9.866594,0.08633548
-0.5161437,0.05214968,-0.003904494,8.366942,9.866904,0.1622754
-0.4902765,0.0008395714,0.007354757,8.390054,9.86404,0.1878112
-0.4542044,-0.002174445,-0.0002517068,8.38936,9.889335,0.1624727
-0.5181571,-0.01035768,0.003908242,8.364106,9.890044,0.1877997
-0.4891486,-0.007110895,0.001406886,8.364203,9.89002,0.162269
-0.4933152,-0.02873323,-0.001883684,8.39003,9.864139,0.1622733
-0.521097,0.07137552,0.003791451,8.366991,9.866952,0.187395
-0.5171378,0.05483416,-0.009910601,8.366907,9.866859,0.137161
-0.4421585,0.003096378,-0.003000965,8.364371,9.889896,0.1119978
-0.4991274,-0.04381536,-0.001463953,8.389927,9.864254,0.1120014
-0.4859633,-0.006946873,-0.001277136,8.389368,9.889328,0.1374386
-0.5124711,0.02051536,-0.01192084,8.366788,9.866734,0.1118075
-0.5120737,-0.00603882,-0.007821719,8.364311,9.889982,0.1377388
-0.4943236,-0.005620301,0.0007406166,8.389997,9.864219,0.1377398
-0.5185255,0.05596341,-0.001440391,8.367034,9.866992,0.2374693
-0.4948363,-0.03844348,0.002982979,8.390066,9.864024,0.2121463
-0.4654211,-0.004117342,0.004752939,8.364116,9.890053,0.2121331
-0.4825386,-0.007526263,0.01465895,8.389386,9.889342,0.2374973
-0.4939122,-0.008843232,0.001016977,8.390108,9.864004,0.2377384
-0.5149588,0.03124942,0.005849226,8.367012,9.866963,0.212411
-0.515492,-0.004782381,0.004633061,8.364117,9.890074,0.2377301
-0.5234984,0.05345075,-0.002497011,8.367042,9.866995,0.2624544
-0.5230506,-0.01166743,-0.01158516,8.364133,9.890063,0.2878175
-0.4670785,-0.006632011,0.003753066,8.389388,9.889341,0.2624927
-0.4930719,0.002467247,0.002334071,8.390081,9.864006,0.2878338
-0.4943416,-0.01929562,-0.004305561,8.390111,9.864,0.2622479
-0.5172613,-0.01353797,0.006463584,8.364122,9.890077,0.2622302
-0.5212821,0.07489492,0.001920908,8.36706,9.866991,0.2874859
-0.5090579,0.02151362,0.0002685868,8.367058,9.86701,0.3624762
-0.4939577,9.621258e-05,0.003418082,8.390084,9.864014,0.3878392
-0.4561659,-0.003012156,-9.454399e-06,8.389389,9.889341,0.3624949
-0.5167026,-0.01017125,0.0002803218,8.364125,9.890064,0.3878195
-0.454482,-0.004388885,0.003215181,8.364125,9.890078,0.3622363
-0.4990408,-0.03957336,-0.001364635,8.390117,9.864,0.3622545
-0.5155563,0.06885915,0.0006449245,8.36707,9.867001,0.3874962
-0.5168286,0.07263626,0.0003779767,8.367058,9.86701,0.3375006
-0.4532837,-0.002813622,0.001380597,8.364133,9.890063,0.3121485
-0.4973888,-0.03379657,-0.002762306,8.390083,9.864006,0.3121631
-0.4842945,-0.008567395,-0.004522768,8.38939,9.88934,0.3375023
-0.5084914,0.02870054,-0.001106452,8.36706,9.866994,0.3124731
-0.5193587,-0.009183262,-0.004212888,8.364129,9.890078,0.3377381
-0.4933612,0.0007350519,0.003475538,8.390117,9.863998,0.3377503
-0.5134238,0.05697433,0.003966132,8.367052,9.867003,0.4375033
-0.5000963,-0.04808656,2.890213e-05,8.390078,9.864021,0.4121638
-0.4404671,-0.003184797,0.001744026,8.364097,9.890067,0.4121456
-0.4844813,-0.008561,0.007127376,8.389357,9.889339,0.437501
-0.49708,-0.006710849,0.002627319,8.390099,9.864009,0.437747
-0.5089721,0.0184106,0.003860227,8.367062,9.867,0.4124814
-0.5146525,-0.002267617,0.00636253,8.36407,9.890091,0.4377322
-0.5083708,0.0230225,0.0004027151,8.36705,9.867004,0.462482
-0.5173792,-0.01285976,0.01114644,8.364088,9.890068,0.4878261
-0.4550719,-0.002638201,0.0003484395,8.389355,9.88934,0.4624964
-0.4947801,9.139497e-05,0.003292982,8.390074,9.864026,0.4878441
-0.4985324,-0.03655828,-0.001522542,8.390098,9.864011,0.4622603
-0.4548897,-0.001427591,0.004531973,8.364067,9.890092,0.4622445
-0.5193017,0.06873265,-0.003494771,8.367061,9.867003,0.487501
-0.5083766,0.03085063,-0.002380093,8.367056,9.867005,0.5624848
-0.495624,-0.003604575,0.001658302,8.390075,9.864025,0.5878427
-0.4547217,-0.002324479,-4.884119e-05,8.389355,9.889341,0.5624968
-0.5144285,-0.01185345,0.00635813,8.364093,9.890069,0.5878302
-0.4541491,0.0004540939,0.003986999,8.36407,9.890093,0.5622483
-0.4980292,-0.03457531,-0.00199557,8.390097,9.864012,0.5622584
-0.5176543,0.06190569,-0.002871448,8.367067,9.867005,0.587503
-0.5123696,0.06703491,0.003792046,8.367055,9.867005,0.5375045
-0.4787931,-0.0153792,-0.003789724,8.364087,9.890069,0.5121482
-0.4993079,-0.02953048,-0.002711603,8.390074,9.864027,0.512163
-0.4831828,-0.009857771,-0.006838363,8.389355,9.889341,0.5375007
-0.5128987,0.03032289,0.0006371465,8.367061,9.867004,0.5124849
-0.5134161,-0.004097499,-0.004728116,8.364069,9.890093,0.5377339
-0.496718,-0.001742613,0.00238996,8.390097,9.864012,0.5377467
-0.5108443,0.05870522,0.006938178,8.367059,9.867005,0.6375064
-0.5003055,-0.03442757,-0.004200729,8.390075,9.864026,0.6121617
-0.466199,-0.01315793,-0.004077601,8.364093,9.890069,0.6121528
-0.4847974,-0.01009594,-0.008023652,8.389356,9.88934,0.6375013
-0.4985339,-0.004847903,0.00226714,8.3901,9.864012,0.637745
-0.5136078,0.02348705,-0.001851094,8.367067,9.867005,0.6124876
-0.5086963,-0.002782088,-0.004938393,8.364072,9.890092,0.637738
-0.5056105,0.02588321,-0.0009756297,8.36706,9.867005,0.6624871
-0.5160414,-0.01062525,0.009962935,8.364098,9.890068,0.6878342
-0.453936,-0.002096887,-0.0001498145,8.389357,9.88934,0.6624972
-0.4954173,-0.003371629,0.003893384,8.390077,9.864024,0.6878417
-0.499663,-0.03341522,-0.002299863,8.3901,9.864012,0.6622578
-0.4417447,0.001289063,0.004424823,8.364073,9.890092,0.6622517
-0.516251,0.06130691,0.002298767,8.367071,9.867005,0.6875049
-0.5060168,0.03439657,-0.003281051,8.367063,9.867005,0.7624886
-0.4969355,-0.008833457,0.0004156665,8.390084,9.864011,0.7878425
-0.4533557,-0.001898715,-0.000276588,8.389362,9.889336,0.7624973
-0.5273986,-0.01834368,0.01116675,8.364124,9.890065,0.7878359
-0.4386536,0.001880906,0.004498343,8.364087,9.890091,0.7622544
-0.4989812,-0.02918506,-0.002234263,8.390104,9.864004,0.7622576
-0.5238994,0.05127482,-0.009779967,8.367081,9.867002,0.7875078
-0.5085371,0.06099908,0.0003078166,8.36706,9.867007,0.7375088
-0.4832206,-0.0103567,-0.005359631,8.364099,9.890068,0.7121573
-0.5003939,-0.02660291,-0.002086539,8.390077,9.864023,0.7121603
-0.4836315,-0.009777721,-0.008116244,8.38936,9.889337,0.7375016
-0.514635,0.02395518,-0.001977119,8.36707,9.867005,0.7124898
-0.5087754,-0.002811267,-0.00580521,8.364081,9.890091,0.7377402
-0.4988227,-0.00400631,0.001894117,8.390102,9.864007,0.7377446
-0.5031528,0.0316663,0.001348088,8.367099,9.867008,0.8375151
-0.4963497,-0.005813446,-0.004770359,8.390089,9.864002,0.8121689
-0.5246409,-0.01698103,-0.02089107,8.364157,9.890066,0.8121639
-0.4527682,-0.001580485,0.0003006707,8.389401,9.889339,0.8375056
-0.4993196,-0.02644022,0.003147334,8.390122,9.863987,0.8377545
-0.5183937,0.05870066,0.0006191057,8.367096,9.867001,0.8124956
-0.4344407,0.002388482,-0.005314568,8.364169,9.890083,0.8377509
-0.5095845,0.0587658,-0.004212264,8.367085,9.867018,0.9624878
-0.5013389,-0.04953322,-0.0001991335,8.390075,9.864054,0.9878423
-0.4851664,-0.00953845,-0.002154057,8.38938,9.889348,0.9624978
-0.4420034,-0.00866922,-0.0007119556,8.364111,9.89008,0.9878407
-0.5101777,-0.003091711,-0.0004334811,8.364121,9.890094,0.9622548
-0.4983528,-0.005862754,-0.002416689,8.390112,9.864024,0.9622524
-0.5095979,0.01526729,-0.003296401,8.36709,9.867014,0.9875078
-0.5035173,0.01933555,-0.000203076,8.367063,9.867028,1.037513
-0.4949182,-0.00340882,-0.004729468,8.390076,9.864071,1.012156
-0.5122757,-0.009791082,-0.00460412,8.364086,9.890077,1.012161
-0.450962,-0.001611027,0.0001502182,8.38935,9.889367,1.037504
-0.5005784,-0.04243453,0.002091543,8.390096,9.864068,1.03775
-0.5133449,0.06381314,-0.001318488,8.367077,9.867023,1.012493
-0.4303474,0.001587455,-0.005792905,8.364056,9.890104,1.037748
-0.5077484,0.05807311,-0.00102198,8.36706,9.867009,1.162491
-0.5022179,-0.03316186,0.001637007,8.390075,9.864027,1.187841
-0.4859414,-0.01141698,0.0145564,8.389355,9.889344,1.162499
-0.4791769,-0.0106044,0.006307239,8.364094,9.89007,1.187839
-0.5043183,-0.003286881,0.01136243,8.364068,9.890095,1.162257
-0.4995867,-0.005025623,-0.002571309,8.390098,9.86402,1.162257
-0.5123572,0.01208286,0.0009706078,8.367069,9.867007,1.187508
-0.5021555,0.02136071,-0.0002663646,8.36706,9.867005,1.23751
-0.4953225,-0.004596026,-0.003832107,8.390076,9.864025,1.21216
-0.5155232,-0.01094854,-0.01100939,8.364095,9.890069,1.212161
-0.4508003,-0.001529375,0.0003028322,8.389357,9.889341,1.237502
-0.5007309,-0.03875664,0.002482117,8.390099,9.86401,1.237744
-0.5144531,0.05917004,-0.001950823,8.367069,9.867006,1.212493
-0.4296935,0.001459817,-0.005645668,8.364074,9.890094,1.237743
-0.5067061,0.05309091,-0.003708811,8.367061,9.867004,1.36249
-0.4999302,-0.02804892,-0.001534092,8.390076,9.864022,1.387841
-0.4844222,-0.01065443,0.02427982,8.389357,9.88934,1.362498
-0.4736436,-0.009682909,0.00638101,8.364096,9.890069,1.387839
-0.5053614,-0.001122086,0.01588685,8.364074,9.890093,1.362257
-0.4999223,-0.00858845,-0.002351251,8.390099,9.864008,1.362256
-0.5143687,0.0244787,-0.006362848,8.36707,9.867004,1.387508
-0.5059877,0.04449974,0.003316092,8.36706,9.867005,1.43751
-0.4992748,-0.01196206,-0.006970815,8.390076,9.864023,1.412159
-0.5135035,-0.01538652,0.0003835686,8.364095,9.890068,1.412161
-0.4845545,-0.0127714,-0.03157445,8.389357,9.88934,1.437502
-0.5005596,-0.01251097,0.001923624,8.3901,9.86401,1.437743
-0.5126086,0.0399531,-0.008608235,8.36707,9.867004,1.412492
-0.504886,-0.00365435,-0.01634404,8.364072,9.890092,1.437744
-0.5014358,0.04593778,-0.001424501,8.36706,9.867005,1.46249
-0.5211696,-0.0147743,0.01831533,8.364094,9.890069,1.487839
-0.4509705,-0.001297661,-0.0004190503,8.389357,9.88934,1.462498
-0.4975987,-0.01199951,0.004072808,8.390076,9.864025,1.487841
-0.4980688,-0.0282071,-0.001904997,8.3901,9.864011,1.462257
-0.430114,0.003756383,0.005223989,8.364072,9.890092,1.462256
-0.5183282,0.04352147,0.001440034,8.367069,9.867006,1.487508
-0.50544,0.04976567,2.707673e-05,8.367056,9.867017,1.56249
-0.50004,-0.03822969,0.003823779,8.390077,9.864073,1.587845
-0.4835305,-0.01023394,0.007921278,8.389354,9.889348,1.562497
-0.4664722,-0.009643679,0.005121956,8.364077,9.890075,1.587844
-0.5030649,-0.001527848,0.005984278,8.364062,9.890095,1.562257
-0.4998614,-0.01035871,-0.0001304104,8.3901,9.864032,1.562255
-0.5135386,0.02023132,0.005867907,8.367067,9.867026,1.58751
-0.5026361,0.03445428,0.002418905,8.367058,9.867011,1.53751
-0.5219041,-0.0138332,-0.01695134,8.364092,9.890069,1.512161
-0.4981414,-0.01237259,-0.0006185835,8.390077,9.864028,1.512159
-0.4507006,-0.001417524,0.0003641794,8.389355,9.889344,1.537501
-0.5172592,0.04352354,0.00563661,8.367068,9.867007,1.512492
-0.4291974,0.002774877,-0.005390641,8.364067,9.890093,1.537744
-0.499214,-0.03710117,0.002736992,8.3901,9.864021,1.537743
-0.5041082,0.03332801,-0.001675459,8.367067,9.867028,1.637508
-0.496388,-0.00676312,-0.001717362,8.390072,9.864092,1.612164
-0.5128394,-0.008922802,-0.002327273,8.364081,9.890085,1.612165
-0.4507212,-0.001325273,0.0001327205,8.38936,9.889374,1.6375
-0.4994807,-0.03501124,0.0006506223,8.390092,9.864078,1.637741
-0.5147641,0.05309635,0.00334213,8.367074,9.86703,1.612494
-0.4298202,0.003398717,-0.005645775,8.36406,9.890111,1.637738
-0.5025136,0.02984507,9.931285e-05,8.367059,9.867007,1.76249
-0.4957889,-0.006999146,0.003472498,8.390076,9.864026,1.78784
-0.4509465,-0.001462799,-0.000277091,8.389356,9.889342,1.762498
-0.5143808,-0.009940568,0.00954197,8.364094,9.890069,1.787839
-0.4298769,0.002122559,0.005410513,8.364072,9.890094,1.762257
-0.4997719,-0.03716615,-0.001949687,8.390098,9.864012,1.762256
-0.5142248,0.05342073,0.002415672,8.367069,9.867007,1.787507
-0.5071895,0.05678723,-0.0007190364,8.36706,9.86701,1.837509
-0.5019466,-0.02989574,-0.001873464,8.390076,9.864028,1.812159
-0.4819773,-0.0100029,-0.008155396,8.364093,9.89007,1.812161
-0.4858852,-0.01131195,-0.01496257,8.389355,9.889345,1.837501
-0.4997723,-0.005282087,0.001813123,8.390098,9.86402,1.837743
-0.5124029,0.01493014,-0.002492452,8.367069,9.867008,1.812492
-0.5025197,-0.003241309,-0.01293656,8.364068,9.890095,1.837743
-0.5041856,0.03611109,-0.003810977,8.367063,9.867029,1.962486
-0.4964067,-0.009334259,0.003749093,8.390075,9.864058,1.987839
-0.4517837,-0.001657492,-0.0003463911,8.38935,9.889366,1.962496
-0.5211483,-0.01589504,0.01853125,8.364087,9.890076,1.987837
-0.4322401,0.002214516,0.005001757,8.364057,9.890104,1.962251
-0.4982301,-0.03137528,-0.002812549,8.390097,9.864064,1.96225
-0.5196267,0.05157203,-0.001829704,8.367074,9.867026,1.987505
-0.5048027,0.03997978,-0.001418176,8.367081,9.867047,2.037505
-0.49683,-0.006979203,-0.0009085212,8.390077,9.86406,2.012156
-0.5287678,-0.01761111,-0.01163252,8.364091,9.890077,2.01216
-0.4521998,-0.001848223,7.363461e-05,8.389356,9.889367,2.037501
-0.4970201,-0.02469962,0.003227287,8.390104,9.864076,2.037743
-0.519654,0.05826967,0.005983893,8.367078,9.86703,2.01249
-0.4488871,0.0003719887,-0.005804833,8.364075,9.890105,2.037745
-0.5115418,0.05503684,-0.007690556,8.367108,9.867066,2.062482
-0.4758686,-0.0106432,-0.003157533,8.364179,9.890107,2.087819
-0.4837308,-0.009270923,0.007767348,8.389373,9.88938,2.062494
-0.4979851,-0.03415587,-0.001203476,8.390096,9.864156,2.087822
-0.4974999,-0.008989141,0.0002367969,8.390106,9.864106,2.062252
-0.5082972,-0.002373076,0.0003044588,8.364101,9.890118,2.062253
-0.517572,0.02276011,-0.01550139,8.367163,9.867104,2.087482
-0.5140987,0.05284681,-0.02877474,8.36783,9.867741,2.162366
-0.5029585,-0.04139495,0.003303507,8.390763,9.865498,2.1883
-0.4857133,-0.007218185,-0.03356777,8.389737,9.889675,2.162635
-0.468089,-0.002601968,-0.03978959,8.365689,9.890712,2.188268
-0.517634,-0.007501426,-0.04463312,8.364988,9.890384,2.162303
-0.4936644,-0.004705464,-0.004681235,8.390418,9.864823,2.162307
-0.5308522,0.004652623,-0.02387327,8.368601,9.868493,2.187392
-0.5178918,0.0459294,-0.007297065,8.367413,9.867355,2.13743
-0.5167264,-0.01775116,-0.02247894,8.364288,9.890122,2.112135
-0.4923899,-0.0002988712,-0.007032921,8.390132,9.864213,2.112128
-0.4628718,-0.003001601,-0.001154985,8.389516,9.88948,2.137455
-0.5152748,0.07306386,-0.0197392,8.367244,9.86718,2.112452
-0.5324482,-0.007134787,-0.01742561,8.36451,9.890202,2.137722
-0.4916308,-0.01628495,0.001500767,8.390238,9.864395,2.137723
-0.5209643,-0.3074278,0.03358493,8.367282,5.137463,2.967382
-0.501915,-0.03424958,-0.002936157,8.389448,5.137472,2.989526
-0.4962421,-0.0353955,0.005580364,8.39013,5.112177,2.964269
-0.5024653,-0.3435274,0.00530343,8.364054,5.112141,2.990155
-0.5036182,-0.3174326,0.05644797,8.367148,5.112471,2.967235
-0.4914407,-0.02064341,-0.003406448,8.390218,5.13778,2.964428
-0.5106249,-0.3003046,0.005624023,8.364215,5.137758,2.990243
-0.516106,-0.2424931,0.02893861,8.367759,5.337572,2.967853
-0.4967645,-0.03487103,-0.005555287,8.389701,5.337332,2.989789
-0.4623108,-0.02375861,0.0215072,8.390708,5.311664,2.965377
-0.497561,-0.2667318,-0.01229494,8.365179,5.311622,2.990745
-0.4694361,-0.2513877,0.04176567,8.368332,5.312523,2.968392
-0.4922202,-0.02314925,-0.004491072,8.390444,5.337704,2.964963
-0.5145227,-0.257356,0.0006332339,8.364755,5.337687,2.99047
-0.5200995,-0.03479961,0.0524965,8.367811,9.062382,2.967918
-0.4881526,-0.04704016,-0.00373791,8.389692,9.062647,2.989785
-0.4974006,0.0002956274,-0.03101079,8.390752,9.088266,2.965663
-0.463382,-0.04939672,-0.002562045,8.365435,9.088311,2.990796
-0.5225096,-0.03697709,0.02233935,8.368551,9.087391,2.968631
-0.4906674,-0.003861114,-0.002971878,8.390432,9.062297,2.965012
-0.5155114,-0.059389,-0.009018166,8.364792,9.062314,2.990462
-0.5224407,-0.02571156,0.04969675,8.367777,9.462402,2.967897
-0.4857133,-0.0420642,-0.001316159,8.389685,9.462652,2.989782
-0.497423,-0.002640474,-0.03223225,8.390728,9.48826,2.965624
-0.4800308,-0.04615893,0.001966821,8.365384,9.488312,2.990774
-0.5248734,-0.03793424,0.01815125,8.368466,9.487431,2.968559
-0.4901795,-0.002823433,-0.0033512,8.39042,9.46229,2.965017
-0.5219861,-0.04311321,-0.006933497,8.36478,9.462316,2.990453
-0.5296493,0.01954592,0.0350844,8.368398,9.662668,2.968507
-0.4995789,-0.002319175,-0.002689467,8.390115,9.661214,2.990211
-0.4928467,-0.0001921641,-0.002417278,8.390354,9.687856,2.965001
-0.519611,-0.0117978,-0.008971886,8.364761,9.687793,2.990384
-0.5230786,0.01426293,0.04706016,8.367653,9.687764,2.967768
-0.4956333,-0.0005902831,-0.0009582156,8.390726,9.661852,2.965608
-0.5374946,0.04154828,-0.01417449,8.365357,9.661781,2.990775
-0.527395,0.01188153,0.08010428,8.367058,9.737861,2.967153
-0.4799061,-0.01363001,-0.009792179,8.389384,9.737581,2.989463
-0.4859786,-0.004275969,-0.005220141,8.390169,9.712275,2.964574
-0.5286541,0.002121328,-0.0003041424,8.364345,9.712207,2.990197
-0.5265571,0.0005736835,0.07269652,8.367268,9.712757,2.967375
-0.4874728,0.00371786,0.002090847,8.390077,9.737856,2.964456
-0.5189659,-0.001386878,-0.009656436,8.364252,9.737763,2.9901
-0.4935719,0.01039879,0.0165571,8.366329,9.866251,2.966216
-0.5039889,-0.05484107,0.001488407,8.38889,9.863054,2.988957
-0.5034343,0.00083784,-0.05459166,8.389022,9.888919,2.963179
-0.4088425,-0.0162747,-0.01477065,8.363166,9.888859,2.988924
-0.551445,-0.007449543,0.005136955,8.364364,9.889617,2.964087
-0.4793054,-0.009301401,-0.01103837,8.389673,9.864172,2.964111
-0.5419518,-0.006188473,-0.002151359,8.364032,9.863976,2.989634
-0.4960344,-0.04230569,0.001876475,8.389336,5.08752,0.01059175
-0.4974714,-0.03404428,0.006963109,8.390084,5.087879,0.03586461
-0.5067313,-0.3839748,0.00176587,8.363923,5.087844,0.009885209
-0.5085217,-0.3226787,-0.04237042,8.367026,5.087514,0.03290538
-0.5145616,-0.1698595,-0.04114264,8.367038,6.037509,0.03292867
-0.5013921,-0.2509977,-0.006925237,8.363933,6.012147,0.009892361
-0.493196,-0.01786232,-0.0009010926,8.389336,6.037501,0.01059285
-0.5024817,-0.02686793,-0.00475829,8.390086,6.012152,0.03591957
-0.4929007,-0.01075709,-0.003578055,8.390102,6.03774,0.03593277
-0.5170161,-0.2185808,-0.06107972,8.367043,6.01249,0.0329296
-0.5088697,-0.2227896,0.003035309,8.363911,6.037737,0.009861109
-0.485799,-0.1162115,0.00666813,8.37966,6.424284,2.9268
-0.4764585,-0.09601778,0.01673201,8.377597,6.474645,2.977691
-0.4756486,-0.1032767,0.00193106,8.379308,6.475146,2.926215
-0.4966217,-0.01334013,0.005388863,8.390128,8.412147,2.964191
-0.5077023,-0.1065157,-0.0005163627,8.364032,8.412145,2.99014
-0.4935084,-0.004716384,0.0004508571,8.389412,8.437495,2.989481
-0.4946017,-0.002163695,0.008584718,8.39019,8.437761,2.964274
-0.516297,-0.06612093,-0.002444041,8.364105,8.437763,2.990205
-0.5179139,-0.0548432,0.06322625,8.367194,8.437484,2.967268
-0.5167297,-0.09381105,0.06630945,8.36713,8.412483,2.967192
-0.5034852,-0.01168561,-0.006345692,8.3909,8.588152,2.965973
-0.4890259,-0.00774985,-0.002418701,8.39016,8.561246,2.990251
-0.5230581,-0.1081175,-0.01226539,8.365746,8.58818,2.990946
-0.4868374,-0.007060634,0.0002966029,8.390772,8.561784,2.965539
-0.4963232,-0.03787142,-0.01488648,8.365322,8.561788,2.990816
-0.4915929,-0.0618745,0.02350899,8.368424,8.562354,2.968494
-0.5356681,-0.09617209,0.00578405,8.368797,8.587443,2.968864
-0.4682046,-0.04863117,-0.007664645,8.379048,8.624647,2.925536
-0.474369,-0.02579313,-0.0007974824,8.377649,8.675009,2.977708
-0.4800141,-0.02827682,0.001936132,8.37943,8.67548,2.925914
-0.5332421,-0.04167176,-0.01082882,8.390745,5.58828,2.965659
-0.5056644,-0.03195732,-0.0004050189,8.389685,5.562645,2.989775
-0.4832004,-0.218484,-0.01306363,8.365435,5.588316,2.990788
-0.4953245,-0.02357132,-0.001443714,8.390424,5.562321,2.964982
-0.5076207,-0.2597683,0.002075007,8.364767,5.56233,2.990452
-0.5343626,-0.2721771,0.007714016,8.367784,5.562379,2.967886
-0.547074,-0.3049696,0.01585556,8.368543,5.587392,2.968619
-0.488889,-0.1912971,-0.01002044,8.37912,5.624643,2.925863
-0.4767433,-0.1354398,-0.01148996,8.378144,5.674873,2.978232
-0.4766583,-0.1257322,-0.01372248,8.379783,5.675441,2.927047
-0.483392,-0.1629629,-0.01543208,8.38005,5.775666,2.928007
-0.4801284,-0.1613368,-0.002310855,8.378482,5.724904,2.978586
-0.478016,-0.1374034,-0.01765328,8.380023,5.724447,2.927721
-0.4865552,-0.1420601,0.009488782,8.380053,5.824337,2.92802
-0.4747286,-0.1321971,0.004047613,8.378498,5.87509,2.978605
-0.476201,-0.1138608,-0.003779935,8.380038,5.875553,2.927777
-0.4745714,-0.1508539,-0.01033898,8.379262,5.975402,2.92628
-0.4832493,-0.1378575,0.006103404,8.378195,5.925112,2.978291
-0.4751134,-0.1214109,-0.01515178,8.379827,5.924556,2.927195
-0.4792703,-0.02198216,0.007522272,8.391017,6.011805,2.966439
-0.4633792,-0.2008415,-0.005630658,8.366161,6.01178,2.99107
-0.4849283,-0.007276394,-0.0007784243,8.390415,6.038682,2.990521
-0.4667954,-0.1248107,-0.005258397,8.366005,6.038171,2.991068
-0.5516667,-0.1584977,0.007782723,8.369047,6.037591,2.969153
-0.5194501,-0.02723144,-0.04323141,8.391016,6.038144,2.966272
-0.472662,-0.1964643,0.05819079,8.369168,6.012528,2.969271
-0.4919195,-0.01364942,-0.000778967,8.390079,6.161165,2.990159
-0.509456,-0.2554918,-0.001347687,8.364706,6.187753,2.990403
-0.5026442,-0.2345372,-0.02211645,8.365184,6.161756,2.990757
-0.4863213,-0.1973224,0.009490405,8.368335,6.162532,2.968409
-0.4948361,-0.01767144,-0.007449687,8.390378,6.187767,2.964907
-0.4643572,-0.01104755,0.004411912,8.390717,6.161792,2.965385
-0.5105044,-0.2076957,0.04733546,8.367718,6.18757,2.967806
-0.4956146,-0.2301238,0.005953991,8.364401,6.212133,2.990264
-0.4914648,-0.01433522,-0.0005957573,8.389507,6.23748,2.98959
-0.5066864,-0.1716287,-0.002649557,8.364412,6.237739,2.990299
-0.513311,-0.157097,0.04593081,8.367472,6.237462,2.967574
-0.5009348,-0.02773693,0.004539958,8.390241,6.212135,2.964597
-0.5056844,-0.2184951,0.06820946,8.367451,6.212512,2.967541
-0.4944067,-0.009663767,0.0007126816,8.390274,6.237738,2.964616
-0.4805499,-0.1383329,-0.01503179,8.379621,6.375687,2.926674
-0.4720975,-0.1498869,-0.006484412,8.377378,6.325271,2.977456
-0.4762135,-0.1231841,-0.02526067,8.379132,6.324863,2.925675
-0.5095751,-0.01688384,-0.006921456,8.391043,7.788232,2.966611
-0.4915448,-0.007044381,-0.0007442497,8.39049,7.76136,2.990605
-0.5215565,-0.1423743,-0.0148877,8.366301,7.788254,2.991115
-0.4797242,-0.008071959,0.00242866,8.391078,7.761932,2.966614
-0.5000716,-0.07237137,-0.02269091,8.366311,7.761898,2.991135
-0.4959097,-0.1069904,0.02026019,8.369293,7.762489,2.969447
-0.5458766,-0.134944,0.0004559694,8.369286,7.787513,2.969433
-0.4698661,-0.07524508,-0.008420181,8.379273,7.824639,2.926414
-0.4727818,-0.05279611,0.001604664,8.378156,7.874931,2.978255
-0.4821194,-0.04637393,0.0002417235,8.379791,7.875483,2.927091
-0.4832297,-0.07865579,-0.009123427,8.379729,7.975703,2.927049
-0.4774898,-0.06725474,0.00179629,8.378349,7.925001,2.978448
-0.4769485,-0.05173435,-0.01372985,8.379919,7.924515,2.927393
-0.4735412,-0.1075872,-0.01329464,8.365573,8.211783,2.990913
-0.4859413,-0.001950157,-0.0001476585,8.390133,8.238738,2.990221
-0.477084,-0.04840035,-0.00491705,8.36523,8.238189,2.990794
-0.5265053,-0.03475655,0.03744561,8.368343,8.23762,2.968416
-0.4901086,-0.01718865,0.005773186,8.390855,8.211799,2.965788
-0.5063186,-0.004094415,-0.005921738,8.39075,8.238191,2.965438
-0.4939928,-0.09118293,0.06489686,8.368641,8.212514,2.968733
-0.4918464,-0.005317012,-0.005738672,8.390127,8.387852,2.96419
-0.4879907,-0.006243718,-0.001680988,8.389411,8.362505,2.98948
-0.5210094,-0.1168726,-0.008340027,8.364032,8.387854,2.990139
-0.4915655,-0.003283636,-0.003114059,8.390189,8.362238,2.96427
-0.5022617,-0.07823047,-0.008203105,8.364102,8.362236,2.990204
-0.5168752,-0.06889449,0.02218808,8.367191,8.362513,2.967265
-0.52236,-0.08660815,0.03912591,8.36713,8.387515,2.967191
-0.5125928,-0.2146284,-0.0307198,8.367031,5.737511,0.03291871
-0.4930292,-0.02075605,0.001762758,8.389339,5.737503,0.01059883
-0.4973712,-0.01976792,-0.003759491,8.390096,5.712159,0.03592691
-0.5032506,-0.2724854,0.003260615,8.363927,5.712157,0.009889307
-0.510067,-0.2172396,-0.04697504,8.367041,5.712493,0.03292077
-0.4932948,-0.01225507,0.00369182,8.390118,5.73776,0.03593949
-0.5092908,-0.2792618,0.006148154,8.363911,5.73776,0.009866196
-0.5286543,-0.1127723,-0.03341255,8.367365,7.462465,0.03260131
-0.4967081,-0.01690318,-0.00108823,8.389531,7.462733,0.01038788
-0.4978319,-0.005234405,0.002152884,8.390448,7.488408,0.03536411
-0.507798,-0.1152096,-0.004110529,8.364484,7.488426,0.009514
-0.4948492,-0.01958193,-0.0008038133,8.390271,7.462391,0.0355387
-0.5121636,-0.1012537,-0.01047791,8.367709,7.487529,0.03228485
-0.514573,-0.1338818,0.005090256,8.36429,7.462403,0.009684995
-0.5287741,-0.05796887,-0.03106864,8.367039,8.46249,0.03292723
-0.4924313,-0.005300477,0.0005428088,8.389336,8.462497,0.01059224
-0.4945513,-0.004777292,-0.003327414,8.390091,8.487838,0.03592526
-0.5176349,-0.08801808,0.002216973,8.363926,8.487845,0.009887175
-0.4943287,-0.003638186,-0.001707074,8.390103,8.462238,0.035935
-0.5196783,-0.06226353,-0.04146073,8.367045,8.487509,0.03292558
-0.5087244,-0.0757147,0.00274877,8.363908,8.462242,0.009859317
-0.5101064,-0.01247534,-0.0361948,8.367029,9.462483,0.03292216
-0.4954576,-0.005004875,-0.009650542,8.389336,9.462493,0.01058706
-0.4952151,-0.001824003,-0.00224425,8.390079,9.487799,0.0358717
-0.5213907,-0.02531174,-0.000874532,8.363958,9.487819,0.009894036
-0.4948618,-0.002070909,-0.002391103,8.390097,9.46221,0.0359013
-0.5247842,-0.02080357,-0.04267006,8.367029,9.487506,0.0329219
-0.5275712,-0.008123327,-0.00593906,8.363925,9.462228,0.009862139
-0.5095655,0.06543128,-0.001823057,8.367113,9.867009,0.8624925
-0.4878754,-0.01105489,0.004928049,8.364228,9.890059,0.8878398
-0.4838125,-0.009720809,0.007365271,8.389417,9.889337,0.8625002
-0.50074,-0.0268976,0.003135569,8.390108,9.863997,0.8878405
-0.498333,-0.003543245,-0.002105347,8.390129,9.863983,0.8622604
-0.5085737,-0.003971852,0.003877069,8.364199,9.890083,0.8622573
-0.5145432,0.02011914,0.003808277,8.367126,9.867009,0.8875071
-0.503531,0.01915467,0.001101198,8.367097,9.867017,0.9375047
-0.5171851,-0.009823919,-0.01567756,8.364218,9.890059,0.9121562
-0.4960943,-0.006436525,-0.00300216,8.390106,9.864002,0.9121541
-0.4518062,-0.001802901,-0.0002542669,8.389399,9.889345,0.9374964
-0.5148241,0.05809594,-0.0006329934,8.36712,9.867012,0.9124887
-0.4329684,0.001042073,-0.006163122,8.36416,9.890086,0.937737
-0.5011158,-0.04429633,0.001903175,8.390123,9.864003,0.9377335
-0.5084537,0.06300567,-0.001461621,8.367068,9.867031,1.062493
-0.4782495,-0.01069741,0.005719781,8.364082,9.890087,1.087834
-0.4862139,-0.01125442,0.01982397,8.38936,9.889375,1.0625
-0.5012942,-0.03306057,0.003348682,8.390069,9.864094,1.087838
-0.4994351,-0.001705359,-0.002466611,8.390092,9.864082,1.062259
-0.5094653,-0.003218887,0.01446147,8.36406,9.890112,1.062261
-0.5137993,0.01279,0.002911134,8.367077,9.867029,1.087506
-0.5046357,0.02565687,0.001007643,8.367059,9.867014,1.13751
-0.5138306,-0.008986016,-0.006803716,8.364078,9.890078,1.112157
-0.4964706,-0.008041326,-0.002779652,8.390074,9.864074,1.112155
-0.4508242,-0.001584912,0.000283701,8.389353,9.889349,1.137503
-0.5147047,0.05354272,-0.001795139,8.367071,9.867023,1.112491
-0.4304938,0.001628097,-0.005440839,8.364063,9.890097,1.137743
-0.501149,-0.04306531,0.001804306,8.390097,9.864031,1.137746
-0.5077134,0.05799103,-0.001923545,8.36706,9.867004,1.26249
-0.4650414,-0.009412113,0.00358709,8.364096,9.890069,1.287839
-0.4859734,-0.01096332,0.0115341,8.389357,9.88934,1.262498
-0.5016052,-0.03752218,0.00318789,8.390076,9.864023,1.287841
-0.4993986,-0.00393307,-0.002016458,8.390099,9.864009,1.262256
-0.5077301,-0.003904159,0.008254702,8.364074,9.890093,1.262257
-0.5115533,0.01134588,0.002330544,8.36707,9.867004,1.287508
-0.5036577,0.02912336,-0.0003739764,8.36706,9.867004,1.33751
-0.5109313,-0.0075897,-0.005715444,8.364096,9.890069,1.312161
-0.4967869,-0.0090821,-0.002580881,8.390076,9.864023,1.31216
-0.4506591,-0.001482339,0.0002132197,8.389357,9.88934,1.337502
-0.5125845,0.0515983,-0.001634283,8.36707,9.867004,1.312493
-0.4288954,0.001956565,-0.005661775,8.364074,9.890093,1.337743
-0.5001524,-0.04253913,0.001362357,8.390099,9.864009,1.337744
-0.5052356,0.04588075,-0.008531738,8.367061,9.867023,1.662488
-0.5156155,-0.01569213,-0.007883664,8.364085,9.890073,1.687838
-0.4854301,-0.01433897,0.03857674,8.38935,9.889364,1.662497
-0.5004394,-0.01232848,0.002438871,8.390074,9.864045,1.687842
-0.500713,-0.01338729,-0.004428715,8.390096,9.864059,1.662251
-0.5067631,-0.006180323,0.02013243,8.364056,9.890102,1.662251
-0.5118138,0.03563124,0.001500202,8.367068,9.867014,1.687507
-0.5070373,0.05475302,0.001797184,8.367059,9.867008,1.73751
-0.4669539,-0.009071337,-0.005013426,8.36409,9.890071,1.71216
-0.4995282,-0.02752678,-0.002460123,8.390075,9.864034,1.71216
-0.4847804,-0.01019474,-0.02156931,8.389356,9.889342,1.737502
-0.5132449,0.02576565,-0.0001192236,8.367069,9.867009,1.712492
-0.5070373,-0.001744498,-0.01538913,8.364071,9.890094,1.737743
-0.4992776,-0.007233832,0.0009991329,8.390098,9.864014,1.737744
-0.50413,0.02996852,-0.003071364,8.36706,9.867014,1.86249
-0.514039,-0.00949523,0.008574311,8.364079,9.890078,1.887843
-0.451071,-0.001625515,-0.0003016544,8.389353,9.889349,1.862497
-0.496698,-0.008808048,0.002147455,8.390074,9.864074,1.887845
-0.5006194,-0.04089561,-0.002577976,8.390097,9.864031,1.862254
-0.4301913,0.001787844,0.005314756,8.364064,9.890097,1.862257
-0.5149046,0.05108589,0.0002014132,8.367071,9.867023,1.887509
-0.5097489,0.06500313,-0.00234513,8.367069,9.867031,1.937507
-0.4849593,-0.01052413,-0.007496913,8.364083,9.890087,1.912166
-0.4996829,-0.02657098,-0.003983999,8.390069,9.864093,1.912162
-0.483521,-0.01046498,-0.009979066,8.38936,9.889375,1.9375
-0.5154647,0.02287823,-0.004206663,8.367078,9.867029,1.912494
-0.5069996,-0.003479948,-0.009655241,8.364061,9.890112,1.937738
-0.4980521,-0.003577879,0.0007792848,8.390092,9.864081,1.93774
-0.5350133,0.0689846,0.02089962,8.36702,9.866936,2.939828
-0.5137746,0.001666824,0.03975699,8.365824,9.89047,2.912321
-0.4972854,-0.01445391,-0.002709409,8.390524,9.86564,2.912271
-0.4935275,-0.009472686,0.04533755,8.389587,9.889496,2.937992
-0.5477932,0.04622003,0.03794472,8.368093,9.868012,2.913872
-0.5474884,-0.014942,0.05308999,8.365558,9.88981,2.938414
-0.4904479,-0.001762631,-0.005308042,8.389863,9.865353,2.938396
-0.4857852,-0.005216414,-0.0008052449,8.390488,6.53864,2.990607
-0.4963979,-0.009631824,-0.008297513,8.391042,6.511777,2.966579
-0.5154423,-0.02111939,-0.04224259,8.39107,6.538088,2.966596
-0.5497199,-0.1220223,0.00489368,8.369298,6.53751,2.969412
-0.4648462,-0.153024,-0.01050054,8.366273,6.511745,2.991112
-0.4798252,-0.1219813,0.03973339,8.369295,6.51248,2.96938
-0.4730873,-0.1177993,-0.006320865,8.366292,6.538124,2.991133
-0.4919755,-0.007435637,0.0002830246,8.389546,8.462729,2.989619
-0.4993915,-0.002788129,0.002499936,8.390474,8.4884,2.964749
-0.5312463,-0.07371031,-0.003740642,8.364581,8.48841,2.990504
-0.4930279,-0.008537299,0.002846064,8.390303,8.462388,2.964513
-0.5129657,-0.07877807,-0.006798144,8.364339,8.462395,2.990321
-0.5246329,-0.06695087,0.04119347,8.367401,8.462455,2.967473
-0.539403,-0.05719553,0.03243034,8.367791,8.487503,2.967829
-0.4908396,-0.01600995,-0.001877625,8.389832,5.46109,2.989904
-0.4945148,-0.03011437,-0.0004052609,8.390283,5.487689,2.964573
-0.5105889,-0.2878629,0.001454764,8.364396,5.487684,2.99031
-0.4982311,-0.2755214,-0.01572572,8.364533,5.461684,2.990518
-0.4719181,-0.2188577,0.0368011,8.367756,5.462468,2.967786
-0.456929,-0.01271404,0.02203845,8.390479,5.461703,2.9647
-0.5094791,-0.2426199,0.04674683,8.36745,5.487516,2.967503
-0.4992014,-0.02399142,-0.0009425654,8.38949,5.53747,2.989569
-0.4956177,-0.02216909,0.005075006,8.390207,5.512117,2.964433
-0.497947,-0.2739974,0.001087551,8.364253,5.512112,2.990225
-0.4900204,-0.01569373,-0.00128414,8.39026,5.537749,2.964548
-0.5109157,-0.2454201,0.002657668,8.364351,5.537746,2.990282
-0.5118961,-0.2437045,0.03286292,8.367416,5.537448,2.967512
-0.4959328,-0.2367212,0.05337251,8.367327,5.51248,2.967403
-0.4981561,-0.03300391,-0.001669225,8.389691,6.262649,2.989782
-0.4659671,-0.1582424,-0.008355156,8.365416,6.288318,2.990792
-0.505844,-0.1995698,-0.004984411,8.364784,6.262318,2.99046
-0.532067,-0.1745514,0.02348703,8.367804,6.26239,2.96791
-0.5175576,-0.01890262,-0.04175018,8.390749,6.288278,2.965639
-0.557495,-0.1947199,0.003944841,8.368536,6.287403,2.968613
-0.4914632,-0.01562608,-0.003140861,8.390431,6.262305,2.965002
-0.4902237,-0.005122833,-0.001683867,8.390447,8.06138,2.990563
-0.5017505,-0.006790342,-0.007114242,8.390983,8.088286,2.96628
-0.4797214,-0.006047734,0.006856032,8.391026,8.061935,2.966434
-0.5001114,-0.06381485,0.04944294,8.369167,8.062523,2.96927
-0.5230441,-0.08865276,-0.008620435,8.366006,8.088313,2.991056
-0.5429458,-0.08146702,0.02068629,8.369052,8.087587,2.969153
-0.4970256,-0.05250854,-0.01751347,8.366143,8.061906,2.9911
-0.4898391,-0.01368269,0.0006906743,8.389544,8.337271,2.989617
-0.4905564,-0.006438056,-0.00167358,8.390472,8.311596,2.964732
-0.49534,-0.05680106,-0.009799279,8.364566,8.311586,2.990502
-0.4907909,-0.007935295,0.003828503,8.390301,8.33761,2.964505
-0.5155822,-0.08300026,-0.01126201,8.364333,8.337603,2.990319
-0.5126372,-0.06552683,0.04852013,8.367395,8.337542,2.967465
-0.499824,-0.06263585,0.04370064,8.367778,8.312491,2.967813
-0.4982243,-0.1097546,-0.002519945,8.389316,4.78751,0.0105686
-0.5134946,-0.6074706,-0.03423264,8.37856,4.776386,0.175159
-0.4911451,-0.09458303,-0.003769002,8.389318,4.812489,0.010564
-0.4992028,-0.05082268,0.002310037,8.389334,4.987519,0.01058951
-0.4971621,-0.5019089,0.003805016,8.378954,4.776564,1.824496
-0.5039209,-0.5420995,0.01760806,8.37895,4.776526,1.975506
-0.3674424,-0.8382601,0.0484291,8.352716,4.850468,2.852634
-0.3985503,-0.6926467,0.05971114,8.354096,4.952864,2.849006
-0.4660963,-0.3470494,0.002334049,8.377857,4.825186,2.978202
-0.4975585,-0.05746343,-0.003129351,8.389392,4.987549,2.98946
-0.5227032,-0.5694025,-0.02697946,8.378749,4.776545,0.2242624
-0.5129007,-0.5406889,0.006195468,8.378922,4.776624,0.3754742
-0.5076452,-0.5250821,-0.01365784,8.378929,4.776631,0.4244781
-0.5109758,-0.536735,0.01427917,8.378948,4.776637,0.575504
-0.4898451,-0.488539,-0.0007483631,8.378948,4.776636,0.624494
-0.5203208,-0.5831918,0.02717478,8.378953,4.776636,0.7755042
-0.5110451,-0.5605603,0.001109633,8.378953,4.776636,0.8244937
-0.5188236,-0.5954032,0.01360897,8.378955,4.776636,0.9755034
-0.5162258,-0.586926,-0.007451753,8.378955,4.776636,1.024493
-0.5167643,-0.5897838,0.007202359,8.378956,4.776636,1.175504
-0.5170073,-0.5845283,-0.01241295,8.378956,4.776635,1.224494
-0.5144658,-0.5756639,0.002371189,8.378956,4.776635,1.375504
-0.5158732,-0.5718744,-0.01629154,8.378956,4.776635,1.424495
-0.5103438,-0.5496579,-0.0006294163,8.378956,4.776633,1.575505
-0.4990322,-0.5330711,-0.001300733,8.37895,4.776524,2.024496
-0.5031917,-0.5543848,0.01168356,8.378948,4.776522,2.175506
-0.5000859,-0.5476365,-0.007416725,8.378948,4.776522,2.224496
-0.4999893,-0.546763,0.007316963,8.378944,4.776521,2.375507
-0.492043,-0.5261722,-0.01252553,8.378943,4.77652,2.424498
-0.4940111,-0.5297359,0.005427789,8.378927,4.776512,2.575535
-0.5078865,-0.5577186,-0.01052123,8.378921,4.776508,2.624555
-0.5170067,-0.5801584,0.01920524,8.378794,4.776462,2.776166
-0.5159717,-0.5991559,0.0150403,8.378709,4.776329,2.825792
-0.4373477,-0.42955,-0.001309118,8.377813,4.775049,2.978197
-0.4379274,-0.4778861,-0.08320841,8.377607,4.775906,0.07410733
-0.4980357,-0.07233866,0.001152062,8.389331,4.887519,0.01058273
-0.4513533,-0.4017464,-0.03121902,8.377259,4.82575,0.07346829
-0.4472546,-0.3272599,0.006867185,8.377847,4.875999,0.07499124
-0.489248,-0.06471891,-0.0003141753,8.389334,4.912482,0.0105868
-0.4876582,-0.2965734,-0.01377817,8.378068,4.975976,0.07552287
-0.478478,-0.2954841,-0.01574004,8.378002,4.924972,0.0753684
-0.4839259,-0.2971604,0.01170415,8.378256,4.975961,2.924878
-0.4601072,-0.04898984,0.005488354,8.390146,4.911184,2.990155
-0.4776265,-0.2824591,0.01416645,8.37866,4.924478,2.925929
-0.4898929,-0.04608382,-0.0006176072,8.389334,5.012484,0.01059042
-0.4185544,-0.6368641,0.05458653,8.35333,5.051882,2.849616
-0.4887462,-0.04935645,0.0009169511,8.38936,5.012497,2.989432
-0.4764315,-0.2636713,-0.03702423,8.378048,5.024844,0.07541017
-0.4619396,-0.1929385,0.009849272,8.37812,5.075866,0.07556267
-0.4743261,-0.2589386,0.03593622,8.378115,5.02486,2.924744
-0.4967855,-0.03994378,-0.001434319,8.389356,5.087511,2.989427
-0.4638777,-0.2048123,-0.008864082,8.378174,5.075868,2.924594
-0.511228,-0.5428266,-0.01962507,8.378956,4.776629,1.624495
-0.4877847,-0.4796006,0.009808908,8.378955,4.776587,1.775506
-0.4833735,-0.6651492,-0.06283991,8.366874,4.762309,0.03296981
-0.4931644,-0.130749,-0.005756675,8.389314,4.762468,0.01057085
-0.4786304,-0.6900513,-0.0119823,8.363903,4.787828,0.009898237
-0.5040314,-0.09682794,0.004103831,8.389998,4.787928,0.03556478
-0.5103972,-0.124255,-0.005471089,8.389998,4.762265,0.03555084
-0.4901297,-0.5843119,-0.04633284,8.366906,4.787413,0.03293972
-0.4608002,-0.7977341,-0.01464166,8.363872,4.76222,0.009878437
-0.4929391,-0.4896402,-0.0334414,8.366939,4.837477,0.03290463
-0.4786457,-0.6670154,-0.001421848,8.363907,4.812134,0.009895177
-0.4968307,-0.07973234,0.0003428685,8.389321,4.837516,0.01056178
-0.5026491,-0.08495585,-0.009325677,8.389987,4.812351,0.03549768
-0.4952314,-0.06730535,0.00305144,8.39002,4.837938,0.03555444
-0.4926918,-0.5295347,-0.05450668,8.366916,4.812416,0.03293011
-0.4911355,-0.5886542,-0.006510057,8.363893,4.83773,0.009865086
-0.4996882,-0.04209278,-0.001591293,8.390081,4.987879,0.03584801
-0.5043407,-0.4288485,-0.003949808,8.363927,4.987852,0.009889479
-0.5112506,-0.3756731,-0.06230188,8.367011,4.987512,0.03290072
-0.5173015,-0.3963276,-0.04616243,8.367002,4.962488,0.03289948
-0.488385,-0.05454854,-0.0004709594,8.389335,4.962499,0.01058585
-0.4975659,-0.04761634,-0.004043667,8.3901,4.962295,0.03585706
-0.5033017,-0.4736337,-0.005807356,8.363906,4.962262,0.00986186
-0.4626579,-0.3822678,0.01409504,8.378657,4.825753,2.928916
-0.4578299,-0.3576872,0.01005854,8.377303,4.874848,2.977495
-0.4513313,-0.3107327,0.00395705,8.37869,4.875683,2.926502
-0.4980481,-0.04856279,0.001586962,8.390121,4.987909,2.964293
-0.511139,-0.3812364,0.06360867,8.367194,4.987551,2.967224
-0.5037612,-0.4344664,0.001217262,8.364105,4.987882,2.990158
-0.5067473,-0.405557,0.051632,8.367364,4.962571,2.967389
-0.4833296,-0.05509186,0.000678815,8.389476,4.962552,2.989538
-0.4938508,-0.05040409,0.006185515,8.390213,4.962319,2.96448
-0.4983052,-0.4656208,0.003476029,8.364317,4.962294,2.990255
-0.4469321,-0.4504023,0.05829398,8.378961,4.775987,2.928236
-0.4944613,-0.4714196,-0.03482681,8.366958,4.862463,0.03290057
-0.4920591,-0.07355273,-0.001814755,8.389326,4.862507,0.01057079
-0.500572,-0.06623008,0.009756191,8.390067,4.887889,0.03579833
-0.4968143,-0.5218981,0.00330029,8.363915,4.88784,0.009885126
-0.5006246,-0.06005002,0.005897573,8.390045,4.862386,0.03566667
-0.4992081,-0.4652361,-0.04672386,8.366985,4.887499,0.03289757
-0.4862967,-0.5979013,-0.000911715,8.363895,4.862235,0.009862605
-0.5121319,-0.4009416,-0.05567981,8.366999,4.937509,0.03289809
-0.4980148,-0.06032706,0.001920288,8.389335,4.937503,0.01058487
-0.4969224,-0.06483162,-0.01235009,8.390071,4.912201,0.03581886
-0.4966476,-0.5352885,0.007090127,8.363917,4.912155,0.009884445
-0.5043228,-0.4322581,-0.06899725,8.366994,4.912481,0.03289957
-0.4917312,-0.04689181,-0.006739021,8.3901,4.937788,0.03585515
-0.5057545,-0.4644681,-0.004135291,8.363902,4.937759,0.009860108
-0.5075149,-0.404634,0.05275998,8.367765,4.937632,2.967761
-0.4922304,-0.08175451,-0.004180975,8.389694,4.93737,2.989729
-0.4406557,-0.05605032,0.04810736,8.39074,4.911743,2.965517
-0.490826,-0.4703231,-0.01436497,8.365481,4.911721,2.990739
-0.4488735,-0.4451389,0.04219545,8.368504,4.912586,2.96848
-0.493325,-0.06411418,0.005185025,8.390395,4.937745,2.964879
-0.5047382,-0.4839802,-0.006895671,8.364786,4.937712,2.990429
-0.5033649,-0.04905729,-0.006497859,8.390079,5.012192,0.03584099
-0.4985723,-0.4091816,-0.001453144,8.363928,5.012149,0.009889775
-0.5107386,-0.3550097,-0.05279069,8.367012,5.012492,0.03290195
-0.5087956,-0.3094272,-0.03347246,8.367011,5.037515,0.03290191
-0.4941053,-0.04180625,0.00107552,8.389336,5.037504,0.01058875
-0.4927769,-0.02974613,0.001548027,8.390102,5.037778,0.03585986
-0.5028327,-0.3785392,0.001733873,8.363908,5.037739,0.009862824
-0.5018676,-0.05146813,0.008985328,8.390093,5.012202,2.964227
-0.5098126,-0.3595972,0.06112237,8.367114,5.012516,2.967156
-0.4989366,-0.4091542,0.0008342811,8.364016,5.012165,2.990133
-0.5089038,-0.31175,0.04104381,8.367072,5.03752,2.967136
-0.4934979,-0.04257384,-0.0001753466,8.389351,5.037507,2.989423
-0.492012,-0.03227238,0.001463004,8.390111,5.037783,2.964177
-0.5040777,-0.3716695,-0.001268419,8.363957,5.037743,2.99015
-0.5122042,-0.312585,-0.01994193,8.367014,5.062493,0.03290288
-0.4878913,-0.03897483,0.0009126867,8.389337,5.0625,0.01058945
-0.4964556,-0.02912993,0.007733416,8.390103,5.062287,0.03586364
-0.5023292,-0.399077,0.0009616644,8.363906,5.062242,0.009861699
-0.5106296,-0.3146658,0.02633321,8.367066,5.062494,2.96714
-0.4874471,-0.03783297,-0.0006641919,8.389349,5.062499,2.989422
-0.4973768,-0.03406862,-0.005010488,8.390106,5.08787,2.964203
-0.5050603,-0.3580921,0.006490955,8.363989,5.087836,2.990134
-0.5031877,-0.3199761,0.0484786,8.367091,5.087501,2.967168
-0.4964598,-0.03106356,-0.00590607,8.390113,5.062285,2.964175
-0.502387,-0.387936,0.0008415197,8.363949,5.062241,2.990151
-0.3995216,-0.8584395,0.03051366,8.354522,4.851577,0.7499662
-0.3985416,-0.8634396,-0.008374593,8.354529,4.851575,0.8499701
-0.4677819,-0.6328548,-0.01558749,8.357391,4.956286,0.8489822
-0.3971514,-0.8662968,0.02476502,8.354538,4.851576,0.9499836
-0.4671816,-0.6365389,0.0256665,8.357404,4.956285,0.9509958
-0.3958107,-0.8668969,-0.0169099,8.35454,4.851574,1.049982
-0.4678635,-0.6366819,-0.02089112,8.357407,4.956285,1.048989
-0.3959256,-0.8661852,0.01843818,8.354544,4.851575,1.149992
-0.4676848,-0.6366026,0.02244332,8.357413,4.956284,1.150999
-0.3966348,-0.8661995,-0.02185047,8.354545,4.851574,1.24999
-0.4663648,-0.6370801,-0.02391337,8.357414,4.956284,1.248992
-0.3973262,-0.86412,0.01405093,8.354547,4.851574,1.349998
-0.4666629,-0.6353328,0.0192966,8.357416,4.956284,1.351001
-0.3982859,-0.8620486,-0.02522006,8.354547,4.851574,1.449996
-0.4682344,-0.6320947,-0.02619075,8.357416,4.956283,1.448995
-0.3999493,-0.8585039,0.01123614,8.354547,4.851572,1.550004
-0.4688553,-0.6290488,0.01814251,8.357416,4.956282,1.551005
-0.4031398,-0.8572179,-0.02606588,8.354546,4.851566,1.650002
-0.4669992,-0.6285753,-0.02599442,8.357415,4.956279,1.648999
-0.4048943,-0.8529945,0.01831475,8.354543,4.85155,1.750012
-0.4671497,-0.6261066,0.01965364,8.357413,4.956274,1.751009
-0.3985774,-0.8515718,-0.01213012,8.35454,4.851529,1.850009
-0.4664678,-0.6267202,-0.02180718,8.357411,4.956267,1.849002
-0.3943949,-0.8541898,0.02556449,8.354534,4.851513,1.950019
-0.4651303,-0.6310486,0.02288209,8.357405,4.956262,1.951012
-0.3918548,-0.858336,-0.01253918,8.354531,4.851509,2.050017
-0.4640024,-0.6319536,-0.01966818,8.357401,4.95626,2.049006
-0.3897924,-0.8607053,0.02213387,8.35452,4.851507,2.150031
-0.4633265,-0.6348324,0.02135874,8.357388,4.95626,2.151021
-0.3863088,-0.862304,-0.01748207,8.354514,4.851509,2.250036
-0.4618231,-0.6338336,-0.02060907,8.357376,4.956259,2.249022
-0.3856401,-0.8614222,0.02061043,8.354489,4.851508,2.350069
-0.4613504,-0.6343089,0.01896562,8.357335,4.95625,2.35105
-0.3788731,-0.8540677,-0.01614843,8.354457,4.85151,2.450107
-0.4487008,-0.6004188,-0.01377055,8.357275,4.956231,2.449079
-0.3818138,-0.8501523,0.01603275,8.354354,4.851484,2.550208
-0.4578592,-0.6180369,0.03428363,8.357041,4.956028,2.551044
-0.4504795,-0.666781,0.07384181,8.354948,4.952578,2.748966
-0.3871964,-0.8482961,-0.01100252,8.354098,4.851275,2.65028
-0.4542032,-0.628432,0.01544497,8.356618,4.955461,2.648828
-0.3888979,-0.8471639,0.02930421,8.353568,4.850981,2.750729
-0.498986,-0.6460937,-0.08413535,8.377784,4.775223,0.1247398
-0.5152954,-0.5476271,0.01802282,8.378953,4.776545,1.875506
-0.5096617,-0.5414282,0.00237064,8.378952,4.776533,1.924497
-0.528559,-0.5757564,0.00201425,8.378865,4.776609,0.2753698
-0.514475,-0.5370181,-0.01683482,8.378895,4.776608,0.324436
-0.5150236,-0.5361954,0.002764655,8.378941,4.776638,0.4754959
-0.505752,-0.5115834,-5.973464e-05,8.378944,4.776637,0.5244922
-0.5295359,-0.5897193,0.02738084,8.378951,4.776636,0.6755047
-0.5159771,-0.5503098,0.001593083,8.378952,4.776636,0.7244956
-0.5268914,-0.6051061,0.02319235,8.378954,4.776636,0.8755034
-0.5256066,-0.5992176,-0.003719179,8.378954,4.776636,0.9244945
-0.5253473,-0.6056571,0.01089095,8.378955,4.776635,1.075503
-0.5262041,-0.6013697,-0.0122254,8.378955,4.776635,1.124495
-0.5256715,-0.6006796,0.006510455,8.378956,4.776635,1.275504
-0.5271971,-0.5987273,-0.01626293,8.378956,4.776635,1.324495
-0.5255447,-0.5876204,0.00172722,8.378956,4.776635,1.475504
-0.52746,-0.5841969,-0.01918615,8.378956,4.776634,1.524496
-0.5172516,-0.5797422,0.01720888,8.378949,4.776522,2.075506
-0.5127447,-0.568925,-0.004623591,8.378949,4.776522,2.124497
-0.5145542,-0.5805968,0.01168575,8.378946,4.776521,2.275505
-0.5141603,-0.5790544,-0.00978888,8.378946,4.776521,2.324496
-0.501578,-0.5419293,0.006418971,8.37894,4.776519,2.475511
-0.5101304,-0.5687729,-0.01238605,8.378938,4.776519,2.52451
-0.5113546,-0.5579367,0.007674176,8.378898,4.776499,2.675638
-0.5196106,-0.5814597,-0.005830513,8.378878,4.776512,2.724809
-0.5105327,-0.6215726,0.08701129,8.378286,4.775226,2.877199
-0.5201004,-0.5512472,0.001612883,8.378955,4.776622,1.675505
-0.5266302,-0.5620136,-0.02161029,8.378955,4.776607,1.724496
-0.03765077,-0.7276711,-0.002612884,7.700032,4.29993,0.0880886
-0.06240609,-0.8041237,-0.001698966,7.70011,4.499904,0.08825341
-0.1449379,-0.8544832,0.001279763,7.70026,4.699922,0.0883781
-0.03917105,-0.7280806,-0.0005566333,7.70015,4.299784,0.2784064
-0.06456759,-0.8077578,-0.0005904488,7.700351,4.499693,0.2789216
-0.1428476,-0.854928,0.002242868,7.70087,4.699726,0.2792696
-0.03754179,-0.7272926,0.0009416368,7.70029,4.299463,0.4833762
-0.06490489,-0.807882,0.001370173,7.700658,4.499302,0.4841671
-0.1429098,-0.8552087,0.001519202,7.701672,4.699395,0.4846486
-0.0378347,-0.7264218,0.0002177436,7.700516,4.299134,0.6885249
-0.06353548,-0.8065941,0.00180778,7.701022,4.498928,0.6893697
-0.1428115,-0.8528026,0.001800114,7.702458,4.699084,0.6898176
-0.03693538,-0.7254839,0.001213254,7.700759,4.29888,0.8927888
-0.06151549,-0.8062048,0.001823551,7.701369,4.49867,0.8934653
-0.1412059,-0.8528979,0.001682392,7.70309,4.698864,0.8937835
-0.03682703,-0.7250542,0.0001753118,7.701024,4.29874,1.095879
-0.06057376,-0.8055421,0.0009854287,7.701676,4.49853,1.096313
-0.1411712,-0.8523479,0.0008757502,7.703533,4.69874,1.096506
-0.03656402,-0.7248077,0.000226788,7.701193,4.298673,1.298128
-0.06012173,-0.8057312,0.0004364222,7.70185,4.49846,1.298338
-0.1411764,-0.8519511,0.0008346998,7.703762,4.698677,1.298428
-0.03688386,-0.7247257,-7.770545e-05,7.701243,4.298641,1.5
-0.06073721,-0.8055478,-7.477045e-05,7.701899,4.498428,1.500001
-0.1415417,-0.8515669,0.0003556293,7.703828,4.69865,1.500003
-0.03694954,-0.7250778,-0.000151729,7.701169,4.298638,1.701871
-0.06134241,-0.8062374,0.0003238907,7.701828,4.498423,1.701665
-0.1420035,-0.8512355,0.001184348,7.703748,4.698647,1.701579
-0.03737762,-0.7247637,-0.0002096961,7.70098,4.298674,1.904121
-0.06212784,-0.8054261,0.0001848147,7.701634,4.498459,1.90369
-0.1398183,-0.8510355,0.0009799398,7.703507,4.698682,1.903502
-0.0380949,-0.7241711,-0.0005712278,7.700708,4.298796,2.107214
-0.06423098,-0.8057609,-0.0003960618,7.70132,4.498578,2.106541
-0.140145,-0.8522755,-0.0003082406,7.703062,4.698789,2.106228
-0.03882511,-0.724235,3.522012e-05,7.700474,4.299052,2.311481
-0.06465146,-0.8047908,-0.0006194894,7.700987,4.498838,2.31064
-0.1404704,-0.8520765,-5.921542e-05,7.702445,4.69901,2.310199
-0.03898951,-0.7245999,-0.0005694905,7.700272,4.299401,2.51663
-0.06574566,-0.8057446,-0.001318018,7.700652,4.499234,2.515845
-0.1407502,-0.8546506,-0.001707128,7.701691,4.69934,2.515372
-0.04033842,-0.7254603,0.0009427438,7.700154,4.299753,2.721598
-0.06615369,-0.8061659,-0.0002738014,7.700375,4.499659,2.721087
-0.141507,-0.8542515,-0.003351111,7.700924,4.699698,2.720748
-0.03959757,-0.7246273,0.002086719,7.700045,4.299923,2.911912
-0.06557954,-0.8026799,0.001299819,7.700146,4.499896,2.911749
-0.1462571,-0.85326,-0.001900677,7.700328,4.699916,2.911629
0.0467649,-0.7577198,-0.0003511329,7.899451,4.299335,0.0888102
0.02187312,-0.8635091,-0.0006438506,7.899481,4.499254,0.08935256
-0.121884,-0.9428576,0.00226501,7.899708,4.699602,0.08983624
0.04065856,-0.7616647,-0.002248944,7.899913,4.299538,0.2799109
0.01535884,-0.868558,-0.002848526,7.900144,4.499243,0.2814276
-0.1223439,-0.9476655,0.0008833594,7.90133,4.699378,0.2824737
0.0458467,-0.7621612,0.00121462,7.899848,4.298949,0.4855318
0.01863097,-0.8698134,0.002282924,7.900225,4.498471,0.4873919
-0.1225452,-0.9485821,0.00209012,7.902236,4.698786,0.4885094
0.04450968,-0.7592482,0.0006802316,7.899926,4.298457,0.690726
0.01808019,-0.8682373,0.004978461,7.900454,4.497957,0.6923093
-0.1242397,-0.9479145,0.002792983,7.903042,4.698376,0.6931505
0.04436725,-0.7587531,0.001250422,7.900216,4.298206,0.8944468
0.0212194,-0.8678861,0.004574713,7.900816,4.497704,0.8955311
-0.1220451,-0.9495007,0.002383966,7.903658,4.698162,0.8960813
0.04387107,-0.7578922,0.0003494047,7.900492,4.298096,1.096889
0.02144083,-0.8676556,0.001777662,7.901079,4.49759,1.097541
-0.1224436,-0.9504769,0.001048327,7.904014,4.698062,1.097864
0.04400775,-0.7584129,-1.758318e-05,7.900668,4.298042,1.298602
0.02146675,-0.8679045,-0.0004519563,7.901227,4.497535,1.298907
-0.1225087,-0.9499947,0.0002210746,7.904192,4.698013,1.299057
0.04454274,-0.7575952,-0.0003431159,7.900716,4.298009,1.499999
0.02010343,-0.8681721,-0.001934561,7.901265,4.497501,1.5
-0.1231109,-0.9493219,-0.0005159843,7.90424,4.697985,1.500002
0.0446782,-0.7594443,-0.0002830822,7.900625,4.297983,1.701394
0.0200662,-0.8685213,-0.002848991,7.901188,4.497472,1.701093
-0.1239973,-0.947972,0.0005263972,7.90417,4.697965,1.700949
0.04434502,-0.7579281,-0.0003538714,7.900406,4.297978,1.903106
0.02387912,-0.8668059,-0.003316843,7.900996,4.497462,1.902459
-0.1202001,-0.9461691,0.0007170097,7.903968,4.697964,1.902142
0.04475572,-0.7576425,-0.0007763111,7.900106,4.298048,2.105553
0.02687804,-0.8662589,-0.002296443,7.900709,4.497529,2.104473
-0.1207907,-0.9442153,-5.164185e-05,7.9036,4.698031,2.10393
0.04408854,-0.7561871,-0.0001483865,7.899828,4.298292,2.309278
0.02668814,-0.8655933,-0.002102817,7.900362,4.497774,2.3077
-0.1189088,-0.9448839,-0.0004814047,7.903002,4.698239,2.306868
0.04714893,-0.754841,-0.0009867568,7.899794,4.298815,2.514476
0.02779081,-0.867296,-0.001725293,7.900187,4.498318,2.512623
-0.1153986,-0.9468839,-0.001642988,7.902253,4.698674,2.511522
0.04330733,-0.7552194,0.002268899,7.89991,4.299463,2.720096
0.02287171,-0.8663585,0.002039067,7.900179,4.499156,2.718591
-0.1195807,-0.9439162,-0.001750686,7.90144,4.699317,2.71757
0.04978279,-0.7523735,-1.834326e-05,7.899475,4.299312,2.911192
0.02531822,-0.8620001,-0.0001334339,7.899562,4.499228,2.910656
-0.1233873,-0.9388691,-0.003573559,7.899893,4.699589,2.910189
0.1575731,-0.7521664,0.009419278,8.097248,4.297312,0.09121212
0.3770702,-0.6976304,0.01016546,8.296867,4.298482,0.09220981
0.1348253,-0.9563499,0.006471073,8.098133,4.496931,0.09227012
0.2823987,-0.981904,-0.02064965,8.244319,4.444556,0.04289911
-0.07694518,-1.097337,0.02005575,8.098496,4.699179,0.09459035
0.02045756,-1.345239,0.01041207,8.244318,4.647969,0.04524672
0.1567881,-0.7492704,-0.001417456,8.09898,4.298908,0.2830747
0.3805954,-0.6715498,0.009635911,8.29787,4.298691,0.2871494
0.1262147,-0.9590983,0.005174418,8.098413,4.497823,0.2872842
0.3050054,-0.9259806,-0.0006550746,8.246098,4.446484,0.2419473
-0.06731788,-1.09222,0.01512204,8.101769,4.698474,0.28959
0.07678175,-1.361834,0.01196439,8.249926,4.646088,0.2462259
0.1602168,-0.7441503,0.00440284,8.098405,4.297955,0.4889939
0.385108,-0.6658315,0.007988077,8.29721,4.297886,0.492551
0.1218872,-0.9563418,0.009703697,8.097902,4.496731,0.4927039
0.3102126,-0.9100462,0.01431169,8.244976,4.445182,0.4464426
-0.06832348,-1.087633,0.01071566,8.102455,4.697693,0.4943492
0.07002865,-1.367241,0.009121405,8.250031,4.645258,0.4486418
0.16142,-0.7392496,-0.001922537,8.098467,4.297531,0.6934311
0.3691714,-0.6644713,0.001970519,8.297334,4.297779,0.6957846
0.1316302,-0.9443589,0.006731458,8.098113,4.496313,0.6959366
0.3196908,-0.907989,0.005524925,8.244953,4.444897,0.6482347
-0.06278828,-1.0813,0.009083037,8.103079,4.697357,0.6969696
0.06949106,-1.377473,0.0167894,8.250166,4.645113,0.6493774
0.1636009,-0.7344737,0.0002330766,8.098758,4.297387,0.8961615
0.3513935,-0.6624617,0.002136094,8.297638,4.297785,0.8975763
0.1435421,-0.9352649,0.00528593,8.098349,4.496166,0.8977092
0.321438,-0.9343268,0.005772094,8.245057,4.444834,0.8490635
-0.05726872,-1.078063,0.005700636,8.103427,4.69723,0.8983347
0.08154667,-1.397558,0.01616717,8.25024,4.645084,0.8496849
0.1642512,-0.7333177,0.0002948574,8.099029,4.297333,1.097869
0.3499709,-0.6605219,0.000255155,8.297909,4.297805,1.098661
0.1476479,-0.9325861,0.001408159,8.098517,4.49611,1.098758
0.3229862,-0.9380012,0.00124003,8.245144,4.444826,1.049511
-0.05546933,-1.078752,0.002241623,8.103614,4.697178,1.099113
0.08828181,-1.40636,0.001367486,8.250279,4.645079,1.049842
0.1643332,-0.7327465,-0.000210801,8.099202,4.297307,1.299046
0.3507472,-0.6615832,-0.001494413,8.29808,4.297813,1.299401
0.1464487,-0.9325913,-0.001294069,8.098611,4.496083,1.299452
0.3235117,-0.934433,-0.003335722,8.2452,4.444826,1.249789
-0.05593867,-1.077073,-0.000558076,8.103704,4.697154,1.299613
0.08483636,-1.403339,-0.005532955,8.250299,4.645078,1.249937
0.1636083,-0.7342658,0.001134336,8.099244,4.297277,1.499998
0.3555349,-0.6631472,-0.003062036,8.298121,4.297797,1.499999
0.1425718,-0.9345827,-0.00210561,8.098626,4.496054,1.5
0.3227465,-0.9314187,-0.008046635,8.245218,4.444817,1.449999
-0.05989488,-1.078348,-0.002091466,8.103724,4.697132,1.500002
0.07870931,-1.395696,-0.01164404,8.250305,4.645072,1.450006
0.1628088,-0.736325,-0.002100582,8.099127,4.297217,1.700943
0.3715042,-0.6645721,-0.003390531,8.298001,4.297729,1.70059
0.136843,-0.9404017,0.0002132804,8.098541,4.495991,1.700542
0.3185133,-0.9262086,-0.00665431,8.245156,4.444755,1.650191
-0.06328948,-1.081892,-0.001878963,8.103679,4.697089,1.700393
0.06832762,-1.376623,-0.01058142,8.250291,4.645035,1.65007
0.1622871,-0.7338317,-0.004952682,8.09886,4.297132,1.902117
0.3619638,-0.6638796,-0.000386283,8.297715,4.297581,1.901322
0.1266413,-0.9438228,0.004247486,8.098325,4.495888,1.90123
0.3321812,-0.9136257,-0.0289009,8.244856,4.444473,1.850408
-0.05939223,-1.096977,-0.001091497,8.10355,4.697027,1.900893
0.06572682,-1.344751,0.01021788,8.250232,4.644879,1.850149
0.160914,-0.7309676,-0.00438211,8.098535,4.297108,2.103832
0.3480403,-0.6650254,-0.001456599,8.297376,4.297463,2.102414
0.1209729,-0.9383748,0.001950238,8.098085,4.495853,2.10229
0.3351057,-0.92746,-0.006310355,8.24462,4.44429,2.050759
-0.05967759,-1.093064,0.0003637392,8.103333,4.697021,2.101671
0.07065362,-1.344354,0.008641799,8.250126,4.644761,2.050262
0.1594907,-0.7326243,-0.002462873,8.098255,4.297227,2.306564
0.3463108,-0.6653818,-0.0007595436,8.297091,4.297413,2.304198
0.1218668,-0.9393681,-0.003358599,8.097861,4.495974,2.304065
0.3387679,-0.9334592,-0.003382175,8.244537,4.444293,2.251335
-0.05549854,-1.095571,-0.005221195,8.102997,4.697134,2.303041
0.08206629,-1.348086,-0.001908179,8.250083,4.644763,2.250468
0.1592285,-0.7352034,-0.003872027,8.098258,4.297675,2.511001
0.3482411,-0.6678535,-0.006027445,8.297062,4.297494,2.507409
0.1201067,-0.9462935,-0.008013975,8.097729,4.496408,2.5073
0.336898,-0.9370818,-0.004115422,8.244578,4.444444,2.45249
-0.05976993,-1.102,-0.009143456,8.102436,4.697483,2.505681
0.08735299,-1.349144,-0.01079602,8.250039,4.644838,2.450917
0.1568728,-0.7383944,0.006130303,8.098931,4.29872,2.716929
0.3597392,-0.6723545,-0.004275519,8.297833,4.298351,2.712796
0.118658,-0.9500622,-0.005497719,8.098388,4.497592,2.712738
0.3364329,-0.9190883,0.001363138,8.245152,4.445144,2.655267
-0.06062002,-1.101493,-0.01341573,8.101935,4.698335,2.710518
0.08610131,-1.339872,-0.02375216,8.250031,4.645222,2.652204
0.1555356,-0.7434365,-0.005980834,8.09727,4.297243,2.90879
0.3736129,-0.7012912,-0.01117671,8.296884,4.29831,2.907763
0.1252362,-0.9483807,-0.007869444,8.098263,4.496852,2.90775
0.3094353,-0.9614006,0.01576989,8.247937,4.447988,2.861637
-0.07789959,-1.097676,-0.01683024,8.099022,4.69916,2.905526
0.07181576,-1.352867,-0.04745312,8.250762,4.647433,2.856943
0.6559406,-0.8112424,-0.003237981,8.348011,4.444356,0.04369147
0.3002918,-1.234942,-0.01349936,8.243771,4.548191,0.04378599
0.2958406,-0.9638255,0.002244863,8.247911,4.448257,0.1383517
0.6213067,-0.7767066,0.02088562,8.346544,4.447837,0.1413941
0.3016515,-1.251575,0.04808312,8.247252,4.546947,0.1415548
0.06584891,-1.357961,0.02044606,8.250334,4.647596,0.1433393
0.3110217,-1.196965,-0.01989569,8.245135,4.543374,1.850197
0.3380302,-0.9203636,-0.01318596,8.244675,4.444317,1.95048
0.3260855,-1.183704,0.002245672,8.244969,4.543242,1.950277
0.06687964,-1.342406,0.01222819,8.250148,4.644785,1.950158
0.3320166,-1.173799,0.007578781,8.24492,4.543182,2.050395
0.3343064,-0.9366626,-0.0030516,8.244515,4.444228,2.150927
0.3392508,-1.16565,0.004608346,8.244858,4.54318,2.150524
0.3446776,-1.16424,-0.0006549493,8.244864,4.543173,2.250716
0.3375115,-0.9370006,-0.00297944,8.244446,4.444259,2.351748
0.3446215,-1.16357,-0.00430104,8.244804,4.543226,2.350995
0.3461049,-1.166483,-0.01153596,8.244859,4.543267,2.451392
0.3344791,-0.9350021,-0.003794171,8.244602,4.444534,2.553521
0.33888,-1.173488,-0.01710266,8.244839,4.543465,2.552076
0.337691,-1.18073,-0.02444531,8.245118,4.543782,2.653151
0.3316392,-0.9399911,0.01866408,8.245954,4.445999,2.758019
0.3227614,-1.20567,-0.01953704,8.245578,4.544764,2.755238
0.3127525,-1.238968,-0.03925697,8.247362,4.54668,2.85849
0.3004663,-0.9779069,0.01504696,8.244401,4.444427,2.957093
0.3134838,-1.23596,0.01226354,8.244014,4.548082,2.956237
0.2734308,-1.249091,0.03839096,8.245723,4.545206,0.2447588
0.3117722,-0.9271914,0.007671796,8.245431,4.445757,0.3446956
0.2829411,-1.230048,0.01871921,8.245393,4.544315,0.3468304
0.08209648,-1.372851,0.01170638,8.250058,4.645562,0.3478404
0.2782578,-1.243332,0.01582097,8.245196,4.544024,0.4479064
0.3136677,-0.919881,0.0002343832,8.245028,4.445092,0.5474933
0.2756171,-1.232992,0.02261234,8.245281,4.543828,0.5485961
0.07386327,-1.377087,0.01205169,8.250167,4.6452,0.5490864
0.2706293,-1.22896,0.02647067,8.245271,4.543779,0.6489962
0.322789,-0.9221864,0.00616006,8.245073,4.444917,0.7486611
0.2797418,-1.220887,0.03438696,8.245352,4.543719,0.7492785
0.07933506,-1.388597,0.02013118,8.250245,4.645117,0.7495326
0.2842895,-1.212265,0.02772732,8.24535,4.543714,0.849472
0.3217367,-0.9387958,0.005091748,8.245145,4.444866,0.949241
0.2895179,-1.206924,0.01584837,8.245399,4.543692,0.9496043
0.08908869,-1.404673,0.01029613,8.250282,4.645095,0.9497394
0.290528,-1.205676,0.001053136,8.2454,4.543694,1.04972
0.3258893,-0.9319823,5.760955e-05,8.2452,4.444847,1.149577
0.2900139,-1.20722,-0.002913035,8.245428,4.543684,1.149788
0.08700899,-1.40434,-0.0005248352,8.250301,4.645086,1.149854
0.2871441,-1.207423,-0.007886131,8.245429,4.543685,1.249872
0.3231977,-0.9335568,-0.005008173,8.245224,4.444832,1.349807
0.2840304,-1.209262,-0.01408976,8.24544,4.543679,1.349912
0.08098443,-1.399721,-0.007863328,8.250308,4.645079,1.349931
0.2803982,-1.211359,-0.0212804,8.245436,4.543672,1.449985
0.3227383,-0.9258183,-0.009891188,8.2452,4.444797,1.550001
0.2775108,-1.213848,-0.02727573,8.245425,4.543656,1.550017
0.07180754,-1.387122,-0.01040765,8.2503,4.645061,1.549995
0.2760347,-1.213735,-0.03497451,8.245397,4.543615,1.650088
0.3194328,-0.8950377,-0.01590887,8.245029,4.444637,1.750194
0.2829605,-1.221057,-0.03835775,8.245314,4.543535,1.750128
0.07464523,-1.346663,0.004271376,8.250076,4.644736,2.150313
0.08087034,-1.349575,-0.004102967,8.250015,4.644754,2.350621
-0.2461389,-1.223741,-0.0003510215,8.255255,4.747033,2.350526
-0.2434846,-1.224904,-0.01153004,8.255231,4.747034,2.450733
0.08250972,-1.347926,-0.012912,8.249941,4.644897,2.551368
-0.2418717,-1.221278,-0.003292695,8.255042,4.747165,2.551203
-0.2433177,-1.207306,-0.01702331,8.254921,4.747283,2.651952
0.07937182,-1.342304,-0.02679623,8.250026,4.645808,2.753902
-0.2378588,-1.200639,-0.02146546,8.254439,4.747808,2.753778
-0.2476725,-1.214718,-0.03690025,8.25418,4.748596,2.856977
0.03252057,-1.350731,-0.0151191,8.245149,4.647973,2.954967
-0.219065,-1.259289,-0.02555094,8.24721,4.750614,2.954959
0.5127654,-1.362057,0.02622463,8.322551,4.52298,0.06809584
0.4945165,-1.52175,-0.04465287,8.320875,4.573855,0.02125502
0.5104943,-1.600899,0.04816111,8.321687,4.571588,0.06973618
0.4470076,-1.284524,-0.06006008,8.321178,4.521463,0.02067667
0.4972758,-1.318697,0.01670212,8.319991,4.520493,0.1197427
0.5383709,-1.526443,0.02154902,8.318073,4.5676,0.1725408
0.4716472,-1.538314,0.0277181,8.319048,4.56897,0.1214056
0.4930702,-1.277003,0.01688707,8.318659,4.519155,0.1711501
-0.2049748,-1.403596,0.0245439,8.327223,4.673265,0.07069058
0.08677403,-1.621164,-0.01511245,8.32184,4.623489,0.02189296
0.1119286,-1.644897,0.02740984,8.324388,4.62226,0.07058967
-0.1654995,-1.479262,0.005331793,8.323071,4.674972,0.02187809
-0.3177181,-1.346083,-0.03073426,8.32857,4.724006,0.07062181
-0.3104351,-1.375394,0.001580407,8.323544,4.724293,0.02182566
0.4871397,-1.225157,0.001061426,8.316803,4.516773,1.875038
0.5385214,-1.518837,0.01092663,8.317165,4.566021,1.825042
0.5223775,-1.247331,0.008029863,8.31703,4.516998,1.825085
0.542995,-1.514671,0.01202563,8.316952,4.56581,1.875039
0.4955005,-1.212197,0.01091857,8.316709,4.516678,1.925138
0.5812271,-1.514714,0.02037562,8.316846,4.565697,1.975061
0.5529704,-1.520089,0.01420871,8.316873,4.565725,1.925067
0.4916385,-1.185831,0.01204793,8.316672,4.516636,1.975077
0.4974558,-1.165658,0.01109366,8.316616,4.516591,2.075114
0.5840457,-1.519965,0.01673125,8.316833,4.565677,2.025092
0.5012674,-1.185595,0.01315965,8.316654,4.516621,2.025182
0.6043741,-1.514305,0.02381708,8.316811,4.565664,2.07508
0.498774,-1.159956,0.008514139,8.316614,4.516593,2.12522
0.6174518,-1.512372,0.006692617,8.316808,4.565668,2.17512
0.6114086,-1.515124,0.008302179,8.316809,4.565659,2.125113
0.5011938,-1.151708,0.003941422,8.316613,4.516592,2.175178
0.5048664,-1.148298,-0.001093423,8.31659,4.516584,2.275248
0.6183493,-1.515468,0.001725973,8.316813,4.565664,2.225159
0.5089561,-1.15563,0.002906036,8.316621,4.516605,2.225297
0.6258579,-1.512882,0.006593622,8.316795,4.565663,2.275157
0.5052218,-1.148416,-0.001190416,8.316602,4.516601,2.325379
0.6264068,-1.513125,-0.004267966,8.316797,4.565682,2.375242
0.624722,-1.513145,-0.005304161,8.3168,4.565662,2.325205
0.5049733,-1.14827,-0.00605933,8.316599,4.516603,2.375383
0.5044965,-1.152649,-0.01181463,8.316604,4.516625,2.475552
0.6263966,-1.513287,-0.01215336,8.316813,4.565681,2.425305
0.5075593,-1.148787,-0.008890187,8.316628,4.516638,2.425544
0.6237901,-1.514129,-0.009586376,8.316797,4.565695,2.475336
0.5064159,-1.159495,-0.01468003,8.316651,4.516679,2.525764
0.6131118,-1.515097,-0.02184068,8.316825,4.565763,2.575558
0.6186463,-1.515167,-0.02111573,8.316818,4.565707,2.525432
0.5023141,-1.165435,-0.02239473,8.316674,4.516709,2.575901
0.5010446,-1.179149,-0.02203342,8.316866,4.516921,2.676455
0.6113959,-1.513399,-0.03115502,8.316889,4.565799,2.625716
0.5057879,-1.164882,-0.02698065,8.31679,4.516834,2.62622
0.5964279,-1.515363,-0.02930569,8.316923,4.56591,2.675901
0.5061079,-1.214421,-0.0241643,8.317157,4.517222,2.727013
0.5644035,-1.519647,-0.03011304,8.317317,4.566467,2.776753
0.5806555,-1.523631,-0.03085161,8.317083,4.566069,2.726223
0.4946074,-1.230339,-0.02400239,8.317554,4.517634,2.777694
0.5072272,-1.30827,-0.01722443,8.320073,4.520177,2.880209
0.5300681,-1.534059,-0.04672812,8.317962,4.567139,2.827476
0.4869219,-1.278328,-0.04050501,8.318533,4.518635,2.828803
0.4944858,-1.53224,-0.0220807,8.319197,4.568707,2.878646
0.5155207,-1.370297,-0.03890246,8.322692,4.522756,2.93187
0.5092653,-1.499522,0.06591897,8.321093,4.573738,2.978756
0.4992576,-1.620919,-0.05503065,8.321937,4.5714,2.930303
0.4709268,-1.257559,0.07309575,8.321279,4.521296,2.97931
0.06265803,-1.360567,0.00103582,8.250274,4.644974,1.750066
-0.1995803,-1.302688,0.006254663,8.326985,4.671931,0.1223335
0.1702115,-1.592597,0.01729786,8.322406,4.61909,0.1731773
0.1346009,-1.551735,0.007583045,8.322869,4.620102,0.1222041
-0.179639,-1.312395,0.01722973,8.327025,4.671087,0.1734289
-0.1672512,-1.33434,0.0214726,8.32701,4.67009,1.875018
0.1542233,-1.582524,0.004333912,8.321966,4.617864,1.825044
-0.1760614,-1.337814,-0.003259474,8.327051,4.670152,1.825017
0.1862939,-1.594008,0.01941601,8.321839,4.617747,1.875011
-0.1629627,-1.340293,-0.001004126,8.326989,4.670052,1.925023
0.2188571,-1.60892,0.01992284,8.321776,4.617671,1.975022
0.1946897,-1.587315,0.004132882,8.321791,4.617692,1.925055
-0.1525439,-1.358121,0.02107802,8.326978,4.670035,1.975027
0.578334,-1.510982,0.04743162,8.318067,4.567257,0.2231843
0.5493095,-1.313846,0.01853368,8.318073,4.518546,0.2222326
0.5894036,-1.211789,0.03395124,8.317869,4.518327,0.2728897
0.6441202,-1.530468,0.06327767,8.317917,4.5669,0.2736968
0.5663634,-1.189464,0.005662635,8.317644,4.518078,0.3234505
0.6494258,-1.517178,0.002248321,8.317768,4.566672,0.3742302
0.6218534,-1.524056,0.00373981,8.317778,4.56677,0.3240332
0.6004233,-1.184647,0.01875516,8.31761,4.518003,0.3737148
0.5629154,-1.268297,0.01400206,8.317556,4.517836,0.474199
0.578634,-1.530182,0.002076964,8.317732,4.566632,0.4243998
0.5589542,-1.255026,0.03067855,8.317533,4.517873,0.4240394
0.6150335,-1.520932,0.005367198,8.31776,4.566573,0.4745332
0.5403368,-1.277119,0.002276892,8.317554,4.517774,0.5244113
0.6483142,-1.521892,0.007065872,8.317819,4.566536,0.5746743
0.5513028,-1.533139,0.02140308,8.317771,4.566554,0.5246362
0.6096807,-1.211688,0.002159577,8.317618,4.517781,0.5744374
0.6227767,-1.196866,0.03240825,8.317643,4.517734,0.674611
0.56381,-1.516744,0.02815376,8.317826,4.566532,0.6247409
0.5474165,-1.289691,0.02510518,8.31762,4.51774,0.6245925
0.6635669,-1.526864,0.0483012,8.317843,4.56651,0.6747806
0.5657308,-1.233632,0.02599632,8.317643,4.517712,0.7247341
0.6887461,-1.528611,0.05032532,8.317869,4.566506,0.7748314
0.5870725,-1.532402,0.02712162,8.317847,4.566507,0.7248306
0.6320737,-1.171199,0.03196025,8.317679,4.517728,0.7746983
0.6336561,-1.168604,0.02106597,8.317675,4.517708,0.8747786
0.6427016,-1.53315,0.0288266,8.317865,4.566507,0.8248719
0.5999394,-1.174664,0.02345305,8.317673,4.517711,0.824808
0.7040765,-1.527662,0.03870842,8.317865,4.566496,0.8748804
0.6222594,-1.157807,0.01499036,8.317673,4.517699,0.9248749
0.7199698,-1.527243,0.009461605,8.317882,4.566499,0.9749041
0.7000642,-1.528001,0.01456618,8.317865,4.566496,0.9249147
0.6350167,-1.149837,0.009928653,8.3177,4.517715,0.9748192
0.6358318,-1.153354,-0.0001092439,8.317691,4.517702,1.074865
0.6895444,-1.529705,0.002358611,8.31788,4.566501,1.024936
0.621798,-1.16001,0.005303931,8.317696,4.517707,1.024914
0.7155793,-1.528788,-0.007872121,8.317875,4.566492,1.074932
0.6140448,-1.171753,0.0009454166,8.31769,4.517698,1.124951
0.7157966,-1.52915,0.001956531,8.317889,4.566498,1.174946
0.6529198,-1.536699,-0.003130314,8.317875,4.566493,1.12496
0.6367106,-1.16568,-0.002549133,8.317712,4.51771,1.174888
0.6334376,-1.164716,-0.008708563,8.317699,4.517698,1.274918
0.6570296,-1.535001,-0.01171203,8.317887,4.566498,1.224974
0.613602,-1.168363,-0.007480756,8.31771,4.517706,1.224977
0.708101,-1.52877,-0.01268506,8.31788,4.566491,1.274963
0.6074097,-1.181208,-0.01102935,8.317698,4.517696,1.325001
0.7039853,-1.526846,-0.01645613,8.317891,4.566496,1.374974
0.6388337,-1.53667,-0.01660064,8.31788,4.566491,1.324989
0.6321385,-1.176977,-0.0146986,8.317716,4.517706,1.374936
0.6276772,-1.176953,-0.01901932,8.317697,4.517691,1.47496
0.627406,-1.535453,-0.02255632,8.31789,4.566495,1.425002
0.6011052,-1.186856,-0.01864833,8.317715,4.517703,1.425023
0.6918537,-1.524922,-0.02227191,8.317879,4.566487,1.474988
0.590005,-1.21296,-0.02148937,8.317694,4.517687,1.525041
0.678512,-1.520955,-0.02476716,8.317882,4.566484,1.574999
0.6103139,-1.532487,-0.02640262,8.317877,4.566484,1.525013
0.6215343,-1.183074,-0.0225967,8.317701,4.517688,1.574977
0.6031145,-1.189346,-0.01339465,8.31764,4.51763,1.674999
0.59276,-1.528902,-0.03311962,8.317875,4.566472,1.625026
0.579961,-1.226996,-0.02678929,8.317687,4.517673,1.625064
0.6478916,-1.516477,-0.01251562,8.317849,4.566442,1.675012
0.5910133,-1.523148,-0.01582123,8.317758,4.566349,1.775035
0.573817,-1.284944,-0.0007250255,8.317393,4.517368,1.774985
0.5747354,-1.24189,-0.01180831,8.317573,4.51756,1.725077
0.5833766,-1.531486,-0.04427978,8.317825,4.566396,1.725043
0.2161394,-1.604285,0.009484906,8.32177,4.617662,2.025073
-0.1503441,-1.362107,0.004600516,8.326974,4.670025,2.025033
0.234602,-1.618196,0.02378119,8.321751,4.617645,2.075036
-0.1416692,-1.361326,0.0262186,8.326965,4.67002,2.075035
0.2443313,-1.625367,0.009280789,8.321751,4.617648,2.17506
0.2381585,-1.61857,-0.0003509327,8.32175,4.617645,2.125083
-0.1387209,-1.363238,-0.004941828,8.326965,4.670016,2.125042
-0.1351868,-1.37489,0.01246418,8.326962,4.67002,2.175051
0.2433048,-1.623784,-0.00293629,8.321756,4.617654,2.225116
0.2516041,-1.627662,0.0114781,8.321739,4.617642,2.275084
-0.1308431,-1.370287,0.01617013,8.326956,4.670019,2.275067
-0.1346226,-1.376896,-0.005434734,8.326964,4.670018,2.225061
0.2511544,-1.628759,-0.0003393742,8.32174,4.617651,2.375138
0.2502723,-1.625702,-0.01089115,8.321743,4.617648,2.325141
-0.1304082,-1.368216,-0.01434616,8.326957,4.670017,2.32508
-0.1296764,-1.377172,0.004966446,8.32695,4.670026,2.375103
0.2518635,-1.627461,-0.0140144,8.321754,4.617668,2.425209
0.25026,-1.624206,-0.0004087911,8.321733,4.617658,2.475198
-0.1287354,-1.364973,0.004433615,8.326943,4.670033,2.475148
-0.1287322,-1.375063,-0.01410771,8.326957,4.670025,2.425122
0.2398288,-1.619482,-0.01465845,8.321744,4.617695,2.575347
0.2473007,-1.619259,-0.02288079,8.321748,4.61768,2.525287
-0.1302801,-1.359812,-0.02485614,8.326949,4.670036,2.525185
-0.1336977,-1.365111,-0.006957366,8.326934,4.670064,2.575259
0.2368469,-1.617653,-0.02879335,8.321789,4.617756,2.62549
0.22536,-1.605255,-0.0134202,8.321789,4.617797,2.675595
-0.1440936,-1.352025,-0.003757488,8.326936,4.670149,2.675493
-0.1385003,-1.3656,-0.02717201,8.326953,4.670082,2.625341
0.2049812,-1.578524,-0.01999209,8.322005,4.618194,2.776307
0.2115177,-1.605411,-0.0280063,8.321889,4.61795,2.725884
-0.1531172,-1.342117,-0.02789249,8.32698,4.670239,2.725739
-0.1574286,-1.325315,-0.009182951,8.327004,4.670484,2.776233
0.1676165,-1.60266,-0.02933582,8.322419,4.618792,2.827015
0.1531674,-1.550556,-0.01102177,8.323134,4.619895,2.878077
-0.2010514,-1.300283,-0.007983755,8.327496,4.671783,2.87833
-0.178369,-1.334399,-0.01732569,8.327204,4.670887,2.826994
0.07559165,-1.588574,0.01666196,8.322366,4.623455,2.978241
0.09346743,-1.674999,-0.03012054,8.324847,4.622097,2.929675
-0.2080694,-1.408599,-0.01970254,8.324594,4.675429,2.978707
-0.2154888,-1.421413,-0.007674307,8.328241,4.673167,2.930116
-0.3260732,-1.328918,-0.02298559,8.325251,4.724586,2.978905
-0.3197192,-1.349068,0.04545847,8.330577,4.723952,2.931134
-0.3317801,-1.203513,-0.0175569,8.329154,4.723093,0.1222911
-0.3293301,-1.223316,-0.0162619,8.329624,4.722575,0.1734259
-0.3277574,-1.256824,0.01159764,8.330024,4.721822,1.875015
-0.3243364,-1.271632,-0.009335926,8.330039,4.72186,1.825014
-0.3205279,-1.261044,-0.0003848052,8.330016,4.721799,1.925018
-0.3184919,-1.288276,0.01758207,8.33001,4.721785,1.975022
0.07626206,-1.518001,0.008229104,8.322151,4.618564,0.2237807
-0.1859335,-1.28129,0.008152465,8.326966,4.670735,0.2239926
-0.1678831,-1.307955,0.04135831,8.326991,4.670523,0.2743738
0.1294323,-1.614931,0.02985076,8.32198,4.618326,0.2741606
-0.3303491,-1.21074,-0.01137354,8.329755,4.722265,0.2240264
-0.3436807,-1.251593,0.01713221,8.32989,4.722143,0.2744165
-0.1712737,-1.312951,-0.007723396,8.326972,4.670456,0.3245564
0.1273888,-1.610477,0.01421352,8.321908,4.618162,0.3745119
0.1174759,-1.608667,-0.004586973,8.321891,4.618196,0.3244184
-0.1643711,-1.318477,0.01336988,8.327004,4.6704,0.3746798
-0.3387702,-1.254841,-0.007149561,8.329916,4.722065,0.3246045
-0.3401076,-1.268468,0.00890365,8.329971,4.722045,0.3747249
-0.1750023,-1.299161,0.01433916,8.327019,4.670354,0.4748181
0.1016321,-1.57696,0.001675153,8.321881,4.618103,0.4246498
-0.182148,-1.304094,-0.009136508,8.326995,4.670384,0.4247496
0.1002983,-1.583789,0.01289601,8.321906,4.618083,0.4747072
-0.332479,-1.24079,0.01165408,8.330003,4.722012,0.4748533
-0.3426181,-1.255815,-0.008623485,8.329972,4.722018,0.42479
-0.1870353,-1.296682,0.0007082454,8.327021,4.670348,0.524853
0.1270966,-1.613883,0.01473183,8.321946,4.618061,0.5747873
0.08607736,-1.562669,0.004490687,8.321909,4.618057,0.5247969
-0.1680545,-1.32418,0.01457869,8.327041,4.670336,0.5748777
-0.3351041,-1.240089,-0.001328803,8.330005,4.721998,0.5248827
-0.3433764,-1.276195,0.01638697,8.330024,4.721999,0.5749039
-0.1638179,-1.322665,0.0366774,8.327051,4.670323,0.6749189
0.07313732,-1.541744,0.01461167,8.321944,4.61804,0.6248585
-0.1889967,-1.307803,0.00834943,8.32704,4.670333,0.6248971
0.1394894,-1.620567,0.03624424,8.321956,4.618034,0.6748556
-0.3502714,-1.266112,0.01827806,8.330033,4.72199,0.6749379
-0.3368543,-1.256778,-0.0006553784,8.330022,4.72199,0.6249183
-0.1748964,-1.315946,0.004059243,8.32705,4.670323,0.7249318
0.1525138,-1.633224,0.03791699,8.321975,4.618036,0.7748821
0.1098425,-1.575527,0.009991405,8.321955,4.618026,0.7249129
-0.155273,-1.344442,0.03624882,8.32706,4.670321,0.7749386
-0.3424975,-1.259331,0.003709573,8.330033,4.721985,0.7249467
-0.3472142,-1.297784,0.02499825,8.330042,4.721988,0.7749527
-0.1476573,-1.340597,0.03261555,8.327061,4.670317,0.8749571
0.1415465,-1.617375,0.01597367,8.321969,4.618029,0.8249379
-0.1584229,-1.34017,0.0101627,8.327058,4.670321,0.8249483
0.1625801,-1.639319,0.03337872,8.321968,4.618025,0.8749154
-0.3468814,-1.283531,0.01905221,8.330044,4.721985,0.8749674
-0.3430687,-1.294157,0.002705456,8.33004,4.721985,0.8249589
-0.146578,-1.343698,-0.002018686,8.327061,4.670318,0.9249645
0.168942,-1.647898,0.01274653,8.321982,4.618031,0.9749262
0.1622121,-1.643148,0.002912975,8.321967,4.618022,0.924963
-0.1430719,-1.355583,0.01361768,8.327066,4.670318,0.9749662
-0.3439457,-1.287387,-0.0002659529,8.330043,4.721983,0.9249716
-0.3430708,-1.308945,0.01456304,8.330048,4.721985,0.9749743
-0.1425709,-1.346341,0.01036157,8.327065,4.670316,1.074977
0.1612929,-1.640373,-0.001238108,8.321979,4.618028,1.024977
-0.1469097,-1.352297,-0.003954461,8.327065,4.670319,1.024973
0.1684319,-1.646402,0.006499498,8.321974,4.618023,1.074946
-0.3444588,-1.288857,0.007947641,8.330048,4.721984,1.074982
-0.3425036,-1.306208,-0.005802204,8.330046,4.721984,1.024978
-0.154375,-1.337964,-0.0147635,8.327065,4.670316,1.124982
0.1678112,-1.64787,0.003496129,8.321985,4.618029,1.174951
0.1515696,-1.621312,-0.01119799,8.321973,4.618021,1.12499
-0.1424402,-1.354669,0.006052748,8.327069,4.670317,1.174982
-0.3477374,-1.282518,-0.00824438,8.330047,4.721982,1.124985
-0.3418908,-1.307935,0.008163915,8.330051,4.721984,1.174986
-0.1459683,-1.342951,0.005669442,8.327067,4.670315,1.274989
0.1515401,-1.628161,-0.01176662,8.321984,4.618027,1.225
-0.1541765,-1.34597,-0.01226843,8.327069,4.670318,1.224987
0.162879,-1.642502,0.001492458,8.321977,4.618021,1.274964
-0.3462716,-1.286046,0.003305491,8.330049,4.721983,1.274992
-0.3461392,-1.300203,-0.01216482,8.33005,4.721984,1.22499
-0.1600776,-1.331062,-0.02213656,8.327067,4.670315,1.324993
0.158656,-1.63859,-0.007246178,8.321987,4.618028,1.374969
0.1446567,-1.612032,-0.01979225,8.321976,4.61802,1.325007
-0.1470636,-1.347169,-0.002314679,8.32707,4.670316,1.374993
-0.3509307,-1.276163,-0.013,8.330049,4.721982,1.324994
-0.342812,-1.301406,0.003085867,8.330052,4.721983,1.374995
-0.1516067,-1.334755,-4.568735e-05,8.327067,4.670313,1.474998
0.1370606,-1.608107,-0.01897384,8.321986,4.618026,1.425017
-0.1641467,-1.336481,-0.01816208,8.32707,4.670316,1.424998
0.1510188,-1.630918,-0.005038656,8.321976,4.618018,1.474979
-0.3466876,-1.278538,-0.0002959417,8.330049,4.721981,1.474999
-0.3485315,-1.291544,-0.0161506,8.330051,4.721983,1.424998
-0.171947,-1.317561,-0.02564086,8.327067,4.670311,1.525002
0.1421789,-1.622891,-0.009687618,8.321982,4.618018,1.574983
0.1249987,-1.586224,-0.02445966,8.321975,4.618016,1.525021
-0.1549489,-1.33566,-0.003896022,8.327068,4.670309,1.575002
-0.3520854,-1.264097,-0.01487719,8.330049,4.721979,1.525001
-0.3414443,-1.29059,0.003117702,8.33005,4.721977,1.575002
-0.3140934,-1.291346,-0.0005245521,8.330009,4.72178,2.025026
-0.3153584,-1.278343,0.01576106,8.330002,4.721774,2.075028
-0.311047,-1.280008,-0.001638393,8.330002,4.721774,2.125033
-0.309483,-1.302301,0.01311493,8.329998,4.721772,2.175041
-0.3078932,-1.286325,0.009159226,8.329992,4.721771,2.275054
-0.3075178,-1.304216,-0.007001296,8.330001,4.721775,2.225047
-0.3066877,-1.284283,-0.007250313,8.329993,4.721775,2.325063
-0.304265,-1.303585,0.009435769,8.329984,4.721774,2.375083
-0.300873,-1.278328,0.001988849,8.329973,4.721778,2.475121
-0.3018365,-1.29932,-0.01168555,8.329988,4.721781,2.425098
-0.3041573,-1.272946,-0.01565646,8.329974,4.72179,2.525155
-0.3019395,-1.287341,0.0004632061,8.32995,4.721797,2.575227
-0.3090194,-1.268304,-0.0006424982,8.329918,4.721859,2.675477
-0.3089856,-1.289476,-0.02055654,8.329957,4.721828,2.625312
-0.3203465,-1.254496,-0.01628757,8.329925,4.721956,2.725763
-0.3183393,-1.241804,0.007819893,8.329872,4.722108,2.77634
-0.3438657,-1.202501,0.01462026,8.330033,4.723003,2.878915
-0.3294069,-1.246224,0.007676391,8.329949,4.722451,2.827283
-0.3467262,-1.278104,-0.01520553,8.330049,4.721969,1.625004
-0.3426829,-1.263304,0.003851855,8.330046,4.721955,1.675006
0.09452321,-1.555822,0.006620513,8.32206,4.617943,1.775004
-0.1775495,-1.319046,0.001167711,8.327067,4.670214,1.77501
0.1104266,-1.582802,-0.0236399,8.321968,4.617954,1.725033
-0.1795365,-1.30632,-0.03260822,8.32706,4.670253,1.725009
-0.3220603,-1.260219,0.01210588,8.330045,4.7219,1.77501
-0.346177,-1.255309,-0.008595226,8.330045,4.721932,1.725007
0.6388066,-0.8076393,0.0353316,8.344739,4.446219,0.244623
0.1113215,-1.578563,-0.02261389,8.321979,4.618009,1.625031
-0.1778206,-1.322119,-0.02114026,8.327067,4.6703,1.625007
0.1254589,-1.608732,0.003698037,8.321964,4.617983,1.674992
-0.16477,-1.31683,0.007736948,8.327061,4.670282,1.675006
0.5015637,-0.3801742,-0.01823398,8.499197,4.299608,0.09433233
0.3436226,-0.2200733,0.001457416,8.699883,4.301218,0.09456666
0.2605597,-0.1559847,-0.001734885,8.900292,4.301669,0.09441212
0.1927108,-0.112896,-0.0003275284,9.100713,4.301855,0.09454581
0.1346136,-0.0963695,0.00178523,9.301113,4.301853,0.09523239
0.09229499,-0.07738152,-0.003089614,9.50145,4.302039,0.09681515
0.06083774,-0.09594456,-0.01002863,9.64748,4.249214,0.04338357
0.02284109,-0.1065412,-0.001653861,9.828873,4.22452,0.02005526
0.903745,-0.3745368,-0.05231611,8.447828,4.445919,0.04481153
0.4401684,-0.1309619,-0.0275525,8.648785,4.449212,0.04436218
0.3238856,-0.1055003,-0.009052839,8.848969,4.44955,0.04415679
0.2362864,-0.08253972,-0.0002752185,9.049027,4.449645,0.04410371
0.175245,-0.07161003,0.00439447,9.249047,4.449679,0.04414968
0.1117896,-0.04996627,0.004852704,9.448581,4.45014,0.0445739
0.06667767,-0.05282311,0.002216967,9.648393,4.450994,0.04529321
0.02290666,-0.05459135,-0.001052492,9.828026,4.424999,0.02072747
0.5087922,-0.4006513,-0.01984923,8.498692,4.302533,0.2892202
0.3654038,-0.2245585,-0.005218533,8.700035,4.306492,0.289432
0.266466,-0.1369087,-0.008970055,8.901383,4.308438,0.2892527
0.2021155,-0.1034948,-0.005437766,9.103053,4.309454,0.2895967
0.1371124,-0.08476976,-0.002924753,9.306429,4.30875,0.2908716
0.09166033,-0.071924,-0.005611926,9.513802,4.305416,0.2942804
0.03329182,-0.08316996,0.002126781,9.725496,4.295023,0.3043717
0.01301431,-0.08499201,-0.03024107,9.858958,4.251217,0.246442
0.9250568,-0.5246924,-0.06692963,8.445459,4.450649,0.2457515
0.4824352,-0.09974545,-0.02107845,8.648639,4.458731,0.2451311
0.2973555,-0.0502831,0.003867294,8.901503,4.503635,0.2971197
0.2143912,-0.03727578,-0.003222507,9.101047,4.504799,0.2978791
0.1469376,-0.02742514,0.002920548,9.300902,4.504604,0.2981261
0.1021742,-0.0215364,-0.003816159,9.500802,4.503014,0.297898
0.06977199,-0.04716209,0.001047567,9.653466,4.458386,0.2461932
0.01151925,-0.04871148,-0.0009609731,9.852947,4.451355,0.2485932
0.5037775,-0.3842714,-0.006261652,8.498486,4.302659,0.4941004
0.3583884,-0.2243828,-0.0004116613,8.70073,4.30804,0.4943544
0.2622643,-0.1343269,-0.003442539,8.903096,4.311868,0.494282
0.2008645,-0.1029507,-0.002288293,9.10618,4.313872,0.4946106
0.1339554,-0.08342002,-0.0006098657,9.31248,4.312631,0.4956634
0.08733648,-0.07282726,-0.002995808,9.525321,4.307148,0.4976338
0.02141806,-0.07610742,-0.0004359347,9.742419,4.291018,0.5047112
-3.293573e-05,-0.006985516,0.01121432,9.877236,4.253627,0.4562101
0.90898,-0.4563652,0.05807048,8.444776,4.450329,0.4485113
0.4760042,-0.09821564,0.02866187,8.648571,4.459663,0.4484099
0.2980937,-0.05535378,0.001811054,8.902824,4.506054,0.4987902
0.2167085,-0.04107507,-0.002317585,9.102,4.508353,0.498921
0.1475361,-0.0279473,-0.001181002,9.301739,4.508061,0.4991282
0.1017502,-0.01959259,-0.003026143,9.501401,4.505219,0.4993456
0.06966673,-0.04734559,6.350331e-05,9.656026,4.460482,0.4493158
0.009114765,-0.03333697,-0.001299359,9.854261,4.451956,0.4495764
0.5015736,-0.3927691,-0.029516,8.49884,4.302825,0.6968157
0.3697793,-0.2236309,-0.008528329,8.701602,4.308729,0.6970891
0.2643061,-0.1316029,-0.007670472,8.90468,4.313427,0.6971367
0.2040872,-0.102863,-0.004174152,9.10883,4.31585,0.6973994
0.1333288,-0.08313635,-0.001816597,9.316803,4.314315,0.6979897
0.08847067,-0.07201057,-0.003020209,9.531025,4.308021,0.6988093
0.01963928,-0.07946843,0.0005938673,9.748174,4.289185,0.6998485
-0.005746793,-0.01965013,0.001050301,9.877977,4.254181,0.6497013
0.9379457,-0.4981429,-0.007897562,8.445064,4.450216,0.6493602
0.4163697,-0.09874339,-0.003397251,8.648929,4.459243,0.6494347
0.2989926,-0.05319289,-0.002183041,8.903301,4.506818,0.699369
0.2184436,-0.03961803,-0.00243891,9.102648,4.509442,0.6992952
0.1493445,-0.02637241,-0.000207608,9.302413,4.509106,0.6994094
0.1014601,-0.01750681,-0.002475356,9.502148,4.50598,0.6996367
0.0712568,-0.0478473,0.0009278507,9.657203,4.461026,0.6499299
0.01002233,-0.03749205,-0.000779246,9.854632,4.452393,0.649843
0.5029046,-0.4348418,-0.009989461,8.499271,4.302953,0.8982184
0.3841003,-0.2287306,-0.003481239,8.70232,4.309028,0.8984366
0.2677781,-0.1334427,-0.003664619,8.905842,4.31399,0.8985227
0.2057696,-0.1029042,-0.002022425,9.110577,4.316536,0.8987064
0.132939,-0.0817913,-0.0009707023,9.31921,4.314915,0.8990081
0.08790463,-0.07237014,-0.001307727,9.533678,4.308462,0.8993409
0.01978123,-0.07888836,-0.0001727661,9.749794,4.289592,0.8996128
-0.005296853,-0.0203612,0.001038854,9.878252,4.254239,0.8489347
0.9539315,-0.6310496,-0.01029675,8.445172,4.450198,0.8496789
0.4535283,-0.1242337,-0.004033746,8.649072,4.459238,0.8497437
0.3012101,-0.05188588,-0.002075811,8.903487,4.506999,0.8997256
0.2181139,-0.0394803,-0.001865355,9.102997,4.509717,0.8997006
0.1497344,-0.02614155,-0.0009763982,9.302927,4.509375,0.8997592
0.1028431,-0.01768036,-0.001084355,9.502859,4.506241,0.89986
0.07110159,-0.04760195,0.0006038972,9.658146,4.461439,0.8500825
0.01047127,-0.0381577,-0.001002704,9.855148,4.453775,0.8500242
0.5021968,-0.4362362,-0.0006512643,8.499613,4.303027,1.09903
0.3849686,-0.2283243,-0.0004444458,8.702825,4.309163,1.099171
0.2685851,-0.1336533,-0.0009679515,8.906588,4.314205,1.099244
0.2064863,-0.1032497,-0.0009205037,9.111586,4.316789,1.099357
0.1328159,-0.08238277,-0.0004081474,9.320422,4.315161,1.099507
0.08829607,-0.0722774,-0.001048234,9.534808,4.308738,1.099656
0.01928127,-0.07988721,0.0001829728,9.750332,4.290033,1.099791
-0.001343768,-0.02309024,0.0001155583,9.878295,4.254665,1.04907
0.9450254,-0.6717852,0.008156241,8.445228,4.450208,1.049839
0.4559895,-0.1300973,0.0006123128,8.649147,4.459263,1.049871
0.3012837,-0.05098006,6.243193e-05,8.903592,4.50705,1.099877
0.2195817,-0.03895126,-0.0006180216,9.103198,4.509796,1.099878
0.1494704,-0.02600968,-0.0005873414,9.303224,4.50946,1.099906
0.1025142,-0.01684205,-0.0006051364,9.503301,4.506364,1.099939
0.07187263,-0.04783818,0.001171319,9.658917,4.46181,1.050133
0.01042354,-0.03896765,-0.0005258204,9.855764,4.455532,1.049984
0.5025128,-0.4321198,0.002774247,8.499822,4.303059,1.299569
0.3834165,-0.2273994,0.002636901,8.703118,4.309217,1.299637
0.2678122,-0.1331471,0.001087057,8.906992,4.314288,1.299676
0.2060405,-0.1029132,0.0005855403,9.11209,4.316885,1.299729
0.1323134,-0.08182996,0.0002145459,9.320965,4.315263,1.299792
0.08811832,-0.07199586,-8.064188e-05,9.53524,4.308861,1.299855
0.01931567,-0.07929915,-0.0003199452,9.750492,4.290178,1.299923
-0.00554743,-0.02058838,-0.003916428,9.878299,4.254798,1.249161
0.9519076,-0.6520467,-0.0003508445,8.445262,4.450216,1.249937
0.453828,-0.1311715,0.002614788,8.649192,4.459276,1.249944
0.3006229,-0.05091237,0.0009319192,8.903649,4.507067,1.29995
0.2190952,-0.03889936,0.0004178307,9.103298,4.509822,1.299954
0.1494766,-0.02585323,-0.0001887507,9.303356,4.509491,1.299965
0.1018619,-0.01730785,0.0001081795,9.50345,4.506407,1.299976
0.07207408,-0.04803456,0.001216665,9.659146,4.461911,1.250166
0.01056028,-0.03873939,-0.0002222996,9.855825,4.455709,1.250012
0.5028115,-0.4182245,0.01256088,8.49988,4.303059,1.5
0.3791669,-0.2242811,0.006284755,8.703207,4.309228,1.499999
0.265482,-0.131969,0.003612781,8.907117,4.314308,1.499998
0.2052522,-0.1023882,0.001862579,9.112243,4.31691,1.499997
0.1319641,-0.08211128,0.0007519471,9.321122,4.315291,1.499997
0.08796865,-0.07186734,0.0002080485,9.535353,4.308894,1.499998
0.01950842,-0.07921896,0.0002549226,9.75053,4.290209,1.499999
-0.005317814,-0.0198779,0.00320612,9.878299,4.254817,1.449186
0.9513089,-0.6346035,-0.003133966,8.445273,4.450217,1.450011
0.452288,-0.123998,0.005432014,8.649209,4.459281,1.449995
0.2971739,-0.05019759,0.003276193,8.903667,4.50707,1.499999
0.2178202,-0.03875104,0.001574267,9.103328,4.509828,1.499999
0.1480218,-0.02583481,0.001191473,9.303394,4.509499,1.499999
0.1011348,-0.01686433,0.0002209289,9.503483,4.506418,1.499999
0.07208471,-0.04789523,0.00125471,9.659189,4.461929,1.450181
0.01036222,-0.03824237,0.0007088355,9.85583,4.455719,1.450015
0.5008407,-0.376011,0.00915213,8.499765,4.303024,1.700432
0.3644532,-0.2163836,0.00464138,8.703092,4.309202,1.700362
0.2596263,-0.128736,0.002044273,8.906986,4.314281,1.700319
0.2026587,-0.1013345,0.001473573,9.112098,4.316883,1.700263
0.1308329,-0.0809748,0.0004239366,9.320983,4.315266,1.700199
0.08767717,-0.07187089,0.0003719649,9.535263,4.308869,1.700139
0.01877521,-0.07915862,0.0005042927,9.750505,4.290186,1.700074
-0.001574231,-0.02208896,-0.0001071488,9.878299,4.254818,1.649198
0.9307723,-0.6260515,0.0267055,8.445235,4.450202,1.650079
0.4373125,-0.1017361,0.01772521,8.649191,4.459278,1.650042
0.2928546,-0.05052317,0.001567572,8.903646,4.507065,1.700048
0.2146889,-0.03853691,0.001450564,9.103303,4.509822,1.700042
0.1480318,-0.02567426,0.0002736468,9.30337,4.509493,1.70003
0.1018536,-0.0172674,0.0001300943,9.503469,4.506411,1.70002
0.07115691,-0.0478248,0.001504671,9.65919,4.46193,1.65019
0.009957555,-0.03874388,0.0006264419,9.85583,4.45572,1.650014
0.5006073,-0.3962824,-0.01985539,8.499479,4.302938,1.900968
0.3703213,-0.2192366,-0.002423627,8.702771,4.309128,1.900823
0.2610198,-0.1299448,-0.002194137,8.90658,4.31419,1.900742
0.2038825,-0.101048,0.0001540989,9.111608,4.316784,1.900623
0.1311814,-0.08172849,-0.0002803877,9.320477,4.315171,1.900475
0.08802141,-0.0714586,0.0007638629,9.534898,4.308776,1.900336
0.01854842,-0.07944635,-5.504315e-05,9.750397,4.290092,1.900209
-0.00160257,-0.02175427,-9.71242e-05,9.878299,4.254804,1.849244
0.9369038,-0.4416067,-0.09882625,8.445061,4.450143,1.85016
0.4028271,-0.08359422,-0.01598789,8.649122,4.459265,1.850098
0.2912153,-0.0497235,-0.002172228,8.903586,4.507045,1.900116
0.216362,-0.03838034,-9.654278e-07,9.103214,4.509794,1.900109
0.147317,-0.02574252,-0.0004833043,9.303275,4.509465,1.90008
0.1007713,-0.01670021,0.0005982648,9.503407,4.506385,1.900054
0.07127257,-0.04776916,0.00164444,9.659168,4.461921,1.850202
0.0099001,-0.03828406,0.0002822828,9.855832,4.455714,1.850016
0.5028481,-0.4401806,-0.008825863,8.499097,4.302809,2.101771
0.3841404,-0.2256695,-0.002078282,8.702258,4.308965,2.101544
0.2657202,-0.1328255,-0.001798834,8.905841,4.313956,2.101442
0.2054628,-0.1008947,-0.0002039584,9.110622,4.316523,2.101244
0.1318741,-0.08103719,-0.0003809997,9.319331,4.314938,2.100945
0.087977,-0.07141562,0.0008810385,9.533926,4.308583,2.100641
0.01864213,-0.07866385,-0.000273949,9.750031,4.289895,2.100413
-0.001720733,-0.02132412,-8.490637e-05,9.878295,4.254727,2.049385
0.9526082,-0.6421427,-0.01348885,8.444908,4.450045,2.050274
0.4498833,-0.1120778,-0.004220182,8.649046,4.459239,2.05018
0.2939331,-0.04871626,-0.001274183,8.903485,4.506987,2.100252
0.2156652,-0.03822884,0.0001223344,9.103037,4.509713,2.100258
0.147765,-0.02564055,6.23065e-05,9.303058,4.509388,2.100199
0.1014849,-0.01771174,0.0005285183,9.503242,4.506318,2.100129
0.07035564,-0.04744906,0.001125376,9.659099,4.461897,2.050226
0.009794699,-0.0380034,0.0006672496,9.855827,4.455713,2.050037
0.5027936,-0.4501775,0.0009651251,8.498698,4.302609,2.303147
0.38828,-0.2265012,0.0006155588,8.701577,4.308589,2.302852
0.2683322,-0.1342071,0.001529395,8.904703,4.313342,2.302776
0.2068723,-0.1010226,0.00219764,9.108899,4.315803,2.30248
0.1332476,-0.08197412,0.000487491,9.316982,4.314329,2.301889
0.08866169,-0.07146355,0.002738754,9.531439,4.308223,2.30112
0.01937781,-0.07917966,-0.001349177,9.748617,4.289792,2.300137
-0.003510416,-0.0203108,0.0004957141,9.878236,4.254598,2.249452
0.9461241,-0.6798192,-0.002036144,8.444855,4.450022,2.250478
0.4504217,-0.1092991,-0.001733675,8.648976,4.459191,2.250346
0.2942342,-0.04780013,-0.0008795232,8.903321,4.506779,2.300552
0.2165056,-0.03783252,0.0008095275,9.102714,4.509424,2.300579
0.1480608,-0.02527767,-0.0008632723,9.302623,4.509117,2.300457
0.1015933,-0.01729604,0.00147017,9.502855,4.506119,2.30029
0.07085547,-0.04734404,0.0009768518,9.65889,4.461827,2.250281
0.009649428,-0.03704926,0.0008590542,9.855801,4.455685,2.2501
0.503257,-0.448014,0.003679217,8.498449,4.302243,2.505783
0.3866896,-0.228033,-0.001290676,8.700831,4.307662,2.505492
0.2674274,-0.1347153,0.002217668,8.903165,4.311665,2.505537
0.2054287,-0.1016131,0.002139702,9.106253,4.313721,2.505132
0.1341754,-0.082557,0.0001161328,9.312654,4.312549,2.504066
0.08798321,-0.07237886,0.002746623,9.525759,4.307322,2.502188
0.02129955,-0.07550511,0.0001333669,9.742913,4.291686,2.495201
-0.007845943,-0.01432742,-0.002799996,9.877654,4.254257,2.447071
0.944364,-0.7068954,-0.0004141703,8.444862,4.450011,2.450929
0.4585611,-0.1210919,0.001962432,8.648917,4.459036,2.45079
0.2956307,-0.050755,-0.001244041,8.902902,4.50594,2.500997
0.2160263,-0.03940536,0.001650737,9.102076,4.50828,2.50074
0.1472323,-0.02705663,0.0006121844,9.301961,4.50802,2.500504
0.101671,-0.01923342,0.002587789,9.502184,4.505349,2.50044
0.06754059,-0.04628846,0.00148912,9.658258,4.461585,2.450484
0.008911317,-0.03611267,-0.0003718752,9.855652,4.455495,2.450256
0.5061779,-0.4149455,0.03325106,8.49874,4.301982,2.710623
0.3795253,-0.2215709,0.007368414,8.700224,4.305965,2.710402
0.2672265,-0.1344145,0.01168032,8.901454,4.308104,2.7105
0.2052162,-0.102186,0.006265792,9.103083,4.309013,2.709944
0.1369262,-0.08391766,0.003322558,9.30651,4.308321,2.708613
0.0923287,-0.07156144,0.005322849,9.514012,4.305371,2.705356
0.03307573,-0.08276818,-0.002246563,9.725732,4.29557,2.695263
0.03863645,-0.07371068,0.03354149,9.869505,4.246071,2.645794
0.9384018,-0.7291962,-0.001431348,8.445172,4.450059,2.652237
0.4596434,-0.1134057,0.007636488,8.648971,4.458445,2.652343
0.2905428,-0.04710308,-0.001057887,8.901606,4.503411,2.702471
0.213196,-0.03601043,0.003547102,9.101084,4.504467,2.701176
0.146465,-0.02657433,-0.002916666,9.301036,4.504255,2.70081
0.1015399,-0.02117497,0.003679594,9.501387,4.502986,2.701584
0.06749145,-0.04656625,0.001331405,9.65644,4.460551,2.651666
0.007837729,-0.04099138,0.004359207,9.854849,4.45487,2.650627
0.5013242,-0.3566052,0.02969471,8.499239,4.299261,2.905581
0.3503856,-0.2131234,-0.0002768013,8.69996,4.300948,2.905377
0.261227,-0.1519883,0.003809551,8.900307,4.301309,2.905449
0.1941421,-0.1124712,0.0004039764,9.100698,4.300994,2.905126
0.1342127,-0.09580538,-0.00154436,9.301087,4.300877,2.904393
0.09279419,-0.07685985,0.002866697,9.501258,4.301634,2.902932
0.06621952,-0.08658274,-0.004523291,9.656006,4.25179,2.860248
0.009941852,-0.08179952,0.01292884,9.854415,4.250766,2.853606
0.9262281,-0.4122863,0.1018861,8.447337,4.450891,2.856989
0.4199301,-0.08838171,0.04184076,8.649463,4.456557,2.857933
0.3143843,-0.06398215,-0.008749394,8.84996,4.458071,2.858695
0.2270733,-0.05245289,0.002529863,9.050156,4.457827,2.858074
0.1657749,-0.05328303,-0.002964164,9.250315,4.457497,2.857554
0.1061631,-0.04251341,0.002281215,9.45077,4.457755,2.857785
0.06207259,-0.04106192,-0.0008815137,9.652579,4.456833,2.856616
0.0120764,-0.04004955,0.001581876,9.852286,4.453491,2.851615
0.009623368,-0.05813189,-0.0009090587,9.828506,4.375951,0.02032285
0.009957887,-0.08226184,-0.01286785,9.854832,4.250562,0.1451513
0.00712725,-0.04939293,0.009092223,9.853836,4.35075,0.1457922
0.5203613,-1.335421,0.0107191,8.387004,4.587271,0.01159043
0.4794888,-1.561175,-0.0619391,8.379591,4.57979,0.1872436
0.5963066,-0.1548862,-0.03578912,8.550455,4.448264,0.0446127
-0.1234168,-0.8440172,-0.0494315,8.411533,4.588195,0.01163251
0.2075404,0.1574943,-0.0511837,8.574812,4.578373,0.02132608
0.8948103,-0.5033441,-0.0422368,8.447106,4.45139,0.1426075
0.656768,-0.1155375,-0.03748197,8.548331,4.455296,0.142221
0.8930044,-1.451318,0.1282062,8.418407,4.572657,0.1743378
0.4823662,0.06594824,0.08548646,8.548149,4.552262,0.1462753
0.3832323,-0.07503764,-0.01392115,8.750907,4.449483,0.0442533
0.3463483,0.06469393,-0.0204203,8.624847,4.578565,0.02128888
0.4238345,-0.008372107,0.003145454,8.775063,4.578643,0.02116339
0.4853489,-0.1035221,-0.04082081,8.649232,4.45732,0.1417611
0.411719,-0.05745162,-0.02483298,8.749701,4.458078,0.1414765
0.3601547,0.02873528,-0.003839531,8.649765,4.553884,0.1461068
0.3712432,-0.0001808777,-0.008784891,8.752552,4.555194,0.1483644
0.2729081,-0.06095822,-0.001271697,8.951013,4.449603,0.04411282
0.4009653,-0.0146393,0.006977699,8.825006,4.578642,0.02114669
0.3061924,-0.008393947,0.0003899729,8.975045,4.578663,0.02118711
0.3284674,-0.06993596,0.008055608,8.849875,4.458351,0.141035
0.2757704,-0.05290067,-0.02023725,8.950097,4.458705,0.1408433
0.3173405,-0.009688954,0.02305358,8.851766,4.554476,0.1470082
0.2768145,-0.01463314,-0.01446451,8.951676,4.555486,0.149599
0.2023042,-0.043893,0.002011645,9.151045,4.449658,0.04411984
0.2929298,-0.01059845,0.00189535,9.024967,4.578667,0.02119417
0.2222453,-0.007162364,-5.520602e-05,9.175031,4.578671,0.02120097
0.228489,-0.0524487,-0.004206235,9.050118,4.458917,0.1407864
0.1978471,-0.04418288,-0.02233367,9.150268,4.458983,0.140848
0.2478946,-0.009856936,0.02091525,9.049227,4.555726,0.1500098
0.2120208,-0.0137536,-0.01872145,9.151035,4.555838,0.1501827
0.08758681,-0.03425939,0.00156632,9.548771,4.452541,0.04570361
0.1385472,-0.006779523,0.001420429,9.424947,4.578669,0.02118737
0.09176481,-0.004725144,-0.0003993454,9.574994,4.578662,0.02120632
0.1055825,-0.03928439,-0.002360854,9.450718,4.458537,0.1413593
0.08697467,-0.03173397,-0.01355796,9.551305,4.457707,0.14212
0.1158838,-0.009614546,0.01328676,9.448439,4.555436,0.1497482
0.08491666,-0.009672059,-0.009208683,9.548466,4.554277,0.1472922
0.03834539,-0.04274356,0.0002861899,9.752411,4.45249,0.04720083
0.08039094,-0.005653513,0.000734202,9.624996,4.578609,0.02127246
0.03397784,-0.004756295,-0.0002021077,9.775203,4.577336,0.02253606
0.06158166,-0.04175217,0.000930117,9.652394,4.456604,0.1430795
0.0336996,-0.04077156,0.0009125636,9.754585,4.454458,0.1446045
0.06694741,-0.007613381,0.006868899,9.64773,4.554599,0.1488822
0.03505433,-0.006743511,0.0003383639,9.750823,4.552184,0.1473192
0.02501025,-0.001103211,-0.001038718,9.81155,4.590067,0.009886751
0.01217892,-0.04083019,-0.001462117,9.852082,4.451363,0.1468885
0.01889004,-0.003333205,0.002363575,9.825006,4.577759,0.1750097
-0.3121939,-0.7401114,-0.01754676,8.387824,4.611507,0.01189362
-0.1672087,-1.360495,-0.01274383,8.37235,4.618449,0.1745549
0.0161591,-0.004623086,0.0007683298,9.824844,4.577894,0.2241705
0.007891638,-0.0412246,-0.004270947,9.853735,4.451635,0.3491801
0.0155726,-0.003674502,-0.001163249,9.824775,4.578018,0.375452
0.01603061,-0.002337267,-0.003352978,9.824766,4.578027,0.4244656
0.00907617,-0.03679998,0.0001696015,9.854506,4.452192,0.5497127
0.01575945,-0.002951663,0.0004111425,9.824761,4.578051,0.5755011
0.01592624,-0.003045386,-0.002172561,9.824784,4.578051,0.6244956
0.009825424,-0.03792129,-0.0009055474,9.854795,4.452762,0.749907
0.01616361,-0.003150048,0.0005740764,9.825217,4.578237,0.7755075
0.01609333,-0.003094258,-0.002498247,9.826219,4.578724,0.8249055
0.01009165,-0.0384402,-0.001031451,9.855572,4.454999,0.9499696
0.01562244,-0.003432189,0.0008084203,9.828404,4.579846,0.9754825
0.01502896,-0.003557959,-0.001632055,9.828666,4.579933,1.02442
0.01016206,-0.03871129,-0.0003166232,9.855813,4.455671,1.149972
0.01576485,-0.003409269,0.001315292,9.828835,4.579988,1.175551
0.014894,-0.003522907,-0.001441975,9.828841,4.579988,1.22445
0.01015114,-0.03912532,-0.0003145873,9.85583,4.455714,1.349985
0.01568285,-0.003444128,0.0015778,9.828844,4.579992,1.375552
0.01485358,-0.00345382,-0.001180967,9.828845,4.57999,1.42445
0.01036288,-0.03847973,0.0004951019,9.855831,4.455716,1.549985
0.01570667,-0.003323535,0.001884089,9.828845,4.579992,1.575552
0.01503938,-0.003533822,-0.0008923877,9.828845,4.57999,1.62445
0.01037474,-0.03861349,0.0002293964,9.855831,4.455717,1.749985
0.01563042,-0.003292158,0.001952019,9.828846,4.579992,1.775551
0.5949462,-0.7736719,-0.007610717,8.343619,4.444964,1.850187
0.3346888,-1.522978,0.05005118,8.379497,4.579502,1.812384
0.5637806,-0.7576434,0.001003033,8.343471,4.444805,1.950298
0.5739946,-1.620105,0.01415583,8.379267,4.57927,1.987501
0.01515805,-0.003346315,-0.0008214887,9.828846,4.579993,1.824447
0.01032879,-0.03829713,0.0005593005,9.855831,4.455714,1.949997
0.01548619,-0.003166685,0.001743452,9.828847,4.579992,1.975551
-0.1503981,-1.311195,0.03819451,8.372223,4.617972,1.824914
-0.1332263,-1.43356,0.03225033,8.372057,4.617835,1.975007
0.551582,-0.7497898,0.002466272,8.343388,4.44477,2.050389
0.4966845,-1.610948,0.004397305,8.379265,4.579269,2.012518
0.54125,-0.7430629,0.0009759816,8.343354,4.444726,2.150543
0.6383312,-1.662058,-0.004144495,8.379261,4.579266,2.187509
0.01488536,-0.003402266,-0.0009225946,9.828847,4.579992,2.024446
0.01022856,-0.03809894,0.0003539085,9.855819,4.455705,2.150036
0.0151887,-0.003194265,0.001762424,9.828848,4.579992,2.17555
0.543616,-0.7385053,-0.0005042605,8.343315,4.444754,2.250713
0.6009873,-1.654171,-0.01066405,8.379261,4.579266,2.212527
0.5402529,-0.7409176,-0.003880971,8.343324,4.444722,2.351009
0.6647674,-1.676123,-0.01224909,8.37926,4.579267,2.387525
0.01501136,-0.00315148,-0.0008282613,9.828848,4.579992,2.224445
0.009525399,-0.03703528,-6.608711e-05,9.855757,4.455629,2.350136
0.01439805,-0.003110926,0.001587791,9.828849,4.579988,2.37555
0.5416624,-0.7422566,-0.005845267,8.343326,4.444807,2.451391
0.6311859,-1.666522,-0.02340928,8.379261,4.579268,2.412544
0.5447407,-0.7496392,-0.01372688,8.343474,4.444823,2.552086
0.6322438,-1.657677,-0.02580568,8.379267,4.579276,2.587571
0.01491336,-0.003069341,-0.0007014318,9.82885,4.579986,2.424447
0.008782427,-0.03219469,0.001429195,9.855406,4.455257,2.550356
0.01385569,-0.002357222,0.003243235,9.828852,4.57997,2.575576
0.5464994,-0.7456433,-0.01000642,8.343749,4.445139,2.653156
0.6108177,-1.648061,-0.04477334,8.379272,4.579281,2.612597
0.5707051,-0.785876,-0.007067707,8.344685,4.445641,2.755247
0.5369898,-1.589483,-0.07525683,8.379397,4.579409,2.787774
0.01536726,-0.00369937,0.001223484,9.828853,4.579959,2.624495
0.01134857,-0.04759279,0.0003592692,9.85391,4.454322,2.75091
0.01570314,-0.004592608,-0.0005741352,9.828746,4.579761,2.775948
0.6297333,-0.7858963,-0.01511343,8.346589,4.447449,2.858491
0.4720026,-1.561005,-0.09424798,8.379475,4.579488,2.812848
0.6497121,-0.8084713,0.007180532,8.348042,4.444069,2.956239
0.6117394,-1.296059,0.09976815,8.3871,4.587113,2.988386
0.6795381,-0.1839924,0.01020552,8.548537,4.454473,2.857189
0.8776759,-1.100294,-0.3008297,8.418167,4.572268,2.825677
0.06995799,0.1483429,-0.02805518,8.57625,4.578736,2.8261
0.9061463,-0.367434,0.02848766,8.447916,4.445287,2.954979
0.6306659,-0.1780573,-0.00254196,8.550566,4.447644,2.955068
0.5854352,-1.372288,0.1337269,8.411432,4.587888,2.988153
0.2671829,0.1566222,0.02480315,8.574943,4.578008,2.978369
0.4018284,-0.06325411,0.02363369,8.749837,4.457716,2.858324
0.4139296,0.06473318,-0.01151139,8.650489,4.553177,2.853807
0.3618434,-0.01961817,0.01394089,8.752907,4.554932,2.851468
0.4221366,-0.1264582,0.01198133,8.648805,4.448938,2.955517
0.3826314,-0.07945829,0.006416343,8.750944,4.449363,2.955682
0.3783523,0.05925613,-0.0006762988,8.625044,4.578407,2.978727
0.4082321,-0.007900469,-0.002023108,8.77508,4.578648,2.978764
0.1964107,-0.04487069,0.01804553,9.150294,4.457584,2.857694
0.2449704,-0.009838194,-0.02045247,9.049235,4.55513,2.84805
0.2136739,-0.01393976,0.01885174,9.151076,4.555059,2.847311
0.2362935,-0.07907021,-0.0003840084,9.049019,4.447845,2.955296
0.2046826,-0.04155975,-0.003681392,9.15108,4.447343,2.955089
0.2795037,-0.01822392,-0.007879293,9.024752,4.577452,2.977554
0.1957874,-0.006029933,0.003897947,9.175394,4.576936,2.976997
0.1307459,-0.04225669,0.006613993,9.350572,4.457363,2.85741
0.1818403,-0.01231782,-0.01883675,9.248972,4.554992,2.847109
0.1397641,-0.01326375,0.01084503,9.350889,4.554925,2.847379
0.1766563,-0.06820515,-0.004192847,9.248992,4.447181,2.954991
0.1379923,-0.03649868,-0.004974753,9.350933,4.447409,2.954925
0.1890247,-0.01593072,-0.0071421,9.224623,4.57691,2.976967
0.1291452,-0.004727146,-0.003984392,9.388817,4.590141,2.99024
0.01681973,-0.003580285,-0.003222321,9.828643,4.579496,2.825123
0.03200057,-0.05285659,0.002282047,9.825172,4.425041,2.977812
0.02522926,-0.0008777535,0.001194532,9.811771,4.590122,2.990113
0.5480026,-1.438038,0.1264497,8.368679,4.569013,0.2245943
0.5807388,-0.767006,0.01696893,8.343891,4.445787,0.3467526
0.9182509,-1.48137,-0.0571152,8.36904,4.569333,0.3746762
0.02889241,-0.0392631,0.001891614,9.755776,4.455379,0.2474072
0.06003333,-0.006738478,-0.002617269,9.648334,4.554842,0.2501367
0.0333692,-0.006562518,0.0009124684,9.750545,4.552824,0.2491953
0.06790703,-0.04718565,-0.00128881,9.655144,4.45989,0.3481543
0.02527294,-0.03868319,-0.002175415,9.757105,4.455974,0.3489134
0.05898591,-0.004347583,0.002665941,9.645722,4.556339,0.3508166
0.03296037,-0.005915493,-0.00115659,9.75044,4.553241,0.3496962
-0.208803,-1.187867,-0.002251369,8.372587,4.619714,0.2245765
-0.2052282,-1.405251,-6.422025e-05,8.372496,4.619959,0.3748753
0.6686311,-0.7814947,0.0176225,8.343718,4.445455,0.4478588
0.7320743,-1.456777,-0.04455791,8.369044,4.569298,0.4247425
0.6200651,-0.7630533,0.01569933,8.343681,4.445413,0.5485822
0.8999443,-1.490089,-0.001244108,8.369137,4.569258,0.5748587
0.02888348,-0.03878587,-0.0004460952,9.758041,4.456203,0.4495333
0.05952179,-0.003292925,-0.005609492,9.645324,4.556713,0.4488463
0.03088731,-0.004946978,-0.001176128,9.750347,4.553469,0.4498182
0.06782568,-0.04682201,-0.002378125,9.656791,4.46086,0.5494341
0.02683675,-0.03955513,-0.0005589935,9.758597,4.456346,0.5497198
0.05876744,-0.00304476,0.002793205,9.64526,4.556915,0.5508952
0.0315351,-0.004726942,-0.001000538,9.750421,4.55355,0.5499234
-0.2252455,-1.29758,-0.0166575,8.372495,4.619946,0.424897
-0.2070786,-1.396834,0.01085954,8.372525,4.619924,0.5749384
0.6180694,-0.7733522,0.02550878,8.34376,4.445303,0.648975
0.5652632,-1.427448,0.03016274,8.369156,4.569247,0.6248943
0.5999976,-0.7590844,0.02069067,8.343788,4.445317,0.7492783
0.9693629,-1.510886,0.1106211,8.369179,4.569238,0.7749349
0.02534871,-0.04056199,-0.0009824595,9.758922,4.456483,0.6498444
0.06172761,-0.002730191,-0.005685378,9.645384,4.556979,0.6489536
0.03157465,-0.005222999,-0.001896881,9.750524,4.553606,0.6499503
0.07136014,-0.04812415,-0.002112808,9.65768,4.461226,0.7496717
0.02823209,-0.03981571,-0.0005303724,9.759271,4.456741,0.7498627
0.06103474,-0.00322854,0.003423863,9.64564,4.557046,0.7509852
0.03140987,-0.00478552,-0.001086225,9.750848,4.553741,0.7499976
-0.2203555,-1.229541,0.01091564,8.372529,4.619919,0.6249593
-0.1937609,-1.451975,0.04157567,8.372536,4.619917,0.7749743
0.584996,-0.75001,0.01332332,8.343837,4.445272,0.8494517
0.905548,-1.495518,0.03703437,8.36918,4.569236,0.824949
0.5719616,-0.7367817,0.007389253,8.343859,4.445291,0.9496089
1.016733,-1.518424,-0.005641333,8.369186,4.569236,0.9749636
0.02571817,-0.03964504,-0.0009877939,9.759861,4.457294,0.8499636
0.06153945,-0.002698486,-0.005736002,9.646103,4.557129,0.8489932
0.0317565,-0.005027273,-0.001564582,9.751814,4.554073,0.8500508
0.07198568,-0.04804941,-0.001344206,9.658613,4.461669,0.9497474
0.02879572,-0.0396831,-0.0004240374,9.76051,4.457924,0.9499296
0.0615831,-0.003260471,0.004324011,9.646607,4.55722,0.950998
0.03133614,-0.004700497,-0.0006959024,9.753009,4.554478,0.9500048
-0.201011,-1.4062,0.01131848,8.372536,4.619916,0.8249819
-0.1827289,-1.492443,0.01008591,8.372539,4.619916,0.974985
0.5759465,-0.7355928,0.005726666,8.34389,4.445271,1.049699
0.9948737,-1.509752,-0.002089867,8.369186,4.569235,1.024974
0.5853639,-0.7403179,0.000229401,8.343906,4.445283,1.149797
1.01435,-1.521764,0.01052102,8.369189,4.569235,1.17498
0.02597476,-0.03983879,-0.0005254786,9.760846,4.45825,1.049978
0.06213389,-0.002794993,-0.005112816,9.646927,4.557274,1.048988
0.03156002,-0.004933165,-0.0009054877,9.753512,4.55467,1.049971
0.07324128,-0.04846959,-0.001115489,9.659078,4.461883,1.149787
0.02905128,-0.03991098,-0.0003686372,9.76097,4.458364,1.149959
0.06207825,-0.003241672,0.004954007,9.647067,4.557297,1.151001
0.03113843,-0.004642616,-3.944495e-05,9.753655,4.554718,1.149995
-0.1894493,-1.460634,-0.006417845,8.372538,4.619915,1.024991
-0.1839924,-1.488691,0.0065107,8.37254,4.619915,1.174991
0.5819235,-0.7385432,-0.004541106,8.343923,4.445273,1.249852
0.936783,-1.505209,-0.01579366,8.36919,4.569235,1.224988
0.5874037,-0.7460004,-0.008828697,8.343929,4.445276,1.349926
0.9846339,-1.516622,-0.023139,8.36919,4.569234,1.374991
0.02681314,-0.03996092,-0.0001595099,9.761013,4.458401,1.25001
0.06192997,-0.002976575,-0.004781664,9.647117,4.557306,1.248995
0.03112534,-0.004757502,-0.0002896967,9.753688,4.554732,1.249993
0.07299728,-0.04849438,-0.001080469,9.659178,4.461925,1.349807
0.02887403,-0.04007515,-0.0002824226,9.761029,4.458413,1.349977
0.06190287,-0.003250088,0.005042492,9.647133,4.557309,1.351005
0.03085051,-0.004490849,0.0004021806,9.753702,4.554734,1.350004
-0.1988594,-1.420528,-0.01472906,8.37254,4.619915,1.224997
-0.187598,-1.4756,-0.003728287,8.37254,4.619915,1.374996
0.5899276,-0.7466494,-0.01401368,8.34393,4.445268,1.449967
0.8464174,-1.489238,-0.02819237,8.36919,4.569234,1.424999
0.5955588,-0.7619271,-0.02042914,8.343916,4.445255,1.550034
0.9509538,-1.501809,-0.03712985,8.369186,4.569229,1.575001
0.02749324,-0.03980533,8.784492e-05,9.761034,4.458416,1.450018
0.06144311,-0.003183287,-0.004680915,9.647138,4.557311,1.448995
0.030729,-0.004542532,0.0001398659,9.753701,4.554736,1.449995
0.07283087,-0.04800564,-0.001505596,9.659192,4.46193,1.549817
0.02816391,-0.04002065,-0.000161895,9.761036,4.458417,1.549981
0.06160304,-0.003258098,0.004821011,9.647139,4.557311,1.551004
0.03065508,-0.004541319,0.000848196,9.753706,4.554736,1.550004
-0.2078935,-1.374043,-0.02012142,8.37254,4.619915,1.425001
-0.1952927,-1.445592,-0.007466608,8.372539,4.619911,1.574999
0.5983608,-0.7666357,-0.0246339,8.343873,4.445226,1.650075
0.7305507,-1.45859,-0.05557361,8.369181,4.569224,1.625009
0.6712621,-0.7905558,-0.02802912,8.343787,4.445143,1.750147
0.6643501,-1.456634,-0.04500727,8.368579,4.568614,1.774727
0.02525975,-0.04027019,0.0003341069,9.761036,4.458417,1.650021
0.06183775,-0.002783761,-0.004560591,9.647139,4.557311,1.648993
0.03102058,-0.004948192,0.0001418727,9.753702,4.554736,1.649995
0.0722151,-0.0483668,-0.000706086,9.659179,4.461924,1.749829
0.02869785,-0.04004064,-0.0001538362,9.761034,4.458416,1.749985
0.06170295,-0.003248529,0.005391984,9.647139,4.55731,1.751002
0.03072239,-0.004690726,0.0007050631,9.753707,4.554735,1.750004
0.7171663,-0.1772779,0.008780157,8.547333,4.455298,1.85008
0.693664,-0.7494822,0.4230656,8.417894,4.572221,1.824915
0.09621492,0.1434717,0.01437213,8.576496,4.578947,1.824497
0.9524333,-0.6460043,-0.01695767,8.444946,4.45006,1.95016
0.7735913,-0.2517641,0.027905,8.547277,4.455264,1.950164
1.044899,-1.607001,0.04657098,8.417757,4.572053,1.975008
0.3242837,0.07705437,0.0005754361,8.576457,4.578943,1.975506
0.793645,-0.2436542,0.01390801,8.547227,4.455262,2.050169
0.9881508,-1.055638,0.07155368,8.417752,4.572051,2.025014
-0.02581512,0.1341315,0.03387212,8.576454,4.578943,2.024497
0.9390769,-0.707339,-0.003615324,8.44485,4.450002,2.150317
0.8063007,-0.2586056,0.008986869,8.547204,4.455227,2.150285
1.100765,-1.645153,0.004267753,8.417747,4.572047,2.175015
0.279308,0.06276561,-0.01114961,8.576452,4.578941,2.175506
-0.1273941,-1.418501,0.01251249,8.372055,4.617831,2.025014
-0.1145357,-1.488418,0.01455526,8.37205,4.617827,2.175015
0.8091362,-0.2371124,0.005288726,8.547162,4.455236,2.250338
1.073606,-1.335543,0.02036917,8.417748,4.572048,2.225023
0.003572879,0.1215486,0.04395927,8.576452,4.578942,2.224497
0.9426465,-0.7005493,-0.002423629,8.444805,4.449966,2.350624
0.8120259,-0.2612215,0.002087745,8.547162,4.455169,2.350543
1.115537,-1.630437,-0.005426322,8.417746,4.572046,2.375032
-0.0212538,0.1094699,-0.01916248,8.576451,4.578939,2.37551
-0.1128747,-1.4763,-0.003382455,8.37205,4.617828,2.225023
-0.1092095,-1.499474,0.005835634,8.372047,4.617828,2.375032
0.81342,-0.2683872,-0.006070798,8.547128,4.455169,2.450742
1.110675,-1.507111,-0.01043308,8.417748,4.572049,2.425043
0.2751498,0.06335131,0.01136103,8.57645,4.578939,2.424504
0.9456973,-0.6892497,-0.005767762,8.444876,4.449935,2.551382
0.8057465,-0.2551058,-0.01308916,8.547208,4.455015,2.551256
1.082734,-1.578119,-0.02076665,8.417754,4.57205,2.575082
-0.04797769,0.1366543,-0.03004683,8.576444,4.578925,2.575568
-0.1105605,-1.492733,-0.01681137,8.372049,4.61783,2.425044
-0.1143205,-1.478848,-0.008255351,8.372047,4.617837,2.575081
0.8065142,-0.2661441,-0.02808601,8.547293,4.454948,2.652054
1.086655,-1.543845,-0.03737649,8.417766,4.57206,2.625114
0.3150631,0.07439645,0.003135828,8.576438,4.57892,2.624609
0.9542659,-0.5787286,0.06272825,8.445722,4.4501,2.753946
0.7717894,-0.2077736,-0.02809842,8.547771,4.454569,2.753962
0.9809448,-1.459887,-0.1056136,8.417922,4.572129,2.7754
0.007611007,0.1587374,0.0221261,8.576397,4.578812,2.776399
-0.1180621,-1.471345,-0.03219516,8.372056,4.617848,2.625111
-0.141636,-1.388859,-0.0218032,8.37212,4.618004,2.77539
0.007248677,-0.04856776,-0.01016943,9.853261,4.351432,2.852147
0.02184119,-0.1050504,0.001048604,9.827727,4.224554,2.979537
0.002687366,-0.05720653,-0.0006184588,9.82531,4.375842,2.978083
0.2735,-0.0485854,0.01749384,8.950138,4.458176,2.858589
0.3198646,-0.01504444,-0.02104444,8.851864,4.554357,2.85267
0.2773157,-0.01642814,0.01511333,8.951697,4.555227,2.849568
0.3141586,-0.1017702,0.007936583,8.849015,4.449338,2.955742
0.2720955,-0.05506385,-0.0002271663,8.951019,4.448901,2.955612
0.3908424,-0.01221375,-0.005861516,8.825028,4.578625,2.978803
0.2974518,-0.008919128,0.00139258,8.97518,4.578149,2.978266
0.08585934,-0.03082978,0.0132391,9.551378,4.457497,2.857472
0.1148525,-0.009772731,-0.01257066,9.448589,4.554978,2.848875
0.08219319,-0.008630107,0.008347341,9.548712,4.554173,2.852248
0.1123117,-0.05145086,-0.004943968,9.448597,4.448851,2.954958
0.08773227,-0.03509635,-0.001608337,9.548576,4.45217,2.954125
0.1400468,-0.007002313,-0.001499159,9.425189,4.577435,2.977524
0.09305775,-0.004880399,0.0005039272,9.574969,4.578595,2.978718
0.03429323,-0.04043251,-0.0008093549,9.75487,4.455528,2.854607
0.06773321,-0.007920222,-0.006813372,9.648463,4.554713,2.851002
0.03377131,-0.00704378,-0.0003532018,9.752822,4.552949,2.852632
0.06669343,-0.05284548,-0.002555122,9.647946,4.450956,2.954575
0.03893542,-0.04319392,-9.795384e-05,9.75106,4.452719,2.952235
0.0833207,-0.005916419,-0.0003965646,9.62501,4.578583,2.978705
0.03459098,-0.005204682,0.000690302,9.775393,4.577453,2.977456
-0.1544416,-1.340158,-0.05259766,8.372255,4.618247,2.825665
-0.3219944,-0.8643943,0.02580861,8.387897,4.611451,2.988137
0.9420458,-1.185011,-0.0322463,8.373674,4.521489,0.02116058
0.3719028,-1.517781,-0.0976976,8.380907,4.581356,0.08692319
0.8668739,-1.226825,0.03266211,8.371132,4.522359,0.06954397
0.2476245,-1.461968,-0.06649517,8.380096,4.580418,0.111973
0.8853525,-0.9793869,0.07412938,8.367089,4.51853,0.1723657
0.8910055,-1.240799,-0.003918366,8.368454,4.519623,0.1211832
0.9801373,0.1458405,-0.002454007,8.472884,4.529414,0.06871631
1.0842,-0.5781639,-0.04692519,8.423743,4.523417,0.02131806
-0.3465629,0.3014783,-0.2055717,8.474379,4.576791,0.02265626
0.768235,-1.04864,0.0954411,8.420737,4.574166,0.07317329
0.9786211,-0.3560133,0.1023103,8.421828,4.525614,0.06974337
-0.05686522,-0.02132469,0.0001995379,8.474353,4.577316,0.07278161
1.00741,-0.2398808,-0.1248484,8.475105,4.524782,0.02105421
0.001124959,-0.02303088,-0.0002755918,9.877665,4.525356,0.07305212
0.02245304,-0.02462097,-0.0002143457,9.826389,4.526406,0.02180383
0.001572947,-0.001689537,0.0002443645,9.888227,4.588268,0.0117336
0.02369869,-0.003473543,0.001828224,9.825239,4.577673,0.07307057
0.01989046,-0.02075836,0.0003948318,9.82882,4.528862,0.07039842
0.002925374,-0.002325477,0.0003573309,9.889275,4.589353,0.08706197
0.0006629771,-0.02132529,0.002142413,9.890068,4.511583,0.009892741
0.001756624,-0.01409872,0.0004692216,9.877207,4.526329,0.1241878
0.01782981,-0.004459519,-0.001355006,9.82617,4.57722,0.1242131
0.02260328,-0.01505159,0.002049368,9.8294,4.529435,0.1735429
0.002352734,-0.001458329,0.002135311,9.889332,4.589421,0.1874512
0.02131682,-0.0185341,-0.0004370504,9.82906,4.529118,0.1222279
0.002499197,-0.00113078,0.0006112236,9.889304,4.589384,0.1121866
0.002203177,-0.01320752,0.001746909,9.877725,4.525212,0.1749517
-0.4715621,-0.2300521,0.009848052,8.389213,4.687243,0.0106002
-0.1684688,-1.244355,-0.05653522,8.373298,4.620575,0.07399823
-0.3123077,-0.8198679,-0.02630686,8.375932,4.673037,0.07300874
-0.4881931,-0.1805636,-0.000287524,8.389279,4.712337,0.01057402
-0.4088373,-0.6626417,-0.05690931,8.376937,4.724075,0.07294417
0.0003084638,-0.01794162,-0.00429933,9.877951,4.52503,0.2752347
0.02121506,-0.01933572,0.0006049923,9.829512,4.529551,0.2241378
0.002119263,-0.001905415,0.00166351,9.88933,4.58942,0.212433
0.0160772,-0.004653115,-0.001476822,9.824787,4.577969,0.2753123
0.0001326372,-0.01809427,0.003745682,9.877866,4.525061,0.2241018
0.02076805,-0.01919583,-0.001500229,9.829669,4.529708,0.2745127
0.002063873,-0.00205148,-0.001735845,9.889333,4.589421,0.287502
0.001443404,-0.01273223,-0.002768469,9.877974,4.525047,0.3243257
0.01684851,-0.003841151,-0.003626713,9.824784,4.577993,0.3243905
0.01965687,-0.01659765,-0.001215371,9.829851,4.529797,0.3748003
0.002040993,-0.001673354,-0.001390398,9.889328,4.589428,0.3875122
0.02061864,-0.01428888,-0.003169863,9.829725,4.52974,0.3246924
0.001990665,-0.001545855,-0.00267509,9.889332,4.589422,0.3124714
0.001106542,-0.01357738,-0.004107105,9.877984,4.525091,0.3753763
0.001062913,-0.01317767,-0.00150438,9.878009,4.525132,0.4754241
0.01890655,-0.01397123,-0.003136087,9.82988,4.529822,0.4248961
0.001872495,-0.001633269,-0.002406144,9.889329,4.589427,0.4124791
0.01550479,-0.00255985,6.456402e-05,9.824767,4.578033,0.4754907
0.001909611,-0.01238653,-0.002842577,9.877997,4.525109,0.4244115
0.01878719,-0.0169411,-0.0009820597,9.829916,4.529867,0.4748973
0.001969168,-0.00169577,-0.0009824975,9.88933,4.589426,0.4875144
0.001327744,-0.01297686,-0.0003966564,9.878012,4.525149,0.5244537
0.01561382,-0.003148154,-0.002957788,9.824765,4.578039,0.5244831
0.01860593,-0.01595505,-0.0002967846,9.829989,4.529897,0.5749254
0.002043151,-0.001586653,-0.0004268834,9.889329,4.589428,0.5875154
0.01860358,-0.01439332,-0.001223404,9.829939,4.529877,0.5249593
0.00197901,-0.001310195,-0.001498024,9.88933,4.589426,0.5124805
0.001270194,-0.01309648,-0.001429634,9.878008,4.525185,0.5754495
0.001129388,-0.01488512,-0.002043132,9.878041,4.52522,0.675457
0.01924973,-0.0157506,-0.0007965685,9.830008,4.529918,0.6249894
0.001968564,-0.001615279,-0.0008932396,9.889329,4.589429,0.6124812
0.01587506,-0.003051542,3.5606e-05,9.824835,4.578056,0.675495
0.001112201,-0.01454489,0.0002376302,9.878021,4.52519,0.6244636
0.01882721,-0.01674592,-0.0004291939,9.83004,4.529974,0.6749324
0.002030306,-0.001680852,-0.001082072,9.889331,4.589437,0.687514
0.001498162,-0.01311409,-0.0003601411,9.878068,4.525344,0.7244712
0.01636698,-0.003140105,-0.002474151,9.824912,4.5781,0.7244614
0.01896843,-0.01653553,-0.0001251355,9.830409,4.530345,0.7748976
0.002035329,-0.001390913,-0.0009309174,9.889457,4.589569,0.7874706
0.01928117,-0.01449901,-0.0009131501,9.83014,4.53008,0.7249718
0.002057249,-0.001494375,-0.001445545,9.889337,4.589441,0.7124784
0.001377435,-0.01361822,-0.00127477,9.878178,4.525723,0.7754837
0.001513191,-0.0134,-0.001696755,9.878888,4.527069,0.8757567
0.01899944,-0.01544029,-0.0009002641,9.83109,4.531043,0.8249578
0.001888219,-0.001372746,-0.001089417,9.889668,4.589792,0.8126212
0.01590483,-0.003467766,0.0004704992,9.826532,4.578942,0.8757908
0.001298789,-0.01423067,0.0003181995,9.878672,4.526746,0.8248858
0.01952233,-0.01664269,-0.0006878181,9.832169,4.532135,0.8749473
0.00356368,-0.004872582,-0.001561454,9.877426,4.577598,0.8752211
0.001801729,-0.01239627,-0.0003389856,9.879524,4.528302,0.9244058
0.01494532,-0.003447637,-0.002013364,9.827726,4.579597,0.9244103
0.01933008,-0.01620336,-0.0003226224,9.833674,4.533636,0.9749413
0.003010513,-0.005132113,-0.0003014999,9.878509,4.578692,0.9749238
0.01937184,-0.01438913,-0.0007334098,9.833175,4.533142,0.9249068
0.004303192,-0.004263479,-0.0001258565,9.878167,4.578336,0.924841
0.001546848,-0.01188552,-0.00124743,9.879759,4.52901,0.9754712
0.001404427,-0.01257087,-0.001597183,9.879886,4.529407,1.075529
0.01943339,-0.01500133,-0.0002542787,9.83389,4.533867,1.024955
0.003998076,-0.004731121,2.760405e-06,9.878625,4.578815,1.024944
0.01561305,-0.003498108,0.0006689611,9.828779,4.579963,1.075539
0.001441123,-0.01309796,0.0005985459,9.879849,4.529289,1.024427
0.01887237,-0.01658964,-0.0001942827,9.833967,4.533966,1.074998
0.003117369,-0.005028621,-0.0007619405,9.878668,4.578858,1.075008
0.001813433,-0.01232667,1.879349e-05,9.879896,4.529453,1.124457
0.01503798,-0.003314675,-0.001823342,9.82882,4.579979,1.124441
0.01903405,-0.01644014,-0.0002207843,9.83404,4.534019,1.175008
0.002868479,-0.005174512,3.958336e-05,9.878686,4.578885,1.175019
0.01948837,-0.01407731,-0.0004697518,9.834009,4.534004,1.124978
0.004157045,-0.004522941,-5.785454e-05,9.878683,4.578876,1.124975
0.001426075,-0.01159412,-0.0007926075,9.879895,4.529474,1.175541
0.001269343,-0.01228781,-0.001140232,9.879907,4.52948,1.275541
0.01932715,-0.01487351,-7.522034e-05,9.834043,4.534029,1.224989
0.004012323,-0.004682124,5.135411e-05,9.878689,4.578886,1.224979
0.01572102,-0.003442865,0.001053284,9.828846,4.579985,1.275552
0.001374936,-0.01302873,0.0007029791,9.879901,4.52948,1.224456
0.01896616,-0.01652234,-0.0001451986,9.834033,4.534035,1.275013
0.003003141,-0.005080145,-0.0003371021,9.878692,4.578884,1.27502
0.001749811,-0.01214664,0.0003730595,9.879904,4.529481,1.324462
0.0149149,-0.00340894,-0.001476872,9.828846,4.579988,1.324446
0.01906682,-0.01647378,-0.0001946653,9.834052,4.534031,1.375011
0.002747555,-0.005224422,0.0003660816,9.878689,4.578888,1.37502
0.01941768,-0.01385554,-0.0001082267,9.834038,4.534033,1.324985
0.004147582,-0.004554094,-1.758989e-05,9.878691,4.578886,1.32498
0.001311873,-0.01136359,-0.0005590254,9.879899,4.529484,1.375542
0.001213299,-0.01179808,-0.0004422031,9.879908,4.529481,1.475541
0.01904897,-0.01430316,8.163825e-05,9.834049,4.534034,1.42499
0.004034057,-0.004681307,9.506861e-05,9.87869,4.578887,1.42498
0.01568179,-0.00337393,0.001632486,9.828847,4.579986,1.475552
0.001505906,-0.01246331,0.0008096002,9.879902,4.529483,1.424456
0.01898466,-0.01650341,-0.0001017004,9.834036,4.534037,1.475014
0.002858442,-0.005083174,0.0004874045,9.878692,4.578884,1.47502
0.001517463,-0.01239241,0.0009752588,9.879904,4.529481,1.524462
0.01507065,-0.00338647,-0.001132908,9.828847,4.579988,1.524446
0.01925894,-0.01631311,-6.004791e-05,9.834052,4.534031,1.57501
0.002905114,-0.005041198,0.0006870062,9.878689,4.578888,1.57502
0.0190513,-0.01432846,0.0001538023,9.834039,4.534034,1.524986
0.003962223,-0.004756527,0.0001713912,9.878691,4.578886,1.52498
0.00121108,-0.01185041,-9.173331e-05,9.879899,4.529484,1.575542
0.001250455,-0.01212967,-0.0005035482,9.879908,4.529481,1.67554
0.01906707,-0.01506119,0.0004110057,9.834049,4.534034,1.62499
0.003880458,-0.004832088,0.0002955588,9.87869,4.578887,1.62498
0.01549943,-0.003406797,0.001650476,9.828847,4.579986,1.675552
0.001320835,-0.01258453,0.001305825,9.879902,4.529483,1.624455
0.01912668,-0.01635137,5.648899e-05,9.834036,4.534037,1.675013
0.003003642,-0.005024025,0.0003826932,9.878692,4.578885,1.67502
0.9292907,-1.117271,-0.07133634,8.366002,4.51716,1.825038
0.4952086,-1.571313,0.01649891,8.379296,4.5793,1.887497
0.8909065,-1.025211,0.01114258,8.365786,4.516947,1.875041
0.4265201,-1.567098,0.01440394,8.379281,4.579286,1.912515
0.9283035,-1.04455,0.03034386,8.36568,4.516836,1.975064
0.9435426,-1.067843,0.0246639,8.365702,4.516867,1.925065
0.9727143,-1.052781,0.02349545,8.36566,4.516825,2.025089
0.6166911,-1.649753,0.05079754,8.379261,4.579265,2.087504
0.9544811,-1.036674,0.01976259,8.365637,4.516807,2.075081
0.6314175,-1.657913,0.02155803,8.379261,4.579265,2.112521
0.9672585,-1.018138,0.007095948,8.365641,4.516806,2.175122
0.9808689,-1.038502,0.01347183,8.365629,4.516807,2.125111
0.9877808,-1.020335,0.005260968,8.365634,4.516814,2.225156
0.6669857,-1.675217,0.005142385,8.379259,4.579265,2.287514
0.9790621,-1.020321,0.001280184,8.365623,4.516801,2.275157
0.6353566,-1.668242,-0.01218062,8.379259,4.579265,2.312533
0.9845344,-1.021806,-0.007292008,8.365637,4.516809,2.375243
0.9776242,-1.022155,-0.0009977736,8.365618,4.516809,2.325203
0.9772894,-1.016996,-0.00972729,8.365632,4.516828,2.425302
0.6590845,-1.672108,-0.02788005,8.37926,4.579268,2.487539
0.9829993,-1.025973,-0.01398552,8.365637,4.516818,2.475335
0.6088949,-1.658405,-0.0378431,8.379262,4.57927,2.512561
0.981312,-1.044338,-0.02700489,8.365697,4.516854,2.575558
0.9728321,-1.027131,-0.01795234,8.365644,4.516844,2.52543
0.9637413,-1.034644,-0.0334601,8.365728,4.516923,2.625715
0.5850288,-1.633888,-0.08015295,8.379289,4.5793,2.687627
0.963569,-1.049014,-0.03690519,8.365831,4.516965,2.675902
0.4841805,-1.605801,-0.07992015,8.379304,4.579315,2.712667
0.9291169,-1.075722,-0.05211675,8.366375,4.517375,2.776757
0.9450652,-1.075871,-0.04471753,8.365984,4.517132,2.726226
0.9151347,-1.039025,-0.03903942,8.367034,4.518034,2.827481
0.2769709,-1.460075,0.05632498,8.380255,4.580274,2.888007
0.8832254,-1.175141,-0.003809972,8.368586,4.519282,2.878649
0.3914651,-1.539173,0.08959021,8.381147,4.581178,2.913011
0.9305982,-1.110924,0.05544817,8.37371,4.521115,2.978756
0.8661816,-1.195076,-0.02494945,8.371295,4.522017,2.9303
0.9944096,0.0691139,-0.06440774,8.473091,4.52832,2.93016
0.7766299,-1.12049,-0.1207916,8.420405,4.573525,2.926271
1.068406,-0.5900771,0.02387932,8.423425,4.522395,2.978238
-0.5079193,0.1947842,0.08903441,8.488528,4.59002,2.990156
0.9760734,-0.474456,-0.1066345,8.421998,4.524909,2.929684
-0.005271879,-0.128112,0.01337467,8.473305,4.57662,2.928148
0.9631791,0.01003512,0.118596,8.475406,4.524665,2.978721
0.7464575,0.1952422,-0.04907242,8.523874,4.530751,2.93127
0.2287072,0.1413724,-0.004805818,8.57589,4.579103,2.928643
0.5665524,0.06555589,0.01930376,8.575472,4.526914,2.979564
0.06116242,0.331275,0.04132706,8.524942,4.57716,2.977607
0.5516517,0.1010472,-0.005784031,8.574328,4.532201,2.932315
0.1584,0.2182011,-0.05592781,8.524275,4.577784,2.928595
0.709035,0.1140972,0.07345751,8.524545,4.525448,2.978954
0.4331326,0.0263201,-0.03793632,8.674868,4.533464,2.933566
0.3613064,0.07580597,0.008252123,8.625689,4.579073,2.930024
0.4989306,0.05530461,0.008511075,8.624166,4.527664,2.979869
0.4123999,0.01255742,0.0005924703,8.675102,4.578566,2.978766
0.4925062,0.07882003,-0.01475821,8.624583,4.532995,2.933153
0.3992382,0.01420125,-0.00742289,8.676016,4.579748,2.92884
0.4650359,0.01320095,0.01242759,8.675415,4.527916,2.980045
0.3876552,-0.01680204,-0.01347505,8.724884,4.533663,2.933744
0.3977858,-0.00696875,0.01262167,8.776073,4.579945,2.92859
0.4045233,-0.02491818,0.001868213,8.775701,4.527982,2.980118
0.4096065,0.002166821,0.0002745597,8.725026,4.57864,2.978718
0.3709257,-0.02383696,0.002780489,8.775022,4.533771,2.933849
0.4022651,0.006434134,0.01039068,8.724942,4.579906,2.9286
0.4182542,-0.01520928,0.005594485,8.724486,4.527972,2.980116
0.216593,-0.04502444,-0.02106663,9.075043,4.531242,2.931317
0.2905362,-0.01045943,-0.01414693,9.024132,4.579131,2.926015
0.2962598,-0.04111316,-0.004400026,9.024081,4.525797,2.979172
0.206574,0.003476116,0.00451239,9.087344,4.589784,2.989888
0.2643345,-0.02428989,0.003406719,9.02503,4.532187,2.932245
0.2501442,-0.01015439,-0.005466284,9.075105,4.579069,2.925874
0.2506567,-0.03443153,-0.00706437,9.075081,4.525712,2.979092
0.1882686,-0.0275498,-0.003659789,9.125075,4.531018,2.931071
0.2241629,-0.005595232,0.01782993,9.175954,4.578774,2.924811
0.2167426,-0.008888972,-0.001851317,9.175971,4.524714,2.978782
0.2214592,0.00112358,0.003819059,9.112691,4.589763,2.989863
0.196682,-0.003892324,0.02718153,9.175079,4.531389,2.931376
0.2151279,-0.003873031,-0.01037536,9.125011,4.57898,2.925577
0.2140911,-0.03989612,-0.00142773,9.125034,4.525448,2.978994
0.1517456,-0.04197309,-0.01523318,9.274972,4.530781,2.930781
0.217985,-0.01049878,-0.0111729,9.22404,4.578745,2.924735
0.2170692,-0.03336337,-0.007672532,9.224055,4.524641,2.978759
0.1442044,0.004035189,0.005628626,9.28734,4.589654,2.989754
0.1957782,-0.02690271,0.00238079,9.224966,4.531336,2.9313
0.1768962,-0.008709385,0.003309519,9.274939,4.578865,2.925214
0.1732464,-0.02097517,-0.007012516,9.274952,4.525148,2.978864
0.1307502,-0.0309431,-0.006739987,9.324982,4.530568,2.930596
0.1453382,-0.005613707,0.02044944,9.376064,4.578928,2.925677
0.1399932,3.911855e-05,-0.003080031,9.376111,4.52557,2.978921
0.15235,-0.001011461,0.002525272,9.312488,4.589493,2.989588
0.1296273,-0.005547347,0.01910318,9.374996,4.531032,2.93106
0.1432234,-0.005626132,-0.002834671,9.324495,4.578604,2.924801
0.1429815,-0.02797432,-0.00178329,9.324518,4.524728,2.978597
0.00358814,-0.02045279,0.001216989,9.877839,4.527301,2.92589
0.02271762,-0.004684291,-0.001590234,9.826763,4.578361,2.92708
0.02305847,-0.02451738,-0.0002745763,9.825432,4.527037,2.977694
0.001396185,-0.001455542,-0.0001411574,9.88836,4.588394,2.988148
0.01937732,-0.02039551,-2.518592e-05,9.829542,4.530266,2.928965
0.003734317,-0.004848562,0.0003022355,9.877147,4.577256,2.925951
0.002934041,-0.02435699,0.0002089999,9.889317,4.513103,2.989328
0.03608233,-0.08630964,-0.005912138,9.753612,4.250311,0.04565605
0.05683421,-0.05881426,-0.001961802,9.649734,4.349809,0.04490416
0.0219954,-0.05381992,-0.0005430612,9.753355,4.350743,0.04616912
0.06527559,-0.08696404,0.004700042,9.656486,4.25174,0.1394344
0.02204661,-0.08758103,-0.003096879,9.758899,4.250894,0.1422286
0.05919286,-0.06212287,0.01692354,9.654317,4.353583,0.1410563
0.02740262,-0.05190216,0.007852533,9.757093,4.35214,0.1430754
0.006122411,-0.07155816,-0.001462882,9.879839,4.275666,0.07072967
0.006153662,-0.1001905,-0.001613394,9.878697,4.225015,0.02114673
0.02174227,-0.06535002,-0.004652637,9.82883,4.275679,0.02008555
0.02765342,-0.09755223,-0.01761702,9.83387,4.225127,0.06610585
0.006317384,-0.110633,-0.0141498,9.879875,4.224545,0.07063764
0.02442896,-0.06592133,-0.01050887,9.83371,4.27529,0.06622003
0.006364656,-0.0678309,-0.0001516441,9.878678,4.275082,0.02117143
0.1341908,-0.03686154,0.004518882,9.350938,4.449821,0.04430911
0.2088366,-0.008076584,0.003621888,9.22496,4.57867,0.02119803
0.152305,-0.006282044,-7.457452e-05,9.375027,4.578666,0.02118991
0.1662202,-0.0543524,0.002745936,9.2503,4.45901,0.14089
0.1308987,-0.03984373,-0.008184599,9.350582,4.458771,0.1411521
0.1825615,-0.01232167,0.02086293,9.248997,4.555834,0.1502089
0.1346633,-0.01219189,-0.007983809,9.35083,4.555696,0.1500903
0.003580709,-0.02471363,-0.005062596,9.877867,4.474801,0.07182966
0.005281957,-0.04844947,-0.0001724787,9.878162,4.425181,0.02175468
0.01804251,-0.028584,-0.0009903055,9.827898,4.475458,0.02193576
0.02607165,-0.0513615,-0.003061585,9.832371,4.426194,0.06747945
0.005015964,-0.05404149,-0.004819216,9.879189,4.424681,0.07177011
0.0196416,-0.02897797,0.001000306,9.830754,4.477281,0.06884472
0.002469161,-0.02842534,0.0005919221,9.877337,4.475246,0.02252854
0.650425,-0.07312638,-0.01181028,8.54744,4.455719,0.2455316
0.4143113,-0.5980977,0.1403182,8.419764,4.572927,0.2243943
0.4974493,0.07424735,0.01566575,8.547952,4.552535,0.248368
0.9232572,-0.7635993,0.01283394,8.444953,4.450599,0.3475726
0.7546142,-0.1453508,0.01039924,8.546996,4.456137,0.3475918
1.103275,-1.449036,-0.09397197,8.420045,4.572816,0.3748419
0.5606554,0.05277903,0.01317679,8.54804,4.552714,0.3491326
0.6369299,-0.07018045,0.05188299,8.547037,4.455867,0.4485227
0.7478119,-0.8153293,-0.3118906,8.419963,4.57273,0.4247685
0.4977976,0.08172992,-0.07193183,8.548646,4.552757,0.4494098
0.9215662,-0.6009472,-0.02578497,8.444989,4.450329,0.5490423
0.7015529,-0.2017067,0.03670241,8.547124,4.45556,0.5491641
1.093936,-1.503588,0.05461572,8.419869,4.572611,0.5748309
0.01179194,0.1518576,-0.03683515,8.5763,4.579045,0.5751333
0.70373,-0.1882518,0.02297115,8.547279,4.455342,0.6494311
0.5529645,-0.7355845,0.1223901,8.419798,4.572547,0.6249524
0.1373708,0.1248998,-0.04039008,8.576479,4.578986,0.6243864
0.945267,-0.6000562,-0.0131813,8.445163,4.450236,0.7495165
0.749478,-0.249487,0.02629591,8.547331,4.455342,0.7496538
1.173701,-1.569477,0.0826263,8.419819,4.572537,0.7749751
0.3138649,0.06657212,-0.008429162,8.576569,4.57895,0.7755037
0.7767088,-0.2536145,0.01747901,8.54739,4.45531,0.8497115
0.9540121,-1.076834,0.04186329,8.41982,4.572536,0.8249823
0.01512016,0.1401537,0.01765901,8.576571,4.578949,0.8244936
0.93985,-0.7033465,0.0008586362,8.445224,4.450225,0.9497255
0.793398,-0.2774462,0.009193445,8.547411,4.455333,0.9498294
1.218374,-1.615942,-0.0004019947,8.419823,4.572536,0.9749851
0.2794916,0.06016209,-0.01248316,8.576572,4.578949,0.975503
0.7896596,-0.2743329,0.00290409,8.547442,4.455321,1.049836
1.097867,-1.351151,-0.0001642405,8.419823,4.572536,1.024991
0.03090769,0.1129631,0.01539798,8.576572,4.578949,1.024493
0.9581438,-0.6168724,0.003318737,8.445259,4.450225,1.149842
0.7798756,-0.2642118,0.001523036,8.547457,4.455334,1.149923
1.21281,-1.606238,0.005751154,8.419825,4.572536,1.174991
0.2708179,0.06162494,-0.0114119,8.576572,4.578949,1.175504
0.784866,-0.2758721,-0.000441679,8.547473,4.455327,1.24991
1.008089,-1.131566,-0.0200891,8.419825,4.572536,1.224997
0.04537984,0.1031153,0.01003099,8.576573,4.578949,1.224494
0.9580222,-0.6163051,-0.0002710787,8.445275,4.450222,1.349922
0.777283,-0.259406,-0.008328286,8.54748,4.455332,1.349984
1.198329,-1.598094,-0.01892559,8.419825,4.572536,1.374995
0.3024514,0.07177925,-0.01167674,8.576573,4.578949,1.375504
0.7737153,-0.2566979,-0.01426608,8.547483,4.455329,1.449964
0.9148148,-1.001092,-0.04151597,8.419825,4.572536,1.425001
0.04139842,0.1193329,0.004177146,8.576573,4.578949,1.424495
0.9519394,-0.5879851,-0.004998969,8.445262,4.450211,1.54999
0.7623699,-0.2300609,-0.02366453,8.547476,4.455326,1.550036
1.15988,-1.560388,-0.0467705,8.419822,4.572534,1.574999
0.2875426,0.08788017,-0.01090191,8.57657,4.578948,1.575505
0.7467464,-0.2219774,-0.01553238,8.547452,4.455323,1.650016
0.7846373,-0.8690197,-0.1174472,8.419817,4.572533,1.625004
0.08308334,0.1360165,0.03962945,8.576566,4.578948,1.624495
0.9305931,-0.3973918,0.01468808,8.445164,4.450183,1.750065
0.6368372,-0.1358932,0.01470268,8.547405,4.455309,1.750092
0.5558818,-0.7350093,-0.107758,8.419373,4.572565,1.775076
0.1637022,0.1310946,-0.02153948,8.576521,4.578947,1.775506
-0.2198742,-1.305424,-0.02818333,8.372538,4.619906,1.625004
-0.2097978,-1.215308,0.03041162,8.372569,4.619461,1.775077
0.02233379,-0.08763444,0.002981969,9.758257,4.251078,2.85704
0.05901723,-0.06203213,-0.01712951,9.653968,4.353723,2.858544
0.02762014,-0.05144682,-0.008556272,9.756326,4.352619,2.85585
0.06139115,-0.09586945,0.01040523,9.646796,4.24915,2.956494
0.03683139,-0.08637802,0.006069701,9.752425,4.250244,2.953897
0.05701174,-0.0585266,0.001848609,9.648939,4.349747,2.95492
0.02276654,-0.05344943,-1.569495e-05,9.751355,4.350742,2.953116
0.003550698,-0.0627454,0.004891014,9.879778,4.324631,0.07088694
0.01085195,-0.0624693,0.001616496,9.828727,4.324685,0.02014506
0.00564632,-0.06018645,-0.0003527396,9.878507,4.375241,0.02140023
0.009989535,-0.05833276,0.00718171,9.833123,4.375771,0.06677522
0.01412234,-0.06014838,0.001217144,9.833548,4.325362,0.0663763
0.002740019,-0.060933,0.004713461,9.879598,4.375788,0.07120735
0.003460332,-0.06545281,0.0001965021,9.878633,4.325097,0.02123241
0.8621866,-1.734936,0.1003625,8.360634,4.561045,0.03327354
0.9197516,-1.247784,-0.00592302,8.38678,4.560852,0.01009144
0.4969212,-1.713963,-0.02816259,8.360372,4.586962,0.0101478
0.5082702,-1.517657,0.01268573,8.385264,4.585677,0.03706252
1.079443,-1.560945,0.09915683,8.384481,4.560781,0.033748
0.6166352,-1.7989,0.1123732,8.360208,4.584905,0.03387199
0.7262491,-1.585085,-0.02181189,8.360747,4.561012,0.009878209
0.7458316,-1.546419,0.07254085,8.352669,4.553051,0.1611281
0.483812,-1.566759,0.09010095,8.379579,4.579781,0.1621296
1.213781,-1.269345,0.03550857,8.37626,4.552353,0.1864788
0.6780034,-1.632358,0.05918308,8.352031,4.576622,0.1865529
0.7754647,-1.541508,0.1335358,8.352574,4.552944,0.186143
1.185793,-1.295537,0.1335349,8.376377,4.552374,0.161519
0.6638659,-1.626901,0.05279657,8.352042,4.576736,0.1615985
0.597766,-0.3103775,0.510366,8.435607,4.56592,0.03222714
0.7675532,-0.8838414,0.03941837,8.411296,4.562162,0.01000549
-1.245474,0.1530561,-0.09251241,8.438017,4.589395,0.01024999
0.05603038,-0.6564079,0.02631023,8.40995,4.587019,0.03701661
-1.195591,0.1524608,0.3453621,8.436495,4.589198,0.03506208
0.963304,-0.9412615,0.2834927,8.409811,4.562899,0.03349878
0.3640549,-0.6040189,-0.06121068,8.437531,4.564036,0.009456609
0.9518045,0.1874822,-0.03009337,8.471206,4.528068,0.1208323
0.5269614,-0.6006508,0.3950237,8.418864,4.572892,0.1238454
1.039113,-1.348617,0.1166848,8.41845,4.522903,0.1726595
-0.6636966,-0.2435463,0.06479331,8.473182,4.576711,0.1744069
0.947506,0.00370771,0.02344886,8.419525,4.523636,0.1214635
0.03048885,-0.10988,0.2616353,8.472525,4.576427,0.1233849
0.8582682,-0.6870575,0.07428376,8.470151,4.527653,0.1724463
0.3163514,-0.04313074,0.01370381,8.875026,4.533881,0.06591024
0.3915094,-0.02987859,0.009850797,8.824311,4.52798,0.0198334
0.3568738,-0.01431691,0.006071354,8.875048,4.578646,0.02114292
0.3894833,-0.01675218,-0.001476363,8.824807,4.579949,0.07106857
0.354828,-0.03033661,0.003114173,8.82494,4.533847,0.06596314
0.339598,-0.01911743,0.0191781,8.875918,4.580014,0.07116215
0.3433442,-0.04790072,0.01061717,8.875493,4.527954,0.01977951
0.2805423,-0.02517864,0.002734312,8.92497,4.53391,0.06589199
0.3013856,-0.01561418,-0.0002742188,8.975685,4.527998,0.01982733
0.3084371,-0.005153253,-0.001508376,8.925023,4.578655,0.02116291
0.3039925,-0.006337046,-0.01141057,8.975748,4.580103,0.07160644
0.2824053,-0.009797715,-0.01693567,8.97503,4.533953,0.06589049
0.3006538,-0.006281475,0.01137443,8.924782,4.580069,0.07137186
0.2999175,-0.03446458,-0.001577658,8.924509,4.52796,0.01977983
0.2299579,-0.03807925,0.009643547,9.075035,4.533979,0.06589015
0.2874941,-0.02750535,0.006685583,9.024316,4.528,0.01982414
0.2549596,-0.01112897,0.003682187,9.075006,4.578671,0.02119297
0.2935216,-0.01249667,0.003466475,9.024357,4.580109,0.07163841
0.2649289,-0.02979247,0.002641262,9.024978,4.533975,0.0658952
0.2410983,-0.01374611,0.01861803,9.075493,4.580167,0.07169433
0.2414621,-0.03778869,0.009099531,9.075497,4.52797,0.0197759
0.1995106,-0.01615743,-0.005579788,9.124977,4.533981,0.06588495
0.2212085,-0.01306001,-0.00127402,9.175686,4.528005,0.01982908
0.2174111,-0.00304116,-0.0009839765,9.124994,4.578673,0.02119732
0.2280214,-0.001510557,-0.01428411,9.175669,4.580133,0.0716841
0.2072929,-0.006391469,-0.02437087,9.17503,4.533993,0.06589612
0.2158406,-0.0007012054,0.008659799,9.124508,4.580177,0.07170444
0.2118506,-0.02347277,-0.002978862,9.124511,4.527972,0.01977972
0.09542435,-0.02906777,0.006172922,9.4751,4.533878,0.06602454
0.139748,-0.02145787,0.003270786,9.42428,4.528057,0.01985112
0.1144907,-0.008133277,0.002734259,9.474954,4.57868,0.02118015
0.1441631,-0.007139726,0.006555499,9.42423,4.580072,0.07162318
0.1273285,-0.02230663,0.003751028,9.425011,4.53396,0.06598171
0.112696,-0.008861327,0.002728036,9.475209,4.580041,0.07140519
0.1033107,-0.02848321,0.005741841,9.475266,4.528268,0.01989103
0.08628776,-0.01575157,-0.006271729,9.525077,4.533811,0.06607791
0.0872447,-0.009222422,0.001146668,9.575328,4.528502,0.02003477
0.09029078,-0.005546927,-0.001483161,9.524926,4.578684,0.02118095
0.09603237,-0.004050977,-0.008401197,9.575232,4.579899,0.07119161
0.08399752,-0.005786221,-0.01471204,9.575269,4.533668,0.06623158
0.09215419,-0.004487389,-0.002807243,9.524081,4.57999,0.07122484
0.09145465,-0.02122772,0.0005794387,9.52415,4.528453,0.0199489
0.04819092,-0.02350954,-0.001219941,9.675742,4.533113,0.06680474
0.08570469,-0.01897401,0.001691747,9.624207,4.528261,0.02006172
0.06277651,-0.007197838,0.001110186,9.675141,4.578481,0.02143716
0.08759756,-0.006348018,0.002370219,9.624063,4.579868,0.07147552
0.07909403,-0.02165971,-0.000717005,9.625331,4.53352,0.06640206
0.06252823,-0.007108433,-0.0008658061,9.675303,4.579691,0.07171883
0.05323319,-0.02226362,0.003708472,9.675542,4.528092,0.02022635
-0.1406268,-1.358046,0.03786226,8.364471,4.635993,0.03355818
0.03973999,-1.667575,-0.02614311,8.361276,4.611355,0.01024552
-0.3669746,-0.5281157,0.007151402,8.388589,4.636812,0.01099344
-0.2323941,-0.9440504,-0.06914032,8.386615,4.61015,0.03749825
-0.3807955,-0.5313125,0.02914044,8.388519,4.636211,0.03622874
0.1235768,-1.700769,0.1226573,8.362028,4.610215,0.03403416
-0.1731347,-1.399603,-0.02772056,8.362562,4.637206,0.01006768
-0.1637762,-1.247133,0.02234077,8.372483,4.618951,0.1242542
-0.3146946,-0.8286801,0.002465923,8.375961,4.671508,0.1744122
-0.3338478,-0.8132938,-0.000753837,8.375919,4.672012,0.1239646
0.7594912,-1.557467,0.02439348,8.351899,4.551912,1.837465
0.9973233,-1.372005,-0.05190236,8.376011,4.551788,1.812607
0.6017754,-1.62249,-0.02112392,8.351774,4.576035,1.812605
0.3623171,-1.536617,0.08201094,8.379379,4.579384,1.837463
0.7640496,-1.547928,-0.1006626,8.352093,4.552107,1.812603
0.998676,-1.343807,0.03651668,8.375868,4.551612,1.837436
0.6173171,-1.630901,0.03506416,8.351598,4.575892,1.837438
0.8410975,-1.552481,0.05967374,8.35166,4.551669,1.96259
0.5655445,-1.616637,0.09034826,8.379267,4.579271,1.962516
1.349753,-1.269478,0.01205637,8.375689,4.551417,1.987438
0.7891212,-1.655963,0.03334749,8.351408,4.575707,1.98744
1.336409,-1.259942,0.1125229,8.375685,4.551414,1.962602
0.7795561,-1.649881,0.05526548,8.351403,4.575705,1.9626
0.8500829,-1.555309,0.0290615,8.351664,4.55167,1.987469
-0.3008881,-0.8282681,0.01487167,8.375983,4.670997,1.824983
-0.1460673,-1.378473,0.02914743,8.372098,4.61788,1.874989
-0.2955035,-0.8289111,0.03284922,8.375962,4.670932,1.874994
-0.1385935,-1.372504,0.01946952,8.372066,4.617847,1.925009
-0.2813642,-0.854992,0.03170245,8.375944,4.670893,1.975005
-0.2908497,-0.8394916,0.007476956,8.375948,4.670906,1.925004
0.8505331,-1.563323,0.04060125,8.351642,4.551651,2.037476
1.255885,-1.257261,0.03782128,8.375685,4.551415,2.012607
0.7528659,-1.654113,0.03055368,8.351405,4.575703,2.012606
0.4949759,-1.61682,0.07742946,8.379261,4.579265,2.037503
1.257812,-1.242277,0.06112272,8.375673,4.551403,2.037441
0.7602715,-1.656611,0.03849252,8.351392,4.575694,2.037443
0.8413688,-1.56458,0.03425129,8.35166,4.551667,2.012599
0.9054259,-1.543595,0.01543538,8.351636,4.551647,2.162614
0.6373934,-1.661254,0.01373693,8.379259,4.579263,2.162523
1.437355,-1.253336,-0.02335047,8.375677,4.551407,2.187457
0.8516053,-1.671161,0.003833438,8.351396,4.575698,2.187459
1.436448,-1.246697,0.03284783,8.375667,4.5514,2.162618
0.8532007,-1.670511,0.01521259,8.351387,4.57569,2.162616
0.9058081,-1.545855,-0.0008276605,8.351645,4.551656,2.187498
0.9034696,-1.553212,0.007944931,8.351632,4.551645,2.237507
1.388638,-1.244243,0.01573256,8.375675,4.551409,2.212627
0.8317352,-1.670409,0.005980745,8.351397,4.575697,2.212625
0.5996374,-1.657901,0.03035456,8.379258,4.579263,2.237511
1.392237,-1.222688,0.01043814,8.375667,4.551399,2.237461
0.8330642,-1.671103,0.006938615,8.351385,4.575691,2.237463
0.9002147,-1.55471,0.0100512,8.351647,4.551658,2.212629
0.919728,-1.54327,0.002952732,8.351633,4.551651,2.362663
0.6643413,-1.675813,0.00524742,8.379258,4.579264,2.362537
1.469312,-1.247906,-0.04057353,8.375676,4.551409,2.387495
0.8642979,-1.677384,-0.01112226,8.351393,4.575702,2.387497
1.469221,-1.241439,0.02153943,8.375665,4.551402,2.36265
0.866787,-1.67746,0.003090396,8.351385,4.575693,2.362648
0.9184171,-1.545342,-0.01739354,8.351642,4.55166,2.387556
0.9160941,-1.546177,-0.01526994,8.351632,4.551653,2.437575
1.429296,-1.240343,-0.00338816,8.375674,4.551413,2.412669
0.8575613,-1.675353,-0.01355248,8.351397,4.575702,2.412668
0.6300932,-1.665048,-0.003908426,8.379258,4.579265,2.437531
1.429683,-1.243081,-0.02445442,8.375667,4.551403,2.437505
0.8589668,-1.675162,-0.01540838,8.351385,4.575697,2.437509
0.9163855,-1.548694,-0.01008664,8.351648,4.551666,2.412692
0.9003176,-1.546642,-0.01919229,8.351655,4.551682,2.562796
0.6317644,-1.659377,-0.01530098,8.379263,4.579272,2.562574
1.419841,-1.247476,-0.06121813,8.375696,4.551429,2.587602
0.8365541,-1.667469,-0.0331105,8.351406,4.575729,2.587605
1.418995,-1.235357,-0.004084393,8.375678,4.551419,2.562737
0.8395337,-1.66872,-0.01894538,8.351397,4.575712,2.562735
0.8959992,-1.54759,-0.03973826,8.351668,4.551695,2.587714
0.8875835,-1.546044,-0.04793313,8.351683,4.551713,2.637783
1.397202,-1.245453,-0.03160059,8.375699,4.551444,2.612793
0.8359387,-1.66631,-0.04015141,8.35142,4.575733,2.612791
0.6068016,-1.64512,-0.04704461,8.379273,4.579283,2.637591
1.394444,-1.248338,-0.07318471,8.375705,4.551439,2.637646
0.828908,-1.663245,-0.04797725,8.351414,4.575741,2.637648
0.8960042,-1.547567,-0.03759098,8.35169,4.551718,2.612877
0.8161228,-1.541974,-0.04563078,8.351946,4.551984,2.763334
0.5423141,-1.59503,-0.03142843,8.37935,4.579362,2.762734
1.277844,-1.23003,-0.1292245,8.375999,4.551688,2.788082
0.7294048,-1.629605,-0.06372969,8.351655,4.576041,2.788082
1.285409,-1.221011,-0.04557224,8.375874,4.551605,2.763108
0.7464683,-1.632943,-0.04414129,8.351573,4.575915,2.763104
0.8043585,-1.540899,-0.07576754,8.352079,4.55212,2.788381
0.7561315,-1.532589,-0.09980698,8.352625,4.552674,2.838795
1.189679,-1.226322,-0.10597,8.376136,4.551858,2.813382
0.6850819,-1.616835,-0.07950962,8.351822,4.57618,2.813377
0.4524464,-1.55126,-0.1097671,8.379593,4.579606,2.837894
0.6584373,-1.607713,-0.09043743,8.352024,4.57645,2.838382
0.7616731,-1.543433,-0.08213184,8.352321,4.552365,2.813716
1.150509,-1.256512,-0.1548566,8.376405,4.552062,2.838382
0.8684946,-1.670314,-0.09254784,8.360784,4.560838,2.966686
0.4279971,-1.436763,0.06383266,8.385429,4.585508,2.96287
0.8862252,-1.047446,0.05238658,8.386841,4.560512,2.989851
0.6353717,-1.54364,0.06261662,8.36051,4.586853,2.989853
0.5825472,-1.728918,-0.09810128,8.360404,4.584752,2.96613
1.041734,-1.490385,-0.07020866,8.384657,4.560463,2.966118
0.7925963,-1.425645,0.04312452,8.360835,4.560837,2.990108
0.9050803,0.09134596,-0.08806551,8.471665,4.527563,2.878392
1.011642,-1.007926,-0.1320659,8.418668,4.522468,2.827037
-0.4303564,-0.2189432,-0.1792826,8.471187,4.576018,2.826036
0.5824583,-0.6051757,-0.2527359,8.41879,4.5726,2.876011
0.9249726,-0.5006416,-0.1403558,8.470757,4.527246,2.827059
0.973387,-0.0776525,-0.06139638,8.419774,4.523195,2.878095
-0.06209975,-0.1184792,-0.2171024,8.471867,4.576157,2.876835
0.1195097,-0.006302548,-0.002928059,9.36238,4.567835,2.967898
0.1473234,-0.002927731,0.01939491,9.388263,4.590738,2.965693
0.1422396,0.01328318,-0.001326863,9.38832,4.565447,2.990798
0.1235189,3.844623e-05,-0.003802725,9.362644,4.58969,2.989796
0.1401534,-0.006368523,0.006871139,9.387389,4.56857,2.968624
0.1311077,-0.000973916,-0.004722742,9.362309,4.590417,2.965035
0.1242057,-0.0007708829,-0.0005623032,9.362335,4.564791,2.990467
0.004271623,-0.02495329,-0.0007297253,9.877324,4.476273,2.926488
0.02631155,-0.04961514,0.003885273,9.829599,4.426631,2.929617
0.003728995,-0.05257736,0.0009976362,9.889355,4.412574,2.98944
0.01710903,-0.02668135,0.0009455811,9.826265,4.475861,2.97724
0.005344535,-0.05252488,0.01259634,9.877805,4.425263,2.925389
0.01785826,-0.02921985,-0.002963791,9.829327,4.478098,2.929205
0.002254698,-0.02848168,-1.040458e-05,9.889314,4.487891,2.989389
0.0151434,-0.007410337,0.002480146,9.840476,4.567518,2.967211
0.02493686,-0.002251867,-0.004961852,9.813192,4.590631,2.965782
0.02556068,-0.01244159,-0.0001034907,9.812349,4.565688,2.990551
0.01451864,-0.001866833,0.0005247793,9.838285,4.589604,2.989538
0.02848949,-0.009058833,-0.0001586518,9.814406,4.568291,2.96821
0.01242172,-0.00181173,-0.001388819,9.839715,4.590303,2.965034
0.01158811,-0.0108275,0.0001239372,9.838474,4.565485,2.989906
0.8176032,-1.20606,0.1123293,8.366736,4.518488,0.2230682
0.9606981,-1.484059,0.1868702,8.369098,4.569425,0.274445
0.8627379,-1.024833,0.08662817,8.366379,4.518318,0.2736178
0.9518699,-1.476407,0.01439433,8.36905,4.569367,0.3245874
0.8447539,-0.9903891,0.009897068,8.366203,4.518103,0.374199
0.89365,-1.075406,0.0226944,8.366266,4.518152,0.3239835
0.7763607,-1.4539,-0.002603114,8.36907,4.569277,0.4747873
0.8721841,-1.043432,0.00820771,8.366218,4.518014,0.4243798
0.8937517,-1.086606,0.01209594,8.366228,4.517985,0.4745236
0.6668712,-1.446322,0.04886425,8.369103,4.569263,0.5248299
0.8387271,-0.9330496,0.004331772,8.366339,4.517953,0.5746733
0.8881472,-1.144045,0.03198124,8.366287,4.51795,0.5246312
0.9363054,-1.501813,0.09744058,8.369166,4.569241,0.674913
0.8163478,-1.147273,0.0312009,8.366383,4.517926,0.6247388
0.8565636,-0.94664,0.0535056,8.366389,4.517921,0.6747817
0.7358998,-1.464368,0.04450287,8.369172,4.569237,0.7249314
0.88538,-0.9713598,0.05963245,8.366422,4.517917,0.7748334
0.8854957,-1.077126,0.03373012,8.366405,4.517909,0.7248304
0.9954694,-1.514682,0.09259954,8.36918,4.569235,0.8749534
0.9200878,-1.046317,0.02763055,8.366432,4.517907,0.8248695
0.8931984,-1.001364,0.04222641,8.366421,4.517904,0.874882
1.020904,-1.51416,0.02931944,8.369181,4.569234,0.9249647
0.9098157,-0.9835743,0.004623914,8.366441,4.517909,0.9749067
0.905263,-1.026305,0.01816586,8.366426,4.5179,0.9249133
1.012393,-1.52024,-0.04566795,8.369184,4.569233,1.074974
0.9121329,-1.025928,0.005749638,8.366446,4.517904,1.024933
0.9068985,-0.9801899,-0.0112955,8.366433,4.517901,1.074933
0.88742,-1.498201,-0.00639307,8.369185,4.569233,1.124983
0.9066596,-0.9915259,-3.11743e-05,8.366451,4.517907,1.174949
0.9252689,-1.027328,5.684175e-06,8.366436,4.517899,1.124958
0.9995593,-1.5196,-0.03210836,8.369187,4.569233,1.274987
0.9231131,-1.036152,-0.007605197,8.366454,4.517904,1.22497
0.9023578,-0.9879358,-0.0161379,8.36644,4.517899,1.274965
0.8648759,-1.494304,-0.02039476,8.369187,4.569233,1.324994
0.8950708,-0.9939973,-0.01984563,8.366456,4.517904,1.374977
0.9225278,-1.039749,-0.01170513,8.366441,4.517898,1.324987
0.9677616,-1.511385,-0.04349503,8.369186,4.569231,1.474997
0.9184336,-1.044023,-0.01979796,8.366456,4.517902,1.424998
0.886784,-0.9895173,-0.03039674,8.366439,4.517895,1.47499
0.7772017,-1.4732,-0.03493761,8.369185,4.56923,1.525004
0.8708907,-0.9962144,-0.03254125,8.366446,4.517893,1.575003
0.9009979,-1.05988,-0.02637149,8.366436,4.517892,1.525011
0.911271,-1.479497,-0.01971432,8.369166,4.56921,1.675005
0.8855119,-1.061971,-0.04482672,8.366434,4.517885,1.625023
0.8430897,-0.9893145,-0.02426651,8.366397,4.517861,1.675014
0.7617601,-1.453771,-0.1294155,8.36914,4.569182,1.724999
0.853271,-1.209726,-0.06692258,8.366321,4.517758,1.775038
0.877766,-1.036157,-0.05970353,8.366353,4.517835,1.725041
1.00855,-0.2307959,-0.05319723,8.417788,4.521963,1.825045
-0.1689487,-0.1316618,0.2816353,8.470845,4.575978,1.824984
0.9449419,-1.501632,0.1204113,8.417801,4.572095,1.874989
1.065423,-1.35077,0.07631859,8.417665,4.521835,1.87501
-0.817678,-0.1041307,0.1732635,8.470778,4.575957,1.874994
0.9380488,-0.5577382,0.09898204,8.469989,4.526991,1.87502
0.9570166,0.07330701,0.04645701,8.470057,4.527032,1.825015
0.9061146,-0.9344698,0.1715817,8.417768,4.572063,1.925009
1.15611,-1.438181,0.0321762,8.417593,4.521769,1.975022
-1.004273,-0.0264233,0.07076838,8.470739,4.575939,1.975005
1.102957,-0.7297122,0.06871991,8.417609,4.521786,1.925055
-0.4618197,-0.2230595,0.1066831,8.470751,4.575944,1.925004
1.009595,-0.3400658,0.09081148,8.46995,4.526969,1.925021
1.017172,-0.5393402,0.04081933,8.469936,4.526958,1.975028
1.135711,-0.8441199,0.03033773,8.417584,4.521764,2.025074
-0.5705179,-0.2119908,0.0322299,8.470733,4.575938,2.025007
1.091055,-1.579678,0.04681224,8.417748,4.572048,2.07501
1.167222,-1.380878,0.01218406,8.417558,4.521746,2.075035
-0.9789694,-0.03611476,0.0580776,8.47073,4.575936,2.075007
1.051657,-0.4596104,0.01462112,8.469914,4.526948,2.075035
1.045694,-0.3783416,0.02576991,8.469924,4.526955,2.025031
1.088612,-1.56446,0.01407739,8.417747,4.572047,2.125016
1.17693,-1.307873,0.007749414,8.417562,4.521748,2.175059
-0.9861287,-0.05949866,0.03659064,8.470729,4.575936,2.175009
1.148885,-1.172447,0.01059674,8.417557,4.521747,2.125083
-0.6520051,-0.2408184,0.002895582,8.470729,4.575936,2.125008
1.078931,-0.4655587,0.004251881,8.469909,4.526948,2.125039
1.067977,-0.410572,0.01595957,8.469914,4.526945,2.175051
-0.2795736,-0.8571856,0.004374807,8.375943,4.670888,2.025007
-0.1219894,-1.468448,0.03347284,8.372051,4.617828,2.075011
-0.2766982,-0.8709445,0.03074921,8.375941,4.670886,2.075007
-0.1163061,-1.479444,0.003203264,8.37205,4.617827,2.125017
-0.2702055,-0.8790585,0.01705374,8.37594,4.670885,2.17501
-0.2742685,-0.8748469,-0.002273432,8.37594,4.670885,2.125009
1.159869,-1.046865,0.008453169,8.417567,4.521755,2.225116
-0.651771,-0.1992881,-0.04231968,8.470729,4.575936,2.225012
1.119634,-1.642715,0.008170552,8.417745,4.572046,2.275021
1.172234,-1.292294,-0.00475964,8.417546,4.52174,2.275082
-0.7311506,-0.1936799,0.0769684,8.470728,4.575935,2.275013
1.097093,-0.4804668,0.02593106,8.469906,4.526942,2.275066
1.083759,-0.421706,-0.02092485,8.46991,4.526949,2.225057
1.113293,-1.523746,-0.002632366,8.417746,4.572047,2.325029
1.165128,-1.239681,-0.004908258,8.417554,4.521744,2.375136
-0.6909479,-0.2190672,0.006081938,8.470728,4.575935,2.375019
1.178729,-1.249598,-0.001151316,8.417551,4.521746,2.325139
-0.9379429,-0.08326349,-0.02350042,8.470727,4.575935,2.325016
1.069753,-0.3937655,-0.008840312,8.469902,4.526945,2.325076
1.099229,-0.4596309,0.00510394,8.46991,4.52694,2.375102
-0.2694565,-0.8769061,-0.007635346,8.37594,4.670885,2.225012
-0.1110244,-1.496829,0.0152949,8.372048,4.617826,2.275021
-0.2697489,-0.8836737,0.01565272,8.375939,4.670884,2.275013
-0.1119905,-1.494546,-0.01081482,8.372048,4.617827,2.32503
-0.2673585,-0.8838914,0.009305098,8.375937,4.670885,2.37502
-0.2706527,-0.8822175,-0.01286789,8.375939,4.670885,2.325016
1.179915,-1.23388,-0.006895594,8.417569,4.521761,2.425208
-0.9378434,-0.06120888,-0.02309989,8.470728,4.575936,2.425024
1.111327,-1.630081,-0.01287966,8.417746,4.572047,2.475047
1.162501,-1.240943,-0.009399281,8.417551,4.521744,2.475196
-0.6810926,-0.2334055,-0.01570543,8.470728,4.575934,2.47503
1.092784,-0.4774476,-0.009660685,8.469911,4.526937,2.475148
1.063525,-0.3779347,-0.008904612,8.469908,4.526948,2.42512
1.098469,-1.438413,-0.02842941,8.417749,4.57205,2.525063
1.142085,-1.188313,-0.02288998,8.417585,4.52176,2.575348
-0.6549032,-0.2368567,-0.02736955,8.470734,4.575933,2.575059
1.175773,-1.215196,-0.01537799,8.41757,4.521761,2.525286
-0.9591377,-0.04512626,-0.04264945,8.470729,4.575935,2.52504
1.054328,-0.3952942,-0.01631347,8.469912,4.526946,2.525186
1.084134,-0.4568141,-0.01897529,8.469939,4.526934,2.575267
-0.2674078,-0.8775603,-0.01726732,8.375938,4.670885,2.425024
-0.1109668,-1.494359,-0.001915219,8.372046,4.617829,2.475047
-0.2700462,-0.8781579,0.001903384,8.375936,4.670886,2.475029
-0.1149033,-1.481499,-0.02572165,8.372048,4.617832,2.525063
-0.2719812,-0.8742062,-0.002759118,8.375934,4.670892,2.575054
-0.2741133,-0.8757469,-0.02601431,8.375936,4.670887,2.525038
1.167998,-1.306101,-0.02612833,8.417643,4.52181,2.625495
-1.027835,-0.03627304,-0.03065178,8.470743,4.575936,2.625089
1.062418,-1.516768,-0.06908673,8.417782,4.572063,2.675155
1.140537,-1.196331,-0.038204,8.417678,4.521814,2.675603
-0.6495083,-0.2378311,-0.07507691,8.470763,4.575935,2.675148
1.052253,-0.5286606,-0.06476497,8.470018,4.526945,2.675518
1.047063,-0.4436463,-0.02816569,8.469955,4.526956,2.625355
1.002183,-1.100008,-0.1078943,8.417826,4.572088,2.725242
1.047618,-1.196472,-0.08358108,8.418071,4.522045,2.776325
-0.4940139,-0.276099,-0.1442248,8.470921,4.575959,2.775533
1.11837,-1.05767,-0.0766934,8.417829,4.52192,2.725898
-0.9002889,-0.03285971,-0.1215344,8.47081,4.575944,2.725271
1.032236,-0.4310476,-0.1303197,8.470351,4.527031,2.776286
1.004006,-0.4416175,-0.1001271,8.470106,4.526996,2.725777
-0.2731995,-0.8678734,-0.03150726,8.375936,4.670901,2.625081
-0.1248441,-1.450449,-0.02180656,8.372058,4.617865,2.675151
-0.2784904,-0.8626279,-0.01292198,8.375934,4.670921,2.675133
-0.1309838,-1.402859,-0.04130507,8.372081,4.61791,2.725236
-0.2963891,-0.8448131,-0.01149628,8.375953,4.671078,2.775498
-0.2879384,-0.8492411,-0.04133789,8.375942,4.670968,2.725248
0.005718694,-0.1012114,0.0007494354,9.87816,4.225145,2.978291
0.02544875,-0.06397402,0.003347624,9.826582,4.275337,2.978877
0.005662219,-0.07330626,-0.001388764,9.877433,4.274845,2.977563
0.005204163,-0.07100003,0.003059635,9.878839,4.275424,2.92693
0.0288396,-0.09701166,0.0187049,9.832965,4.225249,2.932957
0.006868147,-0.1100889,0.01405332,9.879476,4.224637,2.928154
0.02314534,-0.06609802,0.007689236,9.831933,4.275386,2.931982
0.008299728,-0.05781225,-0.008713734,9.829932,4.375989,2.930008
0.0179266,-0.06321407,-0.0003104738,9.826254,4.324216,2.978647
0.001718618,-0.05572326,-0.0002301856,9.889383,4.387604,2.98947
0.002582191,-0.06166063,-0.00936647,9.878053,4.375957,2.925573
-0.0006999175,-0.06473308,-0.002919612,9.890133,4.3112,2.990242
0.00208002,-0.06373891,0.00109531,9.878611,4.324332,2.926573
0.01442685,-0.05778317,-0.003358406,9.830727,4.325557,2.930796
0.1402708,-0.008127987,0.0003738679,9.424574,4.579089,2.925968
0.1341213,-0.01475582,-0.007980036,9.424614,4.525809,2.979097
0.1148483,-0.009084092,-0.002679377,9.474823,4.578154,2.97826
0.1314492,-0.02329227,-0.001161197,9.424994,4.532126,2.932164
0.09921871,-0.0280856,-0.00408763,9.475207,4.527152,2.979705
0.1044323,-0.023313,-0.0006164926,9.475019,4.532988,2.933041
0.1096855,-0.008655792,-0.003044873,9.475188,4.579655,2.927397
0.09729141,-0.004149317,0.007586415,9.575299,4.57985,2.928614
0.08881054,-0.009793647,-0.000781568,9.575245,4.52832,2.979902
0.09320609,-0.005124004,0.002276339,9.524834,4.5785,2.978621
0.09388463,-0.02265578,0.0007531189,9.52406,4.527991,2.979905
0.08822256,-0.01247039,0.01109018,9.525034,4.533437,2.933509
0.0883093,-0.006414783,0.01308459,9.575275,4.53351,2.933587
0.09344356,-0.002352824,0.001662814,9.524058,4.579844,2.928271
0.08670202,-0.006132974,-0.002555046,9.624237,4.579856,2.928475
0.08587293,-0.01792348,-0.001230569,9.62411,4.528181,2.979912
0.06584876,-0.006692405,-0.001096384,9.67519,4.578475,2.978579
0.06140965,-0.007853658,-0.0001975711,9.675674,4.579707,2.928325
0.04997136,-0.02299375,0.000505728,9.675863,4.533142,2.933171
0.08009298,-0.02209364,-0.0001812158,9.625388,4.533466,2.933533
0.05458122,-0.02300677,-0.003769189,9.675371,4.528067,2.979759
0.02832241,-0.006189845,-0.0006316764,9.775977,4.578158,2.928192
0.02564617,-0.01417355,-0.0006587017,9.774793,4.528095,2.977928
0.04645657,-0.007388199,-3.957099e-05,9.725206,4.578179,2.978245
0.02534192,-0.01215788,0.004589505,9.77761,4.531329,2.930881
0.04562385,-0.007776213,-0.001243338,9.725046,4.579324,2.928021
0.04465132,-0.02156896,-0.001077081,9.726373,4.532526,2.932451
0.04694664,-0.020008,-0.002247763,9.724448,4.527811,2.979319
-0.3061816,-0.8257716,-0.03885961,8.376008,4.671337,2.82599
-0.1579125,-1.256203,-0.02406114,8.372583,4.618865,2.876
-0.3338363,-0.8200382,-0.01316188,8.37614,4.671998,2.876787
-0.1772273,-1.282996,0.03475786,8.373504,4.620472,2.926245
-0.5271487,-0.3680527,-0.02258172,8.390016,4.688534,2.990144
-0.3110468,-0.8252377,-0.01213261,8.376595,4.673391,2.92811
-0.4063849,-0.6043438,-0.009712682,8.377089,4.724989,2.97755
-0.4040192,-0.6678734,-0.003035556,8.377725,4.724363,2.928455
0.7203139,-1.662331,0.02818852,8.35788,4.558428,0.05896864
0.4059286,-1.491854,-0.03188146,8.382303,4.582797,0.06235008
1.048306,-1.318484,-0.0624944,8.378779,4.555016,0.0853072
0.5397754,-1.689193,-0.03083924,8.354395,4.579358,0.0854379
0.718721,-1.632637,0.001847444,8.355593,4.556169,0.08462892
1.082542,-1.36261,0.03358536,8.381303,4.55747,0.05964783
0.5627698,-1.672731,0.001961323,8.356817,4.58187,0.05977634
0.7090262,-1.555805,0.05065633,8.353133,4.553558,0.1356849
0.2543111,-1.475877,0.07229703,8.379746,4.579979,0.1370269
0.8335559,-1.319569,-0.04965587,8.377457,4.553479,0.1109225
0.5313547,-1.581367,0.008915104,8.352995,4.577915,0.1110418
0.7072456,-1.566256,0.01865128,8.353975,4.554466,0.1103743
0.8193141,-1.345756,0.05487839,8.376689,4.552752,0.1361356
0.5447625,-1.591971,0.0415438,8.352361,4.577091,0.1362411
0.009480482,-0.009798813,-0.0003900324,9.866321,4.566392,0.0334575
0.01022788,-0.002029075,-0.000226728,9.8631,4.589001,0.01093425
0.001885366,-0.00172782,-0.00045733,9.888838,4.588938,0.03674606
0.002535425,-0.01029657,0.000275252,9.888971,4.563208,0.01096373
0.0103888,-0.001579828,0.0001316057,9.863947,4.589684,0.03559987
0.001534916,-0.01106976,0.0001143598,9.889633,4.564129,0.03561959
0.00963336,-0.01089777,-7.903494e-05,9.86424,4.564294,0.01020192
0.0095873,-0.0100243,2.805403e-05,9.866467,4.566537,0.05989263
0.001975918,-0.008381075,-0.001300973,9.88988,4.564298,0.08694674
0.002787114,-0.002594798,-0.0001325229,9.889175,4.589259,0.06174445
0.008064516,-0.00147715,0.00133017,9.864104,4.589918,0.08695585
0.009355776,-0.001649498,-0.0005951819,9.864545,4.589648,0.06121289
0.002058641,-0.008594035,0.001032544,9.889601,4.564734,0.06120169
0.0102447,-0.009661234,-0.0006241443,9.866721,4.566788,0.0858857
0.006529629,-0.01259881,0.001342979,9.866979,4.540046,0.0328836
0.001198676,-0.02187631,-0.003143905,9.890497,4.512342,0.03425174
0.01305097,-0.0238938,0.0001795752,9.865574,4.512643,0.009466345
0.002270319,-0.01332735,0.0001759016,9.889513,4.538058,0.01043623
0.006955609,-0.02465343,0.001851609,9.868045,4.514095,0.0318686
0.001864472,-0.01272531,0.0002115443,9.88982,4.538476,0.03449317
0.007051125,-0.01131839,0.0001344025,9.865321,4.538692,0.01008378
0.01017208,-0.009027732,0.0002766734,9.866927,4.567013,0.1620489
0.007837956,2.083689e-05,0.002962164,9.864024,4.590084,0.1876891
0.002287559,-0.001161618,-0.0002433373,9.889334,4.589421,0.1624097
0.00123192,-0.007329595,0.001972985,9.890031,4.564241,0.1876829
0.001147603,-0.007385756,0.0006031033,9.890014,4.564326,0.1621096
0.00765405,0.0002537121,-0.0003873445,9.864117,4.590065,0.1621174
0.00982574,-0.008768765,0.002135619,9.866972,4.567067,0.1872143
0.007697584,-0.009454348,0.0002903231,9.866908,4.566988,0.136866
0.001192952,-0.008065803,0.0001949181,9.889934,4.564378,0.1116749
0.005628656,-0.0006493231,0.0008550603,9.86418,4.589974,0.1116791
0.002231288,-0.001965581,5.187514e-05,9.889331,4.589415,0.1373506
0.009666983,-0.008792074,-0.0003094864,9.866804,4.566873,0.1114148
0.00122388,-0.007776914,-0.0006031463,9.889982,4.564408,0.1375339
0.006107269,-0.0008418058,0.0006591307,9.864204,4.59003,0.1375376
-0.3006119,-1.177361,-0.01617072,8.365813,4.66145,0.03326079
-0.444214,-0.303274,-0.0007638952,8.389039,4.662024,0.01070728
-0.4970315,-0.2181353,0.03139834,8.38978,4.68697,0.03545717
-0.3708157,-1.08524,-0.01389054,8.363656,4.687654,0.00993949
-0.4726626,-0.3349382,-0.01470731,8.389388,4.661015,0.03567932
-0.3892559,-0.9799591,-0.01358466,8.366472,4.686855,0.03308226
-0.2970688,-1.266518,-0.02394872,8.363281,4.661925,0.009971324
-0.4655371,-0.7470937,-0.03686584,8.366835,4.737255,0.0329754
-0.4921765,-0.1502932,0.003790823,8.389303,4.737437,0.01056598
-0.5085785,-0.1814778,-0.0111547,8.389897,4.711741,0.03538955
-0.420468,-0.9893673,-0.01568463,8.363798,4.712043,0.009917227
-0.4466746,-0.8578281,-0.05385895,8.366705,4.712046,0.03302162
-0.5040072,-0.135851,0.01805055,8.389971,4.737609,0.03546298
-0.4493481,-0.8557014,-0.01789693,8.363847,4.737694,0.009881781
0.008402623,-0.01041653,-0.0006193464,9.866997,4.567081,0.2373709
0.006214037,-0.0007739352,0.001813456,9.864002,4.590094,0.2120446
0.0006238227,-0.009340714,0.003353432,9.890044,4.564221,0.2120314
0.002083904,-0.002113848,-0.0004099577,9.889333,4.589423,0.2374719
0.0064311,-0.0005440385,-0.0002964141,9.863984,4.590121,0.2376732
0.008073341,-0.01072974,0.00220202,9.866971,4.567067,0.2122691
0.0006426736,-0.009055623,-0.001627203,9.890075,4.564205,0.2376667
0.009456864,-0.009554106,-0.0008791689,9.866998,4.567079,0.2623852
0.0005075624,-0.009242032,-0.004470641,9.890062,4.564223,0.2877893
0.002450727,-0.001434393,-0.0004996663,9.889333,4.589424,0.2624786
0.006614832,-0.0008364654,-0.002462726,9.863996,4.590099,0.2878047
0.006470647,-0.000466541,-0.0008096213,9.86398,4.590124,0.2622071
0.0005669507,-0.009291927,0.000444199,9.890079,4.564203,0.2621925
0.008324984,-0.0108376,-0.00298661,9.867011,4.567096,0.2874329
0.008862643,-0.009070261,-0.001584376,9.867005,4.567103,0.3624569
0.006128679,-0.0001602039,-0.002769506,9.863989,4.590109,0.3878348
0.002255035,-0.0009508443,-0.001616391,9.889331,4.589428,0.3624932
0.0005670139,-0.00829749,-0.003977521,9.890052,4.564239,0.3878181
0.0004269637,-0.008050338,-0.001052667,9.890076,4.564214,0.362231
0.006170583,-5.894764e-05,-0.002276852,9.863974,4.590131,0.3622464
0.007302057,-0.009869379,-0.002739676,9.867008,4.567118,0.3874816
0.008686292,-0.00873945,-0.002029022,9.867009,4.567101,0.3374694
0.000838365,-0.007398851,-0.002399004,9.890061,4.564221,0.312119
0.007136184,6.642963e-05,-0.003961784,9.863992,4.590102,0.3121288
0.002058515,-0.001530646,-0.001494044,9.889331,4.589427,0.3374949
0.009664294,-0.008657044,-0.002635643,9.867008,4.567093,0.3124266
0.0008316027,-0.007501082,-0.002753959,9.890077,4.564213,0.3377183
0.007183658,0.0003487614,-0.001336938,9.863976,4.59013,0.3377303
0.008438509,-0.007654682,-0.00161102,9.867006,4.567118,0.437495
0.006983101,-1.860343e-05,-0.00364015,9.863987,4.590108,0.4121567
0.0008863954,-0.006609716,-0.002261699,9.890056,4.564238,0.4121346
0.001951699,-0.001359185,-0.001057214,9.889332,4.589426,0.437499
0.006853886,3.952562e-05,-0.0008738598,9.863974,4.590128,0.437745
0.008718648,-0.00761563,-0.002539078,9.867005,4.56712,0.4124695
0.0008910997,-0.006593532,-0.00221659,9.890086,4.564221,0.4377272
0.008544457,-0.008541729,-0.0006567359,9.866998,4.567136,0.5624816
0.006306705,-0.0002338587,-0.0005330546,9.863985,4.590109,0.5878423
0.001970316,-0.001293336,-0.000879612,9.889331,4.589428,0.5624966
0.0007629547,-0.007437818,-0.001342346,9.890061,4.564256,0.5878301
0.0006249621,-0.007348016,-7.354609e-05,9.890086,4.564231,0.5622475
0.0063082,-0.0001600566,-0.001285634,9.86397,4.590131,0.5622555
0.007745303,-0.008687852,-0.0006502677,9.867,4.567148,0.5875007
0.008295937,-0.008583479,-0.0008272937,9.867022,4.567127,0.6375026
0.006784095,-0.0002938574,-0.001463332,9.863986,4.590111,0.6121582
0.0007666786,-0.007460855,5.140685e-05,9.89006,4.564256,0.6121529
0.00200118,-0.001529379,-0.0006854128,9.88933,4.589434,0.6375001
0.006667434,-0.0002504551,-0.0003533865,9.863973,4.590136,0.6377445
0.008732844,-0.008644348,-0.0006198843,9.867006,4.567144,0.6124841
0.0007447076,-0.00747699,-0.001450985,9.89008,4.56424,0.637738
0.008561299,-0.008837009,-0.0006778297,9.867032,4.567126,0.6624844
0.0007530814,-0.007847973,-0.002288549,9.890061,4.564277,0.6878321
0.002012862,-0.001508863,-0.0008037043,9.889331,4.589435,0.6624967
0.006336954,-0.0004282496,-0.001065867,9.863999,4.590116,0.6878381
0.006448552,-0.000363202,-0.001270297,9.863976,4.590136,0.6622548
0.0006413052,-0.007672573,-0.0001016754,9.890081,4.564243,0.662249
0.008004176,-0.00907692,-0.001497167,9.86705,4.56714,0.6874975
0.008199303,-0.008779509,-0.0006646677,9.867138,4.567319,0.7624502
0.006340265,-0.0002088552,-0.0003861722,9.864357,4.590232,0.7878163
0.001976785,-0.001434039,-0.0007697101,9.889381,4.589483,0.7624701
0.0006546546,-0.007859226,-0.001683744,9.890185,4.56467,0.787815
0.000616722,-0.007686294,-7.026843e-05,9.890141,4.564409,0.7622298
0.006492353,-0.0002111374,-0.001145625,9.864123,4.59018,0.7622276
0.008245355,-0.00892045,-0.0006097168,9.867312,4.567514,0.78743
0.008577813,-0.008510737,-0.000714922,9.867069,4.567226,0.737487
0.0008371636,-0.007335816,-0.0007030607,9.890069,4.564293,0.7121469
0.007032509,-0.0001401975,-0.002039577,9.864014,4.59012,0.7121552
0.002050552,-0.001378638,-0.0006656469,9.889352,4.589451,0.7374901
0.008880194,-0.008482671,-0.001341956,9.867058,4.567167,0.7124827
0.0007748371,-0.007398222,-0.001381844,9.890112,4.564316,0.7377257
0.006868661,-4.464408e-05,-0.0002034797,9.864041,4.590152,0.7377322
0.008266283,-0.008510292,-0.0003453846,9.868491,4.568671,0.8373906
0.006728507,-9.714477e-05,-0.001322915,9.86481,4.590416,0.8122114
0.0006066937,-0.007437059,-0.000631445,9.890363,4.565148,0.8121998
0.001545368,-0.0009346116,-0.0007772679,9.890133,4.590254,0.8387914
0.006352319,-3.027312e-05,0.0007228924,9.865478,4.590803,0.8381854
0.008245568,-0.008271285,-0.0009438476,9.867714,4.567923,0.8123713
0.0004776297,-0.007500338,-0.002305511,9.890736,4.565826,0.8381402
0.7931513,-1.54235,0.04029755,8.351787,4.551799,1.862584
0.4850931,-1.570642,0.08461639,8.379328,4.579333,1.8625
1.226943,-1.277296,0.01767724,8.375741,4.551472,1.887433
0.717686,-1.6257,0.0278486,8.35146,4.575762,1.887435
1.210424,-1.280515,0.09664453,8.375782,4.551515,1.862598
0.7909773,-1.544305,0.02408418,8.351735,4.551745,1.88746
0.7073303,-1.623887,0.04480315,8.351502,4.575805,1.862596
0.803477,-1.557092,0.05262147,8.35167,4.551679,1.937466
0.4263661,-1.57597,0.07863934,8.37927,4.579275,1.9375
1.137007,-1.309162,0.04669075,8.375714,4.551444,1.912601
0.6992445,-1.630968,0.03396232,8.351434,4.575735,1.912599
1.149584,-1.266975,0.07818156,8.375692,4.551422,1.937435
0.7997681,-1.553451,0.03937434,8.351701,4.55171,1.912589
0.7064963,-1.632025,0.04640151,8.35141,4.575714,1.937437
0.8790814,-1.550269,0.0529739,8.35164,4.551649,2.062599
0.6080318,-1.646385,0.08497003,8.37926,4.579264,2.062519
1.40826,-1.25482,0.02949239,8.375675,4.551407,2.087444
0.8326879,-1.66812,0.03869041,8.351396,4.575697,2.087446
1.397998,-1.256085,0.09877033,8.37567,4.551401,2.062608
0.8207822,-1.663906,0.05353153,8.35139,4.575692,2.062606
0.889775,-1.551465,0.03171977,8.351646,4.551655,2.08748
0.9020538,-1.546935,0.01026141,8.351634,4.551645,2.137489
0.6311011,-1.659565,0.02042582,8.379258,4.579263,2.137506
1.422532,-1.253531,0.05333755,8.375674,4.551407,2.112614
0.837888,-1.668932,0.02299662,8.351396,4.575696,2.112612
1.420891,-1.228498,0.002660357,8.375667,4.551399,2.137449
0.8423623,-1.670378,0.0109557,8.351386,4.57569,2.137451
0.896084,-1.550076,0.02789348,8.351646,4.551656,2.112609
0.9162708,-1.543592,0.02002783,8.351632,4.551647,2.262632
0.6639287,-1.674501,0.03512503,8.379257,4.579263,2.262528
1.473395,-1.250691,-0.02123249,8.375671,4.551405,2.287469
0.8657507,-1.677799,0.004706665,8.351391,4.575697,2.287471
1.469575,-1.245654,0.04982715,8.375664,4.551399,2.26263
0.8652676,-1.677039,0.02054276,8.351385,4.57569,2.262628
0.9172164,-1.54679,-0.001854205,8.351638,4.551653,2.287517
0.9172665,-1.546745,-0.005922516,8.351629,4.551646,2.337533
0.634306,-1.66789,0.006344842,8.379257,4.579263,2.337519
1.436215,-1.243618,0.01313248,8.37567,4.551408,2.312641
0.8578902,-1.677621,-0.003363083,8.351393,4.575696,2.312639
1.436268,-1.240086,-0.01267709,8.375665,4.551399,2.337478
0.8614078,-1.678056,-0.005877277,8.351383,4.575692,2.33748
0.9151687,-1.550614,0.001677321,8.351642,4.551657,2.31265
0.916247,-1.544727,-0.005894121,8.351637,4.551659,2.462708
0.6596254,-1.672234,-0.005242076,8.379258,4.579266,2.462549
1.459849,-1.252348,-0.05603404,8.375676,4.551412,2.487527
0.8591367,-1.675248,-0.02105016,8.351393,4.575707,2.48753
1.461109,-1.243802,0.01011856,8.375667,4.551406,2.462679
0.8637027,-1.67604,-0.006008249,8.351387,4.575697,2.462677
0.912173,-1.547417,-0.02759328,8.351643,4.551666,2.487606
0.9029315,-1.549879,-0.02755262,8.351641,4.551667,2.537646
0.6062683,-1.655681,-0.01574405,8.379261,4.579269,2.537551
1.401267,-1.23452,-0.01859704,8.375676,4.551419,2.512707
0.8413652,-1.672407,-0.02634529,8.351398,4.575708,2.512705
1.40023,-1.255943,-0.03734031,8.375674,4.551411,2.537552
0.8416855,-1.671618,-0.02794877,8.35139,4.575707,2.537555
0.904962,-1.553878,-0.02225852,8.351653,4.551677,2.512751
0.8728083,-1.550216,-0.04399833,8.351714,4.551745,2.662956
0.5910356,-1.637427,-0.05490152,8.37928,4.57929,2.662621
1.361012,-1.257865,-0.1112503,8.37575,4.551476,2.687734
0.7957915,-1.656517,-0.0589615,8.351449,4.575787,2.687736
1.367704,-1.225979,-0.04551027,8.375716,4.551457,2.662845
0.8081443,-1.660221,-0.04458459,8.351431,4.575753,2.662842
0.8618019,-1.551383,-0.06447703,8.351743,4.551776,2.687906
0.8312363,-1.557515,-0.05162288,8.351837,4.551874,2.738076
0.4802861,-1.598373,-0.0334529,8.379319,4.579331,2.73768
1.237004,-1.235675,-0.07501131,8.375772,4.551515,2.712955
0.747795,-1.65427,-0.05785832,8.351485,4.575811,2.712952
1.227357,-1.259657,-0.06756769,8.375816,4.551535,2.737853
0.7422838,-1.647351,-0.05026496,8.351504,4.575856,2.737854
0.8393904,-1.564409,-0.05712323,8.351801,4.551836,2.713115
0.7273241,-1.526363,-0.05705425,8.353228,4.553284,2.864262
0.2826899,-1.470002,-0.0769194,8.37983,4.579844,2.862985
0.8866332,-1.298865,0.02804428,8.377673,4.553257,2.88898
0.5586512,-1.563565,-0.01555086,8.353207,4.577732,2.888981
0.5738834,-1.572939,-0.04895354,8.352474,4.576877,2.863766
0.7228975,-1.544,-0.02794716,8.354157,4.55423,2.889582
0.8717121,-1.309183,-0.07901202,8.376829,4.552515,2.863771
0.7210364,-1.624676,-0.03971695,8.358094,4.558201,2.940979
0.3998875,-1.505859,0.0186774,8.382549,4.58262,2.937563
1.078357,-1.328515,0.06437005,8.379072,4.554761,2.914579
0.5686957,-1.697125,0.01390212,8.354689,4.579163,2.914581
0.5562692,-1.659384,-0.01559632,8.357091,4.581687,2.940222
0.7279744,-1.637916,-0.007037206,8.355828,4.555935,2.915321
1.097588,-1.343293,-0.03686103,8.381562,4.557183,2.940225
0.2584888,-0.02039434,-0.00811132,9.062584,4.568651,2.968756
0.2078006,-0.002087702,-0.0003358596,9.06119,4.590183,2.99028
0.2186598,0.006302241,0.00528684,9.087793,4.590489,2.965314
0.2196446,-0.009886078,0.007083259,9.087783,4.565068,2.990526
0.2281886,-0.001764554,0.01164281,9.087573,4.568025,2.968141
0.2198751,-0.001998255,-0.0120606,9.061827,4.590801,2.965806
0.2296672,-0.02524325,0.0003938281,9.061785,4.565552,2.990852
0.1868618,-0.0233949,-0.008975795,9.137504,4.568427,2.968512
0.1922044,-0.00900411,-0.005825232,9.138859,4.590115,2.990202
0.2275409,0.0008951731,-0.002358775,9.112252,4.590473,2.96523
0.2289446,-0.01671724,0.001846085,9.11227,4.564995,2.990508
0.2265988,-0.01159505,0.002900027,9.112488,4.567962,2.96807
0.1894999,-0.006082504,0.002207565,9.138249,4.590751,2.9655
0.1872548,-0.01153328,-0.004836972,9.138292,4.56528,2.990795
0.1577189,-0.01077449,0.0005154751,9.262519,4.56832,2.968378
0.1196779,-0.0001795396,0.001796575,9.261159,4.590072,2.990161
0.1553092,0.006393756,0.01381494,9.287745,4.590363,2.964904
0.1552452,2.823344e-05,0.007761796,9.287742,4.564684,2.990412
0.1363752,0.001310059,-0.003936824,9.261757,4.5907,2.965359
0.1559776,0.003701077,0.01715222,9.287559,4.567731,2.967775
0.1380853,-0.01537399,0.003430199,9.261727,4.565153,2.990761
0.1316533,-0.0163523,-0.008586733,9.337453,4.567499,2.967554
0.1396855,-0.003319171,-0.003365111,9.337476,4.589504,2.989602
0.1564488,0.001410985,0.004260418,9.312129,4.59023,2.964602
0.1551804,-0.01120916,0.00196794,9.312139,4.564386,2.990272
0.143054,-0.003677165,-0.008710639,9.337748,4.590261,2.964633
0.1437663,-0.009663013,0.00681374,9.312504,4.567474,2.967515
0.1448567,-0.01116721,-0.003576322,9.337758,4.564407,2.990305
0.009541921,-0.008838684,0.0008971276,9.867016,4.567198,2.96668
0.01022442,-0.001996126,7.646606e-05,9.863353,4.589103,2.989055
0.00142959,-0.001342455,0.0003127136,9.889525,4.589591,2.96193
0.002572391,-0.01037455,-0.0002750832,9.888973,4.563438,2.988954
0.002100586,-0.01121049,0.00107086,9.890044,4.565076,2.963921
0.01052753,-0.001641725,-0.0006793601,9.864989,4.590113,2.964223
0.009771144,-0.0106781,0.0007468272,9.864138,4.564445,2.989789
0.00761723,-0.01337374,0.0001205069,9.866912,4.540583,2.966672
0.003224373,-0.02634847,0.001511001,9.889985,4.513518,2.964318
0.009009526,-0.02569476,0.0005961992,9.864148,4.513086,2.989936
0.003286488,-0.01460827,0.0002112836,9.889264,4.538494,2.989215
0.01068494,-0.02414407,0.0001718309,9.86692,4.514418,2.966848
0.003010129,-0.01511913,-0.0002839394,9.890013,4.539803,2.964237
0.007962815,-0.01327618,0.000795094,9.864637,4.538856,2.989682
-0.002599936,-0.05304974,0.001509819,9.855973,4.351133,0.2476018
0.03838566,-0.07335425,-0.03321778,9.869474,4.24545,0.3539344
-0.005025987,-0.03821444,-0.007759385,9.85873,4.352013,0.3482612
0.3904961,-0.04990282,-0.01081615,8.749551,4.460093,0.2447661
0.3708411,0.006989947,-0.0182003,8.649693,4.554856,0.2482796
0.3602983,-0.01446358,0.001610837,8.751915,4.555543,0.2496381
0.5186933,-0.1201214,-0.005885025,8.648532,4.459688,0.3473511
0.422449,-0.04352878,-0.00823765,8.749435,4.461674,0.3471307
0.3662088,0.02326569,0.00277508,8.650168,4.555255,0.3489124
0.3737912,-0.0111655,-0.01038168,8.754823,4.557012,0.3503046
-0.01426628,-0.04130094,-0.01121395,9.860642,4.353384,0.449136
-0.007826785,-0.01473579,0.002628422,9.877612,4.253505,0.5529045
-0.01233165,-0.04185249,0.0001621187,9.861195,4.354441,0.5492831
0.4022659,-0.05012331,0.01535935,8.749586,4.462125,0.4482758
0.3847398,0.01373306,0.0190951,8.651358,4.554805,0.4483799
0.3526888,-0.01665192,0.01120457,8.755624,4.557287,0.448307
0.4429776,-0.1084924,0.005938855,8.648826,4.459452,0.5490893
0.4031317,-0.05438901,0.002153076,8.749702,4.462386,0.5490576
0.406603,0.07136449,0.003585153,8.65087,4.555058,0.5486248
0.3517773,-0.02590219,-0.01742451,8.755965,4.557408,0.5504779
-0.01406398,-0.04499011,-0.0005504389,9.861447,4.355056,0.6497117
-0.003836194,-0.01942087,-0.001257077,9.878202,4.253978,0.7505509
-0.01464202,-0.04441987,0.0005794711,9.86161,4.355398,0.7497059
0.3991201,-0.05799006,-0.002964683,8.749857,4.462362,0.6493665
0.4428531,0.05850234,-0.01273951,8.651452,4.554562,0.649754
0.3534492,-0.03790601,0.000880515,8.756145,4.557382,0.6487547
0.4470824,-0.1211106,-0.005899769,8.649045,4.459262,0.7496399
0.4052631,-0.05968051,-0.0107528,8.749936,4.462436,0.7496512
0.4558763,0.06275885,-0.001342185,8.651546,4.554507,0.7499472
0.3518845,-0.03538864,-0.01936976,8.756268,4.557354,0.7509417
-0.01418827,-0.04496587,-6.436861e-05,9.86173,4.355882,0.8499477
-0.004705203,-0.0204078,-0.004859568,9.878284,4.254493,0.9506183
-0.01457624,-0.04488602,0.0008187463,9.861835,4.356394,0.949859
0.4089372,-0.06203965,-0.002800601,8.750012,4.462429,0.8497093
0.456838,0.06608463,-0.007364485,8.651559,4.554499,0.8499652
0.3508946,-0.03554928,0.007371149,8.756291,4.557351,0.8489646
0.4632619,-0.1320948,-0.00277454,8.649133,4.459271,0.9498161
0.4110568,-0.06234309,-0.005450629,8.75006,4.462466,0.9498521
0.4583784,0.06439007,-0.004604349,8.651566,4.554504,0.9499813
0.352237,-0.03405136,-0.01603616,8.756299,4.557356,0.9509881
-0.0142787,-0.04426521,-8.627854e-05,9.861892,4.356702,1.050033
-0.005348386,-0.02031529,0.003816051,9.878297,4.254771,1.150757
-0.01447109,-0.04535414,-0.0003744894,9.861915,4.356829,1.14991
0.4104622,-0.06280774,0.004036176,8.750102,4.46246,1.049841
0.459679,0.06298968,-0.004143608,8.651569,4.554502,1.049981
0.3543209,-0.03506433,0.01201713,8.756304,4.557357,1.048982
0.4485404,-0.1269268,0.0007602275,8.649184,4.459281,1.149902
0.4097384,-0.06492387,-0.001411129,8.750132,4.462476,1.149943
0.460528,0.06172268,5.826742e-07,8.651572,4.554505,1.149991
0.3543603,-0.03595155,-0.01174743,8.756308,4.557359,1.150997
-0.01455753,-0.04572485,0.0001551187,9.861922,4.356867,1.250066
-0.001664444,-0.02231234,-0.000332102,9.878299,4.254816,1.350802
-0.01491403,-0.04412071,-0.0001882563,9.861925,4.356877,1.349927
0.4107221,-0.06426698,0.005196952,8.750155,4.462472,1.249908
0.460816,0.06103161,0.0009469535,8.651573,4.554504,1.249989
0.3536955,-0.03564496,0.01502622,8.75631,4.557359,1.248988
0.4482915,-0.1248859,0.003139215,8.649208,4.459283,1.349957
0.4096742,-0.06409191,0.00115962,8.750168,4.462478,1.349999
0.4593542,0.06286432,0.006632232,8.651575,4.554505,1.349998
0.3518505,-0.03651181,-0.007777463,8.756311,4.55736,1.351002
-0.01432264,-0.04465659,-0.0009672014,9.861926,4.356878,1.450072
-0.005536725,-0.01953634,-0.00479081,9.878299,4.254817,1.550814
-0.01435006,-0.04564389,0.0007790753,9.861926,4.356879,1.549927
0.4088408,-0.06134235,0.009432598,8.750174,4.462477,1.449956
0.4561352,0.06679486,0.004663483,8.651575,4.554505,1.449996
0.3487052,-0.0351095,0.01862785,8.756311,4.557359,1.448994
0.4369546,-0.1093126,0.005820848,8.649204,4.459279,1.550005
0.4056337,-0.06288123,0.005355245,8.750171,4.462476,1.550043
0.4543583,0.0649393,0.01336169,8.651573,4.554504,1.550005
0.3467836,-0.03741919,-0.002789531,8.75631,4.557359,1.551006
-0.01481629,-0.04344449,-4.18961e-05,9.861926,4.356881,1.650073
-0.004980598,-0.02022128,-0.001926304,9.8783,4.254807,1.750839
-0.01446323,-0.04641305,-8.381579e-05,9.861925,4.356882,1.749932
0.4043158,-0.05769816,0.01476195,8.750159,4.462476,1.65
0.4363765,0.07531212,0.01952262,8.651566,4.554504,1.650002
0.3401964,-0.03465064,0.02318899,8.756307,4.557359,1.648998
0.4027132,-0.07612203,0.006075788,8.649155,4.459267,1.750057
0.3901147,-0.0600279,0.004464622,8.750136,4.462467,1.750091
0.4258782,0.0637404,0.003502583,8.651548,4.554502,1.750012
0.3332206,-0.0385973,-0.006796568,8.756299,4.557357,1.751011
-0.01443093,-0.0437303,-0.0002153973,9.861924,4.356884,1.850086
-0.004732249,-0.01995066,1.248444e-05,9.878299,4.254762,1.95093
-0.0141174,-0.0459934,-0.0001914256,9.86192,4.356882,1.949964
0.4031276,-0.06608157,-0.00316348,8.750104,4.462468,1.850055
0.4325851,0.06543518,-0.0111345,8.651524,4.5545,1.85001
0.3413337,-0.03722699,0.008276255,8.75629,4.557356,1.849003
0.4374892,-0.107742,-0.006603565,8.649068,4.459238,1.950127
0.4079487,-0.05758558,-0.01039196,8.750067,4.462447,1.950156
0.4360346,0.07273159,0.002922141,8.651505,4.554494,1.950019
0.3355856,-0.03196195,-0.01533819,8.756281,4.557353,1.951016
0.02630886,-0.03981577,0.000127566,9.761031,4.458412,1.850028
0.06121928,-0.003077459,-0.004316686,9.647138,4.557309,1.848991
0.03073705,-0.004774224,0.0001151804,9.753713,4.554732,1.849997
0.07297727,-0.04820225,-0.00137575,9.659133,4.461905,1.949852
0.0288456,-0.0398215,-0.0001381944,9.761022,4.458407,1.949999
0.06135815,-0.003327099,0.004860023,9.647135,4.557306,1.950999
0.03051567,-0.004492353,0.0006739526,9.753713,4.554731,1.95
-0.01458809,-0.0433652,-0.0001692356,9.861914,4.356875,2.050146
-0.004804735,-0.02017426,0.002450664,9.878276,4.254678,2.151066
-0.01412527,-0.04588571,-0.0005097053,9.861896,4.356849,2.150065
0.4128666,-0.05896433,-0.002054067,8.750023,4.462447,2.050141
0.435078,0.07693167,-0.002430486,8.651498,4.554493,2.050018
0.3346057,-0.02950066,0.009608632,8.756275,4.557351,2.049009
0.4572381,-0.1179867,-0.002295777,8.648987,4.459194,2.150249
0.4140836,-0.05652111,-0.004592231,8.749979,4.462401,2.150279
0.4309261,0.07945389,0.007532908,8.651492,4.554486,2.150033
0.3335432,-0.02744979,-0.0117145,8.756269,4.557343,2.15103
0.02517544,-0.0397319,0.0004671367,9.761009,4.458401,2.050051
0.06108899,-0.002742718,-0.004547014,9.64713,4.557304,2.048986
0.03103938,-0.004860922,0.0003213853,9.753711,4.554729,2.049996
0.07208186,-0.04798973,-0.0009373716,9.658999,4.461858,2.149902
0.02837828,-0.03977117,-0.0001905265,9.760978,4.458384,2.150038
0.06133252,-0.003217375,0.005020351,9.647118,4.557296,2.150997
0.0306475,-0.004595311,0.0006924679,9.753707,4.554725,2.150002
-0.01413263,-0.04369234,-0.0005846103,9.861853,4.356796,2.250294
-0.005752022,-0.01920442,-0.0002875102,9.878017,4.254902,2.350285
-0.01400068,-0.04504986,7.173937e-05,9.861725,4.35666,2.350274
0.4129131,-0.05259234,0.001062135,8.749918,4.462384,2.250326
0.4212007,0.09013436,-0.003931121,8.65149,4.554482,2.250041
0.3267282,-0.02587793,0.01041214,8.756264,4.557335,2.249037
0.4587783,-0.1202696,-0.002652706,8.648905,4.459091,2.350528
0.4149014,-0.05644062,-0.004320299,8.749873,4.462251,2.350586
0.4326931,0.07760813,-0.00647366,8.651486,4.554462,2.350084
0.3353036,-0.02770246,-0.014754,8.756249,4.5573,2.351088
0.02546283,-0.0392552,0.0008244531,9.760922,4.458358,2.250107
0.06111941,-0.002827024,-0.004377141,9.6471,4.557287,2.248991
0.03090796,-0.004901222,0.0007387296,9.753699,4.554717,2.250003
0.07046064,-0.04741011,-0.0005379281,9.6586,4.461718,2.350038
0.02625132,-0.04031573,0.0002645338,9.760786,4.458309,2.350121
0.06105683,-0.002895914,0.005437562,9.647066,4.557257,2.351014
0.03073654,-0.005035534,0.001243463,9.753677,4.554702,2.350022
-0.0122594,-0.04167283,-0.0002426146,9.861482,4.356105,2.450679
0.0002440072,-0.006515232,-0.01222129,9.87728,4.254365,2.543702
-0.01442289,-0.04041082,0.01118891,9.860922,4.355034,2.550753
0.4169976,-0.05756737,0.005006589,8.749795,4.46213,2.450846
0.4321661,0.07906874,0.00305701,8.651485,4.554437,2.450147
0.3328847,-0.0266769,0.01264649,8.756226,4.557249,2.449165
0.4579545,-0.1176204,-0.001470374,8.648859,4.458754,2.551363
0.4125297,-0.05832788,-0.001461443,8.749777,4.46167,2.551554
0.431755,0.07933885,0.0022373,8.651458,4.554347,2.550317
0.3330616,-0.03023649,-0.01300698,8.756016,4.557036,2.551261
0.02680825,-0.03866328,0.0003362131,9.760521,4.458231,2.450231
0.05842875,-0.003060144,-0.003333127,9.647014,4.557206,2.449056
0.03069227,-0.00463555,0.0005156305,9.753636,4.55467,2.450053
0.0690151,-0.04678857,-3.463083e-05,9.65747,4.461199,2.550592
0.02782488,-0.03821887,0.0003642788,9.759952,4.458086,2.550384
0.05914431,-0.003140248,0.005546303,9.647072,4.557001,2.551081
0.0301039,-0.004798044,0.000907464,9.753564,4.554591,2.550147
-0.005147479,-0.03948886,0.00653501,9.858979,4.35358,2.65142
0.01304673,-0.08438219,0.03098489,9.858895,4.251747,2.752899
-0.002419371,-0.05258118,-0.002075978,9.856071,4.352452,2.751596
0.4145727,-0.05395074,0.01312676,8.749705,4.461075,2.652637
0.4299764,0.08010853,-0.003073157,8.651248,4.554122,2.65055
0.3348447,-0.02584237,0.009663811,8.755452,4.556664,2.649345
0.4379893,-0.1002831,0.01341339,8.649049,4.457528,2.754485
0.3989282,-0.06111949,0.01068382,8.749797,4.459516,2.754958
0.4283611,0.06509771,0.007659757,8.650956,4.553688,2.751334
0.3392037,-0.0354612,-0.0005617692,8.752573,4.555167,2.750133
0.02535794,-0.03844378,0.001986889,9.758909,4.457797,2.650911
0.05882843,-0.004430766,-0.002731912,9.647369,4.556617,2.649087
0.032138,-0.005931015,0.001040095,9.75359,4.554353,2.650261
0.06967921,-0.04670008,-0.0009193381,9.65439,4.458903,2.753562
0.02842032,-0.03838477,-0.002167138,9.757217,4.456989,2.752241
0.05965839,-0.006692174,0.00278811,9.649722,4.55508,2.749745
0.03217246,-0.006463128,-0.001369955,9.753463,4.553871,2.750754
0.7580424,0.2190359,0.06938548,8.52362,4.531847,0.06739649
0.5875612,0.1102882,-0.03974595,8.575425,4.527527,0.02009154
-0.04249779,0.287771,-0.06462271,8.524596,4.577859,0.02163209
0.2534136,0.1043949,0.04429729,8.575049,4.579508,0.07115595
0.5695569,0.1446404,0.1415066,8.574294,4.533002,0.06665458
0.1763907,0.197282,0.01410331,8.524403,4.578509,0.07067251
0.7232535,0.06502987,-0.07031057,8.524108,4.52657,0.02033667
0.4304199,0.006527214,0.001543256,8.674847,4.533712,0.0661925
0.4849756,0.07521354,-0.01677081,8.624199,4.527835,0.0199629
0.4242336,0.01467309,-0.00504057,8.674988,4.578624,0.02121802
0.3403116,0.06577042,-0.0435776,8.624173,4.579751,0.07106729
0.4642094,0.0641926,0.03281067,8.624557,4.533465,0.06634719
0.4033619,0.02289773,-0.03019804,8.675638,4.579896,0.07116709
0.4675114,0.01023586,-0.004585743,8.675456,4.527911,0.01984003
0.3825206,-0.0158421,0.004824977,8.724862,4.53379,0.06609722
0.4167051,-0.01892455,0.0009887994,8.775679,4.527978,0.01984394
0.4242904,0.002661153,-0.0005940137,8.725011,4.578639,0.02117754
0.4041596,-0.009284429,-0.005813042,8.776016,4.579975,0.07122788
0.3755435,-0.01609605,0.002409949,8.774987,4.533827,0.06600571
0.4060338,0.007657859,-0.01460164,8.724794,4.579956,0.07123188
0.4274222,-0.01294786,-0.0005969198,8.724498,4.527937,0.01980871
0.0433432,-0.02079249,-0.0003623804,9.726157,4.532365,0.06750218
0.0260594,-0.0135065,0.001187107,9.775424,4.527895,0.02193448
0.04570971,-0.007233225,-0.000565619,9.725112,4.578148,0.02178097
0.0291778,-0.006369027,0.0007433279,9.774683,4.57789,0.07187962
0.02510304,-0.01188297,-0.004177182,9.777231,4.530769,0.0688468
0.04623263,-0.008080337,0.0006261378,9.724365,4.579264,0.07208262
0.04748063,-0.0200476,0.002087599,9.724773,4.527802,0.02066047
0.01354494,-0.008576213,-0.002512241,9.839982,4.566993,0.0328834
0.02573035,-0.01256428,0.0002693552,9.812618,4.565574,0.009465631
0.01428208,-0.002083187,-8.314427e-05,9.837993,4.589512,0.01041678
0.02483195,-0.001730083,0.00404772,9.812268,4.590497,0.03425028
0.01299211,-0.001911287,0.0003637351,9.838359,4.58982,0.03448027
0.02741197,-0.01015116,8.179802e-05,9.814044,4.56805,0.03186899
0.01168731,-0.01042052,0.0005829656,9.83865,4.56533,0.01008113
-0.4705861,-0.7482692,0.01094364,8.377635,4.723089,0.1744426
-0.4683994,-0.7421768,-0.04005729,8.377383,4.723363,0.1240283
0.001458715,-0.01248166,0.0009632906,9.879904,4.529482,1.724461
0.01520226,-0.003389041,-0.001064317,9.828847,4.579988,1.724445
0.01927255,-0.01619123,4.670105e-05,9.834054,4.53403,1.77501
0.002947298,-0.004984116,0.0004286386,9.878689,4.578889,1.77502
0.01902645,-0.01452115,0.0002200456,9.834039,4.534034,1.724985
0.003888311,-0.004813432,0.0002807049,9.878691,4.578886,1.724979
0.00122167,-0.01206571,-0.0003618226,9.879898,4.529485,1.775541
0.001245247,-0.01184467,-0.0004621855,9.879897,4.529485,1.875541
0.01916225,-0.01550346,0.000371268,9.834056,4.534029,1.824989
0.003876261,-0.004763611,0.0002900519,9.878689,4.578889,1.824979
0.01520317,-0.003296279,0.001645379,9.828847,4.579992,1.87555
0.001267906,-0.01230267,0.001085739,9.879898,4.529485,1.824457
0.01909132,-0.01623014,0.0001372428,9.834049,4.534025,1.875013
0.002957877,-0.004891081,0.0004085321,9.878689,4.578889,1.87502
0.001378545,-0.01222589,0.001006034,9.879897,4.529485,1.924457
0.01497775,-0.003288111,-0.001034896,9.828847,4.579992,1.924447
0.01926824,-0.01610341,7.743291e-05,9.834056,4.534028,1.975012
0.003464154,-0.004845424,0.0004981246,9.878689,4.578889,1.97502
0.01895284,-0.01487562,0.0002101455,9.834049,4.534025,1.924987
0.003786348,-0.004772233,0.0003536666,9.878689,4.578889,1.924979
0.001190316,-0.01208134,-0.0002901648,9.879897,4.529487,1.975542
-0.4387008,-0.727821,-0.01430631,8.377833,4.722826,1.824999
-0.4526036,-0.7422208,0.01486885,8.377828,4.72279,1.875004
-0.4447861,-0.7620298,0.02043046,8.377822,4.72276,1.975006
-0.4497639,-0.7478527,-0.003966987,8.377824,4.72277,1.925001
0.0012784,-0.01239454,-0.0004462133,9.879897,4.529487,2.075545
0.01886342,-0.01539316,0.0003175034,9.834056,4.534028,2.024991
0.003101624,-0.004800918,0.000354254,9.878689,4.578889,2.024979
0.01520392,-0.003217046,0.001757138,9.828848,4.579992,2.075549
0.001338989,-0.01212475,0.001225538,9.879897,4.529487,2.024459
0.01904942,-0.01601533,0.0002029511,9.834048,4.534024,2.075017
0.003808955,-0.00472328,0.0004318974,9.878689,4.578889,2.07502
0.001327328,-0.01219654,0.001057525,9.879896,4.529487,2.124463
0.0149973,-0.003293515,-0.001155925,9.828848,4.579992,2.124447
0.01900496,-0.01525593,0.0001957255,9.834053,4.534025,2.17502
0.003845,-0.004706988,0.000285166,9.878689,4.578888,2.175022
0.01898009,-0.01556445,0.0001966271,9.834048,4.534025,2.124992
0.003075624,-0.004801397,0.0003310625,9.878689,4.578889,2.12498
0.001368994,-0.01240089,-0.0004063341,9.879897,4.529486,2.175551
0.001423677,-0.01227467,-0.0001962659,9.879895,4.529481,2.275562
0.01888404,-0.01581514,0.0002045216,9.834052,4.534025,2.225
0.003050803,-0.004673158,0.000345666,9.878689,4.578888,2.224981
0.01494941,-0.003127558,0.001952956,9.82885,4.57999,2.275549
0.001348316,-0.01202381,0.001111195,9.879896,4.529486,2.224471
0.01882116,-0.0150625,0.0004619684,9.83404,4.534016,2.275031
0.003918389,-0.00459355,0.0005367803,9.878689,4.578887,2.275023
0.001331033,-0.01249167,0.001461543,9.879894,4.529479,2.324483
0.01474856,-0.003102467,-0.0005296381,9.82885,4.57999,2.324446
0.01848723,-0.015003,0.0003913643,9.834033,4.534006,2.375043
0.00394357,-0.004521616,0.0001119055,9.87869,4.578884,2.375027
0.01849122,-0.01610088,0.0004514005,9.834038,4.534014,2.325008
0.003110587,-0.00462705,0.0007140317,9.878689,4.578886,2.324984
0.001397116,-0.01287492,-0.0005575757,9.879894,4.529471,2.375577
0.001485012,-0.011693,0.0001004787,9.879887,4.529447,2.475596
0.01824895,-0.01497385,0.0004240808,9.834025,4.534001,2.425023
0.002995233,-0.004660118,0.0002619332,9.87869,4.578883,2.424987
0.01435678,-0.00313879,0.002874431,9.82885,4.579983,2.475555
0.001524819,-0.01126079,0.00110283,9.879891,4.529465,2.424499
0.01783233,-0.01444417,0.0009839484,9.833993,4.533978,2.475068
0.003817264,-0.004544861,0.0009340833,9.878691,4.578879,2.47503
0.001239484,-0.01156775,0.001091337,9.879882,4.529436,2.524517
0.01444832,-0.002574388,-0.0001253016,9.82885,4.579979,2.524459
0.01826856,-0.01336787,0.003134633,9.833923,4.533931,2.57512
0.004038326,-0.004154476,0.001062618,9.878691,4.578871,2.575039
0.0184492,-0.01633318,0.0008052786,9.833974,4.533966,2.525045
0.002861997,-0.00444222,0.0006842981,9.878691,4.578877,2.524992
0.002157337,-0.0114355,0.002860232,9.879875,4.529405,2.57562
0.001728899,-0.01211712,0.002342941,9.879836,4.529306,2.675676
0.01927359,-0.01627588,0.001260374,9.83388,4.533901,2.625119
0.003000856,-0.005207851,0.002135043,9.878689,4.578863,2.625007
0.01470532,-0.003911648,0.003537687,9.828845,4.579934,2.675657
0.001476833,-0.01137965,0.004348357,9.879863,4.529379,2.624546
0.02011215,-0.01405685,0.002945863,9.833743,4.533806,2.67529
0.004180554,-0.004329301,0.001589448,9.878684,4.578846,2.675072
0.0005099775,-0.01550622,0.003800886,9.879794,4.529204,2.72464
0.01554117,-0.0046046,0.001033075,9.828809,4.579892,2.724663
0.02026469,-0.01861823,-0.00101376,9.833316,4.533394,2.775804
0.003088692,-0.005551277,-0.00275513,9.878611,4.578703,2.775209
0.02009483,-0.01873545,0.001385788,9.833632,4.533696,2.725369
0.003089568,-0.005663284,0.003170079,9.878666,4.578807,2.725079
0.0004647231,-0.0153627,-0.003863536,9.879666,4.529019,2.775812
0.7196868,0.1806963,-0.08586661,8.522904,4.530147,2.879081
0.5610619,0.07759011,-0.008760925,8.573386,4.531409,2.827939
0.02858221,0.3167807,-0.1937739,8.522867,4.577761,2.826375
0.2002901,0.1203307,-0.03130338,8.575156,4.578357,2.877586
0.7425618,0.1114748,-0.09590506,8.52234,4.530011,2.827439
0.5574111,0.08271492,-0.005761606,8.57383,4.531432,2.879857
0.1549634,0.1763302,-0.2115525,8.523292,4.577778,2.877487
0.6051465,-0.3112844,-0.6809671,8.435823,4.564857,2.966722
-0.06132217,-0.5550498,0.135975,8.410016,4.586732,2.962582
0.9837619,-0.8163148,-0.05434555,8.411268,4.56148,2.989781
-0.8878433,-0.04904812,0.1353919,8.436724,4.588726,2.989146
0.9496957,-0.9138347,-0.2984999,8.410018,4.562299,2.966055
-1.246398,0.1464581,-0.3859732,8.436085,4.58867,2.964098
0.5266049,-0.6333169,-0.06621185,8.437149,4.562975,2.99004
0.002145308,-0.01226533,-0.001659226,9.878474,4.529245,2.875279
0.02211033,-0.01458247,-0.00254566,9.832818,4.532937,2.826285
0.004550618,-0.00446022,-0.0004881359,9.878482,4.57855,2.825208
0.01711568,-0.004739283,0.001392921,9.829037,4.578643,2.875999
0.001959644,-0.01257389,-0.00213156,9.879411,4.528816,2.824809
0.02150348,-0.01620623,0.001219502,9.831557,4.531914,2.877487
0.002888111,-0.005543176,0.0003106203,9.878048,4.57818,2.875377
-0.3028764,-0.8268225,-0.005816957,8.375954,4.671335,0.2247036
-0.2073023,-1.390065,0.03999212,8.372515,4.620017,0.2747975
-0.2702757,-0.8212195,0.05399709,8.375951,4.671271,0.2748379
-0.4660791,-0.6897497,-0.009886179,8.377747,4.723038,0.2246711
-0.4671416,-0.7293323,0.01858393,8.377789,4.722997,0.2748358
-0.209184,-1.387535,-0.004405727,8.372495,4.619973,0.3248449
-0.2676079,-0.815043,0.006700327,8.375961,4.671229,0.3749294
-0.26821,-0.8127866,-0.00652786,8.375954,4.671241,0.3248954
-0.4564742,-0.7286529,0.01502,8.377815,4.722972,0.3749507
-0.4587256,-0.7175399,-0.007755194,8.377804,4.722979,0.324907
-0.2818055,-0.8007305,-0.02459503,8.375962,4.67122,0.4249494
-0.2167098,-1.300754,0.003335656,8.372505,4.619936,0.474907
-0.2844758,-0.8279283,0.008428356,8.375967,4.671211,0.4749631
-0.4558119,-0.7174298,-0.005862262,8.377818,4.722968,0.4249649
-0.4564343,-0.7094159,0.01883568,8.377824,4.722964,0.4749821
-0.2306695,-1.25075,0.01427979,8.372513,4.619928,0.5249247
-0.2701715,-0.8154684,0.01715288,8.375975,4.671199,0.5749763
-0.2864276,-0.8056204,0.008924789,8.37597,4.671205,0.5249714
-0.4546152,-0.7333237,0.02007649,8.377829,4.722959,0.574991
-0.4540872,-0.698845,-0.006183513,8.377826,4.722961,0.5249832
-0.2828486,-0.8036297,0.005640065,8.375976,4.671195,0.6249807
-0.2021606,-1.4178,0.04179962,8.372532,4.619917,0.6749664
-0.2728488,-0.8247387,0.04584363,8.375978,4.671191,0.6749838
-0.4448609,-0.6970809,-0.004256529,8.37783,4.722957,0.6249882
-0.4693762,-0.7475793,0.02049778,8.377832,4.722955,0.6749949
-0.2179691,-1.316383,0.01192316,8.372533,4.619916,0.7249752
-0.2623057,-0.8354387,0.04837385,8.375981,4.67119,0.7749874
-0.2744739,-0.8119164,0.008471004,8.375979,4.67119,0.7249864
-0.4618207,-0.756836,0.02607725,8.377834,4.722955,0.7749959
-0.4618059,-0.7238336,-0.0002023368,8.377832,4.722954,0.724991
-0.2623615,-0.8313925,0.007325906,8.375981,4.67119,0.8249897
-0.1882359,-1.470998,0.03530646,8.372536,4.619915,0.8749816
-0.2632418,-0.84343,0.03749402,8.375981,4.671189,0.8749909
-0.4571267,-0.7491799,-0.0006837816,8.377834,4.722954,0.8249922
-0.4685103,-0.7688698,0.02271257,8.377834,4.722954,0.8749976
-0.1859645,-1.477962,0.00466238,8.372537,4.619914,0.9249876
-0.2553997,-0.850763,0.0140421,8.375982,4.671189,0.9749928
-0.2589611,-0.8463231,0.0002264636,8.375981,4.671189,0.9249927
-0.4612503,-0.7728444,0.01624932,8.377835,4.722954,0.9749982
-0.4664136,-0.7678349,-0.004435608,8.377834,4.722954,0.9249935
-0.2580899,-0.8452229,-0.00912769,8.375982,4.671189,1.024995
-0.1835812,-1.488439,-0.001699952,8.372538,4.619914,1.074989
-0.2594261,-0.8491769,0.004897499,8.375982,4.671189,1.074995
-0.4599451,-0.7660428,-0.01000505,8.377835,4.722954,1.024994
-0.4671932,-0.7737325,0.01058383,8.377835,4.722954,1.075
-0.1995009,-1.408154,-0.01137045,8.372538,4.619914,1.124994
-0.2561514,-0.8494398,0.009735334,8.375983,4.671189,1.174996
-0.2667926,-0.8348656,-0.01393812,8.375982,4.671189,1.124996
-0.460106,-0.7707931,0.01083717,8.377836,4.722954,1.175
-0.4682226,-0.7605541,-0.01365184,8.377835,4.722954,1.124995
-0.2634247,-0.8352643,-0.01660375,8.375983,4.671189,1.224997
-0.1859528,-1.481906,-0.00235399,8.372539,4.619914,1.274994
-0.2601721,-0.844956,0.002559924,8.375983,4.671189,1.274997
-0.4616515,-0.7584647,-0.01611331,8.377836,4.722954,1.224996
-0.4672605,-0.768688,0.007089217,8.377836,4.722954,1.275001
-0.2045179,-1.388973,-0.01870279,8.372539,4.619914,1.324999
-0.2577513,-0.8423534,0.0005142366,8.375983,4.671189,1.374998
-0.2710466,-0.8281519,-0.02055978,8.375983,4.671189,1.324998
-0.4590375,-0.7627858,0.005730749,8.377836,4.722954,1.375001
-0.4693375,-0.7546773,-0.01796284,8.377836,4.722954,1.324997
-0.2693408,-0.823066,-0.0224383,8.375983,4.671189,1.425
-0.1908796,-1.462858,-0.008173801,8.372539,4.619913,1.474998
-0.2617403,-0.8359899,-0.003996227,8.375983,4.671188,1.474999
-0.4618959,-0.7452395,-0.01971326,8.377836,4.722954,1.424997
-0.4662755,-0.7572599,0.003494768,8.377836,4.722953,1.475002
-0.2146077,-1.336991,-0.02394253,8.372538,4.619912,1.525002
-0.2614356,-0.8291251,-0.003607134,8.375983,4.671185,1.575
-0.2778969,-0.8141093,-0.02658569,8.375983,4.671187,1.525001
-0.4558483,-0.7471371,0.005611266,8.377836,4.72295,1.575003
-0.4690197,-0.736808,-0.0191185,8.377836,4.722952,1.524998
0.09543108,0.267921,0.3860658,8.522707,4.577828,1.825
0.2793547,0.0893882,0.01349379,8.576476,4.578945,1.875505
0.4273459,0.1727945,0.08965845,8.522668,4.577823,1.875005
0.7258981,0.3338993,0.07994397,8.521744,4.530002,1.875015
0.5216346,0.06991562,-0.03386318,8.57303,4.5317,1.825017
0.7549199,0.1908661,0.005735921,8.521788,4.530016,1.825014
0.5554435,0.05713277,0.02268229,8.572996,4.531696,1.875007
0.004809515,0.1396448,0.0375586,8.576463,4.578944,1.924497
0.5306147,0.1270529,0.0435171,8.522637,4.577818,1.975006
0.05305701,0.3751587,0.2842912,8.522646,4.57782,1.925
0.8115787,0.1043092,0.02015341,8.521719,4.529994,1.925017
0.5937655,0.03611456,0.006897671,8.57298,4.531686,1.975018
0.5282648,0.03255013,-0.004904534,8.572979,4.531693,1.925022
0.7463328,0.4319312,0.03179396,8.521708,4.529987,1.975021
0.04845934,0.411426,0.1328017,8.522632,4.577817,2.025001
0.3010154,0.06753641,-0.007174357,8.576452,4.578943,2.075505
0.548278,0.0884943,0.01373348,8.522629,4.577817,2.075006
0.7687863,0.4618602,0.01328242,8.52169,4.529981,2.075027
0.5167395,0.0332365,-0.005655903,8.572971,4.531687,2.025029
0.8195412,0.1321702,-2.341754e-05,8.521702,4.529987,2.025025
0.6211249,0.03168927,0.00134598,8.572959,4.531685,2.075018
-0.03771792,0.1256525,0.02976444,8.576452,4.578942,2.124497
0.5511003,0.0688143,-0.004062405,8.522629,4.577816,2.175008
0.06406897,0.4204451,0.02065441,8.522629,4.577816,2.125002
0.8311243,0.1471958,0.01120123,8.521689,4.529982,2.125031
0.6217193,0.02319191,-0.01079944,8.572964,4.531678,2.175036
0.5314974,0.02951337,0.01012446,8.572954,4.531686,2.125035
0.7872322,0.441602,0.002650535,8.521689,4.529978,2.175039
-0.4416271,-0.7617434,-0.003671845,8.377822,4.722756,2.025001
-0.4550726,-0.7725328,0.02065057,8.377821,4.722754,2.075007
-0.4433311,-0.7782225,0.01652956,8.37782,4.722753,2.175008
-0.4517127,-0.7741946,-0.005638898,8.37782,4.722753,2.125002
0.1037069,0.4786539,-0.168572,8.522629,4.577816,2.225004
0.03396024,0.110634,-0.03161841,8.576451,4.578941,2.275505
0.130602,0.4516037,0.2266231,8.522628,4.577815,2.275009
0.8159949,0.2845007,-0.07820987,8.521681,4.529975,2.275051
0.5661244,0.04571966,0.03495271,8.572958,4.531683,2.225051
0.8132209,0.2511401,0.06805578,8.52169,4.529981,2.225045
0.5852502,0.04584722,-0.04331429,8.572951,4.531677,2.275043
0.2620648,0.06171333,0.01109745,8.576451,4.578941,2.324498
0.1201585,0.4000572,0.03604751,8.522628,4.577814,2.375013
0.5538903,0.05232929,0.01098629,8.522628,4.577815,2.325005
0.8056628,0.4271488,0.002418461,8.521683,4.529978,2.325061
0.5646578,0.02914937,-0.01135546,8.572958,4.531664,2.375084
0.6274519,0.01018466,0.01339871,8.572946,4.531679,2.325066
0.8349535,0.209593,-0.01055009,8.521682,4.529969,2.375082
-0.4411751,-0.7763958,-0.01055131,8.37782,4.722753,2.225004
-0.4521553,-0.78033,0.0136676,8.377818,4.722753,2.275009
-0.4402648,-0.7813459,0.01186095,8.377817,4.722753,2.375013
-0.4519473,-0.7816877,-0.01270244,8.377818,4.722753,2.325005
0.5533965,0.06156083,-0.001692562,8.522628,4.577815,2.425012
-0.04660374,0.1154227,-0.02488321,8.57645,4.578936,2.475521
0.08603535,0.4214809,-0.05279229,8.522627,4.577812,2.475022
0.8346811,0.174999,0.001224682,8.52168,4.529962,2.475126
0.6337702,0.01528654,0.008702361,8.572948,4.531671,2.425112
0.7964775,0.4538413,0.005086977,8.521687,4.529976,2.425099
0.5460078,0.02603468,-7.586737e-05,8.572951,4.531652,2.475129
0.2924523,0.07237845,0.008668678,8.576449,4.578935,2.524528
0.03693634,0.440994,-0.0965353,8.522631,4.577809,2.575056
0.5492806,0.1052695,-0.01507853,8.522628,4.577812,2.525028
0.7701775,0.4796906,-0.003808795,8.52169,4.529967,2.525165
0.5155158,0.03196758,0.001276652,8.572974,4.53161,2.57529
0.6164799,0.02440995,0.002249943,8.572945,4.531652,2.525188
0.8357799,0.1418414,-0.004151236,8.521696,4.529945,2.575247
-0.437306,-0.7760127,-0.01659551,8.377817,4.722753,2.42501
-0.4446142,-0.7739249,0.003389014,8.377814,4.722752,2.475018
-0.4387809,-0.7724976,0.00207472,8.377809,4.722756,2.575043
-0.4505129,-0.7773347,-0.02317015,8.377813,4.722753,2.525021
0.5430562,0.1200747,-0.02974035,8.522637,4.577808,2.625091
-0.03405743,0.1412838,-0.0312902,8.576432,4.578901,2.675732
0.04019925,0.4403291,-0.2412498,8.522654,4.577802,2.675182
0.8293864,0.1291975,-0.01598101,8.521753,4.529925,2.675535
0.5988513,0.03053244,-0.004784972,8.572966,4.531615,2.625419
0.7626411,0.4593184,-0.01867677,8.521725,4.529957,2.625348
0.5214163,0.03323305,0.002893213,8.573019,4.531548,2.675644
0.3079914,0.0968582,-0.006538061,8.576438,4.578883,2.724953
0.5603944,0.04399294,0.02836481,8.57322,4.531387,2.776794
0.005194149,0.3281013,-0.3767891,8.522767,4.577786,2.775734
0.5036088,0.1606953,-0.076838,8.52269,4.577799,2.725355
0.8401731,0.06477525,-0.005870108,8.521998,4.529908,2.776463
0.753569,0.382927,-0.08321981,8.521846,4.529942,2.725851
0.5695677,0.04861836,-0.0247847,8.573052,4.531529,2.726032
-0.4465116,-0.7678115,-0.0259766,8.377808,4.722763,2.625068
-0.4509596,-0.760408,4.265358e-05,8.3778,4.722779,2.675142
-0.4621667,-0.7487858,0.007156327,8.377776,4.722892,2.775637
-0.4603928,-0.7540573,-0.02563283,8.377794,4.722817,2.725292
0.3844288,-0.01337782,0.003866,8.82484,4.579916,2.928779
0.3841428,-0.02821447,-0.006839667,8.824343,4.527928,2.980131
0.3508434,-0.0148272,-0.005321971,8.875088,4.578585,2.978775
0.3502965,-0.02944344,-0.002344671,8.824978,4.533772,2.933894
0.3372971,-0.01992754,-0.01849534,8.875964,4.579953,2.928591
0.334742,-0.04947793,-0.006783926,8.875529,4.52778,2.980158
0.3058169,-0.04298224,-0.01716374,8.875071,4.533724,2.933869
0.2992215,-0.006821064,0.01371226,8.975802,4.579722,2.927202
0.2974198,-0.02376204,0.004014253,8.97572,4.526903,2.979791
0.2994141,-0.007929013,0.003273596,8.925121,4.578478,2.978639
0.2726761,-0.008077888,0.02329938,8.975106,4.53312,2.933192
0.2957914,-0.005790875,-0.003446626,8.924856,4.579917,2.928121
0.2976905,-0.04452876,0.002094017,8.924582,4.527525,2.980076
0.2748691,-0.02948438,0.002717419,8.925045,4.533546,2.933668
-0.467941,-0.7298559,-0.01540047,8.377745,4.722993,2.826246
-0.4769978,-0.7307622,0.03765108,8.377745,4.723404,2.877335
-0.2619596,-0.9150896,0.08834015,8.386715,4.610057,2.96256
0.04331182,-1.501444,0.04698846,8.361482,4.611283,2.989786
-0.3976138,-0.5848253,-0.001736073,8.388736,4.636736,2.989118
0.06061281,-1.644099,-0.1231103,8.362268,4.61009,2.966056
-0.4192731,-0.5571887,-0.02557747,8.388665,4.636117,2.964056
-0.1659606,-1.193529,0.04175561,8.362983,4.637154,2.990038
-0.2213616,-1.310169,-0.0511708,8.364849,4.635857,2.966706
0.008907128,-0.008306488,-0.0007777711,9.867008,4.567118,0.4624749
0.000768962,-0.007186316,-0.002148297,9.890065,4.564245,0.4878242
0.002024361,-0.001200703,-0.001008713,9.889332,4.589426,0.4624957
0.005776715,-0.0003720036,-0.001285361,9.863988,4.590105,0.4878422
0.005837139,-0.0001825552,-0.001559424,9.863974,4.590128,0.4622545
0.0006103768,-0.007170235,-0.000422109,9.890088,4.564222,0.462242
0.007176235,-0.008510068,-0.001444756,9.867018,4.567122,0.4874957
0.008143721,-0.008303432,-0.0008579612,9.867002,4.567131,0.5375022
0.000744914,-0.007109659,-0.0006865208,9.890065,4.564245,0.5121463
0.006729027,-4.561256e-05,-0.002065795,9.863988,4.590105,0.5121588
0.001961468,-0.001666637,-0.0005001446,9.889331,4.589427,0.5375001
0.008885805,-0.008185534,-0.00110469,9.867015,4.567124,0.5124796
0.0006978812,-0.006985079,-0.00142354,9.890087,4.564229,0.5377333
0.006759606,2.87794e-05,-0.0003968095,9.863971,4.59013,0.5377462
0.1136402,0.4156704,-0.1218035,8.461258,4.566587,2.967389
-0.7068736,0.2374994,0.0663883,8.462128,4.589393,2.989619
-0.5289353,0.2041965,0.006874332,8.487337,4.590453,2.96589
0.09936949,0.07558269,0.1110436,8.48806,4.56522,2.990685
0.1303985,0.3494675,-0.04223115,8.486668,4.567986,2.968285
-0.6572678,0.3149721,0.1611459,8.46097,4.589705,2.965043
-0.0301103,-0.3031604,0.1803252,8.461951,4.564166,2.990313
0.2159193,-0.02800853,0.005525106,9.224316,4.528006,0.01982565
0.1721504,-0.01008347,0.00135966,9.274998,4.57867,0.02118739
0.222713,-0.007946922,0.005748044,9.224306,4.580125,0.07168373
0.1942264,-0.02591857,0.0007308566,9.224979,4.534002,0.06590508
0.1782689,-0.01214127,0.005437923,9.275469,4.580148,0.07170336
0.1552941,-0.038165,0.008985864,9.275033,4.533991,0.06591841
0.1669686,-0.03648929,0.009067328,9.275488,4.527976,0.01977186
0.1438813,-0.01114844,0.0008572325,9.375665,4.528031,0.01983721
0.1505068,-0.003823476,-0.002239348,9.324989,4.578669,0.02118688
0.1543895,-0.003799134,-0.009544686,9.375628,4.580083,0.07164983
0.1341346,-0.006631083,-0.0151974,9.375053,4.533977,0.06596735
0.1499195,-0.004527267,-0.003760313,9.324472,4.580143,0.0716996
0.1351434,-0.02095271,-0.002738821,9.324984,4.533988,0.06592807
0.1451798,-0.02289579,-0.0005706444,9.324508,4.52798,0.01977508
0.9106513,-0.2020707,0.08043311,8.417891,4.52256,0.2234461
-0.1136624,-0.03018373,0.006387034,8.473251,4.576732,0.2238103
1.077117,-1.464924,0.1662726,8.420078,4.57286,0.2746949
0.9549807,0.1034255,0.01995002,8.469746,4.527442,0.2233562
-0.6508223,-0.2162869,0.1171209,8.473275,4.576763,0.275087
1.117689,-1.359011,0.1432211,8.417644,4.522353,0.2739518
0.9476953,-0.6888105,0.02760314,8.469495,4.527446,0.2739754
1.075684,-1.365467,0.0218221,8.420047,4.572835,0.3247813
-0.5014166,-0.4249054,0.003295615,8.473318,4.576739,0.3753209
-0.4104745,-0.3651762,-0.009904677,8.473279,4.576762,0.3242399
1.117581,-1.255097,-0.0128591,8.417527,4.522205,0.3744316
1.081446,-1.14082,0.03183881,8.417526,4.522232,0.3242905
1.070826,-0.3981018,0.00358199,8.469449,4.527381,0.3243022
1.003912,-0.5224444,0.05481978,8.469422,4.527348,0.3745147
-0.4266343,-0.1410696,-0.1788959,8.473197,4.576644,0.4241489
0.7675143,-1.117199,-0.1395469,8.419897,4.572665,0.474696
-0.2477189,-0.0628849,-0.1047291,8.471895,4.576121,0.4739966
0.9878325,-0.6700321,-0.09998507,8.417532,4.522109,0.4246013
0.8810708,-0.3182518,-0.01880186,8.417612,4.522059,0.4746839
0.9652437,0.1286042,0.06792549,8.469648,4.527108,0.4747796
0.9352665,-0.417675,0.04348083,8.469495,4.527224,0.4246458
0.6373751,-0.7357533,0.3773335,8.419918,4.572651,0.5247126
-0.4891712,-0.4467968,0.02298068,8.471164,4.576078,0.5747484
-0.1740715,-0.1623453,0.2608047,8.472414,4.576582,0.5234772
1.121911,-1.294803,0.02869138,8.417822,4.522034,0.5747818
0.9559907,-0.1680982,0.04666931,8.417719,4.522033,0.5247852
0.9317738,-0.005339766,0.02547523,8.469937,4.527161,0.5248203
0.9421783,-0.6401295,0.03042593,8.470068,4.527121,0.5748668
0.1722933,0.09994847,-0.06427929,8.575755,4.579135,0.5232948
0.01496011,0.2941851,0.03084917,8.522841,4.577903,0.5747814
0.1374027,0.1556394,0.2096528,8.523542,4.577912,0.524019
0.7908364,0.1822494,-0.01878777,8.521604,4.530274,0.524813
0.6116756,0.1004749,-0.01715891,8.57295,4.531904,0.5748559
0.5768611,0.1163735,-0.1833448,8.57286,4.532176,0.5247857
0.8603061,0.0604812,0.01102346,8.521752,4.530151,0.5748777
-0.2295111,-0.1219474,0.1198917,8.471011,4.575995,0.6249658
1.114887,-1.527461,0.09751661,8.419805,4.572538,0.6749691
-0.7714636,-0.1605323,0.1040894,8.471022,4.575983,0.6749873
0.930439,-0.2234288,0.04177675,8.417862,4.522003,0.6248585
1.140547,-1.352794,0.08209638,8.417889,4.521996,0.6748573
0.9670473,-0.5825205,0.04710926,8.470174,4.527067,0.6749214
0.9336986,-0.0200499,0.05350055,8.470144,4.527078,0.6248946
0.1146747,0.2391233,0.2896425,8.522793,4.577851,0.6249674
0.2453384,0.08183181,-0.007349736,8.576545,4.578958,0.6754894
0.4414668,0.1328843,0.04568761,8.522819,4.577838,0.6749962
0.8013083,0.3020261,0.03247521,8.521866,4.530049,0.6749373
0.5397435,0.09312171,-0.0844368,8.573029,4.53177,0.6249059
0.7362309,0.1919931,-0.06850703,8.521825,4.530072,0.6249116
0.62538,0.06741034,-0.01219536,8.573054,4.531736,0.6749298
0.7761065,-0.8538738,0.09874694,8.419813,4.572536,0.7249768
-0.7449115,-0.1944404,0.09024997,8.471041,4.57598,0.7749887
-0.3190041,-0.2388046,0.03337373,8.471035,4.57598,0.7249886
1.173495,-1.336497,0.0583853,8.417926,4.521996,0.7748823
1.027491,-0.5147938,0.04674614,8.4179,4.521985,0.7249148
0.9855977,-0.1998706,0.02752307,8.470196,4.527056,0.7249334
1.004892,-0.4869724,0.02299564,8.470208,4.527057,0.7749417
0.04600537,0.1351832,0.0170743,8.576562,4.578952,0.7244924
0.5172772,0.0672656,0.01672681,8.522838,4.577833,0.7749969
0.08698596,0.2843548,0.1565382,8.522832,4.577833,0.724993
0.8284288,0.10676,-0.01334664,8.521883,4.530033,0.7249484
0.6574313,0.04445554,-0.007227695,8.573092,4.531713,0.7749478
0.572442,0.04717035,-0.02231676,8.573077,4.531715,0.7249566
0.8198352,0.376409,0.02207645,8.521901,4.530034,0.7749539
-0.4813625,-0.2933367,0.006694942,8.471043,4.575979,0.8249902
1.172543,-1.500717,0.06895607,8.41982,4.572535,0.8749819
-0.7506624,-0.1960593,0.04598788,8.471043,4.575979,0.8749914
1.089711,-0.8586184,0.03085117,8.417924,4.521986,0.8249387
1.173862,-1.240046,0.02974391,8.41792,4.521984,0.8749159
1.021236,-0.4124895,0.0009855135,8.470212,4.527052,0.8749597
1.029997,-0.3501238,0.0131503,8.470215,4.527051,0.8249482
0.07770947,0.366107,0.05760772,8.52284,4.577832,0.8249925
0.3021338,0.0768811,-0.008317176,8.576571,4.578949,0.8755025
0.5331094,0.09752079,0.01556721,8.52284,4.577832,0.8749978
0.8255987,0.4261001,-0.0001621623,8.521904,4.53003,0.8749683
0.5717776,0.04159332,-0.002540331,8.573102,4.531705,0.8249635
0.8653587,0.1157856,0.00436733,8.521903,4.530028,0.8249602
0.6539613,0.04527837,-0.00818761,8.573095,4.53171,0.8749634
1.175749,-1.519809,0.02427723,8.419821,4.572535,0.9249879
-0.7400708,-0.223196,0.007486022,8.471045,4.575979,0.9749931
-0.5575566,-0.3517997,0.003256144,8.471043,4.575978,0.9249928
1.18911,-1.231388,0.006698635,8.417938,4.521992,0.9749255
1.161553,-1.138269,0.01216593,8.41792,4.52198,0.9249635
1.075394,-0.4440983,0.003242653,8.470215,4.52705,0.9249643
1.039756,-0.3693818,0.01162485,8.470221,4.527053,0.9749687
0.01379915,0.1199755,0.02674374,8.576571,4.578949,0.9244946
0.5348799,0.03211242,0.002961455,8.522842,4.577832,0.9749983
0.1214102,0.3653432,0.06948237,8.522841,4.577831,0.9249937
0.8843956,0.1471942,-0.009379225,8.521905,4.530027,0.9249731
0.6799407,0.02897945,-0.004179367,8.573109,4.531708,0.9749701
0.5960293,0.03281693,-0.004647812,8.573099,4.531708,0.9249814
0.852006,0.4022044,-0.0001389671,8.521913,4.53003,0.9749747
-0.5517202,-0.312387,0.006393957,8.471045,4.575979,1.024995
1.213569,-1.608872,-0.01917835,8.419822,4.572535,1.074989
-0.7049453,-0.2274736,-0.0093668,8.471044,4.575979,1.074995
1.13619,-1.024702,0.004829872,8.417936,4.521987,1.024977
1.186567,-1.240015,0.0002350734,8.417927,4.521982,1.074946
1.036099,-0.3751273,0.01546667,8.470219,4.527051,1.074979
1.062281,-0.390301,0.003607691,8.470224,4.527051,1.024972
0.150015,0.3521282,0.02102788,8.522842,4.577832,1.024995
0.2674153,0.06189247,-0.01116406,8.576572,4.578949,1.075503
0.5346368,0.02753244,0.000285986,8.522841,4.577832,1.075
0.856063,0.3982713,0.003867605,8.52191,4.530029,1.074983
0.6018101,0.03540947,-0.002694818,8.573113,4.531706,1.024982
0.8763622,0.1797651,-0.002489274,8.521913,4.530028,1.024979
0.6859187,0.02687671,0.0006012221,8.573103,4.531709,1.074977
0.939688,-1.032585,-0.000807737,8.419822,4.572535,1.124994
-0.7068161,-0.2199906,0.01462811,8.471046,4.575979,1.174996
-0.5273728,-0.2400218,0.003636691,8.471044,4.575978,1.124996
1.187782,-1.306775,-0.00207587,8.417944,4.521991,1.17495
1.099948,-0.7726159,0.0005391155,8.417928,4.52198,1.12499
1.028267,-0.3022905,-5.199705e-05,8.47022,4.52705,1.124981
1.034838,-0.4092076,-0.0005101537,8.470227,4.527053,1.174984
0.03250552,0.1156516,0.01214659,8.576571,4.578949,1.124495
0.5345667,0.02702064,-0.001012159,8.522842,4.577832,1.175
0.1415696,0.349774,-0.0008630582,8.522841,4.577832,1.124995
0.84923,0.1767854,-0.000469957,8.521911,4.530028,1.124986
0.6900087,0.02845835,-0.004622757,8.573116,4.531708,1.174982
0.5965159,0.03574933,-9.083387e-05,8.573105,4.531708,1.124993
0.8546924,0.3927689,-0.00605006,8.521918,4.53003,1.174986
-0.5189887,-0.2794006,-0.009058426,8.471046,4.575979,1.224997
1.207037,-1.603067,-0.02082209,8.419823,4.572535,1.274994
-0.7108746,-0.2289874,-0.02778893,8.471045,4.575979,1.274998
1.123961,-0.8945182,-0.006115752,8.417943,4.521988,1.225
1.184969,-1.272114,-0.009812954,8.417932,4.521981,1.274964
1.030541,-0.39744,-0.002098627,8.470222,4.527051,1.274991
1.041045,-0.3560987,-0.002572842,8.470228,4.527052,1.224986
0.1757648,0.3230678,-0.03255777,8.522842,4.577832,1.224996
0.275386,0.06013927,-0.009266293,8.576572,4.578949,1.275503
0.5329836,0.03018043,-0.004121344,8.522842,4.577832,1.275001
0.8517144,0.3842133,0.006127168,8.521913,4.530029,1.274992
0.6025753,0.03440812,0.006756556,8.573118,4.531707,1.224993
0.8635287,0.2074903,0.004282763,8.521917,4.530029,1.22499
0.6809449,0.02171432,0.007281471,8.573107,4.53171,1.274986
0.9273476,-1.011826,-0.02998404,8.419823,4.572535,1.324999
-0.7544473,-0.2160917,-0.02311951,8.471046,4.575979,1.374999
-0.4964424,-0.2422858,-0.01156662,8.471045,4.575979,1.324999
1.180859,-1.306194,-0.01652522,8.417946,4.521989,1.374968
1.097718,-0.7494871,-0.01371988,8.417932,4.52198,1.325007
1.028541,-0.2965778,-0.007846578,8.470223,4.52705,1.324992
1.023354,-0.4323134,-0.01106502,8.470229,4.527052,1.374995
0.02943173,0.1147986,0.0006682337,8.576572,4.578949,1.324495
0.5343175,0.08500805,-0.01051288,8.522842,4.577832,1.375001
0.13983,0.3426234,-0.0773681,8.522842,4.577832,1.324997
0.8427067,0.1720612,0.009352366,8.521913,4.530029,1.324995
0.6488678,0.03290527,0.004339688,8.573119,4.531708,1.374991
0.5952227,0.03407061,0.007260315,8.573108,4.531709,1.325001
0.8358522,0.4032197,-0.002041142,8.52192,4.53003,1.374995
-0.4712131,-0.2549236,-0.02193054,8.471046,4.575979,1.425
1.18303,-1.583988,-0.03837166,8.419823,4.572534,1.474998
-0.7470119,-0.2401871,-0.04546814,8.471045,4.575978,1.475
1.092993,-0.7352889,-0.01940507,8.417946,4.521988,1.425017
1.171158,-1.291961,-0.03007833,8.417931,4.521979,1.474979
1.014843,-0.4397982,-0.01909384,8.470222,4.527049,1.475
1.019828,-0.3004365,-0.01758744,8.470229,4.527051,1.424996
0.1292226,0.3389757,-0.1004405,8.522842,4.577832,1.424997
0.3067383,0.09394417,-0.0161156,8.576571,4.578949,1.475504
0.4929173,0.1632273,-0.02603258,8.522841,4.577832,1.475002
0.8338341,0.3706664,-0.01567019,8.521913,4.530029,1.474999
0.587285,0.03936124,0.013956,8.57312,4.531707,1.425001
0.8368136,0.1628903,0.01413841,8.521919,4.530029,1.424998
0.6220208,0.03526804,0.0005771914,8.573107,4.531709,1.474992
0.836907,-0.9137343,-0.06115996,8.419822,4.572534,1.525002
-0.7593203,-0.2447412,-0.0512001,8.471042,4.575978,1.575
-0.4173738,-0.221822,-0.03397946,8.471044,4.575978,1.525
1.155776,-1.335391,-0.04095024,8.417938,4.521983,1.574983
1.05702,-0.6245928,-0.03686403,8.417928,4.521978,1.525021
1.002346,-0.2354417,-0.03089862,8.47022,4.527049,1.525
1.002497,-0.4886848,-0.02893138,8.470222,4.527048,1.575004
0.06637845,0.1221735,0.01880227,8.57657,4.578949,1.524496
0.4427346,0.1637615,-0.03527249,8.522839,4.577831,1.575003
0.1408529,0.3116743,-0.09019757,8.52284,4.577832,1.524998
0.8212684,0.1688701,-0.001771391,8.521911,4.530028,1.525001
0.619812,0.04265523,0.009795091,8.573114,4.531706,1.574998
0.5852998,0.05191114,0.01057101,8.573106,4.531709,1.525007
0.8426151,0.3082232,-0.01076478,8.521913,4.530028,1.575002
0.09688662,0.2879587,-0.2130122,8.522833,4.577831,1.624998
0.1061166,0.1424356,0.003195682,8.576557,4.578949,1.675504
0.1004169,0.3154603,-0.01724905,8.52282,4.577831,1.675003
0.8567799,0.1057061,0.003699796,8.521885,4.530025,1.675005
0.5818681,0.06738501,0.04085418,8.573108,4.531706,1.625009
0.8146847,0.1453467,0.03314978,8.521906,4.530027,1.625005
0.6109784,0.06409629,0.01468442,8.573087,4.531707,1.674999
0.7906846,-0.8367868,-0.4507463,8.419792,4.572528,1.724975
0.9541467,0.06337322,-0.03203689,8.417863,4.522059,1.775004
-0.08253263,0.02285792,-0.08647497,8.470938,4.575978,1.774974
-0.4195824,-0.1882372,-0.2122627,8.470996,4.57597,1.724987
1.039564,-0.7251153,-0.1347256,8.417867,4.521969,1.725033
0.8870224,0.2631691,-0.003509328,8.470121,4.527047,1.775012
0.9120411,-0.4777155,-0.0513846,8.470159,4.527042,1.725007
0.05866561,0.1511359,-0.001472346,8.576542,4.578948,1.724497
0.1479411,0.2976824,-0.08674389,8.522755,4.57783,1.775003
0.03692774,0.2896266,-0.151284,8.522795,4.57783,1.724998
0.4980517,0.103819,0.01153445,8.573057,4.531702,1.775007
0.6343914,0.3061189,-0.01419528,8.52183,4.530022,1.77501
0.7479394,0.04115146,-0.03035467,8.521861,4.530024,1.725008
0.5671172,0.05921047,0.02561827,8.573069,4.531706,1.725014
-0.4581839,-0.7214911,-0.01830437,8.377835,4.722945,1.624998
-0.4612317,-0.7294569,0.009243664,8.377835,4.722933,1.675002
-0.2232871,-1.286483,-0.03242336,8.372532,4.619883,1.724975
-0.2838533,-0.8368386,0.02060138,8.375983,4.671087,1.774972
-0.2808009,-0.8111935,-0.04780201,8.375975,4.671142,1.724987
-0.4352224,-0.6868289,0.01369989,8.377834,4.722873,1.775002
-0.4652598,-0.7149195,-0.01108861,8.377834,4.722911,1.724997
0.0127038,-0.0644174,0.002738301,9.8641,4.412331,2.9901
0.004680431,-0.06325613,0.003389328,9.890068,4.412385,2.964321
0.003864815,-0.03607149,0.0008948625,9.889345,4.43762,2.989428
0.01307002,-0.03566167,0.004288807,9.86415,4.437905,2.990071
0.003432937,-0.03727653,-0.0001796508,9.890036,4.437986,2.964365
0.01601255,-0.03607189,0.003613929,9.866971,4.438033,2.967061
0.01766274,-0.05857565,0.005865886,9.867053,4.412849,2.967151
0.001918297,-0.03126248,-0.003153117,9.889967,4.488583,2.964437
0.002345635,-0.03075468,-0.0005443318,9.889337,4.462693,2.989419
0.004393082,-0.02753129,0.001164418,9.864203,4.488349,2.989984
0.009569646,-0.03273272,0.0001525474,9.864226,4.462485,2.990034
0.001209274,-0.03208509,-0.00320033,9.890002,4.462626,2.964442
0.002882067,-0.02741768,-0.00569912,9.866899,4.488776,2.966901
0.006718896,-0.0303366,-0.001803891,9.866953,4.463255,2.967025
0.0003680782,-0.06512596,-0.0009577481,9.864163,4.387992,2.990135
-0.0004523451,-0.06841096,-0.007113923,9.89011,4.388019,2.964392
0.0001058363,-0.05076521,0.001962653,9.889464,4.362579,2.989561
-0.0009144059,-0.05454606,-0.001828879,9.864364,4.362354,2.990241
-0.001432993,-0.05463982,-0.005904593,9.867315,4.362724,2.967453
-0.0007843899,-0.06323363,-0.009640677,9.867122,4.387798,2.96724
-0.0005548436,-0.05605983,-0.0009162361,9.890209,4.362371,2.964616
0.01718254,-0.06676291,-0.001293444,9.865493,4.311741,2.990775
0.002324742,-0.0552617,0.001042561,9.889674,4.337385,2.989784
0.007286987,-0.05373773,0.001979305,9.864811,4.337738,2.99043
0.006116043,-0.05255118,-0.003218005,9.867713,4.337749,2.967863
-0.001448792,-0.06682135,0.008502502,9.890718,4.311796,2.965788
0.01021637,-0.06626204,0.0003734895,9.868493,4.312699,2.968625
0.001842128,-0.05557632,-0.001311748,9.89039,4.337763,2.965088
-0.4943293,-0.4368206,-0.007941068,8.389397,4.66214,2.989603
-0.5803552,-0.3916444,-0.0652788,8.390446,4.687368,2.965853
-0.3641252,-0.8052265,0.007183466,8.365189,4.688066,2.990679
-0.528041,-0.4488133,0.005707863,8.3897,4.661008,2.965015
-0.2987463,-1.071381,0.0307412,8.364162,4.661957,2.990309
-0.3821414,-1.153454,0.005184677,8.366573,4.661284,2.967371
-0.4571312,-0.9603043,-0.02936655,8.367954,4.686694,2.968254
-0.3239487,-0.2191217,-0.09188274,8.471036,4.575977,1.625001
1.129765,-1.528952,-0.08390467,8.419805,4.572529,1.674997
-0.5255454,-0.4215026,0.003135814,8.47102,4.575976,1.674999
1.030108,-0.5251811,-0.06868553,8.417929,4.52198,1.625032
1.131483,-1.351811,-0.06394601,8.417896,4.521966,1.674992
0.9895425,-0.5843475,-0.03558692,8.47019,4.527043,1.675007
0.992527,-0.1858161,-0.06592285,8.470213,4.527047,1.625004
-0.2768917,-0.8075472,-0.0320693,8.375982,4.671179,1.625001
-0.2043024,-1.405642,0.001328588,8.372533,4.619895,1.674997
-0.268117,-0.8155866,0.003997463,8.37598,4.671165,1.674999
-0.2733596,-0.8279318,0.004783015,7.700569,5.099983,0.08845996
-0.3107735,-0.7980703,0.005285749,7.700675,5.299993,0.08846638
-0.341425,-0.7637285,0.006659628,7.700738,5.499998,0.08846955
-0.3593819,-0.7287914,0.006073904,7.700772,5.699999,0.08847168
-0.3737334,-0.691936,0.007038012,7.700787,5.900001,0.08847425
-0.3825526,-0.6561244,0.006974781,7.700794,6.100002,0.08847819
-0.3893592,-0.6198056,0.007366675,7.700795,6.300002,0.08848331
-0.3939565,-0.584173,0.007500034,7.700792,6.500003,0.0884886
-0.2833651,-0.8265639,0.005171645,7.702182,5.099923,0.2794696
-0.3198677,-0.7992937,0.006542084,7.702656,5.299968,0.2794876
-0.3498946,-0.764441,0.007044591,7.702947,5.499988,0.2794961
-0.3678721,-0.7301181,0.007492245,7.703102,5.699997,0.2795028
-0.3802929,-0.6919928,0.007647302,7.703177,5.900001,0.2795123
-0.3880062,-0.6561227,0.007405359,7.703208,6.100005,0.2795273
-0.3940375,-0.6191427,0.00748197,7.703213,6.300008,0.2795475
-0.3978733,-0.5832498,0.007395756,7.703203,6.500011,0.2795682
-0.4009695,-0.5475553,0.00740626,7.703181,6.700016,0.2795801
-0.4198853,-0.004909546,0.1135392,7.750269,9.861434,0.2450442
-0.2830879,-0.8260324,0.004338457,7.704407,5.099828,0.484892
-0.3189446,-0.7994987,0.005757617,7.705451,5.299927,0.4849081
-0.3500874,-0.764686,0.006478018,7.706105,5.49997,0.4849147
-0.3665385,-0.7302115,0.0066523,7.70646,5.699991,0.4849225
-0.3796323,-0.6921876,0.006895619,7.706635,5.900001,0.4849379
-0.3871191,-0.6559815,0.006837541,7.70671,6.100008,0.4849641
-0.3933784,-0.6191411,0.007168054,7.706726,6.300015,0.4850003
-0.3972679,-0.5832587,0.007214847,7.706705,6.500025,0.4850378
-0.400475,-0.5475378,0.007489213,7.706658,6.70004,0.4850606
-0.402429,-0.5121609,0.007468723,7.706595,6.900065,0.4850529
-0.286347,-0.8245532,0.003527168,7.706462,5.099721,0.6899934
-0.3241077,-0.7982464,0.004968038,7.708041,5.299875,0.689991
-0.3522049,-0.7629574,0.004744718,7.709053,5.499948,0.6899879
-0.3702854,-0.7291935,0.004556891,7.709617,5.699982,0.6899924
-0.382708,-0.6906972,0.004998056,7.709902,5.9,0.6900077
-0.3902009,-0.6548576,0.004793647,7.710029,6.100012,0.6900364
-0.3965049,-0.6177017,0.005334572,7.710064,6.300024,0.6900775
-0.4001409,-0.5819079,0.005270367,7.710038,6.500041,0.6901216
-0.4034936,-0.54628,0.005489594,7.70997,6.700068,0.690151
-0.4051259,-0.5109512,0.005350879,7.709872,6.900111,0.6901465
-0.4069361,-0.4764991,0.00546121,7.709759,7.100182,0.6900998
-0.2870194,-0.8236791,0.002121731,7.707935,5.099628,0.8938756
-0.324887,-0.7973642,0.002986613,7.70988,5.299825,0.8938628
-0.3522246,-0.7626971,0.002663336,7.711153,5.499923,0.8938542
-0.3712196,-0.7291203,0.002809311,7.711879,5.699972,0.893855
-0.3833935,-0.6900796,0.002730088,7.712255,5.899998,0.8938663
-0.3907763,-0.654476,0.002844734,7.71243,6.100016,0.8938894
-0.3968268,-0.6169858,0.003015011,7.712487,6.300033,0.8939235
-0.4003957,-0.5815016,0.003087533,7.712469,6.500057,0.8939619
-0.4037206,-0.5457532,0.00312253,7.712394,6.700094,0.8939903
-0.4053912,-0.5105769,0.00324572,7.712275,6.900155,0.893992
-0.4071877,-0.4760535,0.00323452,7.712127,7.100252,0.8939572
-0.4074831,-0.4412863,0.003097261,7.711974,7.300412,0.8938899
-0.2881848,-0.8233722,0.001490481,7.708809,5.099567,1.09655
-0.3264889,-0.7968075,0.002006919,7.710952,5.299789,1.096539
-0.3523918,-0.7618347,0.001511099,7.712375,5.499904,1.096533
-0.3726377,-0.7286667,0.001688958,7.7132,5.699964,1.096534
-0.3847857,-0.6896952,0.001542339,7.713637,5.899996,1.096541
-0.392076,-0.6540356,0.001782291,7.713848,6.100018,1.096557
-0.3984713,-0.6165927,0.001895907,7.713927,6.300039,1.09658
-0.4020125,-0.5811022,0.002028768,7.713923,6.500069,1.096607
-0.4055302,-0.5453639,0.002097175,7.713856,6.700115,1.096629
-0.4070933,-0.5102302,0.002250697,7.713737,6.900188,1.096634
-0.4090845,-0.4760066,0.002274694,7.713577,7.100306,1.096614
-0.409544,-0.4411188,0.002101165,7.713395,7.300498,1.096568
-0.4106012,-0.406777,0.002202884,7.713216,7.500814,1.096505
-0.2890286,-0.8233371,0.0006849413,7.709228,5.099533,1.298447
-0.3270532,-0.7967221,0.0009826577,7.711464,5.299769,1.298442
-0.3537826,-0.7617952,0.0005679217,7.712959,5.499893,1.29844
-0.3739224,-0.7285023,0.0007660864,7.713834,5.699959,1.298442
-0.3862487,-0.6891459,0.0005982139,7.714304,5.899995,1.298447
-0.3928709,-0.6536833,0.0006788668,7.714537,6.10002,1.298457
-0.3990808,-0.6161953,0.000759497,7.714633,6.300044,1.298471
-0.4024641,-0.5808883,0.0008032695,7.714646,6.500077,1.298487
-0.4058543,-0.5451056,0.0008076263,7.714597,6.700127,1.298502
-0.4073575,-0.5100496,0.0008881423,7.714494,6.900208,1.298507
-0.4094796,-0.4757859,0.000892162,7.714344,7.100338,1.298497
-0.4097124,-0.4410583,0.0008864625,7.714159,7.300549,1.298468
-0.4111882,-0.406671,0.0009268102,7.713958,7.500895,1.298424
-0.411037,-0.3727836,0.0008770801,7.713764,7.70146,1.298374
-0.2897112,-0.8231111,0.0005039289,7.709351,5.09952,1.500008
-0.3275448,-0.7966946,0.0002739898,7.711614,5.29976,1.500011
-0.35363,-0.7613218,0.0004178505,7.713131,5.499888,1.500014
-0.3738136,-0.7282142,0.0004497102,7.714023,5.699957,1.500019
-0.3862215,-0.6892296,0.0004103998,7.714505,5.899995,1.500024
-0.3931036,-0.6536495,0.000344589,7.714747,6.100021,1.500031
-0.3994725,-0.6162077,0.0002840683,7.714855,6.300046,1.500039
-0.402921,-0.5808626,0.0001906189,7.714882,6.50008,1.500049
-0.4064216,-0.5450853,0.0001003044,7.714853,6.700132,1.500057
-0.4079587,-0.5099705,-1.121439e-05,7.714776,6.900214,1.50006
-0.4100765,-0.4758311,-0.0001437465,7.714651,7.100347,1.500054
-0.4106087,-0.4409378,4.195302e-05,7.714484,7.300562,1.500035
-0.4118438,-0.406597,-0.0002032998,7.714286,7.500912,1.500003
-0.4121139,-0.3726188,0.0001136103,7.714074,7.701486,1.49996
-0.4132374,-0.3374807,-3.150673e-06,7.713864,7.902424,1.499913
-0.2897432,-0.8230395,0.0006002662,7.709227,5.099523,1.70157
-0.3272962,-0.7967045,1.806443e-05,7.711466,5.299763,1.701582
-0.353796,-0.7615895,0.0004225339,7.712964,5.49989,1.701592
-0.3737705,-0.728481,-0.0006081441,7.713843,5.699958,1.7016
-0.3860797,-0.6892586,-0.0002299237,7.714318,5.899995,1.701608
-0.3926947,-0.6538053,-0.0006250594,7.714558,6.10002,1.701614
-0.3989071,-0.6163375,-0.000591087,7.714669,6.300045,1.70162
-0.4023431,-0.581071,-0.000732831,7.714707,6.500077,1.701627
-0.405453,-0.5453273,-0.0007265007,7.714697,6.700127,1.701632
-0.4071489,-0.510277,-0.0009074198,7.714645,6.900206,1.701634
-0.4088919,-0.4757964,-0.0008705945,7.714553,7.100332,1.701629
-0.4092844,-0.4411189,-0.0009138686,7.714417,7.300536,1.701613
-0.4105061,-0.40672,-0.0008746542,7.714243,7.500868,1.701585
-0.4105907,-0.3725246,-0.0009252869,7.714038,7.70141,1.701543
-0.4119914,-0.337804,-0.0005323668,7.713815,7.902299,1.701488
-0.4109416,-0.3042068,-0.000763488,7.71358,8.103759,1.701422
-0.2894541,-0.822859,0.0001627466,7.708809,5.099547,1.903472
-0.3268409,-0.7969543,-0.0009126699,7.71096,5.29978,1.903493
-0.3532208,-0.7624557,-0.0001902558,7.712389,5.4999,1.903512
-0.3735171,-0.7292232,-0.0006738996,7.713221,5.699962,1.903525
-0.3855192,-0.6897185,-0.0005283986,7.713667,5.899996,1.903535
-0.3928177,-0.6542062,-0.0008897382,7.713893,6.100019,1.903543
-0.3990343,-0.6165706,-0.001147382,7.714,6.30004,1.90355
-0.4025788,-0.5811895,-0.001314444,7.714043,6.500069,1.903557
-0.4061339,-0.5454452,-0.001468413,7.714046,6.700113,1.903563
-0.4076818,-0.5102602,-0.001626415,7.714018,6.900183,1.903565
-0.4094976,-0.4759486,-0.001677847,7.713957,7.100295,1.90356
-0.4101036,-0.4410257,-0.001636117,7.713858,7.300475,1.903545
-0.410843,-0.4066481,-0.001654919,7.71372,7.500767,1.903517
-0.4111538,-0.3723602,-0.001619685,7.713544,7.701244,1.903471
-0.4116901,-0.3375047,-0.001427624,7.713335,7.902027,1.903406
-0.4119362,-0.3045771,-0.001566488,7.713099,8.103322,1.903316
-0.41167,-0.2698448,-0.001300946,7.712821,8.305471,1.903195
-0.2871933,-0.8229688,-0.0003125333,7.707941,5.099602,2.106156
-0.3246304,-0.797539,-0.002006571,7.709897,5.299813,2.106184
-0.3515037,-0.7625431,-0.001428662,7.71118,5.499918,2.10621
-0.3706258,-0.7293723,-0.002244475,7.711917,5.69997,2.10623
-0.3826697,-0.690304,-0.00212148,7.712307,5.899998,2.106244
-0.3901037,-0.6547558,-0.002403332,7.712503,6.100016,2.106253
-0.396266,-0.6173104,-0.002588234,7.712598,6.300033,2.106262
-0.3999021,-0.581791,-0.002761688,7.712642,6.500056,2.106272
-0.4029874,-0.5461355,-0.002782896,7.712655,6.700092,2.106282
-0.4047601,-0.5108696,-0.002957636,7.712646,6.900149,2.106286
-0.4060849,-0.4762218,-0.002789934,7.712611,7.10024,2.106282
-0.4067028,-0.4414093,-0.002809546,7.712548,7.300385,2.106268
-0.407151,-0.4069292,-0.002663809,7.71245,7.500621,2.106238
-0.4074528,-0.3725186,-0.002732393,7.712313,7.701005,2.106189
-0.4081058,-0.3380581,-0.002631311,7.71214,7.901637,2.106115
-0.4085444,-0.3045259,-0.002709858,7.711932,8.102688,2.106008
-0.4103317,-0.2712161,-0.002281594,7.711679,8.304458,2.105852
-0.4100159,-0.2374889,-0.002603915,7.711338,8.50748,2.105619
-0.285637,-0.8241895,-0.001931538,7.706485,5.099696,2.31005
-0.3239349,-0.7989922,-0.003417835,7.708074,5.299863,2.310071
-0.3528877,-0.7638882,-0.003281388,7.709101,5.499943,2.310099
-0.371475,-0.7302456,-0.003012074,7.709683,5.69998,2.310123
-0.3839281,-0.6906251,-0.003484178,7.709986,5.899999,2.310138
-0.3916707,-0.6551046,-0.00333478,7.710136,6.100012,2.310147
-0.397735,-0.6175834,-0.003693986,7.710211,6.300024,2.310157
-0.4013938,-0.5818912,-0.003611692,7.710253,6.50004,2.310172
-0.404789,-0.546151,-0.003726026,7.710276,6.700066,2.310187
-0.4064895,-0.5106869,-0.003663899,7.710282,6.900106,2.310195
-0.4079477,-0.4761911,-0.003802996,7.71027,7.100171,2.310193
-0.4086984,-0.4410878,-0.00383415,7.710234,7.300275,2.310179
-0.40866,-0.4067519,-0.003874045,7.710171,7.500443,2.310149
-0.4090725,-0.3724162,-0.003836753,7.710075,7.700717,2.310099
-0.4086769,-0.3378711,-0.00385159,7.709946,7.901167,2.310025
-0.4095102,-0.3046322,-0.004157854,7.709784,8.101921,2.309915
-0.4098619,-0.2707931,-0.004167362,7.709585,8.303208,2.309751
-0.4101108,-0.2373829,-0.003952062,7.70932,8.505452,2.309492
-0.4067301,-0.2021706,-0.003524839,7.708907,8.709462,2.309049
-0.409418,-0.1692594,-0.004161591,7.708164,8.916795,2.308244
-0.2816508,-0.8251556,-0.003850139,7.704452,5.099809,2.515158
-0.3174606,-0.7997669,-0.005435465,7.705506,5.299917,2.515162
-0.3493032,-0.764432,-0.005684266,7.706181,5.499966,2.515183
-0.3656245,-0.7301881,-0.005553718,7.706565,5.699989,2.515206
-0.3789078,-0.6921842,-0.005716033,7.70676,5.899999,2.51522
-0.386388,-0.6559404,-0.005584621,7.706852,6.100007,2.515226
-0.3927771,-0.618975,-0.006081766,7.706904,6.300014,2.515235
-0.3967214,-0.5830424,-0.006073962,7.706945,6.500024,2.515253
-0.3997769,-0.547365,-0.006234017,7.706977,6.700038,2.515272
-0.4016635,-0.5120874,-0.006131481,7.706998,6.900062,2.515283
-0.4030626,-0.4772322,-0.006210372,7.707002,7.1001,2.515282
-0.4036953,-0.4424607,-0.006094991,7.706986,7.300161,2.515268
-0.4044036,-0.4079534,-0.006119537,7.706946,7.500259,2.515242
-0.4042988,-0.3736234,-0.006149169,7.706879,7.700419,2.515199
-0.4047239,-0.3394993,-0.006267874,7.706788,7.900682,2.515136
-0.4046979,-0.3058241,-0.00584388,7.706674,8.101125,2.515044
-0.4057753,-0.2723445,-0.006330007,7.706537,8.301891,2.514906
-0.4055194,-0.238831,-0.006275739,7.706368,8.503252,2.514686
-0.4058795,-0.2048033,-0.006396037,7.706118,8.705747,2.514282
-0.4057047,-0.1719063,-0.005651034,7.705678,8.910447,2.513476
-0.4070754,-0.1350732,-0.006525619,7.70487,9.119479,2.511794
-0.2836929,-0.8266131,-0.004861819,7.702246,5.099913,2.720572
-0.3208547,-0.7997092,-0.006042281,7.702728,5.299963,2.720569
-0.3505273,-0.7646825,-0.006222103,7.703047,5.499985,2.720581
-0.3695555,-0.7305838,-0.006763802,7.703241,5.699996,2.720598
-0.382174,-0.6916632,-0.006665049,7.703337,5.899999,2.720607
-0.3903603,-0.6563307,-0.006665541,7.703371,6.100002,2.720607
-0.3963797,-0.6190432,-0.006653827,7.7034,6.300006,2.720612
-0.4003748,-0.5829092,-0.006450913,7.703441,6.500009,2.720627
-0.4033927,-0.5470538,-0.006244995,7.703482,6.700015,2.720642
-0.4051696,-0.51136,-0.006164765,7.703513,6.900025,2.720652
-0.4064221,-0.4768486,-0.006013849,7.703526,7.100041,2.72065
-0.4074132,-0.4415857,-0.006160824,7.70352,7.300066,2.720639
-0.4072125,-0.4074712,-0.005948278,7.703492,7.500106,2.720621
-0.4081668,-0.3732,-0.006338136,7.703441,7.700171,2.720594
-0.4072079,-0.3382086,-0.006005962,7.703376,7.90028,2.720555
-0.4081112,-0.3050793,-0.006144235,7.703297,8.100463,2.7205
-0.4071921,-0.2718428,-0.005661415,7.703212,8.300782,2.720419
-0.4070454,-0.237941,-0.005359304,7.703131,8.501361,2.720293
-0.4057422,-0.2039341,-0.004734622,7.703028,8.702441,2.72005
-0.4063027,-0.1715989,-0.004742046,7.702846,8.904525,2.719517
-0.4080559,-0.1367322,-0.003744147,7.702512,9.108607,2.718256
-0.403653,-0.1078239,-0.00808003,7.701927,9.316677,2.715112
-0.5010771,-0.04481114,-0.01745278,7.750293,9.877993,2.654452
-0.2738085,-0.8270457,-0.004352215,7.700632,5.09998,2.911556
-0.3113626,-0.7980305,-0.004359617,7.700741,5.29999,2.911554
-0.3428346,-0.7636315,-0.005818516,7.700833,5.499997,2.911557
-0.3612332,-0.7289556,-0.00453209,7.700912,5.7,2.911563
-0.3760529,-0.6921182,-0.005567597,7.700944,5.899999,2.911565
-0.3848184,-0.6563838,-0.005351533,7.700938,6.1,2.911564
-0.3919583,-0.6197641,-0.005633943,7.700951,6.300002,2.911565
-0.3969315,-0.5839551,-0.005616536,7.70099,6.500002,2.91157
-0.4004376,-0.5484404,-0.005798309,7.701032,6.700003,2.911575
-0.4028815,-0.5132447,-0.005806241,7.701063,6.900005,2.911578
-0.4048772,-0.478596,-0.006279741,7.701077,7.100009,2.911577
-0.4060365,-0.4437583,-0.005971423,7.701074,7.300014,2.911572
-0.4071524,-0.4094467,-0.006727338,7.701053,7.500021,2.911567
-0.4076484,-0.3751789,-0.006094943,7.701014,7.700034,2.911559
-0.4080057,-0.3404812,-0.006817561,7.700966,7.900057,2.911548
-0.4075607,-0.3067769,-0.006168862,7.700911,8.100094,2.911533
-0.4067855,-0.2728524,-0.006464552,7.700859,8.30016,2.911511
-0.4056202,-0.2385176,-0.005391706,7.700833,8.500285,2.911479
-0.4044328,-0.2047981,-0.00550692,7.700817,8.700521,2.911414
-0.4033021,-0.1724455,-0.004345592,7.700783,8.900988,2.911261
-0.4017841,-0.1402955,-0.004213035,7.70072,9.101819,2.910827
-0.3975224,-0.1071216,-0.007626074,7.700587,9.302592,2.909446
-0.393813,-0.0823507,-0.002764515,7.700377,9.502568,2.906075
-0.2892048,-0.8972099,-0.004791174,7.900299,5.099978,0.09012058
-0.3392002,-0.844302,0.00128636,7.900506,5.299995,0.09013053
-0.3624984,-0.7965291,0.0008596288,7.900612,5.499999,0.09013549
-0.3829709,-0.7477067,0.002654644,7.900659,5.700001,0.09013783
-0.3936853,-0.7055633,0.00240423,7.900678,5.900001,0.09014015
-0.4022114,-0.6638598,0.002685471,7.900686,6.100002,0.0901438
-0.4073584,-0.6253773,0.002505988,7.900687,6.300002,0.09014882
-0.411207,-0.5877284,0.002442219,7.900684,6.500002,0.09015454
-0.4134883,-0.5512751,0.002060694,7.90068,6.700003,0.09015884
-0.4156018,-0.5154783,0.001953214,7.900675,6.900003,0.09015983
-0.4162627,-0.4800041,0.001438004,7.900671,7.100004,0.09015668
-0.4177485,-0.4448849,0.001463979,7.900671,7.300007,0.09014987
-0.4170675,-0.4100497,0.0008771544,7.900673,7.500013,0.09014242
-0.4180584,-0.3750494,0.001354356,7.900669,7.700022,0.09013786
-0.418373,-0.3401883,0.001349697,7.900664,7.900038,0.0901368
-0.4184153,-0.3054375,0.001210205,7.900661,8.100064,0.09013886
-0.4174555,-0.2708556,0.001336249,7.900657,8.30011,0.09014653
-0.4160216,-0.2359502,0.001486879,7.900647,8.500195,0.09016527
-0.4151656,-0.2010529,0.0010352,7.900624,8.700359,0.09020968
-0.4135176,-0.1663488,0.001632602,7.900571,8.900689,0.09032215
-0.4137249,-0.1272119,0.0003101091,7.900467,9.101292,0.09066185
-0.4106964,-0.09322294,0.00337842,7.900381,9.301829,0.09179009
-0.4188888,-0.04838589,-0.01039413,7.90031,9.50156,0.09481411
-0.4390025,-0.002646181,-0.005968366,7.849057,9.645456,0.04309831
-0.4606025,0.0327628,-0.006289628,7.824503,9.824851,0.02194467
-0.2702785,-0.8980791,-0.009535461,7.904232,5.099918,0.2829717
-0.3229294,-0.8447843,-0.006138216,7.905152,5.29998,0.2830134
-0.3431485,-0.7973014,-0.008523369,7.905631,5.499996,0.2830308
-0.3672412,-0.7481134,-0.006734266,7.905846,5.700002,0.283039
-0.3751182,-0.7068628,-0.007731889,7.905936,5.900004,0.2830476
-0.3843086,-0.6649492,-0.007520951,7.90597,6.100005,0.2830613
-0.3887465,-0.6266382,-0.007976412,7.905977,6.300006,0.2830804
-0.3923712,-0.5889347,-0.008004851,7.905968,6.500008,0.2831017
-0.3938953,-0.5523678,-0.008267583,7.905949,6.700011,0.2831179
-0.3960824,-0.5165431,-0.008231884,7.905925,6.900015,0.2831218
-0.3953451,-0.4807395,-0.008321502,7.905901,7.100024,0.2831099
-0.3980811,-0.4455826,-0.008243488,7.905883,7.300039,0.2830856
-0.3962687,-0.4092164,-0.007678234,7.905872,7.500065,0.2830578
-0.3968019,-0.3741472,-0.007170524,7.905862,7.700109,0.283038
-0.3970836,-0.3397705,-0.006805505,7.905853,7.900183,0.2830296
-0.3989742,-0.3052939,-0.005788968,7.905844,8.100306,0.2830353
-0.3990988,-0.2714528,-0.005463909,7.905827,8.300519,0.2830628
-0.4016751,-0.238526,-0.005835777,7.905786,8.500901,0.2831306
-0.4015021,-0.2033071,-0.005527315,7.905691,8.701624,0.2832859
-0.4014841,-0.1694944,-0.00806488,7.905473,8.903057,0.2836529
-0.4017816,-0.1297844,-0.006460871,7.904982,9.106004,0.2845778
-0.3925762,-0.0962672,-0.009213882,7.903917,9.3123,0.2870344
-0.4021891,-0.05086132,-0.01356808,7.902042,9.525175,0.2928944
-0.4241182,-0.04027456,-0.01530456,7.895104,9.742375,0.3090585
-0.4515958,-0.02178141,-0.05060471,7.850653,9.861197,0.2455653
-0.2674345,-0.8987928,-0.007163318,7.907661,5.099817,0.4889903
-0.319424,-0.84442,-0.006251488,7.909529,5.299947,0.4890106
-0.3408328,-0.8014354,-0.008083523,7.910536,5.499986,0.4890198
-0.3626482,-0.7504056,-0.006969816,7.911001,5.700001,0.4890281
-0.3725772,-0.709981,-0.007840047,7.911202,5.900006,0.4890421
-0.3814934,-0.6671955,-0.007382445,7.911282,6.100009,0.4890649
-0.3863382,-0.6291528,-0.007992229,7.911301,6.300012,0.4890978
-0.3902561,-0.5911424,-0.008002724,7.911285,6.500016,0.4891345
-0.3924793,-0.5544935,-0.008565067,7.911246,6.700024,0.4891632
-0.3943123,-0.5182221,-0.008490087,7.911192,6.900037,0.4891712
-0.3951519,-0.4825379,-0.008684629,7.911135,7.100059,0.489153
-0.3959226,-0.4474461,-0.008756101,7.911084,7.300095,0.489113
-0.3955395,-0.4123961,-0.008408227,7.911045,7.500157,0.4890653
-0.3954592,-0.3771874,-0.008698397,7.911018,7.700259,0.4890258
-0.3952359,-0.3423734,-0.007941343,7.910998,7.900428,0.4890048
-0.3950059,-0.3079957,-0.006881226,7.910977,8.100712,0.4890098
-0.397089,-0.2736731,-0.005444995,7.910936,8.301197,0.4890529
-0.3973439,-0.2402832,-0.005608697,7.910844,8.502058,0.4891614
-0.4015223,-0.2049756,-0.004177509,7.910632,8.703658,0.4893976
-0.4017742,-0.1710154,-0.006099759,7.910153,8.906764,0.4899063
-0.4046346,-0.1292453,-0.00544573,7.909066,9.113035,0.4910187
-0.3904517,-0.09878553,-0.009730107,7.906804,9.32582,0.4932892
-0.4074753,-0.04961505,-0.01360644,7.903323,9.549015,0.496746
-0.4258984,-0.04043413,-0.02268187,7.887778,9.773591,0.5122431
-0.2633844,-0.8963148,-0.007127892,7.910168,5.099705,0.6934952
-0.3167119,-0.8463242,-0.00969515,7.912727,5.2999,0.6935012
-0.3355316,-0.7997571,-0.01109191,7.914156,5.499968,0.6935031
-0.3595985,-0.7508209,-0.01143392,7.914843,5.699996,0.6935099
-0.3681876,-0.7093486,-0.01170884,7.915151,5.900007,0.6935243
-0.3778715,-0.6667955,-0.01078504,7.915278,6.100012,0.6935491
-0.3815648,-0.6287877,-0.01103108,7.915315,6.300017,0.6935847
-0.3853328,-0.5913951,-0.01100827,7.915299,6.500025,0.6936255
-0.3856545,-0.5544813,-0.01171152,7.915246,6.700039,0.6936591
-0.3883902,-0.5185943,-0.01191883,7.915167,6.900061,0.6936715
-0.3867462,-0.4825239,-0.01281046,7.915074,7.100098,0.6936552
-0.3917435,-0.4473672,-0.01242181,7.914984,7.300159,0.6936134
-0.3878128,-0.4116259,-0.01299815,7.914907,7.500259,0.6935598
-0.3931119,-0.3759498,-0.01143045,7.914849,7.700426,0.6935111
-0.3888733,-0.3409394,-0.01136285,7.914807,7.900701,0.6934818
-0.3921674,-0.3057716,-0.008866969,7.914766,8.101161,0.6934832
-0.3916861,-0.2726046,-0.008375946,7.914697,8.301938,0.6935299
-0.3964974,-0.2379135,-0.007422088,7.914548,8.503296,0.6936478
-0.391668,-0.2033912,-0.008510487,7.914215,8.70576,0.6938887
-0.3966582,-0.1669399,-0.00805191,7.913475,8.910395,0.6943517
-0.3923966,-0.1264483,-0.01005448,7.911839,9.119342,0.6952024
-0.3882049,-0.09627799,-0.0133931,7.908684,9.336036,0.6965263
-0.4024561,-0.03739136,-0.01107381,7.904212,9.561863,0.6981259
-0.4221676,-0.04636293,-0.005080106,7.887079,9.784397,0.7008278
-0.2638684,-0.8910768,-0.002701296,7.91161,5.099625,0.8963112
-0.3140074,-0.8472469,-0.004880378,7.914531,5.299859,0.8963175
-0.3329209,-0.7980194,-0.006104889,7.916205,5.499949,0.8963213
-0.3603972,-0.7512957,-0.006391982,7.917035,5.699989,0.8963284
-0.3678284,-0.7081642,-0.007066606,7.91742,5.900006,0.896341
-0.3788366,-0.6664301,-0.006026023,7.917586,6.100014,0.8963613
-0.3817185,-0.6283004,-0.006314684,7.917642,6.300021,0.8963905
-0.3859286,-0.5912601,-0.006108359,7.917632,6.500033,0.896425
-0.3871016,-0.5541324,-0.006423928,7.917576,6.700051,0.8964552
-0.3896367,-0.5186022,-0.006401063,7.917484,6.900083,0.8964696
-0.3892038,-0.4823668,-0.006741914,7.917369,7.100133,0.8964599
-0.3923634,-0.4473627,-0.006735477,7.917245,7.300215,0.8964273
-0.3905493,-0.411567,-0.006756091,7.91713,7.50035,0.896381
-0.3941168,-0.3761611,-0.006062525,7.917036,7.700574,0.8963354
-0.3910683,-0.3403634,-0.006000151,7.916962,7.900944,0.8963046
-0.394534,-0.306053,-0.004882445,7.916892,8.101556,0.8963014
-0.3941488,-0.2723431,-0.004962255,7.916793,8.302584,0.8963399
-0.4004056,-0.2394159,-0.004463414,7.916595,8.504346,0.8964395
-0.3973315,-0.2042941,-0.005883807,7.916169,8.70746,0.8966314
-0.3975898,-0.1673285,-0.005785832,7.915243,8.913109,0.8969613
-0.3956027,-0.1277193,-0.007789699,7.913268,9.123495,0.8974731
-0.392827,-0.09481095,-0.008385252,7.909665,9.341535,0.898142
-0.4103031,-0.03895325,-0.006377658,7.904697,9.567427,0.8987787
-0.4223066,-0.04492078,-0.006955731,7.887057,9.787715,0.8992379
-0.263777,-0.8912764,-0.001929537,7.912324,5.099578,1.098002
-0.3155379,-0.8483792,-0.0035493,7.915414,5.299833,1.098008
-0.3326532,-0.7980259,-0.004766016,7.917212,5.499936,1.098012
-0.3592939,-0.7517225,-0.005822256,7.918121,5.699984,1.098018
-0.3677712,-0.7088365,-0.006572828,7.918552,5.900005,1.098027
-0.3779803,-0.6664866,-0.005204816,7.918745,6.100016,1.09804
-0.3812336,-0.628422,-0.005306431,7.918817,6.300025,1.09806
-0.3849013,-0.5915241,-0.004926639,7.918818,6.500039,1.098084
-0.3854355,-0.554141,-0.005098968,7.918771,6.700061,1.098106
-0.3876172,-0.519313,-0.004901243,7.918681,6.900099,1.098119
-0.3860351,-0.4821892,-0.005487779,7.918559,7.100159,1.098115
-0.3914018,-0.4477303,-0.005265705,7.918417,7.300257,1.098094
-0.3865428,-0.4104388,-0.005645831,7.918274,7.500418,1.09806
-0.3935476,-0.3758685,-0.004785488,7.918144,7.700684,1.098023
-0.3874396,-0.3388579,-0.005001039,7.918033,7.901124,1.097995
-0.3964886,-0.3058189,-0.003943017,7.91793,8.101849,1.097986
-0.3904004,-0.2705058,-0.004510649,7.917798,8.303056,1.098009
-0.399685,-0.2386178,-0.004011727,7.917562,8.505095,1.098077
-0.3912674,-0.2021703,-0.0049986,7.917076,8.708613,1.098205
-0.3976492,-0.1655752,-0.001937207,7.916049,8.914803,1.098407
-0.384132,-0.1273665,-0.006836324,7.913918,9.125779,1.098689
-0.3990656,-0.09351331,-0.004363809,7.910132,9.344133,1.099015
-0.406242,-0.03182375,-0.004144333,7.905012,9.569548,1.099306
-0.4221707,-0.04443939,-0.002340674,7.887279,9.788607,1.099506
-0.2640858,-0.8893896,-0.0008212735,7.912649,5.099553,1.299122
-0.3143918,-0.8487485,-0.001292341,7.915813,5.299818,1.299126
-0.3324744,-0.7947928,-0.001981416,7.917668,5.499929,1.299129
-0.360314,-0.7516767,-0.002609511,7.918615,5.699981,1.299134
-0.3680208,-0.7059766,-0.003087741,7.91907,5.900005,1.299139
-0.3786113,-0.6657957,-0.00254919,7.919279,6.100017,1.299148
-0.3813172,-0.6274686,-0.002411857,7.919364,6.300027,1.299159
-0.3852837,-0.5911656,-0.002234863,7.919378,6.500042,1.299173
-0.3860613,-0.5539488,-0.002255805,7.919345,6.700067,1.299187
-0.3878547,-0.5193033,-0.002168487,7.91927,6.900108,1.299197
-0.3867335,-0.4815598,-0.002259689,7.919157,7.100174,1.299196
-0.3912056,-0.4476652,-0.00227897,7.919016,7.300282,1.299183
-0.3877797,-0.4094969,-0.00229369,7.918859,7.500457,1.29916
-0.3942324,-0.3759114,-0.002013997,7.918703,7.700746,1.299131
-0.3918054,-0.3377243,-0.002011841,7.918558,7.901225,1.299103
-0.3977128,-0.3060312,-0.001573289,7.918418,8.102015,1.299087
-0.3936319,-0.2695486,-0.001799636,7.918252,8.303324,1.299091
-0.4003212,-0.2395409,-0.001408314,7.917984,8.505514,1.299122
-0.3959615,-0.2030298,-0.002385726,7.917461,8.70924,1.299186
-0.3943392,-0.1679085,-0.001773893,7.916387,8.915675,1.299286
-0.3914014,-0.1288301,-0.001466498,7.914192,9.126862,1.299417
-0.4047643,-0.09424851,-0.001204049,7.910341,9.345239,1.299562
-0.4111383,-0.03378919,-0.00201708,7.905176,9.570316,1.299696
-0.4216908,-0.04124054,-0.001830822,7.887418,9.788852,1.299807
-0.2654582,-0.8884725,5.667172e-05,7.912742,5.099541,1.500006
-0.3162329,-0.8484502,-2.386779e-05,7.915928,5.299812,1.500008
-0.3344047,-0.7950146,0.0003030723,7.917799,5.499926,1.500011
-0.3592124,-0.7521184,0.0003395375,7.918759,5.69998,1.500015
-0.3683432,-0.706471,0.0003097083,7.919222,5.900005,1.500019
-0.3783415,-0.6659922,0.0003455997,7.919438,6.100017,1.500024
-0.3812849,-0.62775,0.0003213644,7.919531,6.300028,1.500031
-0.3849081,-0.5914351,0.0002577526,7.919557,6.500044,1.500039
-0.3854967,-0.554061,0.0005714298,7.919538,6.700069,1.500047
-0.387297,-0.5193006,0.0003385856,7.919483,6.900111,1.500053
-0.3855792,-0.4818301,0.0009336424,7.919391,7.100178,1.500052
-0.3910922,-0.4476715,0.0006016426,7.919265,7.300287,1.500043
-0.3857416,-0.409394,0.001121129,7.919113,7.500465,1.500025
-0.3942273,-0.3758839,0.0005648009,7.918947,7.700758,1.499999
-0.388921,-0.3370607,0.0007051282,7.918778,7.901242,1.49997
-0.3984378,-0.3053947,0.0004321434,7.918607,8.102044,1.499943
-0.3921893,-0.2666782,4.643173e-05,7.918408,8.303376,1.499923
-0.3996678,-0.2385343,0.0005734366,7.918112,8.505607,1.499915
-0.3949608,-0.1983085,-2.963765e-05,7.917567,8.709393,1.499918
-0.3932608,-0.1675246,8.401076e-05,7.916474,8.915898,1.499931
-0.3917122,-0.1278933,8.421575e-07,7.914262,9.127143,1.49995
-0.4046325,-0.09459916,0.0003211457,7.910397,9.345522,1.49997
-0.4054903,-0.03147721,3.175421e-05,7.905224,9.570502,1.499988
-0.4217169,-0.04297953,1.68409e-05,7.887457,9.788906,1.499997
-0.264607,-0.8883479,0.001121659,7.912647,5.09954,1.700892
-0.3149522,-0.8482367,0.001405981,7.915815,5.299812,1.700893
-0.3330732,-0.7942382,0.001378997,7.917672,5.499926,1.700898
-0.3598015,-0.7517249,0.001481973,7.918622,5.69998,1.700902
-0.3678987,-0.7061284,0.00217174,7.919081,5.900005,1.700906
-0.3785487,-0.6658176,0.001533422,7.919295,6.100017,1.70091
-0.3813834,-0.6274822,0.00166727,7.919391,6.300027,1.700916
-0.3855814,-0.5907195,0.001437031,7.919424,6.500042,1.700922
-0.3871509,-0.5542231,0.001456004,7.919419,6.700066,1.700928
-0.3890968,-0.5185445,0.001287656,7.919383,6.900106,1.700931
-0.3892735,-0.4824476,0.001576006,7.919316,7.100171,1.70093
-0.3916498,-0.4473472,0.001385328,7.919216,7.300274,1.700922
-0.3906792,-0.4111288,0.001629557,7.919083,7.500443,1.700904
-0.3942747,-0.3758859,0.0009837266,7.918925,7.700719,1.700877
-0.3932099,-0.3400876,0.001718451,7.918749,7.901177,1.700842
-0.3978953,-0.3063975,0.0007882946,7.918559,8.101941,1.7008
-0.3943473,-0.2711006,0.001567974,7.918337,8.303221,1.700754
-0.4002148,-0.2397818,0.0009601968,7.918021,8.505386,1.700703
-0.3950927,-0.2022963,0.001753997,7.917466,8.709099,1.700643
-0.3943337,-0.1679299,0.001598582,7.916377,8.915537,1.700567
-0.3905916,-0.1283548,0.001195628,7.91418,9.126749,1.700474
-0.4045398,-0.09397124,0.001331221,7.910333,9.345167,1.700373
-0.4112436,-0.03429664,0.001871541,7.905174,9.570286,1.700277
-0.4215295,-0.04136232,0.001704326,7.887419,9.788846,1.700187
-0.2639882,-0.8892102,0.00331699,7.912321,5.099553,1.902019
-0.3133516,-0.8484669,0.004683121,7.915419,5.299822,1.902023
-0.3313079,-0.7978399,0.00590964,7.917223,5.499932,1.90203
-0.3608498,-0.752185,0.006675809,7.918138,5.699982,1.902039
-0.3678228,-0.7084579,0.007586319,7.918576,5.900005,1.902045
-0.3789152,-0.6662933,0.005883765,7.91878,6.100016,1.90205
-0.3812924,-0.6283709,0.005848681,7.918872,6.300025,1.902056
-0.3850343,-0.5917487,0.005417197,7.91891,6.500038,1.902064
-0.3853592,-0.5542006,0.005632299,7.918916,6.70006,1.902072
-0.3881282,-0.5190255,0.005515141,7.918897,6.900095,1.902077
-0.3862241,-0.4818239,0.006309623,7.918854,7.100152,1.902075
-0.391973,-0.4475205,0.005853164,7.918781,7.300244,1.902066
-0.3867724,-0.4098069,0.006639795,7.918677,7.500393,1.902046
-0.394527,-0.3757835,0.004959656,7.918541,7.700637,1.902014
-0.3871667,-0.3386012,0.005746275,7.918377,7.901042,1.901969
-0.3969988,-0.3058911,0.003878174,7.918187,8.101721,1.90191
-0.3905478,-0.2694512,0.00427358,7.917959,8.302876,1.901836
-0.4002244,-0.2384067,0.004051717,7.91764,8.504865,1.901741
-0.3913097,-0.201571,0.004658671,7.917098,8.708353,1.901612
-0.3979858,-0.1655096,0.002475774,7.916043,8.914545,1.901431
-0.3838059,-0.1269789,0.007080363,7.913906,9.125564,1.901189
-0.3993001,-0.09316022,0.004978597,7.910126,9.343998,1.90091
-0.4071065,-0.03226125,0.004849446,7.905015,9.569497,1.900662
-0.4223156,-0.04465599,0.002599914,7.887284,9.788598,1.900488
-0.2632084,-0.8898877,0.004121682,7.911613,5.099592,2.103723
-0.3138353,-0.8471453,0.005759826,7.914545,5.299845,2.103734
-0.3324698,-0.7982961,0.005963162,7.916229,5.499944,2.103753
-0.3597157,-0.751084,0.005866275,7.91707,5.699987,2.103769
-0.3676179,-0.7094093,0.006138507,7.917466,5.900006,2.10378
-0.3783804,-0.6665404,0.004776952,7.917648,6.100014,2.103787
-0.3821682,-0.6289326,0.005016547,7.917732,6.300021,2.103796
-0.3863186,-0.5909541,0.004610168,7.917771,6.500031,2.10381
-0.388453,-0.5550107,0.004924286,7.917787,6.700049,2.103826
-0.3908683,-0.5183163,0.004727635,7.917783,6.900078,2.103835
-0.3913485,-0.4830944,0.005271299,7.91776,7.100124,2.103836
-0.3933034,-0.4474569,0.005070815,7.917714,7.3002,2.103825
-0.3927379,-0.4122963,0.005554058,7.917638,7.500321,2.1038
-0.3946933,-0.3765147,0.004881939,7.917531,7.700519,2.10376
-0.3927877,-0.3407747,0.004950137,7.917392,7.900849,2.103704
-0.3946991,-0.3065726,0.003475702,7.917222,8.101406,2.103628
-0.3931368,-0.2725489,0.004146791,7.917011,8.302367,2.103528
-0.4007067,-0.239795,0.003785591,7.916716,8.504064,2.103392
-0.3961722,-0.2045787,0.005159228,7.916222,8.707132,2.103191
-0.3979045,-0.1676008,0.005016878,7.91526,8.912775,2.102877
-0.3965082,-0.1279009,0.007564998,7.913274,9.123214,2.102402
-0.3936915,-0.09417479,0.007932903,7.909679,9.341365,2.101782
-0.4112889,-0.03891463,0.006603219,7.904721,9.567377,2.10119
-0.4225066,-0.04569951,0.006985897,7.887079,9.787713,2.100757
-0.2603812,-0.8980738,0.009395567,7.910188,5.099672,2.306562
-0.3136017,-0.8483659,0.01138927,7.912759,5.299886,2.306585
-0.3325622,-0.8016882,0.0118536,7.914206,5.499962,2.306619
-0.3617606,-0.7521619,0.01152025,7.914914,5.699994,2.306653
-0.3685451,-0.7088141,0.0115098,7.915239,5.900006,2.306671
-0.3789939,-0.6670661,0.01033538,7.915383,6.100011,2.306678
-0.3817469,-0.6285555,0.01048191,7.915453,6.300016,2.306691
-0.385845,-0.5917152,0.01017749,7.915496,6.500023,2.306717
-0.3858444,-0.553972,0.0105417,7.915523,6.700036,2.306745
-0.3894181,-0.5180795,0.01068123,7.915536,6.900056,2.306765
-0.386815,-0.4814093,0.0110907,7.915533,7.10009,2.306768
-0.3927452,-0.4468165,0.011195,7.915508,7.300145,2.306755
-0.3871881,-0.4098863,0.01147807,7.915456,7.500234,2.306724
-0.3940595,-0.3757879,0.01112433,7.915374,7.700378,2.306674
-0.3871364,-0.3394158,0.01078718,7.915262,7.900617,2.306604
-0.3936559,-0.3054615,0.008613384,7.91512,8.101024,2.306513
-0.3882073,-0.2706349,0.009316268,7.914943,8.301737,2.306395
-0.397878,-0.2386766,0.007549755,7.914705,8.503027,2.306235
-0.3891951,-0.2031091,0.008998349,7.91431,8.705437,2.305981
-0.3983542,-0.1661784,0.006436922,7.913535,8.910057,2.305527
-0.3901521,-0.1259894,0.009502061,7.91189,9.119058,2.304708
-0.390997,-0.09557199,0.01289174,7.908741,9.335878,2.303425
-0.4041249,-0.03749687,0.01224187,7.904279,9.561846,2.301859
-0.4226086,-0.04712942,0.007395479,7.887135,9.784417,2.299174
-0.2658952,-0.8991346,0.006860519,7.907718,5.09979,2.511096
-0.3163624,-0.8461539,0.005096493,7.909597,5.299935,2.511114
-0.3389815,-0.8032218,0.007996682,7.910636,5.499981,2.511157
-0.3594867,-0.75132,0.006291457,7.911148,5.7,2.511209
-0.3703052,-0.710929,0.006931657,7.911375,5.900004,2.511233
-0.3790726,-0.6678941,0.006213606,7.911461,6.100006,2.511231
-0.3838987,-0.6298831,0.006389874,7.911513,6.30001,2.511246
-0.3877144,-0.5915058,0.005956677,7.911568,6.500014,2.511286
-0.3901711,-0.5545656,0.006352299,7.911618,6.700021,2.511332
-0.3921684,-0.5181282,0.006320835,7.911654,6.900033,2.511363
-0.3935097,-0.4822756,0.006576384,7.911671,7.100054,2.511367
-0.394581,-0.447046,0.006748951,7.911663,7.300088,2.511349
-0.3953694,-0.4118357,0.007382509,7.911623,7.500141,2.511313
-0.395353,-0.3769715,0.006972091,7.91155,7.700228,2.511253
-0.3958449,-0.3422017,0.006917784,7.911452,7.900373,2.511175
-0.3958196,-0.3074677,0.006091436,7.911329,8.100618,2.511075
-0.3972777,-0.2737083,0.005405819,7.911187,8.301056,2.510954
-0.3979147,-0.2407165,0.004667307,7.911025,8.501865,2.510806
-0.4002851,-0.2053718,0.004034755,7.910775,8.703418,2.510561
-0.4009371,-0.1712366,0.004378306,7.910277,8.906508,2.51006
-0.4037738,-0.1290387,0.004722349,7.909192,9.112824,2.508973
-0.3904982,-0.09730887,0.006987321,7.906933,9.325727,2.506731
-0.4067617,-0.04594772,0.01209539,7.903442,9.549057,2.503285
-0.422191,-0.04077123,0.02354455,7.88786,9.773639,2.48778
-0.2684084,-0.9008576,0.007755416,7.904345,5.099902,2.717138
-0.3225143,-0.847066,0.003859906,7.905273,5.299971,2.717131
-0.3409748,-0.8005977,0.006641467,7.905813,5.499993,2.717165
-0.3679057,-0.7502613,0.004008744,7.906123,5.700002,2.717224
-0.3741296,-0.7076407,0.005117539,7.906249,5.899999,2.717246
-0.383455,-0.6659394,0.004775274,7.906259,6.100001,2.717229
-0.3885243,-0.6274295,0.005152541,7.906292,6.300006,2.717239
-0.39227,-0.5900018,0.005033728,7.906374,6.500005,2.717284
-0.3929355,-0.5528038,0.005414775,7.906461,6.700008,2.717335
-0.3952585,-0.5161465,0.005177117,7.906526,6.900013,2.717367
-0.392971,-0.4801189,0.004926389,7.906557,7.100022,2.717361
-0.3977922,-0.4437697,0.004484399,7.906557,7.300038,2.717335
-0.3924121,-0.4080675,0.004361511,7.906514,7.500061,2.717301
-0.3998573,-0.3739045,0.003863798,7.906429,7.700097,2.717246
-0.3938865,-0.3388545,0.003666235,7.906325,7.900161,2.717179
-0.3966301,-0.3043938,0.002577307,7.906199,8.100263,2.717095
-0.3949854,-0.2701471,0.00378434,7.906069,8.300452,2.716998
-0.4016549,-0.2379321,0.003588599,7.905982,8.500811,2.716906
-0.3967169,-0.2031421,0.002566678,7.905886,8.701507,2.716754
-0.4023739,-0.1690695,0.002673951,7.905673,8.902932,2.716394
-0.4021268,-0.1304428,0.001039516,7.905206,9.105914,2.715491
-0.3947929,-0.09676055,0.005653763,7.904141,9.312297,2.713054
-0.4034457,-0.05226789,0.01226552,7.902215,9.525326,2.707222
-0.4223152,-0.04248348,0.01412863,7.895222,9.742557,2.691166
-0.5321881,0.03154411,0.09986601,7.847091,9.877627,2.653755
-0.2858186,-0.8980053,0.004948108,7.90044,5.099972,2.909939
-0.3351908,-0.8458693,-0.0003356899,7.90065,5.299989,2.909942
-0.35834,-0.7985093,-0.0004393086,7.900837,5.499998,2.909959
-0.3784017,-0.7492927,-0.002072789,7.901028,5.700004,2.909989
-0.3886825,-0.706402,-0.0017571,7.901087,5.899996,2.909998
-0.3977155,-0.6647025,-0.001707869,7.901027,6.099998,2.909984
-0.402683,-0.6262789,-0.001832563,7.901047,6.300005,2.909987
-0.4062417,-0.5882307,-0.001788909,7.901156,6.5,2.910008
-0.4077773,-0.5512615,-0.001315197,7.901271,6.700002,2.910032
-0.409803,-0.5153496,-0.001268496,7.901354,6.900002,2.910046
-0.4103432,-0.4796076,-0.001149487,7.90139,7.100009,2.910037
-0.4125041,-0.4441708,-0.0007944733,7.901391,7.300009,2.910021
-0.4119568,-0.4090758,-0.001431257,7.901343,7.500013,2.910007
-0.4144727,-0.3744173,-0.0006793187,7.901243,7.700019,2.909984
-0.413615,-0.3396116,-0.001570834,7.90113,7.900037,2.909958
-0.4137669,-0.3047827,-0.0004721035,7.900998,8.100054,2.909924
-0.4131867,-0.2701054,-0.001241185,7.900866,8.300095,2.909887
-0.4135104,-0.2358908,-0.001353278,7.90083,8.500177,2.909861
-0.4111211,-0.2006419,-0.001525381,7.900838,8.700332,2.909823
-0.4112785,-0.1659512,-0.000625266,7.900802,8.900663,2.909712
-0.4097781,-0.1278377,-0.0004090339,7.90075,9.10129,2.909384
-0.4106196,-0.09346561,-0.002673073,7.900661,9.301879,2.908264
-0.4149792,-0.04608336,0.01009165,7.900488,9.501794,2.905258
-0.4309882,-0.005076978,0.009123586,7.850528,9.657379,2.86106
-0.4171779,-0.004190237,0.03302374,7.850289,9.854955,2.853315
-0.4696086,-0.02407526,0.001888674,7.775512,9.824828,0.02195631
-0.3963561,-0.009330812,0.01256632,7.750137,9.854608,0.1476936
-0.4178554,-0.002413051,-0.03650001,7.850275,9.854535,0.1477589
-0.3973246,-0.009625972,-0.01250172,7.750056,9.855221,2.854069
-0.4704541,-0.002012183,-0.0004461417,7.775174,9.826544,2.978921
-0.458462,0.0228055,0.004991097,7.824058,9.826539,2.978833
-0.4208511,-0.05245643,0.01455506,7.751047,9.645502,0.04305005
-0.4113413,-0.04648478,0.008480873,7.750041,9.750559,0.04642761
-0.4033763,-0.05231508,0.0114077,7.750027,9.657211,0.1390635
-0.4148578,0.004415703,0.01422985,7.750122,9.758888,0.1436297
-0.4223651,-0.01311955,-0.002947969,7.85009,9.750569,0.04642571
-0.4308095,-0.009077404,-0.01162023,7.850452,9.656876,0.1391922
-0.4241957,-0.02249497,-0.01231137,7.850208,9.758653,0.1436721
-0.4109708,0.0001228553,0.01249013,7.875595,9.878082,0.07470676
-0.4246742,-0.02271282,0.0004924617,7.875573,9.824947,0.02189495
-0.4179237,0.005016344,-0.002678027,7.812484,9.889339,0.01057044
-0.4293834,0.03392863,-0.05523623,7.825063,9.830015,0.07006448
-0.3852369,-0.009817463,-0.0122063,7.875025,9.830049,0.07001617
-0.4618215,0.001929945,-0.05247814,7.82455,9.878033,0.074801
-0.4241975,0.008919637,-0.01050959,7.887513,9.8894,0.01050581
-0.4033193,-0.05277242,-0.01283563,7.750067,9.657836,2.86125
-0.416586,0.00782399,-0.01129393,7.750119,9.759855,2.857308
-0.4229163,-0.04922883,-0.01524738,7.751062,9.646289,2.95708
-0.4108656,-0.04126618,-0.005133332,7.74996,9.752299,2.954146
-0.429495,-0.02751421,0.005032069,7.850266,9.759311,2.85696
-0.4421249,-0.000134544,0.005131618,7.849103,9.646058,2.957003
-0.4199002,-0.01612783,0.001536901,7.850089,9.751625,2.953974
-0.4289729,-0.01262722,0.0262049,7.724533,9.878021,0.0748283
-0.4041227,-0.03959652,0.006226419,7.724499,9.824823,0.02195922
-0.4548507,-0.001373481,0.005296722,7.787518,9.889337,0.01057256
-0.428495,-0.007359253,0.02096874,7.775004,9.829997,0.07008761
-0.3898201,-0.04370338,0.0448602,7.725054,9.829993,0.07009019
-0.4772346,-0.006287438,0.04431593,7.775523,9.878024,0.07482676
-0.3978032,-0.0008648105,-0.0008270504,7.712484,9.889335,0.01057286
-0.4043609,0.006038085,-0.003670285,7.912719,9.88953,0.0103705
-0.413128,-0.01756067,-0.04577231,7.724472,9.879393,2.92786
-0.4306412,-0.006940318,-0.02141411,7.775023,9.832178,2.932076
-0.4142482,-0.02889181,-0.006899707,7.724423,9.827392,2.97945
-0.46059,0.003932693,0.009072904,7.774743,9.87742,2.977576
-0.4019504,-0.03553443,-0.0321856,7.725036,9.832847,2.932751
-0.4770865,-0.01163482,-0.009382766,7.775218,9.878862,2.927011
-0.4215916,0.001773915,0.004708882,7.725019,9.87802,2.97815
-0.4050894,0.006704457,-0.03043676,7.876076,9.87872,2.926708
-0.4326882,0.03567194,0.05547273,7.825075,9.831273,2.931181
-0.4186554,-0.0416438,-0.003333514,7.876065,9.826313,2.978741
-0.4081486,0.005037793,0.004889921,7.811158,9.890169,2.990287
-0.3916512,-0.01292182,0.01659571,7.875118,9.831051,2.930986
-0.4557014,0.004915589,0.04139186,7.824106,9.878788,2.926983
-0.4252595,0.002735418,0.00438234,7.888892,9.890109,2.990219
-0.3906973,-0.00364685,0.004960656,7.837513,9.867041,0.03284553
-0.4515642,0.0264286,-0.01202021,7.812159,9.864017,0.009892108
-0.4539952,0.005661912,-0.01619712,7.812168,9.890072,0.03573867
-0.4121103,-0.0002308288,0.001209719,7.8375,9.889345,0.01056541
-0.4369057,0.03146872,-0.03235378,7.812498,9.867038,0.03285995
-0.4111167,0.0003553953,0.01090317,7.837749,9.890103,0.03574374
-0.4089173,-0.002169154,-0.00572011,7.837744,9.864016,0.009864461
-0.3973977,-0.01215607,0.01162166,7.862486,9.867073,0.03281049
-0.4385439,0.01080998,0.006818244,7.887874,9.890133,0.03557891
-0.4348341,-0.004867142,-0.01451379,7.887865,9.864171,0.009835435
-0.4273097,0.00341157,-0.00575834,7.862488,9.889359,0.01055073
-0.434305,0.006701799,-0.00722214,7.887498,9.867156,0.03273423
-0.4312824,0.003299618,0.01498253,7.862261,9.890117,0.0357048
-0.4287646,-0.01380758,-0.005129,7.862251,9.864052,0.009852431
-0.4383786,-0.01135153,0.01447957,7.762496,9.867021,0.0328725
-0.4856483,0.01906691,0.002741072,7.787842,9.864012,0.009894273
-0.4847389,-0.00343586,-0.01096685,7.787848,9.890071,0.03574569
-0.4406593,-0.0007523656,0.003924568,7.7625,9.889338,0.01057239
-0.4518788,0.02314493,-0.02021474,7.787514,9.867032,0.03286784
-0.4587263,-0.00893185,0.02441724,7.762262,9.890093,0.03576838
-0.4653914,-0.01855374,0.01082837,7.762257,9.863993,0.009871585
-0.4027016,-0.02718261,0.01806376,7.737515,9.86702,0.03287596
-0.4066691,0.0003098159,-0.00977452,7.712166,9.890067,0.03574692
-0.407714,-0.01429477,0.0021791,7.71216,9.864007,0.009895471
-0.4085092,0.0006509804,-0.001694607,7.737503,9.889337,0.0105723
-0.3758703,-0.0123353,-0.002976734,7.712497,9.867028,0.03287505
-0.4239002,0.0009171962,0.01922366,7.737748,9.890091,0.03576846
-0.4313019,-0.02681446,0.004210193,7.737746,9.863991,0.009871685
-0.4293464,0.007030869,0.01133579,7.912317,9.890237,0.03534948
-0.4254984,-0.005572616,-0.01261725,7.912311,9.864394,0.009724001
-0.4446551,0.002856623,-0.001260489,7.91248,9.86735,0.0325475
-0.5010751,-0.04447747,0.01732252,7.750279,9.877974,0.3458742
-0.4206965,-0.004924154,-0.1115695,7.750276,9.861574,2.755718
-0.5325626,0.03402378,-0.09411456,7.847036,9.877613,0.3465022
-0.4453553,-0.05116916,-0.02048244,7.950665,9.860648,0.24658
-0.3782299,0.03064134,-0.1093021,7.943605,9.877233,0.3463591
-0.4505642,-0.02461033,0.05285237,7.850706,9.861301,2.755007
-0.3929998,0.02685558,0.1182225,7.943781,9.877248,2.653815
-0.4439215,-0.05724149,0.02316821,7.950849,9.860724,2.753804
-0.3970687,0.0004936054,0.005384856,7.83758,9.867993,2.96815
-0.4227957,0.01809336,0.005642301,7.811673,9.865591,2.99082
-0.4284874,0.0009252268,0.0218972,7.811725,9.890751,2.965924
-0.3969991,0.01392683,0.01463361,7.837327,9.889777,2.98991
-0.3897254,-0.03018746,0.01205888,7.837675,9.865101,2.990543
-0.4391329,0.01715205,0.02323289,7.812582,9.868587,2.968767
-0.3954759,0.009133564,-0.02410812,7.837699,9.89048,2.965435
-0.4299902,-0.009393379,-0.005719128,7.862499,9.867941,2.968085
-0.4506708,-0.004086999,-0.01874415,7.888373,9.89071,2.965655
-0.4475411,-0.02615521,-0.001102579,7.888403,9.865356,2.990767
-0.4097784,0.01286153,0.01330672,7.862711,9.889758,2.989889
-0.4160172,-0.04214499,0.003665525,7.862379,9.865036,2.990525
-0.4635005,-0.008244938,-0.005332625,7.887523,9.868411,2.968534
-0.420621,0.0009147345,-0.03219331,7.862367,9.890467,2.965362
-0.2149585,-0.8457942,0.003294505,7.700425,4.899959,0.08843905
-0.215221,-0.8420197,0.003490483,7.70155,4.899833,0.2794199
-0.2172625,-0.8411359,0.003387179,7.703059,4.899631,0.484837
-0.2161502,-0.8391522,0.003819269,7.704466,4.89943,0.6899668
-0.2140848,-0.8393996,0.002576488,7.705506,4.899276,0.893873
-0.2135185,-0.838898,0.001806999,7.706155,4.899182,1.096554
-0.2120785,-0.839249,0.0008415595,7.706474,4.899134,1.29845
-0.2121866,-0.8393764,7.875388e-05,7.706567,4.899113,1.500005
-0.2118068,-0.8391818,-5.360441e-05,7.706467,4.899114,1.701562
-0.2110695,-0.8394654,-0.001013835,7.706145,4.899146,1.90346
-0.21318,-0.8395058,-0.001507946,7.705499,4.899229,2.106148
-0.2141756,-0.8400697,-0.002668908,7.704475,4.899384,2.310061
-0.2158386,-0.8421851,-0.0029423,7.703096,4.899596,2.515196
-0.2147257,-0.8423275,-0.002988426,7.701617,4.899814,2.720609
-0.2152051,-0.8447701,-0.002811273,7.700501,4.899952,2.911572
-0.2346082,-0.9364843,0.002445773,7.899992,4.899906,0.09007591
-0.2294951,-0.9477186,-0.003932601,7.902897,4.899704,0.2828605
-0.2308585,-0.9496088,-0.0008860207,7.905065,4.899408,0.4888991
-0.227428,-0.9530887,0.002744034,7.906704,4.899167,0.6934359
-0.2262459,-0.9546525,0.002806076,7.907715,4.899023,0.8962696
-0.2262919,-0.9565749,0.002313231,7.908238,4.898949,1.097975
-0.2248127,-0.9576676,0.001393514,7.908483,4.898911,1.299108
-0.2260667,-0.9566932,0.0002046665,7.908552,4.898892,1.500004
-0.2249214,-0.9560391,0.0006648611,7.908474,4.898884,1.700901
-0.2243068,-0.9538453,-0.001290739,7.908221,4.898895,1.902038
-0.2259508,-0.9509274,-0.001859628,7.907699,4.898951,2.103751
-0.2246427,-0.9537772,-0.0005961859,7.906707,4.899093,2.306599
-0.229255,-0.9499524,0.001262234,7.905118,4.899348,2.511157
-0.2271856,-0.9488062,0.003607715,7.903033,4.899669,2.717217
-0.2316646,-0.9377121,-0.002343471,7.90019,4.899886,2.909969
-0.256615,-1.009789,0.03225482,8.099583,4.899804,0.09500346
-0.3142459,-1.1734,0.04224978,8.245716,4.848862,0.04542181
-0.2602143,-0.9766717,0.01042683,8.105579,4.899483,0.2900026
-0.3974374,-1.036574,-0.03123951,8.258778,4.94976,0.2461708
-0.2741878,-0.9725474,0.006130813,8.107924,4.899172,0.4946302
-0.3959696,-1.114862,-0.0101775,8.258748,4.848839,0.4488236
-0.2721441,-0.9643905,0.007841996,8.109192,4.898981,0.6971797
-0.3966254,-1.118186,-0.0009304174,8.259197,4.848789,0.6495001
-0.2722583,-0.9616477,0.003995251,8.109763,4.898893,0.898476
-0.3945969,-1.119728,-0.001434961,8.259339,4.84878,0.849751
-0.2723348,-0.9628898,0.003280192,8.110032,4.898852,1.099198
-0.393537,-1.125856,-0.00767846,8.259395,4.848778,1.04987
-0.2702367,-0.9600648,0.001475478,8.110151,4.898832,1.299653
-0.3954611,-1.122799,-0.009753851,8.259419,4.848778,1.249939
-0.2727896,-0.9597614,0.0005922064,8.110182,4.898819,1.500003
-0.3980367,-1.124666,-0.01305221,8.259428,4.848776,1.449988
-0.2695859,-0.9592036,0.001484614,8.110143,4.898802,1.700354
-0.4022257,-1.115713,-0.01088417,8.259425,4.848762,1.650034
-0.2660928,-0.9651209,-0.001923531,8.110015,4.898788,1.900812
-0.4051276,-1.115101,-0.006395183,8.259408,4.848722,1.85009
-0.2694969,-0.9621788,-0.003248934,8.109743,4.898807,2.101538
-0.4044926,-1.112674,-0.005769653,8.25937,4.848697,2.050174
-0.2648954,-0.9645112,-0.006063625,8.109183,4.898891,2.302848
-0.404705,-1.114512,-0.008486223,8.259299,4.848703,2.250336
-0.2694922,-0.9742653,-0.006219209,8.107964,4.899091,2.505436
-0.4111327,-1.126678,-0.009274354,8.259097,4.848741,2.450734
-0.2529576,-0.97837,-0.00962766,8.105785,4.899421,2.710158
-0.3993321,-1.049794,0.02939676,8.259018,4.94973,2.754074
-0.2525148,-1.014228,-0.03130912,8.100149,4.899755,2.905135
-0.3889213,-1.127562,-0.02383627,8.255728,4.849461,2.857218
-0.2265648,-1.259522,0.03289805,8.245391,4.750559,0.04552837
-0.2517113,-1.217755,0.02880633,8.253322,4.748647,0.1437056
-0.4372968,-1.104223,0.0469347,8.245906,4.950939,0.04536811
-0.3983581,-1.132696,0.01177779,8.254773,4.849515,0.1435201
-0.3656102,-0.8285444,-0.05560594,8.352155,4.850601,0.1487063
-0.4619989,-1.099336,-0.05352444,8.255711,4.949816,0.1434088
-0.3991848,-0.6854455,-0.05888185,8.353808,4.952952,0.1515846
-0.2584076,-1.212874,-0.008592817,8.25544,4.747048,1.850098
-0.2565772,-1.216653,0.005480996,8.255401,4.747015,1.950143
-0.4608457,-1.094761,0.05302833,8.256268,4.949794,2.856964
-0.3147208,-1.167822,-0.03473478,8.247569,4.848774,2.955083
-0.4330263,-1.103154,-0.04440493,8.246776,4.95088,2.954882
-0.2457682,-1.1902,0.02515315,8.254193,4.747948,0.2465062
-0.2547204,-1.198984,0.0125484,8.254871,4.747467,0.3481488
-0.257405,-1.20096,0.00651905,8.255055,4.747367,0.4488321
-0.2587052,-1.20724,0.01387487,8.255271,4.747239,0.5492807
-0.2607423,-1.204341,0.01004591,8.255307,4.747237,0.6494792
-0.2563471,-1.20808,0.0172196,8.255397,4.747189,0.749652
-0.2559539,-1.210881,0.008037866,8.255403,4.747199,0.8497337
-0.2520659,-1.213288,0.01023497,8.255447,4.747177,0.9498162
-0.2514029,-1.215973,-0.002252023,8.255446,4.747184,1.04986
-0.2517731,-1.215198,0.003914878,8.255468,4.747173,1.149905
-0.2536811,-1.213625,-0.00671052,8.255467,4.747176,1.249934
-0.2559302,-1.211987,-0.002399192,8.255475,4.74717,1.349964
-0.2564791,-1.21189,-0.01202196,8.255473,4.747168,1.449987
-0.2598093,-1.208892,-0.004245649,8.255471,4.74716,1.550013
-0.2530103,-1.218662,-0.0008246507,8.255391,4.746987,2.050186
-0.251983,-1.220742,0.00439679,8.255345,4.747,2.150268
-0.2468095,-1.221936,-0.006200585,8.25534,4.746987,2.250351
-0.3925327,-1.258563,0.02262781,8.323762,4.775504,0.02184151
-0.4003042,-1.224338,-0.05511175,8.329055,4.77446,0.07053105
-0.4828454,-1.030643,-0.05239967,8.329444,4.874895,0.07020605
-0.443496,-1.168592,0.01921677,8.323812,4.824309,0.02179952
-0.446482,-1.113162,-0.08779451,8.329227,4.824726,0.0703288
-0.4814041,-1.093613,0.01344978,8.323793,4.875435,0.0217224
-0.4999877,-0.9746776,-0.08846288,8.329561,4.924948,0.07017595
-0.4972018,-0.9883465,0.001702041,8.323896,4.975627,0.02176342
-0.4894181,-1.045674,0.00658802,8.32382,4.924531,0.02171549
-0.4817442,-0.9222371,-0.0971195,8.329656,4.974978,0.07015302
-0.4929207,-0.9561189,0.09585783,8.330638,4.924968,2.930749
-0.4870337,-0.9926361,0.008581862,8.324425,4.975617,2.978397
-0.4993946,-1.050193,0.006780512,8.32536,4.924045,2.978892
-0.4824577,-0.917029,0.09706353,8.330117,4.975033,2.93021
-0.4402163,-1.000844,0.05363784,8.245986,5.048993,0.04532419
-0.4814457,-0.9911421,0.1211631,8.256367,5.049929,2.857019
-0.4789395,-0.9939544,-0.1307758,8.256062,5.04993,0.1431783
-0.4154889,-0.6277511,-0.05403948,8.353213,5.051878,0.1506402
-0.4411131,-0.9990568,-0.05239216,8.246334,5.049003,2.954771
-0.5138766,-0.8016195,-0.03440187,8.329726,5.075003,0.07013328
-0.4881238,-0.9165753,0.00826519,8.323904,5.024369,0.02176162
-0.5238825,-0.8706233,0.01525488,8.323852,5.075461,0.02170811
-0.4792181,-0.8565826,-0.1040945,8.329692,5.024999,0.0701458
-0.5188718,-0.811978,0.03992157,8.329902,5.074997,2.930027
-0.4841186,-0.9118943,0.003559248,8.324121,5.024384,2.978289
-0.5172027,-0.8532506,0.001874754,8.324017,5.075457,2.978344
-0.484202,-0.8560109,0.1064576,8.329907,5.025023,2.930019
-0.2609454,-1.20566,-0.01197662,8.255468,4.74714,1.650037
-0.2618848,-1.204504,-0.005995912,8.255453,4.747106,1.750069
-0.4724027,-1.001829,0.07319931,8.331598,4.874908,2.931736
-0.4567503,-1.155875,-0.02286206,8.326501,4.82423,2.979487
-0.4456008,-1.081944,0.1101484,8.332081,4.824692,2.932278
-0.4836178,-1.093097,-0.007462713,8.325568,4.875106,2.979037
-0.3987492,-1.238725,-0.03551385,8.326425,4.775546,2.979429
-0.3997088,-1.206268,0.08007688,8.331814,4.77442,2.931966
-0.4551496,-0.6577321,-0.07219034,8.354859,4.952603,0.2513335
-0.3668667,-1.086397,-0.002313974,8.256913,4.849091,0.2463498
-0.3997906,-0.8420032,-0.03261277,8.353461,4.851043,0.24965
-0.3874659,-1.10393,0.001223044,8.258272,4.848979,0.3480836
-0.3973483,-0.8389343,0.0003341647,8.354079,4.851337,0.3498299
-0.4158572,-1.063075,-0.02426007,8.260886,4.949579,0.3479648
-0.4597292,-0.6115302,-0.01285579,8.356596,4.955483,0.3512987
-0.4036618,-0.8430212,-0.0217588,8.354353,4.851552,0.4498268
-0.425625,-1.081424,-0.02098215,8.261685,4.949599,0.4487475
-0.4711365,-0.622061,-0.03150696,8.357035,4.956051,0.4490127
-0.3993134,-1.126901,0.01100174,8.259103,4.84884,0.5492932
-0.4329575,-1.094048,0.0006274789,8.262253,4.949519,0.5492531
-0.4720966,-0.6180389,0.0150356,8.357275,4.956257,0.5509456
-0.4260705,-1.081831,-0.009069264,8.262421,4.949539,0.6494872
-0.3938078,-1.121102,0.01657065,8.259319,4.848803,0.7496711
-0.4279628,-1.083934,0.008245889,8.262597,4.949499,0.7496564
-0.4261308,-1.081852,-0.006391131,8.262634,4.949512,0.8497582
-0.3927802,-1.120756,0.0118433,8.259391,4.84879,0.9498289
-0.4264645,-1.083731,0.008163239,8.262703,4.949491,0.9498189
-0.4294373,-1.092819,-0.007796087,8.262713,4.949498,1.049882
-0.3941859,-1.125649,0.009232382,8.259419,4.848784,1.149912
-0.4294412,-1.092772,0.008332988,8.262743,4.949488,1.149902
-0.4280284,-1.086946,-0.007833028,8.262746,4.949491,1.249951
-0.3965859,-1.121997,0.004972922,8.259429,4.84878,1.349967
-0.4282184,-1.086316,0.006285473,8.262757,4.949486,1.349955
-0.430758,-1.091273,-0.009713167,8.262758,4.949486,1.45
-0.4007546,-1.12195,0.005305214,8.259427,4.848771,1.550012
-0.431139,-1.089433,0.006794017,8.262757,4.949483,1.55
-0.4269884,-1.080006,-0.007983957,8.262756,4.949476,1.650046
-0.4031707,-1.11443,0.00752535,8.259413,4.848741,1.750063
-0.427834,-1.080347,0.006998816,8.262742,4.949472,1.75005
-0.4316909,-1.095292,-0.008172428,8.262738,4.949458,1.8501
-0.4073055,-1.114281,0.01186762,8.259378,4.848696,1.950132
-0.43364,-1.100697,0.009867468,8.262705,4.949459,1.950121
-0.4321278,-1.103426,-0.006415521,8.262694,4.949446,2.050185
-0.4074582,-1.112543,0.009435618,8.259317,4.848682,2.150253
-0.4322924,-1.107659,0.009218823,8.262625,4.949465,2.150249
-0.4349652,-1.112429,-0.005968566,8.262589,4.949451,2.250356
-0.4021106,-1.116562,0.007718209,8.259181,4.848689,2.350513
-0.4317852,-1.114166,0.01111691,8.262416,4.949492,2.350535
-0.4445009,-1.131442,-0.00213779,8.262257,4.949471,2.450787
-0.4008488,-1.119482,0.01288855,8.258766,4.848746,2.551235
-0.4361293,-1.120025,0.01928753,8.261708,4.949556,2.551331
-0.3835538,-1.095686,-0.00549125,8.258358,4.848897,2.652057
-0.4191723,-1.075751,0.02038608,8.260966,4.949542,2.652184
-0.3699144,-1.080531,0.002461377,8.257209,4.849028,2.753976
-0.4047841,-1.08817,-0.04414198,8.330869,4.773552,0.1733116
-0.3973512,-1.093121,-0.04075133,8.330045,4.773973,0.1221569
-0.4331306,-1.136072,-0.007315209,8.331736,4.77305,1.825022
-0.4286707,-1.125836,0.001305039,8.331728,4.77303,1.875005
-0.4293806,-1.150429,0.01941966,8.331721,4.773007,1.975014
-0.4250189,-1.128598,0.01333317,8.331725,4.773013,1.925025
-0.4247276,-1.085638,-0.02111797,8.331164,4.773397,0.2239271
-0.4288598,-1.085905,-0.001206395,8.331439,4.773249,0.2743737
-0.4337679,-1.104722,0.003086019,8.331611,4.773172,0.3747024
-0.4276021,-1.090236,-0.004314751,8.331515,4.773219,0.3245826
-0.4375182,-1.100724,-0.01571966,8.331622,4.773177,0.4247813
-0.4315147,-1.088642,-0.005338515,8.331673,4.773151,0.4748476
-0.4398653,-1.117092,0.01645712,8.331705,4.773141,0.5748959
-0.4286617,-1.089796,0.01009075,8.331681,4.773152,0.5248936
-0.4385157,-1.113832,-0.003004136,8.331703,4.773146,0.624925
-0.4330207,-1.105572,0.006755179,8.331719,4.773137,0.6749334
-0.4371987,-1.1324,0.02536791,8.33173,4.773135,0.7749449
-0.4305696,-1.108128,0.01638482,8.33172,4.773139,0.7249594
-0.4362074,-1.131195,6.943658e-05,8.331727,4.773138,0.8249674
-0.430534,-1.119293,0.006100326,8.331733,4.773134,0.8749607
-0.4343867,-1.141311,0.01772326,8.331738,4.773133,0.9749655
-0.430569,-1.122177,0.01145978,8.331733,4.773135,0.9249828
-0.4337884,-1.138463,-0.008658368,8.331736,4.773135,1.024987
-0.4292818,-1.123134,-0.003313747,8.331738,4.773133,1.074974
-0.4337035,-1.139771,0.01088556,8.331742,4.773133,1.174977
-0.4293025,-1.118808,0.00447614,8.331738,4.773133,1.124995
-0.4340301,-1.133535,-0.01489605,8.331741,4.773134,1.224998
-0.4299953,-1.120478,-0.008330214,8.331741,4.773132,1.274983
-0.4350536,-1.134226,0.005863905,8.331743,4.773132,1.374986
-0.429967,-1.114608,-0.0002374037,8.33174,4.773132,1.325003
-0.4351651,-1.126237,-0.01906788,8.331743,4.773133,1.425007
-0.4310893,-1.114018,-0.01226238,8.331741,4.773131,1.47499
-0.4373409,-1.127345,0.00396932,8.331742,4.773128,1.574993
-0.4312141,-1.105544,-0.002653166,8.331741,4.77313,1.52501
-0.426697,-1.153143,-0.003278938,8.331721,4.773,2.025034
-0.4230321,-1.13614,0.002519489,8.331715,4.772999,2.075018
-0.4243114,-1.160369,0.01544924,8.331709,4.773,2.175034
-0.4215933,-1.139458,0.009645685,8.331715,4.772996,2.125039
-0.4223733,-1.162505,-0.009675746,8.331712,4.772996,2.225055
-0.4194572,-1.143577,-0.003422111,8.331702,4.772999,2.275042
-0.4209093,-1.161984,0.01349488,8.331686,4.773005,2.375078
-0.4181172,-1.142579,0.006101633,8.331702,4.772997,2.325068
-0.4172995,-1.156331,-0.01142612,8.331691,4.772999,2.425108
-0.4137557,-1.136698,-0.006902464,8.331668,4.773009,2.475114
-0.4168053,-1.144897,0.006617877,8.331617,4.773034,2.575245
-0.4147932,-1.13074,-0.0004985838,8.331663,4.773007,2.525165
-0.4210567,-1.145244,-0.01339096,8.331615,4.773032,2.62535
-0.4176333,-1.128652,-0.004466109,8.331536,4.773088,2.675528
-0.4157454,-1.110672,0.02009287,8.331327,4.773297,2.776549
-0.4183841,-1.113033,0.001278446,8.331499,4.773131,2.725862
-0.4085399,-1.104637,0.03162291,8.331297,4.773478,2.827626
-0.4030712,-1.095973,0.03635327,8.331209,4.773911,2.879486
-0.4389381,-1.117543,-0.01932626,8.331742,4.773122,1.625014
-0.4333326,-1.103829,-0.01160704,8.331739,4.773112,1.674996
-0.4401608,-1.12106,0.0122987,8.331737,4.773076,1.775002
-0.4326717,-1.096395,0.002418735,8.331738,4.773096,1.725016
-0.3530422,-0.91958,0.05807193,8.10004,5.099962,0.09489289
-0.406778,-0.8641422,0.05480423,8.100336,5.299998,0.09486587
-0.4712768,-0.8867787,0.04720386,8.246095,5.249014,0.04529505
-0.4353856,-0.8001581,0.05979081,8.100457,5.500002,0.09486378
-0.4883405,-0.8141908,0.04405744,8.24613,5.449013,0.04529406
-0.449214,-0.7535981,0.05527354,8.100498,5.700002,0.09486243
-0.4940739,-0.7560358,0.04497946,8.246137,5.649012,0.04529437
-0.4577572,-0.7054819,0.05801817,8.100512,5.900002,0.09486272
-0.4992016,-0.7081554,0.04448803,8.246139,5.849011,0.04529447
-0.4624475,-0.6645075,0.05698442,8.100517,6.100002,0.09486481
-0.5015059,-0.6639761,0.04437854,8.246147,6.04901,0.04529878
-0.4656509,-0.6240222,0.05791773,8.100517,6.300002,0.09486808
-0.5036786,-0.6234059,0.04416813,8.24614,6.24901,0.04529516
-0.4677919,-0.586003,0.05813146,8.100515,6.500002,0.09487244
-0.5051136,-0.5849012,0.04408606,8.246139,6.44901,0.04529582
-0.4697106,-0.549218,0.05932413,8.100513,6.700002,0.09487643
-0.5065058,-0.5476398,0.04404387,8.246139,6.64901,0.04529667
-0.470755,-0.5128899,0.05920033,8.100509,6.900002,0.09487839
-0.507717,-0.5116682,0.04404169,8.246139,6.84901,0.04529728
-0.4726605,-0.47773,0.0614227,8.100508,7.100001,0.09487707
-0.5089446,-0.4760013,0.04413811,8.246139,7.04901,0.04529717
-0.4727183,-0.4420019,0.06022209,8.100518,7.300005,0.09486924
-0.5099012,-0.4413333,0.04394099,8.246145,7.249008,0.04529419
-0.4745797,-0.4072126,0.06291782,8.100547,7.500006,0.09485677
-0.5112892,-0.4052827,0.03953618,8.246285,7.449048,0.04524051
-0.4763529,-0.3746751,0.0614013,8.100523,7.700007,0.09486114
-0.5120847,-0.3694613,0.04361056,8.246212,7.648977,0.04525727
-0.4774046,-0.3396192,0.06169086,8.100505,7.900017,0.09486761
-0.5109578,-0.3344398,0.04595673,8.246142,7.849011,0.04529505
-0.4773385,-0.3045642,0.0605916,8.100501,8.100028,0.09486953
-0.5097013,-0.2993929,0.04883509,8.246138,8.049011,0.04529638
-0.4776984,-0.2694706,0.06232671,8.100498,8.300048,0.09487356
-0.5113155,-0.2648186,0.05157628,8.246138,8.249011,0.04529668
-0.4760571,-0.2354784,0.06230346,8.100492,8.500085,0.09488277
-0.516193,-0.2313945,0.05381681,8.246146,8.449012,0.04530079
-0.4747434,-0.2002235,0.06668393,8.100474,8.700162,0.09490508
-0.5193704,-0.1990211,0.05399194,8.246137,8.649014,0.04529717
-0.4750597,-0.168726,0.06721563,8.10043,8.900326,0.09496446
-0.5227472,-0.1628102,0.05665316,8.246134,8.84902,0.04529831
-0.4739817,-0.1370268,0.07290453,8.100335,9.100639,0.09515488
-0.5216409,-0.1302129,0.05925831,8.246125,9.049034,0.0453041
-0.4724876,-0.1120077,0.0681126,8.100268,9.30092,0.09584903
-0.5302221,-0.08855305,0.06439507,8.246119,9.249033,0.04534991
-0.4571984,-0.08756586,0.04906114,8.100668,9.500826,0.09746983
-0.5157016,-0.05846862,0.07094772,8.246638,9.44847,0.04576198
-0.4526805,-0.02633698,0.01416385,8.04859,9.64588,0.04371323
-0.5690473,-0.002617042,0.05042551,8.248131,9.647614,0.0464037
-0.4607528,0.002962709,-0.005018062,8.023984,9.825272,0.02167079
-0.5145305,-0.0008371664,0.01373911,8.224473,9.824986,0.02228799
-0.3937988,-0.8892344,0.03827623,8.107853,5.099937,0.2898553
-0.3368573,-0.8119585,-0.05031518,8.30307,5.101389,0.2986138
-0.4170863,-0.8627993,0.03680914,8.109415,5.300011,0.2898347
-0.386663,-0.6912609,-0.03636584,8.304467,5.300496,0.2994694
-0.4469394,-0.7852081,0.03662526,8.110059,5.500009,0.2898446
-0.4063834,-0.6434935,-0.04725868,8.304989,5.500054,0.2996722
-0.4551009,-0.752626,0.03767419,8.110276,5.700009,0.2898476
-0.4149224,-0.5896794,-0.04468627,8.305104,5.700017,0.2996857
-0.4626111,-0.6987349,0.03765175,8.11035,5.900008,0.2898518
-0.4220852,-0.5546003,-0.04691864,8.305131,5.900011,0.2996857
-0.4660543,-0.6604011,0.03715467,8.110374,6.100006,0.2898595
-0.422501,-0.5186393,-0.04605479,8.305139,6.100007,0.2996881
-0.4688654,-0.6183076,0.03745336,8.110379,6.300005,0.2898713
-0.4246267,-0.4870215,-0.04631316,8.30514,6.300004,0.2996911
-0.4702301,-0.5802397,0.03746625,8.110373,6.500005,0.2898855
-0.4238313,-0.4581017,-0.04542327,8.305138,6.500002,0.2996953
-0.4730504,-0.543802,0.03783327,8.110361,6.700006,0.2898979
-0.4217921,-0.4254209,-0.04530039,8.305135,6.700002,0.2996993
-0.4730487,-0.506291,0.03773657,8.110347,6.900007,0.2899038
-0.4244865,-0.4020283,-0.04514787,8.305131,6.900002,0.2997015
-0.4769341,-0.4722403,0.03764514,8.110334,7.10001,0.2899002
-0.4148535,-0.3664368,-0.04475714,8.305128,7.100002,0.2996997
-0.4761924,-0.4356904,0.03669307,8.110329,7.300017,0.2898848
-0.4263288,-0.3478341,-0.04685245,8.30513,7.300005,0.2996859
-0.4797048,-0.3986175,0.03548222,8.110331,7.500028,0.2898628
-0.4096231,-0.3135409,-0.04289257,8.305138,7.500006,0.2996529
-0.4762096,-0.3702028,0.03959242,8.110318,7.700044,0.289861
-0.4130272,-0.2847575,-0.04568941,8.305129,7.700006,0.2996745
-0.4773532,-0.333513,0.03833544,8.110304,7.900075,0.2898652
-0.4159529,-0.2555996,-0.04844005,8.30512,7.900013,0.299692
-0.4770986,-0.2985923,0.03835023,8.110296,8.100126,0.289869
-0.4271755,-0.2355277,-0.04953018,8.305117,8.10002,0.2996951
-0.4772174,-0.2623518,0.03937874,8.110284,8.300215,0.2898805
-0.4141765,-0.2049106,-0.04770155,8.305113,8.300033,0.2996971
-0.477126,-0.2301671,0.0416427,8.110255,8.50038,0.2899093
-0.4298635,-0.1832859,-0.04944484,8.305103,8.500058,0.2997018
-0.4797997,-0.1941006,0.04127671,8.110185,8.700707,0.2899781
-0.4113305,-0.1519054,-0.04638253,8.30508,8.700115,0.2997136
-0.4791656,-0.1635242,0.04846244,8.110011,8.901388,0.2901484
-0.4198299,-0.130859,-0.0459665,8.305018,8.900249,0.2997472
-0.4849641,-0.1365609,0.04831913,8.10955,9.102858,0.2905975
-0.3808313,-0.08555849,-0.04339296,8.304823,9.100532,0.2998215
-0.4727498,-0.1219989,0.0663201,8.108264,9.306155,0.2918593
-0.3977081,-0.06140363,-0.05724099,8.304125,9.300793,0.2998535
-0.4710091,-0.1071155,0.03235049,8.104884,9.513404,0.2951941
-0.405068,0.02231348,-0.05965152,8.302513,9.500695,0.2994102
-0.4601616,-0.08044041,0.01885032,8.094768,9.725095,0.3052383
-0.5431111,0.07117095,0.04763181,8.257785,9.653223,0.2474871
-0.437928,0.0008453714,-0.03796502,8.051171,9.858701,0.2479587
-0.5528154,-0.02749727,0.001295561,8.25128,9.852809,0.2494061
-0.400442,-0.8908145,0.01437228,8.112288,5.09994,0.4944465
-0.3482749,-0.8273806,-0.01681679,8.306141,5.102391,0.4992651
-0.4182745,-0.8618926,0.01165319,8.115305,5.300004,0.4943694
-0.3924394,-0.6804039,-0.009264548,8.308817,5.300866,0.4994875
-0.4519419,-0.7901464,0.01520301,8.116552,5.500008,0.4943595
-0.4291633,-0.6464624,-0.01382552,8.309665,5.500093,0.4996543
-0.4603495,-0.748273,0.01433773,8.116991,5.700013,0.4943619
-0.4238675,-0.5840429,-0.01062685,8.309875,5.700028,0.4996797
-0.4691375,-0.6973252,0.01494449,8.117145,5.900013,0.4943699
-0.4332421,-0.550381,-0.01339684,8.309928,5.900021,0.4996863
-0.4732089,-0.6570275,0.01428533,8.117199,6.10001,0.494383
-0.4333018,-0.5129289,-0.01319908,8.309945,6.100012,0.4996919
-0.4763133,-0.6157456,0.01558993,8.117212,6.300009,0.4944016
-0.436135,-0.4819695,-0.01399574,8.309949,6.300007,0.4996974
-0.47827,-0.5779501,0.01556586,8.117205,6.500009,0.4944231
-0.4366571,-0.4522316,-0.01336575,8.309947,6.500004,0.4997034
-0.4799851,-0.5407578,0.01730998,8.117184,6.700012,0.4944422
-0.4385488,-0.4241616,-0.01696716,8.309942,6.700004,0.4997088
-0.4803944,-0.5046135,0.01676543,8.117155,6.900017,0.4944518
-0.4384182,-0.3965514,-0.01501047,8.309935,6.900004,0.4997117
-0.4804923,-0.4683204,0.01785354,8.117124,7.100025,0.494448
-0.4396224,-0.3698291,-0.01946278,8.309928,7.100005,0.4997108
-0.4805589,-0.4322213,0.01539835,8.117097,7.300038,0.4944315
-0.4394519,-0.3425866,-0.01542296,8.309921,7.300008,0.4997047
-0.4808436,-0.3958098,0.01805086,8.117075,7.500061,0.4944105
-0.4386437,-0.3180738,-0.01950775,8.309916,7.500011,0.499697
-0.4814546,-0.3617004,0.01439431,8.117057,7.7001,0.4943955
-0.4310173,-0.2869926,-0.01458248,8.309911,7.700017,0.4996961
-0.4811218,-0.327097,0.0196862,8.117043,7.900165,0.4943889
-0.4353787,-0.2597359,-0.02111593,8.309906,7.900027,0.4996989
-0.4814268,-0.2938666,0.01900877,8.117027,8.100276,0.494391
-0.4327957,-0.2311346,-0.0197853,8.309902,8.100044,0.4997004
-0.4825279,-0.2579257,0.02095654,8.117,8.300469,0.4944075
-0.4395795,-0.2060435,-0.02501563,8.309894,8.300072,0.4997028
-0.4831337,-0.2275045,0.02239298,8.116939,8.500822,0.4944501
-0.4333705,-0.1770359,-0.02175715,8.309877,8.500126,0.4997091
-0.4835705,-0.1886408,0.02311491,8.116794,8.701506,0.4945463
-0.4424347,-0.1538093,-0.03118776,8.309834,8.700244,0.4997245
-0.4898708,-0.1620193,0.02725342,8.116438,8.902896,0.4947603
-0.4328986,-0.126498,-0.02794287,8.309722,8.900516,0.4997617
-0.4862183,-0.1223418,0.02403803,8.11552,9.105815,0.4952374
-0.4187751,-0.1006645,-0.03677282,8.309382,9.101064,0.4998336
-0.4843286,-0.121729,0.04339313,8.113059,9.312118,0.4962694
-0.3436016,-0.04415483,-0.03824609,8.308248,9.301576,0.4998667
-0.4775033,-0.128956,0.01609067,8.10717,9.525055,0.4980847
-0.4123098,0.04415895,-0.02867127,8.305209,9.50134,0.4998611
-0.45985,-0.08965801,0.01226107,8.090947,9.742338,0.5049424
-0.582364,0.06689971,-0.01694522,8.260393,9.656001,0.4497
-0.2224115,-0.03919899,-0.02497222,8.053611,9.877235,0.4563893
-0.5549088,-0.0213726,-0.0002936871,8.251904,9.854257,0.4496992
-0.410803,-0.8833659,0.01397278,8.114461,5.099888,0.6971009
-0.3467003,-0.8022196,-0.00952985,8.307131,5.102572,0.6994966
-0.4292897,-0.8643587,0.009690127,8.118178,5.299979,0.6970656
-0.4070038,-0.6745003,-0.01130885,8.310181,5.301029,0.6994616
-0.4629107,-0.7864054,0.01539496,8.119779,5.5,0.6970653
-0.4362179,-0.6303625,-0.01482169,8.311223,5.500114,0.6994899
-0.4706757,-0.7473233,0.005842206,8.120372,5.700014,0.6970737
-0.4423283,-0.5762153,-0.012789,8.311487,5.700036,0.6995096
-0.4804207,-0.6934896,0.01057292,8.120591,5.900017,0.6970848
-0.4441844,-0.5416055,-0.01078931,8.311558,5.900028,0.6995199
-0.482911,-0.6560435,0.008312954,8.120673,6.100014,0.6970994
-0.4464777,-0.5062167,-0.01140925,8.311582,6.100016,0.6995264
-0.4868343,-0.6129257,0.01106333,8.120696,6.300012,0.697119
-0.4478981,-0.4734487,-0.01073894,8.311588,6.300009,0.6995322
-0.4880343,-0.5740255,0.01050317,8.120689,6.500013,0.6971418
-0.4470259,-0.4485455,-0.0101426,8.311587,6.500006,0.6995382
-0.4943276,-0.5379337,0.01215775,8.120663,6.700018,0.6971624
-0.4352137,-0.4070957,-0.01020001,8.311581,6.700005,0.6995436
-0.4922477,-0.5002299,0.01097068,8.120623,6.900026,0.6971741
-0.4500576,-0.3937658,-0.01054787,8.311572,6.900006,0.6995471
-0.4972538,-0.4610433,0.01019018,8.120575,7.100039,0.6971723
-0.4276319,-0.3516312,-0.008891209,8.31156,7.100009,0.6995473
-0.4938337,-0.4308835,0.01017811,8.120527,7.300062,0.6971581
-0.4518924,-0.3388301,-0.01029452,8.311549,7.300012,0.6995442
-0.4980084,-0.3896545,0.008587002,8.120486,7.500098,0.6971376
-0.4260739,-0.3003128,-0.00824036,8.311539,7.500018,0.6995397
-0.4951814,-0.3630852,0.008576951,8.120453,7.70016,0.6971188
-0.4508432,-0.2830578,-0.007184521,8.311531,7.700027,0.6995367
-0.4967981,-0.3218366,0.01039314,8.120427,7.900262,0.6971074
-0.4300692,-0.2506807,-0.01014454,8.311524,7.900043,0.6995357
-0.4933899,-0.2925645,0.009764168,8.120401,8.100436,0.697107
-0.4452727,-0.2302199,-0.00764344,8.311517,8.100069,0.6995356
-0.4933608,-0.25214,0.01493991,8.120358,8.300736,0.6971234
-0.4358184,-0.1998672,-0.0144732,8.311505,8.300113,0.6995379
-0.4937182,-0.2208647,0.01195304,8.120266,8.501274,0.6971668
-0.4520275,-0.1841668,-0.009284096,8.31148,8.500196,0.6995439
-0.4924416,-0.1774214,0.01530158,8.120053,8.702291,0.6972574
-0.4260392,-0.1513489,-0.01430702,8.311421,8.700369,0.6995566
-0.4984858,-0.155777,0.01721347,8.119548,8.904286,0.6974351
-0.4401068,-0.1320559,-0.01287469,8.311273,8.900749,0.6995828
-0.4878483,-0.1119145,0.01973283,8.1183,9.108274,0.6977651
-0.3956264,-0.1009794,-0.02175432,8.31084,9.10148,0.69963
-0.4993547,-0.1254209,0.0282643,8.115143,9.316282,0.6983175
-0.3349538,-0.04503244,-0.01258005,8.309451,9.302157,0.69971
-0.4771927,-0.1313137,0.009724327,8.108196,9.530646,0.6990137
-0.3866924,0.04438418,-0.01000554,8.306026,9.501958,0.6998143
-0.4651591,-0.1036573,0.0108274,8.089092,9.748032,0.6999119
-0.5970823,0.1062477,-0.01012793,8.260942,9.657076,0.6500419
-0.2100886,-0.03920167,0.004103306,8.054111,9.87798,0.6497204
-0.5539322,-0.01664797,-0.001134225,8.25225,9.854601,0.6498707
-0.4121646,-0.8785905,0.005774808,8.115372,5.099848,0.8984518
-0.3462354,-0.7910827,-0.001924364,8.307421,5.102562,0.8997488
-0.4301255,-0.8610112,0.003679209,8.119367,5.299957,0.898446
-0.4080671,-0.6753465,-0.000857127,8.310591,5.30104,0.8997356
-0.4681024,-0.7763481,0.003985497,8.12113,5.499993,0.8984533
-0.425729,-0.619435,-0.002083077,8.311691,5.500122,0.8997533
-0.474043,-0.7501162,0.003064058,8.121807,5.700013,0.898463
-0.4471931,-0.5698143,-0.002378299,8.311982,5.700041,0.8997677
-0.485628,-0.6867995,0.003446967,8.122068,5.900018,0.8984733
-0.4468677,-0.5392648,-0.0007569805,8.312064,5.900032,0.8997766
-0.4854498,-0.6572146,0.003232404,8.12217,6.100016,0.8984854
-0.4480986,-0.5041356,-0.002521517,8.312092,6.100019,0.8997823
-0.4893417,-0.6117706,0.004231608,8.122203,6.300014,0.8985011
-0.4506778,-0.471953,-0.001793942,8.312101,6.30001,0.8997867
-0.4909602,-0.5751231,0.004093355,8.1222,6.500016,0.8985198
-0.4509136,-0.4459907,-0.003017274,8.312101,6.500007,0.8997914
-0.4955275,-0.5382534,0.004101576,8.122173,6.700022,0.8985374
-0.4483686,-0.412366,-0.00287915,8.312095,6.700006,0.8997957
-0.4950219,-0.5017463,0.004819444,8.122128,6.900034,0.8985486
-0.4525528,-0.3901419,-0.003127729,8.312084,6.900008,0.8997988
-0.498859,-0.467508,0.005090094,8.12207,7.100052,0.8985493
-0.4496769,-0.3588855,-0.004292212,8.312071,7.100011,0.8997997
-0.496008,-0.4312247,0.004412547,8.122007,7.300082,0.8985394
-0.4541274,-0.3367727,-0.003302484,8.312056,7.300016,0.8997981
-0.5004965,-0.39703,0.00612409,8.121947,7.500131,0.8985228
-0.4511926,-0.3070143,-0.005737991,8.312042,7.500024,0.899795
-0.4962516,-0.362357,0.004216038,8.121896,7.700213,0.8985054
-0.4562096,-0.2860704,-0.001020909,8.312029,7.700037,0.8997922
-0.4997927,-0.3269252,0.008271519,8.121854,7.900349,0.8984931
-0.4502214,-0.2550746,-0.008472454,8.312019,7.900058,0.8997902
-0.492191,-0.2919892,0.003745517,8.121813,8.100577,0.8984909
-0.4598649,-0.2353382,0.0008899508,8.312008,8.100093,0.8997897
-0.4955364,-0.2521492,0.01241654,8.121754,8.300966,0.8985038
-0.4474361,-0.2046247,-0.01132054,8.311993,8.300151,0.8997912
-0.4924681,-0.2244537,0.005089164,8.121638,8.501653,0.8985394
-0.4613542,-0.1798483,-0.004824453,8.311962,8.500258,0.899796
-0.4962181,-0.1776321,0.01399224,8.121379,8.702912,0.898609
-0.4585404,-0.157378,-0.015053,8.311892,8.700471,0.8998052
-0.4998437,-0.1517887,0.007147453,8.120781,8.905293,0.89873
-0.4474828,-0.1365976,-0.003220413,8.311721,8.900919,0.8998207
-0.4927912,-0.1066171,0.02033309,8.119359,9.109846,0.8989213
-0.4217477,-0.1066249,-0.02077475,8.311243,9.101754,0.8998451
-0.5060477,-0.1201102,0.0114483,8.115912,9.318503,0.8991806
-0.3297066,-0.05457094,0.006181594,8.30977,9.302551,0.8998797
-0.4814605,-0.144624,0.003441877,8.108616,9.533063,0.8994302
-0.4178859,0.06069866,-0.005381983,8.306241,9.502321,0.8999137
-0.4568523,-0.1004968,0.003220151,8.089206,9.749431,0.8996077
-0.605242,0.1096928,-0.00670082,8.261087,9.657462,0.8501323
-0.2106267,-0.03947662,0.002517846,8.053885,9.87824,0.8489314
-0.550685,-0.009216279,-0.001109327,8.252351,9.854664,0.8499669
-0.411048,-0.8805436,0.004423905,8.115771,5.099824,1.099193
-0.3501078,-0.8005846,-0.000787932,8.307523,5.102549,1.099879
-0.4299042,-0.8641627,0.002374116,8.119877,5.299943,1.099198
-0.4114944,-0.6751499,-0.001497423,8.310732,5.301036,1.099881
-0.4667743,-0.7823323,0.004315057,8.121712,5.499987,1.099206
-0.4376124,-0.6238795,-0.001067086,8.311853,5.500124,1.099895
-0.4740041,-0.7492238,0.001402158,8.122432,5.700013,1.099214
-0.4512815,-0.5708255,-0.001875794,8.312155,5.700044,1.099905
-0.4865568,-0.6886042,0.002628021,8.122717,5.900019,1.099221
-0.4527448,-0.541422,0.0008309734,8.312243,5.900034,1.099911
-0.4860144,-0.65615,0.001932485,8.122832,6.100017,1.099229
-0.4517077,-0.5046447,-0.001992941,8.312274,6.10002,1.099915
-0.4903855,-0.6108288,0.0027915,8.122873,6.300016,1.09924
-0.4547217,-0.4719941,-0.0006950752,8.312285,6.300011,1.099917
-0.4915579,-0.5737488,0.002865781,8.122876,6.500018,1.099252
-0.4535549,-0.446433,-0.002341644,8.312286,6.500007,1.09992
-0.4979406,-0.5362657,0.00321289,8.122853,6.700026,1.099265
-0.444887,-0.4067828,-0.001454751,8.312281,6.700007,1.099923
-0.4962014,-0.4984873,0.0040258,8.12281,6.90004,1.099273
-0.4556188,-0.3938368,-0.001794034,8.312271,6.900009,1.099926
-0.5025395,-0.4607411,0.002580085,8.12275,7.100062,1.099275
-0.4339641,-0.3501259,-0.001472154,8.312257,7.100013,1.099926
-0.4989889,-0.4288403,0.003108789,8.122679,7.300098,1.099269
-0.4581677,-0.3398997,-0.001943908,8.312241,7.300019,1.099926
-0.5049198,-0.3913481,0.002800685,8.122606,7.500156,1.099258
-0.4283883,-0.2984854,-0.001272335,8.312224,7.500029,1.099924
-0.4996877,-0.3608783,0.002372276,8.122538,7.700253,1.099244
-0.4622889,-0.2867084,-0.00162364,8.312207,7.700045,1.099921
-0.5039914,-0.3204746,0.001415253,8.122478,7.900413,1.099233
-0.4279352,-0.2486268,-0.001137262,8.312193,7.90007,1.099919
-0.4967652,-0.2909046,0.00300146,8.12242,8.100681,1.099228
-0.4672032,-0.2371965,-0.0003965311,8.312178,8.10011,1.099918
-0.5000416,-0.2480657,0.001957297,8.122344,8.301135,1.099236
-0.4272687,-0.1995952,-0.001632398,8.312159,8.300179,1.099919
-0.4954937,-0.2189987,0.002412314,8.122208,8.501922,1.099259
-0.4682841,-0.1880034,-0.0006632941,8.312123,8.500302,1.099923
-0.5016222,-0.1745318,0.004552437,8.12192,8.703331,1.099304
-0.4249271,-0.1531308,-0.002884517,8.312046,8.70054,1.099928
-0.4991832,-0.1488672,0.001823347,8.121273,8.905919,1.099377
-0.4604312,-0.1431845,0.0009505201,8.311864,8.901025,1.099937
-0.4964934,-0.1019396,0.01204035,8.119774,9.110716,1.099478
-0.3769203,-0.1006885,-0.004800434,8.311367,9.101907,1.099948
-0.5149236,-0.1178483,0.003445078,8.116223,9.319558,1.099597
-0.3530571,-0.04555595,0.0100967,8.309868,9.302747,1.099958
-0.4772744,-0.139357,0.001008146,8.108837,9.533985,1.099702
-0.3977896,0.06054851,-0.003371441,8.306316,9.502474,1.099965
-0.45699,-0.1044986,0.001700038,8.089404,9.749783,1.099802
-0.6069154,0.1185194,-0.002329821,8.26114,9.657589,1.050172
-0.2112581,-0.04071376,0.001052343,8.053966,9.878263,1.049066
-0.5532604,-0.00727016,-0.0007719821,8.252329,9.854677,1.050005
-0.4136334,-0.8735726,0.001272327,8.11594,5.099811,1.299653
-0.3487805,-0.7927258,-1.762486e-06,8.307563,5.102544,1.299949
-0.4314916,-0.8618288,0.0006801531,8.12009,5.299936,1.299657
-0.4121123,-0.6753546,-0.0001947286,8.310787,5.301034,1.299952
-0.4710922,-0.7720607,0.0005694358,8.121956,5.499984,1.299663
-0.4293495,-0.6186673,0.0004024998,8.311915,5.500125,1.29996
-0.4763767,-0.7521969,0.0003848928,8.122696,5.700012,1.299668
-0.4528933,-0.5664106,-1.279558e-05,8.312222,5.700046,1.299964
-0.4931723,-0.6805781,0.0005242226,8.122993,5.900019,1.299672
-0.4534307,-0.5405411,0.0008999073,8.312313,5.900035,1.299967
-0.4862161,-0.656791,0.0003490045,8.123115,6.100018,1.299677
-0.4512202,-0.5044454,-0.000789838,8.312346,6.10002,1.299969
-0.491765,-0.6081883,0.0009172704,8.123163,6.300016,1.299683
-0.4545534,-0.4716938,-0.0001253033,8.312358,6.300011,1.299971
-0.4919383,-0.5747892,0.0009249104,8.123172,6.500019,1.29969
-0.4532389,-0.4451295,-0.001073492,8.31236,6.500007,1.299972
-0.497382,-0.5366508,0.0009011087,8.123157,6.700028,1.299697
-0.4522188,-0.410262,-0.0008186637,8.312357,6.700007,1.299974
-0.4962545,-0.4983064,0.001325428,8.123121,6.900043,1.299703
-0.4554003,-0.3920246,-0.001016656,8.312349,6.90001,1.299975
-0.502832,-0.4635033,0.0008816779,8.123066,7.100067,1.299705
-0.4468472,-0.35465,-0.001280023,8.312336,7.100014,1.299976
-0.4981526,-0.428902,0.001188445,8.122997,7.300106,1.299701
-0.4572973,-0.3371866,-0.001145035,8.31232,7.300021,1.299975
-0.5054134,-0.3940057,0.001042521,8.122918,7.50017,1.299693
-0.4445107,-0.3030521,-0.001702191,8.312302,7.500032,1.299974
-0.4981138,-0.3631824,0.0008225394,8.122838,7.700275,1.299682
-0.4600332,-0.2811224,-0.001220539,8.312283,7.700049,1.299972
-0.5035657,-0.3252754,0.002045051,8.122762,7.900449,1.299671
-0.4559523,-0.2547866,-0.002188046,8.312265,7.900076,1.29997
-0.4938474,-0.2924974,0.001365327,8.122686,8.10074,1.299664
-0.4654617,-0.2355919,-0.0003886377,8.312246,8.100121,1.299968
-0.4981167,-0.2523932,0.003270968,8.122593,8.30123,1.299664
-0.4586418,-0.2067526,-0.003178162,8.312223,8.300195,1.299968
-0.4915839,-0.2214539,0.0006192583,8.122441,8.502071,1.299674
-0.466779,-0.1874274,-0.001727594,8.312184,8.500327,1.29997
-0.4998471,-0.1797158,0.007161807,8.122135,8.703557,1.299696
-0.4626044,-0.1574912,-0.006810497,8.312103,8.700578,1.299973
-0.4902912,-0.1475708,-0.001711683,8.121465,8.90624,1.299731
-0.4659073,-0.1457783,-9.343874e-05,8.311915,8.901079,1.299977
-0.5003868,-0.1001128,0.01378983,8.119935,9.111128,1.299778
-0.4097815,-0.1044914,-0.009071841,8.31141,9.101978,1.299982
-0.5154907,-0.1159951,0.001851473,8.116349,9.320006,1.299828
-0.3541866,-0.04598349,0.002898532,8.309904,9.302829,1.299985
-0.4813124,-0.1487248,0.003723896,8.108941,9.53432,1.299875
-0.4270756,0.05724365,-0.005364368,8.306345,9.502529,1.299987
-0.452738,-0.1005638,0.0007405355,8.089497,9.749885,1.29993
-0.6060655,0.1013755,0.002569168,8.261156,9.657631,1.25019
-0.2100974,-0.04145742,0.0001842141,8.054011,9.878263,1.249156
-0.5546732,-0.01065431,0.0003405421,8.252329,9.854677,1.250014
-0.4132441,-0.8757388,0.0007334073,8.115987,5.099804,1.500003
-0.3516989,-0.8012728,-0.0001994124,8.307573,5.102542,1.500001
-0.4302153,-0.8653456,-0.0002746916,8.120149,5.299932,1.500004
-0.413363,-0.6734813,-0.0006480546,8.310801,5.301034,1.500001
-0.4674822,-0.7799976,0.0002271585,8.122024,5.499983,1.500006
-0.4425642,-0.6272715,0.00158246,8.311932,5.500125,1.500002
-0.4747382,-0.7489009,0.0008573039,8.12277,5.700011,1.500008
-0.4520712,-0.5707446,0.00110074,8.31224,5.700046,1.500003
-0.4904759,-0.6858684,0.0004178309,8.123071,5.900019,1.50001
-0.4538897,-0.5420879,0.0007434664,8.312332,5.900035,1.500003
-0.4859638,-0.6564867,0.000416533,8.123197,6.100018,1.500013
-0.4525348,-0.505179,0.0006894813,8.312366,6.100021,1.500004
-0.491282,-0.6094702,0.000258006,8.123248,6.300017,1.500017
-0.4556473,-0.4719482,0.0008398702,8.312378,6.300011,1.500005
-0.4918647,-0.5739758,-4.757766e-05,8.123262,6.50002,1.500021
-0.4539483,-0.4461983,0.0001672198,8.312382,6.500007,1.500006
-0.4986675,-0.5354355,-0.0009462911,8.123255,6.700028,1.500025
-0.4468019,-0.406495,0.0005600304,8.31238,6.700007,1.500007
-0.4968832,-0.4975159,-0.0007471988,8.123229,6.900043,1.500029
-0.4568996,-0.3943197,0.0008114375,8.312375,6.900009,1.500008
-0.503216,-0.4586527,-0.0001325776,8.123184,7.100068,1.50003
-0.4340957,-0.3496541,0.0001725852,8.312364,7.100014,1.500008
-0.5001078,-0.4278246,0.0002147964,8.123123,7.300108,1.500026
-0.4595845,-0.3398899,0.001414643,8.312351,7.300021,1.500007
-0.5060318,-0.3883613,-4.953345e-05,8.123048,7.500173,1.500019
-0.4277223,-0.2983009,0.000176883,8.312333,7.500032,1.500006
-0.5007187,-0.3602653,0.0004844965,8.122964,7.700279,1.500008
-0.4621984,-0.2858574,0.001737416,8.312314,7.70005,1.500003
-0.5065967,-0.3198008,-8.574779e-06,8.122877,7.900455,1.499996
-0.4291615,-0.2488181,2.478253e-05,8.312293,7.900077,1.5
-0.4978206,-0.2901842,0.0004145815,8.122786,8.100749,1.499984
-0.4690695,-0.2385356,0.000918553,8.312271,8.100122,1.499998
-0.5014887,-0.2480004,-3.950503e-05,8.122677,8.301247,1.499975
-0.431332,-0.201105,-1.704715e-05,8.312244,8.300198,1.499996
-0.4944611,-0.2154818,0.0001028741,8.122511,8.502102,1.499971
-0.4705206,-0.1952018,0.0005828778,8.312202,8.500332,1.499995
-0.5029813,-0.1764019,-7.507326e-06,8.122194,8.70361,1.499971
-0.4194042,-0.1539473,-4.802558e-06,8.312118,8.700586,1.499996
-0.4921912,-0.1435341,-1.374935e-05,8.121515,8.90632,1.499975
-0.4725734,-0.151248,0.0001054426,8.311928,8.901092,1.499996
-0.5005412,-0.09961439,2.481782e-05,8.119976,9.111234,1.499982
-0.3492483,-0.1029359,8.96509e-06,8.311421,9.101997,1.499997
-0.5134213,-0.1239298,1.588145e-05,8.116383,9.32012,1.499989
-0.3600691,-0.03216572,0.0004085729,8.309913,9.30285,1.499999
-0.4785507,-0.1427863,3.847081e-05,8.10897,9.534401,1.499995
-0.3880003,0.05634992,4.215872e-06,8.306353,9.502543,1.499999
-0.4544723,-0.1079779,-6.501674e-05,8.089521,9.749908,1.499999
-0.6057882,0.1177345,-0.0008637244,8.261163,9.657644,1.450199
-0.2089543,-0.04173403,0.0002523265,8.054021,9.878263,1.449182
-0.5605182,-0.009525299,0.0006391363,8.252327,9.854678,1.450013
-0.4151595,-0.8723888,0.001832393,8.115938,5.0998,1.700355
-0.3477588,-0.7876363,0.001401705,8.307561,5.102539,1.700054
-0.4324076,-0.8629862,0.002168683,8.120091,5.299931,1.700354
-0.4140011,-0.672151,0.0007277354,8.310787,5.301033,1.700052
-0.4707329,-0.772527,0.0001393443,8.121958,5.499983,1.700354
-0.4350485,-0.6215248,-0.002223494,8.311915,5.500124,1.700047
-0.4755533,-0.7512604,-0.002056481,8.122699,5.700011,1.700355
-0.4521153,-0.5672477,-0.002150276,8.312222,5.700045,1.700044
-0.4929491,-0.680823,-0.0003009214,8.122998,5.900019,1.700356
-0.4527907,-0.5410337,-0.002109179,8.312313,5.900035,1.700043
-0.4858921,-0.6570979,-0.001179519,8.123123,6.100018,1.700357
-0.4507754,-0.5044177,-0.0007159084,8.312347,6.100021,1.700043
-0.4912118,-0.6088242,-0.0008825536,8.123175,6.300016,1.70036
-0.4534172,-0.4719093,-0.00143681,8.31236,6.300011,1.700044
-0.4916368,-0.5765719,-0.0009999996,8.123193,6.500019,1.700364
-0.4531378,-0.4428954,9.997424e-05,8.312364,6.500007,1.700045
-0.4945258,-0.5377304,-0.0006850729,8.123192,6.700027,1.700368
-0.4560545,-0.4136978,-0.001825373,8.312364,6.700007,1.700047
-0.4952721,-0.5021355,-0.001809847,8.123175,6.900041,1.700371
-0.4545516,-0.3885756,-0.0005721463,8.312361,6.900009,1.700048
-0.4979681,-0.4674846,-0.001595721,8.123143,7.100065,1.700371
-0.455294,-0.3593093,-0.001126608,8.312354,7.100013,1.700049
-0.4966139,-0.4309621,-0.001664849,8.123095,7.300103,1.700367
-0.4565371,-0.3355542,-0.0003887462,8.312343,7.30002,1.700048
-0.5005338,-0.3961689,-0.001840706,8.12303,7.500164,1.700359
-0.4553966,-0.3072357,-0.001039503,8.312328,7.50003,1.700045
-0.4964228,-0.3620933,-0.001842214,8.122951,7.700265,1.700346
-0.4592625,-0.2839917,-0.0006203772,8.312309,7.700047,1.700041
-0.5003681,-0.3253692,-0.002040182,8.122861,7.900432,1.700329
-0.4599728,-0.2565038,-0.001054064,8.312288,7.900073,1.700037
-0.4931713,-0.29076,-0.001725729,8.122762,8.100712,1.70031
-0.4645422,-0.2378683,-0.001336384,8.312265,8.100115,1.700031
-0.4970203,-0.2525789,-0.002429265,8.122642,8.30119,1.70029
-0.4601739,-0.2074397,0.0004125547,8.312235,8.300188,1.700027
-0.4912175,-0.2197536,-0.001210084,8.122466,8.50202,1.700269
-0.4660657,-0.1901082,0.0008132402,8.31219,8.500317,1.700023
-0.4998729,-0.1798335,-0.006167835,8.122144,8.703499,1.700246
-0.459909,-0.1577514,0.003372901,8.312105,8.700567,1.70002
-0.4899675,-0.1478298,0.00101467,8.121465,8.906184,1.700219
-0.4658425,-0.1457936,-0.001157731,8.311915,8.901068,1.700017
-0.5007487,-0.100221,-0.01305414,8.119933,9.111083,1.700186
-0.408536,-0.1045554,0.00674198,8.31141,9.101971,1.700015
-0.514295,-0.1172781,-0.002633579,8.116349,9.31998,1.70015
-0.3538664,-0.04509552,-0.003147799,8.309904,9.302828,1.700013
-0.481445,-0.1484843,-0.004559464,8.108942,9.534313,1.700115
-0.4261259,0.05634998,0.005654851,8.306346,9.502534,1.700012
-0.453674,-0.1018485,-0.0007318132,8.089499,9.749885,1.700067
-0.6044677,0.09810217,0.003249094,8.261166,9.657644,1.650204
-0.250578,-0.01281576,0.02232253,8.054022,9.878262,1.649193
-0.5643648,-0.008577654,-0.002458618,8.252321,9.854681,1.650013
-0.4120465,-0.8762912,-0.001410887,8.115766,5.099801,1.900821
-0.349291,-0.7938625,0.003768541,8.30752,5.102537,1.900127
-0.4297026,-0.8627237,-0.000253876,8.119878,5.299935,1.900824
-0.4112588,-0.6769276,0.004604048,8.310732,5.301033,1.90013
-0.4696643,-0.7736675,-0.001034135,8.121717,5.499985,1.900826
-0.4285271,-0.619055,0.002211925,8.311853,5.500124,1.900122
-0.4759038,-0.7526529,0.0002336497,8.12244,5.700012,1.900828
-0.4525301,-0.5679396,0.003413326,8.312156,5.700045,1.900118
-0.4895771,-0.6836129,-0.001386989,8.122729,5.900019,1.900831
-0.4529087,-0.5403394,0.0009254237,8.312245,5.900034,1.900116
-0.4867048,-0.6572739,-0.0006163742,8.122849,6.100017,1.900832
-0.4514216,-0.5046345,0.003952028,8.312277,6.10002,1.900115
-0.4909794,-0.6104863,-0.00261083,8.122899,6.300015,1.900837
-0.4555552,-0.4710306,0.003139614,8.31229,6.300011,1.900117
-0.4919784,-0.5733021,-0.00230611,8.122919,6.500017,1.900844
-0.4541525,-0.4477498,0.00461761,8.312294,6.500007,1.900121
-0.4995735,-0.5354139,-0.003200261,8.122924,6.700024,1.900851
-0.4416286,-0.404633,0.003679429,8.312295,6.700006,1.900127
-0.497424,-0.4989171,-0.003642518,8.122916,6.900037,1.900856
-0.4578144,-0.3944301,0.004826853,8.312294,6.900008,1.900131
-0.5027692,-0.4589529,-0.002600804,8.122895,7.100058,1.900857
-0.4329652,-0.3497636,0.00243234,8.312289,7.100011,1.900132
-0.5001532,-0.4287228,-0.003307424,8.12286,7.300092,1.900852
-0.4601354,-0.3400784,0.005068661,8.312282,7.300017,1.900131
-0.5050899,-0.3888991,-0.001549412,8.12281,7.500146,1.900841
-0.4275982,-0.2984109,0.001516675,8.31227,7.500027,1.900126
-0.5006106,-0.3607479,-0.002281874,8.122742,7.700235,1.900822
-0.4632745,-0.2861491,0.004164456,8.312254,7.700041,1.900118
-0.5037885,-0.3202056,-0.001520547,8.122658,7.900383,1.900797
-0.4280649,-0.2485524,0.001214709,8.312235,7.900064,1.900108
-0.4975987,-0.2898389,-0.002336282,8.12256,8.100632,1.900767
-0.4681349,-0.236857,0.00226971,8.312212,8.100101,1.900097
-0.5005819,-0.2477669,-0.001764784,8.122438,8.301064,1.900733
-0.4272019,-0.1996062,0.00169033,8.312182,8.300166,1.900087
-0.4956365,-0.2188854,-0.002772015,8.122261,8.50183,1.900693
-0.4687512,-0.188271,0.002795861,8.312137,8.500285,1.900078
-0.5017031,-0.1745704,-0.004571555,8.121943,8.703226,1.900644
-0.4243451,-0.1530839,0.00274275,8.312053,8.70052,1.900072
-0.4991774,-0.1492093,-0.001911718,8.12128,8.905816,1.900578
-0.4613939,-0.1419314,-0.0003079691,8.311866,8.901007,1.900065
-0.496908,-0.1019614,-0.01155929,8.119776,9.110635,1.900489
-0.3762353,-0.1006427,0.004737492,8.311367,9.101898,1.900057
-0.5139061,-0.119972,-0.00367525,8.116229,9.319521,1.900385
-0.3533322,-0.04247142,-0.006707473,8.309871,9.30276,1.900047
-0.4771695,-0.138922,-0.002055443,8.108854,9.533996,1.900291
-0.3993795,0.06017935,0.004182157,8.306324,9.502513,1.900037
-0.4581606,-0.1056121,-0.001761114,8.089424,9.749805,1.900197
-0.6049497,0.1084934,-0.0009032521,8.261168,9.657653,1.85021
-0.2459694,-0.0162365,0.0003515345,8.054016,9.878263,1.849239
-0.565428,-0.008392895,-0.003760515,8.252338,9.854682,1.850012
-0.4089896,-0.879115,-0.005485318,8.115369,5.099818,2.101576
-0.3452288,-0.7947125,0.004556521,8.307417,5.102547,2.100266
-0.42867,-0.8625468,-0.002272813,8.119373,5.299947,2.101599
-0.4076312,-0.6776212,0.003545873,8.310591,5.301037,2.100294
-0.4663646,-0.7817167,-0.004487803,8.121143,5.499989,2.101614
-0.4292006,-0.6216082,0.002269594,8.311693,5.500122,2.100294
-0.4714577,-0.751447,-0.002770834,8.121827,5.700013,2.101628
-0.4482298,-0.5688572,0.0004447333,8.311986,5.700042,2.100298
-0.4826659,-0.6907133,-0.003712395,8.122094,5.900018,2.101635
-0.4510622,-0.5412586,-0.0009781305,8.312069,5.900032,2.100299
-0.4837255,-0.6573404,-0.002889265,8.122203,6.100015,2.101637
-0.4504573,-0.5037876,0.0003379768,8.312099,6.100019,2.100295
-0.4871523,-0.612359,-0.003680453,8.12225,6.300014,2.101645
-0.4538076,-0.473405,-0.0006308231,8.31211,6.300011,2.1003
-0.4888059,-0.5769078,-0.004041261,8.122272,6.500015,2.101661
-0.4547404,-0.4439027,0.0003358367,8.312116,6.500007,2.100314
-0.4910145,-0.5381603,-0.003944853,8.122282,6.70002,2.101679
-0.4574281,-0.4166853,-0.0008114198,8.312118,6.700006,2.100331
-0.4921551,-0.5032017,-0.004842121,8.122282,6.90003,2.101692
-0.4574499,-0.3895185,-0.0001930619,8.312118,6.900006,2.100344
-0.4924453,-0.4669214,-0.004655456,8.122273,7.100047,2.101696
-0.4590544,-0.3644784,-0.0004387013,8.312117,7.100009,2.100348
-0.4928269,-0.4317083,-0.004627401,8.122251,7.300075,2.101689
-0.4579897,-0.3382086,-0.0005863267,8.312112,7.300014,2.100345
-0.4940624,-0.3959059,-0.004858788,8.122214,7.50012,2.101671
-0.4592786,-0.3122029,-0.000370667,8.312104,7.500021,2.100334
-0.4948823,-0.3612282,-0.003957303,8.12216,7.700193,2.101642
-0.4561391,-0.2891223,-0.001558103,8.312092,7.700033,2.100316
-0.4952539,-0.3258125,-0.005584973,8.122088,7.900313,2.101603
-0.4607643,-0.2600077,0.001707726,8.312075,7.900052,2.100293
-0.4914327,-0.2876338,-0.004614347,8.121998,8.100519,2.101555
-0.4561903,-0.2442813,-0.002954311,8.312053,8.100081,2.100267
-0.4957578,-0.2528821,-0.008194921,8.121883,8.300881,2.101502
-0.4454688,-0.2046121,0.004712818,8.312025,8.300135,2.100244
-0.4908785,-0.2241701,-0.006440973,8.121717,8.50154,2.101443
-0.4621282,-0.1813082,0.004068624,8.311983,8.500236,2.10023
-0.4971216,-0.1775624,-0.01085575,8.121423,8.702779,2.101365
-0.4580532,-0.1584274,0.008227938,8.311904,8.700446,2.10022
-0.4966655,-0.1538874,-0.008046918,8.120805,8.905161,2.101248
-0.4461441,-0.1354557,0.001809733,8.311728,8.900899,2.100208
-0.4927982,-0.107151,-0.01690839,8.119378,9.10975,2.101069
-0.4218416,-0.1051038,0.015221,8.311249,9.101756,2.100189
-0.5049589,-0.1240098,-0.01331858,8.115944,9.31849,2.100822
-0.3331963,-0.04876217,-0.005013626,8.309783,9.302616,2.100154
-0.4786329,-0.1426626,-0.00378794,8.108696,9.53317,2.100582
-0.4287264,0.06110547,0.007242911,8.306287,9.502528,2.100113
-0.4599091,-0.09961895,-0.003608177,8.089361,9.749552,2.100414
-0.6053914,0.09132309,0.002758513,8.261237,9.65778,2.050219
-0.2470951,-0.0156029,-0.008510386,8.054029,9.878263,2.049382
-0.5654439,-0.01149874,-0.006980483,8.252519,9.854741,2.050018
-0.4073235,-0.8793696,-0.01160014,8.114469,5.099858,2.302955
-0.345167,-0.8043279,0.01241397,8.307129,5.102557,2.300542
-0.4274607,-0.8615498,-0.004602444,8.118194,5.299968,2.303027
-0.4043363,-0.6827539,0.01574179,8.310182,5.301026,2.300614
-0.4665975,-0.778985,-0.009228832,8.119809,5.499997,2.303075
-0.4240302,-0.6237665,0.0115498,8.311228,5.500115,2.300634
-0.4744561,-0.7512551,-0.00265448,8.12042,5.700014,2.303119
-0.4467445,-0.5739321,0.01581593,8.311499,5.700038,2.300671
-0.4841451,-0.6877254,-0.006442574,8.12065,5.900015,2.303137
-0.4466193,-0.5419072,0.0114006,8.311573,5.900027,2.300684
-0.4847836,-0.657792,-0.005814578,8.120737,6.100013,2.303135
-0.4461427,-0.5061566,0.01203598,8.311596,6.100016,2.300668
-0.4888573,-0.6130837,-0.007234004,8.120778,6.300011,2.303149
-0.4490552,-0.4716077,0.0111297,8.311607,6.30001,2.300679
-0.4899438,-0.573977,-0.006247892,8.120807,6.500011,2.303186
-0.4504701,-0.4506147,0.01184938,8.311616,6.500006,2.300722
-0.4970929,-0.5364612,-0.006515432,8.120828,6.700015,2.303229
-0.433614,-0.4056353,0.01033127,8.311623,6.700005,2.30077
-0.4949026,-0.500716,-0.006435013,8.120841,6.900022,2.30326
-0.4543211,-0.3960006,0.01097326,8.311628,6.900005,2.300805
-0.4982703,-0.4594995,-0.005818949,8.120845,7.100034,2.30327
-0.4271547,-0.3510283,0.009161516,8.311631,7.100006,2.300817
-0.4968476,-0.4300725,-0.006694011,8.120836,7.300055,2.303259
-0.4555902,-0.3408655,0.01045633,8.31163,7.30001,2.30081
-0.499532,-0.3887854,-0.005291321,8.120809,7.500089,2.303228
-0.4216329,-0.2990091,0.008474177,8.311624,7.500015,2.300784
-0.4968187,-0.3615606,-0.008006094,8.120762,7.700142,2.303177
-0.4540013,-0.2845378,0.009892164,8.311612,7.700023,2.300738
-0.4988162,-0.3199277,-0.006358008,8.120698,7.900231,2.303112
-0.4216963,-0.2483103,0.009061072,8.311596,7.900037,2.300682
-0.4960849,-0.2900659,-0.01094672,8.120616,8.100383,2.303036
-0.454288,-0.23268,0.009196542,8.311574,8.100058,2.300621
-0.4956036,-0.251114,-0.01205872,8.120513,8.300656,2.302954
-0.418185,-0.1970268,0.01020946,8.311547,8.300097,2.300565
-0.4928827,-0.2225774,-0.0130417,8.120373,8.501166,2.302878
-0.4601456,-0.1826089,0.01402361,8.31151,8.500176,2.30054
-0.4951246,-0.1769561,-0.01229387,8.12013,8.70216,2.302781
-0.4168751,-0.149716,0.0120337,8.311444,8.700345,2.300533
-0.498825,-0.158272,-0.01862609,8.119607,8.904155,2.302609
-0.447031,-0.1306472,0.01567862,8.311292,8.900733,2.300517
-0.4886603,-0.1122366,-0.01773356,8.118358,9.108193,2.302294
-0.3856631,-0.09987616,0.01866731,8.310861,9.101506,2.300486
-0.4973801,-0.1288188,-0.02765489,8.115227,9.316325,2.301746
-0.3467738,-0.0371398,0.01442154,8.309487,9.302303,2.3004
-0.4747304,-0.127372,-0.007500013,8.108397,9.530927,2.301038
-0.3923288,0.04631177,0.01063703,8.30615,9.502512,2.30026
-0.4675986,-0.1018403,-0.008762602,8.089587,9.748372,2.300128
-0.5998293,0.1039185,0.00170023,8.261503,9.658247,2.250258
-0.2594035,-0.01490781,-0.008687725,8.05425,9.878223,2.24945
-0.5522729,0.007422889,0.001948916,8.254398,9.855331,2.250167
-0.3925625,-0.8892106,-0.01526289,8.112325,5.099913,2.505666
-0.3508133,-0.8467788,0.01453622,8.306145,5.102382,2.500839
-0.4111555,-0.8620939,-0.01332739,8.115342,5.299992,2.505802
-0.3864543,-0.6801303,0.008892296,8.308817,5.300862,2.500694
-0.4493717,-0.7897976,-0.01639256,8.116623,5.500005,2.505901
-0.4281587,-0.6499575,0.01306503,8.309679,5.500093,2.500642
-0.4574952,-0.7468075,-0.01213911,8.11712,5.700015,2.506012
-0.4230122,-0.5848197,0.006363818,8.30992,5.700032,2.500782
-0.4663299,-0.6969373,-0.013425,8.117297,5.900009,2.506051
-0.4341916,-0.5515896,0.006778807,8.309982,5.900018,2.500823
-0.4704276,-0.655101,-0.01124059,8.117337,6.100007,2.506021
-0.4335788,-0.5123686,0.007142312,8.309984,6.10001,2.500751
-0.4738809,-0.6141135,-0.01403994,8.11737,6.300009,2.50604
-0.4357599,-0.480496,0.008665165,8.309994,6.30001,2.500771
-0.4764532,-0.5762355,-0.01363652,8.117425,6.500006,2.50612
-0.4361165,-0.4511314,0.005830502,8.310019,6.500001,2.500888
-0.4779885,-0.5396613,-0.01490288,8.117481,6.700008,2.506211
-0.4381701,-0.4238548,0.008702882,8.310044,6.700002,2.501015
-0.4781909,-0.5046095,-0.01375779,8.117522,6.900012,2.506275
-0.4381815,-0.3973188,0.005749979,8.310064,6.900001,2.501105
-0.478008,-0.4693606,-0.01453899,8.117553,7.100021,2.506289
-0.4407122,-0.3705602,0.0091587,8.310084,7.099998,2.501126
-0.4768166,-0.4346232,-0.01360626,8.117564,7.300035,2.506268
-0.4396396,-0.3441754,0.005729825,8.310096,7.300006,2.501107
-0.4774921,-0.3987566,-0.01512675,8.117535,7.500056,2.506218
-0.4417353,-0.3165284,0.01003671,8.310087,7.50001,2.50105
-0.4759866,-0.3641132,-0.01526477,8.117476,7.700089,2.506129
-0.4396412,-0.2890492,0.008908011,8.310064,7.700013,2.500937
-0.477634,-0.3281446,-0.01755929,8.1174,7.900147,2.506023
-0.4420852,-0.262692,0.01471696,8.310036,7.900027,2.500811
-0.4762079,-0.2928613,-0.01369193,8.117304,8.100238,2.505898
-0.4411748,-0.234467,0.007864547,8.31,8.100035,2.500667
-0.4775487,-0.2578978,-0.01967604,8.117195,8.300411,2.505772
-0.4424545,-0.2086068,0.02359697,8.30996,8.30006,2.500525
-0.4785978,-0.2258104,-0.01869062,8.117092,8.500744,2.505691
-0.4420185,-0.1817861,0.0161802,8.309931,8.500114,2.500491
-0.4793332,-0.1874672,-0.02011892,8.116935,8.701406,2.505603
-0.4429844,-0.155929,0.0246788,8.30989,8.700225,2.500508
-0.4858472,-0.1611357,-0.02422216,8.116573,8.902797,2.505402
-0.4354653,-0.126499,0.02038972,8.309778,8.900507,2.500492
-0.4814119,-0.1230511,-0.02266572,8.115671,9.105769,2.504955
-0.4171255,-0.1011204,0.03037206,8.309449,9.101107,2.500476
-0.4817096,-0.1248369,-0.04279512,8.113242,9.312209,2.503922
-0.349618,-0.03799356,0.02866369,8.308337,9.301764,2.500436
-0.4709233,-0.1291385,-0.0165339,8.107483,9.52545,2.502046
-0.4158616,0.03043594,0.02416599,8.305404,9.502081,2.500329
-0.4511926,-0.09367716,-0.01164123,8.091627,9.742807,2.495112
-0.6067348,0.07177034,0.01153113,8.261509,9.658135,2.450405
-0.2700663,-0.01017117,-0.007504824,8.054173,9.877654,2.447051
-0.5472906,0.02384043,0.003404348,8.255322,9.855597,2.450223
-0.3941041,-0.8894818,-0.03601296,8.108007,5.099923,2.710317
-0.337091,-0.8135425,0.04936516,8.30319,5.101385,2.701583
-0.4201176,-0.8617436,-0.03353815,8.109588,5.299998,2.710408
-0.3894757,-0.6964478,0.03970846,8.304616,5.300482,2.700854
-0.4499894,-0.7842093,-0.03235737,8.110332,5.500011,2.710526
-0.4039755,-0.6442774,0.04985365,8.305197,5.500059,2.700825
-0.461417,-0.7503404,-0.03082242,8.110786,5.700021,2.710774
-0.4187209,-0.592562,0.04959583,8.305525,5.70004,2.701445
-0.4687374,-0.695021,-0.03090882,8.110913,5.899994,2.710832
-0.4155256,-0.5519396,0.04761696,8.305587,5.899989,2.701543
-0.4722386,-0.6630836,-0.03239256,8.110805,6.099993,2.710695
-0.4151002,-0.513746,0.04672555,8.305454,6.09999,2.701127
-0.475136,-0.6186246,-0.03139195,8.110827,6.300011,2.710708
-0.4267786,-0.4854545,0.04965219,8.305462,6.300022,2.701152
-0.4776065,-0.5786264,-0.03039993,8.11098,6.500002,2.710862
-0.4241028,-0.4596496,0.05067165,8.305576,6.499994,2.701483
-0.4828406,-0.5426371,-0.02957522,8.111149,6.700005,2.711035
-0.4144492,-0.4199924,0.0504793,8.305708,6.700004,2.701867
-0.48199,-0.503657,-0.02927711,8.111258,6.900002,2.711142
-0.4245733,-0.4034117,0.04992723,8.305779,6.899995,2.702078
-0.4853204,-0.4655445,-0.02950462,8.111299,7.100009,2.711158
-0.3991091,-0.3586681,0.0480071,8.305783,7.100008,2.702136
-0.4842689,-0.4343367,-0.02956792,8.111304,7.300018,2.711134
-0.4258541,-0.3475097,0.04934683,8.30577,7.300006,2.702137
-0.4821813,-0.3929058,-0.03108106,8.111249,7.500027,2.711067
-0.3906474,-0.3047324,0.0448704,8.305738,7.500009,2.702041
-0.482278,-0.3685553,-0.03097255,8.111112,7.70004,2.710923
-0.427426,-0.2880473,0.05041954,8.305636,7.700001,2.701733
-0.4814339,-0.3246646,-0.03284137,8.110977,7.900073,2.710782
-0.3980922,-0.2560919,0.04587127,8.305562,7.90003,2.701522
-0.484103,-0.2997684,-0.03292638,8.110782,8.100102,2.710583
-0.4094457,-0.2321613,0.04699083,8.305422,8.100006,2.701126
-0.4800174,-0.2629414,-0.03609743,8.110573,8.300183,2.710376
-0.4022955,-0.200008,0.04989838,8.305269,8.300021,2.700705
-0.4798903,-0.2279991,-0.0356801,8.110515,8.500351,2.710324
-0.430965,-0.1860801,0.04986421,8.305255,8.500071,2.700696
-0.4820368,-0.1914951,-0.03667798,8.110509,8.700655,2.710324
-0.3884999,-0.148994,0.0458178,8.305307,8.700101,2.700914
-0.4845558,-0.1650568,-0.04411433,8.110337,8.901333,2.71016
-0.4175376,-0.127236,0.0485674,8.305233,8.900234,2.700841
-0.487053,-0.1356976,-0.04415376,8.10995,9.102853,2.709783
-0.3649405,-0.08769134,0.04444738,8.305102,9.100582,2.700952
-0.4791219,-0.1299883,-0.05992785,8.108706,9.306234,2.708541
-0.4022808,-0.04800634,0.0682127,8.304452,9.300902,2.701007
-0.4728578,-0.107189,-0.02585729,8.105333,9.513755,2.705086
-0.4146215,0.01935639,0.0667069,8.302852,9.501314,2.70116
-0.4554579,-0.08508344,-0.01743781,8.095437,9.725565,2.694921
-0.5410649,0.02060169,0.002393317,8.260427,9.656409,2.651341
-0.3784273,0.05702175,0.06209828,8.04603,9.869486,2.645551
-0.5628672,0.01637606,-0.0001362971,8.254739,9.854809,2.650541
-0.3553136,-0.9176575,-0.05811572,8.100364,5.099966,2.90519
-0.4075447,-0.8632907,-0.05432203,8.100719,5.299986,2.905245
-0.510267,-0.8796925,0.0764598,8.257229,5.250016,2.857453
-0.4387626,-0.7985837,-0.06039582,8.100983,5.500005,2.905312
-0.5294222,-0.80194,0.09439359,8.257341,5.449996,2.857378
-0.4547735,-0.7512353,-0.05293261,8.101612,5.700024,2.905525
-0.542594,-0.7465037,0.08479503,8.258317,5.649996,2.858328
-0.4635485,-0.7054597,-0.05604311,8.101715,5.89998,2.905561
-0.5414783,-0.6977131,0.08752738,8.258818,5.850002,2.858826
-0.4669994,-0.665772,-0.05615698,8.10133,6.099985,2.905424
-0.5461845,-0.6568863,0.09477566,8.258073,6.050032,2.858066
-0.4714535,-0.6225199,-0.05635948,8.101353,6.300018,2.905429
-0.5507045,-0.6096316,0.09966475,8.257791,6.250013,2.857784
-0.4744984,-0.584184,-0.05653007,8.10166,6.499993,2.905542
-0.5443456,-0.5736313,0.08997771,8.258391,6.449954,2.858389
-0.475988,-0.54756,-0.05877988,8.102015,6.700002,2.905673
-0.5471432,-0.538929,0.0919998,8.258852,6.649977,2.858865
-0.4767601,-0.5120906,-0.0585458,8.102202,6.899994,2.905745
-0.5480436,-0.5055994,0.08568638,8.259181,6.849975,2.859223
-0.4797443,-0.4780285,-0.06198421,8.102225,7.099993,2.905771
-0.5490958,-0.4719611,0.0964754,8.259217,7.049985,2.859283
-0.4790185,-0.4430377,-0.05882555,8.102202,7.300007,2.905776
-0.5495325,-0.4378452,0.08720525,8.259198,7.249988,2.859297
-0.4818563,-0.409682,-0.06399776,8.102115,7.50001,2.90574
-0.551642,-0.4053279,0.1008108,8.259155,7.449999,2.859246
-0.4806757,-0.3757618,-0.05808155,8.101831,7.700005,2.905638
-0.5519899,-0.3722531,0.09103917,8.258824,7.650006,2.858912
-0.4834898,-0.3388866,-0.06429774,8.101642,7.900034,2.90556
-0.5572001,-0.339427,0.1032195,8.258526,7.850038,2.858586
-0.4820476,-0.3072776,-0.06214147,8.101275,8.100014,2.90542
-0.5552866,-0.3053875,0.1022439,8.258156,8.05002,2.85819
-0.4815859,-0.2723512,-0.06498663,8.100873,8.300033,2.905273
-0.5550051,-0.2730953,0.1099837,8.257478,8.250026,2.857514
-0.479725,-0.2347074,-0.06247029,8.100861,8.500096,2.905262
-0.5618684,-0.2354963,0.1011916,8.257253,8.450025,2.857304
-0.4816711,-0.2001537,-0.07125291,8.101063,8.700147,2.905314
-0.5629768,-0.206894,0.1100026,8.257834,8.650031,2.857883
-0.4795637,-0.1687711,-0.06721407,8.100982,8.900304,2.905244
-0.5645743,-0.1686553,0.1009851,8.257659,8.850071,2.857713
-0.4808829,-0.1388196,-0.07622311,8.101062,9.100666,2.905115
-0.5701722,-0.1313587,0.119246,8.257671,9.050123,2.857743
-0.4792151,-0.1149838,-0.06622899,8.101086,9.300946,2.904453
-0.5688368,-0.09961901,0.08617429,8.258174,9.250286,2.858244
-0.463599,-0.09356143,-0.04680744,8.101246,9.501008,2.902744
-0.5665698,-0.05491526,0.1074241,8.257145,9.450761,2.857204
-0.4408086,-0.03513405,0.01637244,8.051515,9.655477,2.859892
-0.5235122,-0.02032517,-0.01751141,8.255861,9.652401,2.85565
-0.4388583,-0.01159901,0.01384757,8.05074,9.853976,2.852169
-0.5272165,-0.008980685,-0.004969802,8.252915,9.852152,2.851357
-0.5005042,-0.9434742,0.04830257,8.246056,5.150989,0.04530083
-0.5016936,-0.9278145,-0.06850401,8.25646,5.149988,0.1430527
-0.412565,-0.5488313,0.01468824,8.354272,5.151701,0.1533505
-0.5181503,-0.8607468,0.05178742,8.24612,5.350994,0.04529412
-0.5181935,-0.8812027,-0.08553357,8.256672,5.250027,0.1430327
-0.4104224,-0.5029618,-0.00968469,8.354519,5.249264,0.1537881
-0.5363946,-0.840584,-0.06683136,8.25682,5.35,0.1430309
-0.4281719,-0.5071448,0.0216538,8.354658,5.351049,0.153987
-0.5400294,-0.8051819,0.04948241,8.246135,5.550993,0.04529421
-0.5372092,-0.8021404,-0.09894999,8.256873,5.450029,0.1430332
-0.4242684,-0.4725476,-0.0319815,8.354683,5.449047,0.1540054
-0.5484918,-0.7662047,-0.07489491,8.256905,5.549993,0.1430339
-0.42052,-0.4523831,0.01717901,8.354698,5.551002,0.1540208
-0.5436854,-0.7537549,0.05144808,8.246139,5.750992,0.04529438
-0.5465044,-0.7455475,-0.09833222,8.256916,5.650025,0.1430345
-0.4114116,-0.4199664,-0.01610053,8.354701,5.649025,0.1540221
-0.5567552,-0.7134632,-0.07502308,8.256924,5.749988,0.1430348
-0.4248972,-0.426747,0.01967644,8.354703,5.750995,0.1540229
-0.5523818,-0.7089764,0.05019267,8.246141,5.950991,0.04529579
-0.5512692,-0.69489,-0.1012853,8.256926,5.850022,0.1430351
-0.4120589,-0.3910085,-0.01745851,8.354703,5.849019,0.154023
-0.561895,-0.667499,-0.0778687,8.256929,5.949985,0.1430368
-0.4251488,-0.3989039,0.0169118,8.354705,5.95099,0.1540247
-0.5541085,-0.6669167,0.0504036,8.246141,6.15099,0.04529614
-0.5521582,-0.6512299,-0.101874,8.256931,6.05002,0.1430388
-0.4121665,-0.3653267,-0.01676805,8.354708,6.049016,0.1540294
-0.56339,-0.6258391,-0.07786113,8.256931,6.149984,0.1430383
-0.425348,-0.3733284,0.01695292,8.354705,6.150989,0.1540251
-0.5575008,-0.627607,0.05011877,8.246139,6.35099,0.04529545
-0.5550054,-0.611658,-0.1030992,8.25693,6.250019,0.143038
-0.4121687,-0.3415895,-0.01654734,8.354704,6.249014,0.154024
-0.5655315,-0.5871896,-0.07890383,8.256929,6.349983,0.1430392
-0.4257103,-0.3497721,0.01539529,8.354704,6.350987,0.1540242
-0.5591913,-0.5905291,0.05001282,8.246139,6.55099,0.04529626
-0.5557346,-0.5746057,-0.102848,8.256929,6.450018,0.1430405
-0.4120939,-0.3192167,-0.01598099,8.354704,6.449014,0.1540245
-0.5669863,-0.5514888,-0.07898677,8.256928,6.549983,0.1430422
-0.4267373,-0.3276855,0.01478516,8.354704,6.550987,0.154025
-0.5610739,-0.5533455,0.0502437,8.246139,6.75099,0.04529705
-0.5566097,-0.538931,-0.1060866,8.256927,6.650018,0.1430435
-0.4168665,-0.301762,-0.01991977,8.354704,6.649013,0.1540254
-0.5679546,-0.5145999,-0.081075,8.256926,6.749983,0.1430448
-0.4258518,-0.306341,0.01224805,8.354703,6.750987,0.1540257
-0.5619053,-0.5192163,0.05012047,8.246139,6.95099,0.04529733
-0.5573542,-0.5050295,-0.1036582,8.256926,6.850018,0.1430454
-0.4113267,-0.2775015,-0.01405403,8.354703,6.849013,0.1540259
-0.5700055,-0.4831621,-0.08067444,8.256925,6.949983,0.1430457
-0.4282317,-0.2855381,0.01148352,8.354703,6.950987,0.1540259
-0.563671,-0.4824215,0.0507856,8.24614,7.15099,0.04529652
-0.5582473,-0.4703357,-0.110382,8.256925,7.050018,0.1430451
-0.422661,-0.264788,-0.02491705,8.354703,7.049013,0.1540255
-0.5701705,-0.4443297,-0.08428784,8.256925,7.149982,0.1430431
-0.4259739,-0.2644779,0.008109132,8.354703,7.150986,0.1540237
-0.5642194,-0.4506788,0.04886319,8.246173,7.350992,0.04528389
-0.5581756,-0.4370402,-0.1041767,8.256931,7.250017,0.1430365
-0.4120171,-0.2386105,-0.01263437,8.354706,7.249011,0.1540177
-0.5699884,-0.4136243,-0.08051483,8.25695,7.349982,0.1430178
-0.4284325,-0.2429688,0.009939683,8.354718,7.350987,0.1539911
-0.5617526,-0.4129916,0.04754382,8.246292,7.550994,0.04526518
-0.55652,-0.4037313,-0.1059295,8.257005,7.450023,0.1429659
-0.42135,-0.2245676,-0.01724375,8.354767,7.449051,0.1538866
-0.5664783,-0.384017,-0.08334361,8.257026,7.549982,0.1429417
-0.4264069,-0.2270438,0.01097219,8.354739,7.550992,0.1538665
-0.5650863,-0.37769,0.05149913,8.246153,7.750991,0.04528962
-0.5586457,-0.3747863,-0.111678,8.25697,7.650017,0.142994
-0.4200004,-0.2054708,-0.01791535,8.354742,7.64898,0.153947
-0.572591,-0.349689,-0.0888015,8.256936,7.749987,0.1430269
-0.4280153,-0.2065781,0.002873995,8.354709,7.750987,0.1540088
-0.564492,-0.3425705,0.05113831,8.246139,7.950991,0.04529614
-0.5615669,-0.3397049,-0.1115031,8.256926,7.850022,0.1430372
-0.4195433,-0.1857013,-0.01989822,8.354704,7.849014,0.1540211
-0.5737864,-0.3146447,-0.09026406,8.256922,7.949987,0.143041
-0.4268725,-0.1856892,0.00152654,8.354703,7.950987,0.1540241
-0.5631546,-0.308726,0.05104049,8.246138,8.150991,0.04529666
-0.5624074,-0.3052139,-0.1089275,8.256922,8.050023,0.1430411
-0.411021,-0.1615571,-0.01052141,8.354702,8.049013,0.154025
-0.5744853,-0.2835568,-0.08891379,8.25692,8.14999,0.1430427
-0.4273499,-0.1662136,0.002290127,8.354702,8.150986,0.154025
-0.5618543,-0.2729475,0.05141169,8.246139,8.350993,0.04529812
-0.5629083,-0.2719282,-0.1127696,8.256921,8.250026,0.1430417
-0.4158892,-0.1459957,-0.01565356,8.354702,8.249012,0.1540252
-0.5737432,-0.2478288,-0.09215143,8.25692,8.349995,0.1430453
-0.4255957,-0.1462026,-0.0002973386,8.354703,8.350984,0.1540261
-0.5603581,-0.2416116,0.05159216,8.246139,8.550993,0.04529854
-0.564335,-0.2385992,-0.108873,8.256923,8.450032,0.1430448
-0.4068586,-0.1226659,-0.004931946,8.354706,8.449009,0.1540309
-0.5742019,-0.2174489,-0.08995716,8.256916,8.550004,0.143048
-0.4258779,-0.1284214,0.001622617,8.354702,8.550981,0.1540255
-0.5580238,-0.205303,0.05178459,8.246136,8.750998,0.04529831
-0.5643099,-0.2057999,-0.1149289,8.256918,8.650044,0.1430436
-0.4149546,-0.1074168,-0.01436769,8.354702,8.649005,0.1540242
-0.5738489,-0.178197,-0.09654586,8.256906,8.750026,0.1430537
-0.4251559,-0.10927,-0.004478799,8.354699,8.750976,0.1540236
-0.5572459,-0.175625,0.0543693,8.24613,8.951007,0.04530192
-0.5683823,-0.1701165,-0.1069926,8.25691,8.850072,0.143049
-0.4057435,-0.08493284,-0.003351832,8.354699,8.848999,0.1540237
-0.576721,-0.1477843,-0.0946187,8.256882,8.950078,0.1430738
-0.4256778,-0.09649113,-0.002634283,8.354694,8.950971,0.154024
-0.5517591,-0.1323227,0.05930139,8.246123,9.151019,0.04532436
-0.5670391,-0.1363801,-0.1197947,8.256883,9.050138,0.1430706
-0.411341,-0.07226679,-0.01889923,8.354692,9.048996,0.1540246
-0.5794686,-0.1045671,-0.1132036,8.256805,9.150201,0.1431412
-0.4214213,-0.07383629,-0.0169757,8.35467,9.150961,0.1540161
-0.5451904,-0.09260155,0.06579322,8.246264,9.350868,0.04550354
-0.5736729,-0.09674426,-0.1013166,8.256774,9.250292,0.1431684
-0.3891591,-0.04608993,0.0002505721,8.354644,9.248973,0.1540083
-0.5795546,-0.06792873,-0.1094125,8.25653,9.350471,0.1434074
-0.4181801,-0.05892891,-0.001322666,8.35449,9.350792,0.1538406
-0.5340291,-0.03371378,0.05518431,8.249205,9.548423,0.04688725
-0.5249045,-0.05285798,-0.0814689,8.256356,9.450606,0.1435849
-0.3634435,-0.02396338,0.03386088,8.354238,9.448402,0.1534485
-0.5801729,-0.01339651,-0.1094577,8.25571,9.550976,0.1442439
-0.4091026,-0.009698761,-0.01590997,8.353108,9.548358,0.150823
-0.5342846,-0.03038986,0.04036398,8.250689,9.750643,0.04843602
-0.5066693,-0.02288195,0.0265029,8.254992,9.651838,0.144966
-0.392149,-0.005467042,-0.05852866,8.353585,9.647569,0.1518731
-0.539818,-0.03942416,0.001134538,8.25352,9.753693,0.1464388
-0.4184747,0.06194161,-0.04298474,8.35155,9.750619,0.1492776
-0.479481,-0.0186014,0.003655374,7.97547,9.82432,0.02214946
-0.4145819,-0.01535013,0.02821109,7.950299,9.854293,0.1478983
-0.5023848,-0.03402627,0.006477387,8.175531,9.824861,0.02211962
-0.4338336,-0.007251011,-0.01497889,8.050446,9.853774,0.1482316
-0.4453029,-0.02746411,0.03136183,8.150572,9.852836,0.1486521
-0.5220992,-0.03414665,0.004259452,8.251145,9.851452,0.148818
-0.5578656,-0.02978162,0.00439701,8.251595,9.853708,0.3495127
-0.5495416,-0.02025113,-0.001721891,8.25212,9.854498,0.5497643
-0.5588204,-0.0142681,-0.003590343,8.252314,9.854645,0.749904
-0.562113,-0.01333194,-0.0008998187,8.252348,9.854674,0.9499606
-0.5647461,-0.009641269,0.0005887551,8.252328,9.854677,1.149985
-0.5635904,-0.01131535,-0.0007955844,8.252328,9.854678,1.349988
-0.5655921,-0.009465614,0.002798403,8.252321,9.854681,1.549985
-0.5577219,-0.01271211,-0.0008720079,8.252329,9.854679,1.749986
-0.5559163,-0.009083059,-0.003009858,8.252371,9.854692,1.949986
-0.5492803,-0.007999966,0.0004436707,8.25314,9.854965,2.150094
-0.5367161,0.0236107,0.003619553,8.255228,9.855613,2.350101
-0.5264114,0.01536774,0.001455798,8.255113,9.855368,2.550316
-0.5599678,0.02356898,-0.01086934,8.254118,9.853832,2.750727
-0.5030059,-0.9295803,0.0562389,8.256849,5.150011,2.857253
-0.4995798,-0.9544058,-0.04498948,8.246588,5.15108,2.954896
-0.5314924,-0.840131,0.0542572,8.257305,5.349983,2.857392
-0.4666166,-0.8959468,-0.03716957,8.246972,5.249021,2.954949
-0.5187804,-0.8651691,-0.04553906,8.246799,5.350953,2.95497
-0.5570298,-0.5510079,0.06580453,8.258484,6.549989,2.858496
-0.5005271,-0.5919595,-0.03621776,8.248401,6.448918,2.955455
-0.561413,-0.6012829,-0.0463621,8.248428,6.550982,2.955509
-0.5550375,-0.5148269,0.06985629,8.259088,6.749991,2.859111
-0.5012717,-0.5529448,-0.03147351,8.24915,6.649011,2.9557
-0.5594559,-0.5585876,-0.04743969,8.249549,6.750973,2.955846
-0.556618,-0.447801,0.07568662,8.259202,7.150014,2.859303
-0.5041062,-0.4800894,-0.03101446,8.249692,7.048996,2.955917
-0.5636775,-0.4886099,-0.04904244,8.249694,7.151004,2.955919
-0.4333114,-0.1304138,0.0217681,8.354863,8.449035,2.846416
-0.5700208,-0.2129631,0.08061009,8.257503,8.550013,2.857555
-0.4254786,-0.1288683,-0.01014348,8.35501,8.551056,2.846895
-0.5121458,-0.2320366,-0.04427031,8.246543,8.449039,2.954868
-0.5596653,-0.2527184,-0.05060164,8.246997,8.551073,2.95501
-0.4336438,-0.1160721,0.03248664,8.35522,8.649019,2.847604
-0.570076,-0.1851013,0.09795868,8.257771,8.750008,2.857824
-0.4269067,-0.1083889,0.001539226,8.355185,8.750934,2.847419
-0.5186622,-0.1971182,-0.02803426,8.247701,8.649036,2.955204
-0.556967,-0.20656,-0.05215359,8.247508,8.750947,2.955177
-0.4335664,-0.09151503,0.01922473,8.355093,8.849011,2.84717
-0.5700519,-0.1512216,0.0899059,8.257588,8.950055,2.857647
-0.4249502,-0.09615473,-0.004265663,8.35504,8.950917,2.847068
-0.5218271,-0.1583031,-0.03984649,8.247268,8.849036,2.955088
-0.5537859,-0.1800998,-0.05739925,8.247164,8.950946,2.955039
-0.4332619,-0.07513654,0.03760597,8.355109,9.049007,2.847165
-0.5704941,-0.097315,0.09675436,8.258032,9.150243,2.858103
-0.421983,-0.07206393,0.008938298,8.355351,9.151037,2.848118
-0.5100292,-0.1270711,-0.05047199,8.247234,9.049047,2.955116
-0.5520534,-0.1406964,-0.0545548,8.248158,9.151103,2.955339
-0.4014572,-0.04821274,-0.00146216,8.35546,9.248959,2.848502
-0.5742212,-0.08431388,0.08807363,8.257565,9.350526,2.857642
-0.4119534,-0.05358949,-0.0002795988,8.355032,9.350787,2.84782
-0.5353853,-0.0863972,-0.03427521,8.248532,9.249004,2.955439
-0.5335872,-0.09423908,-0.06900787,8.247834,9.350819,2.955032
-0.3947673,-0.02120738,-0.003548752,8.354653,9.448574,2.847726
-0.5517333,-0.02761596,0.05892278,8.25665,9.551322,2.856619
-0.4308936,-0.02622263,-0.001575953,8.353628,9.548737,2.850712
-0.5090618,-0.05704697,-0.06798778,8.24773,9.448561,2.954656
-0.5229125,-0.02402409,-0.0295838,8.250702,9.54859,2.95359
-0.4471352,-0.00532199,0.07245269,8.354094,9.648225,2.849198
-0.5066953,-0.03494103,-0.009794441,8.25463,9.75469,2.85382
-0.4402766,0.05012655,0.04342956,8.352294,9.752359,2.851055
-0.5414587,-0.001690973,-0.03778266,8.249213,9.647705,2.953969
-0.5391855,-0.01499333,-0.0369852,8.251124,9.750941,2.951746
-0.418642,-0.01944756,-0.02865018,7.95042,9.85457,2.852894
-0.4833355,-0.006296762,-0.006693707,7.975213,9.825533,2.978527
-0.5116329,-0.002475698,-0.01067263,8.224085,9.825485,2.978038
-0.4195354,-0.02627762,0.002960257,7.950937,9.645532,0.04330192
-0.4286959,-0.0384747,0.002794504,7.950069,9.750575,0.04650866
-0.4150266,-0.04754903,0.01532896,7.95039,9.656121,0.139584
-0.420593,-0.01827393,0.01965411,7.950267,9.758151,0.1437564
-0.4690914,-0.0467781,0.03041677,8.148435,9.648396,0.04538581
-0.4488799,-0.02288351,0.007102429,8.049945,9.750627,0.04672377
-0.456045,-0.04269869,0.01742182,8.14996,9.750576,0.04728602
-0.4458333,-0.0391648,-0.01398264,8.051178,9.655162,0.1402865
-0.4412691,-0.08930826,0.05225925,8.152533,9.653277,0.1421516
-0.4566763,-0.03876938,-0.00513001,8.050583,9.757139,0.1440495
-0.456597,-0.02616733,0.04132974,8.151548,9.75556,0.1448784
-0.4505103,-0.002490961,0.009965264,8.075511,9.878046,0.07479679
-0.4575936,-0.03204775,0.002617391,8.075459,9.824934,0.02192765
-0.4396797,-0.003345006,0.002535367,8.011071,9.889814,0.0100942
-0.444077,0.010282,-0.03339816,8.025093,9.830108,0.06991782
-0.4338049,-0.02503032,-0.003544347,8.075146,9.829829,0.0701404
-0.4596905,-0.001810556,-0.02435654,8.024066,9.878313,0.07443798
-0.4816461,-0.002837346,-0.003618731,8.087534,9.889357,0.01055614
-0.5353087,-0.01726511,0.0009215101,8.274893,9.877016,0.07364402
-0.5381769,-0.01224434,0.01562214,8.274842,9.826194,0.02296535
-0.516196,0.0009948514,-0.003147226,8.212502,9.889334,0.01058234
-0.4860058,-0.001031358,-0.0008621774,8.225701,9.829244,0.07068322
-0.4783301,-0.0186921,0.008309918,8.276528,9.828683,0.07123855
-0.5121009,-0.01689389,-0.005059189,8.224535,9.877689,0.07481561
-0.4984711,0.01142235,-0.01362914,8.287677,9.889306,0.01061813
-0.3855292,-0.005317859,-0.03512828,8.354564,9.648288,0.2516168
-0.5419404,-0.04062118,0.01340689,8.255053,9.75553,0.2484502
-0.4181732,0.06054859,0.0029526,8.352682,9.750501,0.2500683
-0.538198,0.02185402,-0.004016897,8.259677,9.655068,0.3488961
-0.3067407,-0.0374023,-0.01240276,8.356258,9.645712,0.3515092
-0.5617154,-0.07567713,0.01132779,8.255844,9.75706,0.3494425
-0.4332207,0.1148847,-0.007900487,8.353203,9.750438,0.3500736
-0.392629,-0.01865293,0.03795772,8.356677,9.645326,0.4491741
-0.5596592,-0.05879432,-0.007814993,8.256123,9.758048,0.449779
-0.415104,0.07808807,-0.003424917,8.353449,9.750358,0.4499834
-0.5961607,0.06828157,-0.01700953,8.260801,9.656747,0.5496322
-0.4028886,-0.02096744,0.006878878,8.356889,9.645238,0.5510447
-0.5610802,-0.05610387,-0.00335953,8.256264,9.758595,0.5498357
-0.428329,0.07906392,-0.007253903,8.353531,9.75041,0.549994
-0.418884,-0.0027938,0.007625433,8.356941,9.64528,0.6490353
-0.5729087,-0.04504206,-0.005945256,8.256342,9.758854,0.6499108
-0.4051668,0.06426795,-0.004699387,8.353564,9.750444,0.6499995
-0.5982893,0.09213818,-0.007434925,8.261055,9.657355,0.7497354
-0.4144164,0.004161347,0.0006348423,8.356972,9.645308,0.7510277
-0.5722814,-0.0403986,-0.00466366,8.256394,9.758987,0.749905
-0.4259844,0.07309281,-0.004431911,8.353582,9.750459,0.7500043
-0.4135593,-0.00676782,-0.002158227,8.35698,9.645325,0.8490189
-0.5772935,-0.03545611,-0.001875494,8.256422,9.759043,0.8499716
-0.4055194,0.06095853,-0.0007332982,8.353591,9.750464,0.8500037
-0.6015479,0.09152743,-0.005249511,8.261129,9.657556,0.9497696
-0.4140626,-0.002874283,-0.003473845,8.356989,9.645336,0.9510155
-0.5736723,-0.03469755,-0.002320036,8.256438,9.759074,0.9499513
-0.4149924,0.06606539,-0.002980045,8.353594,9.750477,0.9500059
-0.4110634,0.002487628,-0.005549672,8.356994,9.645343,1.049009
-0.581314,-0.03241942,-0.003522705,8.256442,9.759087,1.050005
-0.4043136,0.06187802,-0.001866813,8.353594,9.75049,1.050002
-0.6033993,0.1061763,-0.00063191,8.261154,9.657622,1.149787
-0.4115091,0.006796432,0.002201902,8.356995,9.645346,1.151009
-0.5776177,-0.02974533,0.002815015,8.256443,9.759095,1.149971
-0.4138199,0.06797384,0.001125728,8.353595,9.750483,1.150003
-0.4126096,-0.005470688,7.603125e-05,8.356995,9.645345,1.249003
-0.5813886,-0.03394847,0.0005101666,8.256444,9.759098,1.250018
-0.4031993,0.06039165,0.000613333,8.353595,9.750477,1.250002
-0.6042169,0.09606581,-0.004501636,8.261162,9.657642,1.349795
-0.4126714,-0.0008494267,-0.004281112,8.356996,9.645345,1.351004
-0.5770081,-0.03039773,-0.0008262534,8.256444,9.7591,1.349977
-0.4111746,0.06590626,-0.0009446598,8.353595,9.750476,1.350002
-0.4104246,0.01113375,-0.006944459,8.356996,9.645345,1.448999
-0.5827906,-0.03400306,-0.001373665,8.256445,9.759101,1.450021
-0.3960907,0.05905393,-0.0001469655,8.353595,9.750477,1.45
-0.6054129,0.1165085,0.001495638,8.261165,9.657644,1.549801
-0.4110935,0.01181731,0.006869897,8.356998,9.645346,1.551
-0.5813392,-0.0291661,0.001326022,8.256446,9.759101,1.549979
-0.4003682,0.06215946,0.001969112,8.353593,9.750486,1.550002
-0.4124238,-0.0009602973,0.0027638,8.356998,9.645347,1.648996
-0.5781282,-0.03018014,0.001583249,8.256447,9.759103,1.650022
-0.4132311,0.06763691,0.001533299,8.353594,9.75049,1.649997
-0.606263,0.1004627,-0.004484034,8.261161,9.657641,1.749809
-0.4131911,-0.003732545,-0.002456067,8.356997,9.645352,1.750997
-0.5802581,-0.03380979,-0.0002065881,8.256448,9.759105,1.74998
-0.4002629,0.05992716,-0.0002372174,8.353596,9.750484,1.749997
-0.4118239,0.00576311,-0.003732745,8.356999,9.645367,1.848989
-0.5780941,-0.03015157,-0.004040455,8.256457,9.759115,1.850024
-0.4079287,0.06508344,0.0007814674,8.353599,9.750496,1.849994
-0.6060263,0.112125,-0.0009774462,8.261177,9.657674,1.949823
-0.4118244,0.006587905,0.002331182,8.357004,9.645414,1.950986
-0.5779263,-0.03340344,-3.190548e-05,8.256489,9.759146,1.949983
-0.4087261,0.06392411,0.005517863,8.353611,9.750536,1.949986
-0.4157443,-0.001216015,0.0006346327,8.357027,9.645551,2.048976
-0.5707556,-0.03270872,-7.481231e-06,8.256604,9.759255,2.050029
-0.4211667,0.06879766,0.009942576,8.353661,9.75068,2.049976
-0.6103944,0.1003484,-0.003577158,8.261332,9.657951,2.149868
-0.4156001,0.002461961,-0.01078392,8.357075,9.64587,2.150986
-0.5706625,-0.03866465,0.003768298,8.256948,9.759583,2.150025
-0.4262,0.06446824,0.008004241,8.35389,9.751262,2.150049
-0.4159279,0.01562692,-0.01404487,8.357148,9.646358,2.248981
-0.563002,-0.04365925,0.01217666,8.257564,9.760169,2.250099
-0.4420228,0.06460476,0.007556242,8.354272,9.752452,2.250055
-0.6002585,0.1028269,0.003412966,8.261555,9.658287,2.349987
-0.4168647,0.007535781,-0.007928857,8.357187,9.646751,2.350978
-0.5688044,-0.05229756,0.01609282,8.257988,9.760514,2.350079
-0.4424424,0.06600271,0.005178049,8.354583,9.753305,2.349979
-0.4210951,-0.01510129,-0.01312341,8.357174,9.646916,2.448991
-0.5363297,-0.07052313,0.002267614,8.258088,9.760436,2.450175
-0.4320032,0.04579689,0.003342144,8.354636,9.753535,2.45
-0.5842027,0.06158244,0.01845469,8.261138,9.657424,2.55044
-0.3908275,-0.01999683,-0.03409935,8.356979,9.647049,2.550945
-0.5413024,-0.07825484,0.005026513,8.257986,9.759922,2.550284
-0.4389874,0.06644563,0.008009804,8.354571,9.753532,2.550066
-0.3106351,-0.03479311,0.01210148,8.356565,9.647355,2.648747
-0.5285115,-0.08901724,-0.01332565,8.257662,9.758882,2.650696
-0.4581345,0.07732305,0.008795632,8.354319,9.753553,2.650058
-0.5540004,0.08297513,-0.0385616,8.258548,9.6543,2.752954
-0.3818969,0.0108158,0.07706891,8.354905,9.649646,2.748923
-0.5326306,-0.0551198,-0.02049778,8.256683,9.757117,2.751803
-0.4395938,0.05531469,-0.001231942,8.353727,9.753308,2.750198
-0.5435864,-0.7655563,0.06158892,8.257648,5.549984,2.857663
-0.4881531,-0.8199869,-0.04022396,8.246646,5.448998,2.954866
-0.5427912,-0.811801,-0.04545573,8.247127,5.551016,2.95508
-0.5473072,-0.7173904,0.06203993,8.258773,5.749997,2.858781
-0.4870995,-0.7628001,-0.03495051,8.248341,5.649059,2.955418
-0.5323427,-0.7483388,-0.04670437,8.249184,5.750978,2.955717
-0.5492803,-0.6786025,0.07348518,8.258501,5.950014,2.858505
-0.4920853,-0.7071299,-0.03300218,8.249232,5.849015,2.955735
-0.5443553,-0.7020723,-0.04501093,8.248589,5.950972,2.955516
-0.556879,-0.6327242,0.07993725,8.257806,6.149981,2.857794
-0.4990994,-0.6593662,-0.03737219,8.24781,6.049003,2.955282
-0.5532613,-0.6642457,-0.05092009,8.247326,6.150948,2.955096
-0.5549389,-0.5836276,0.0666241,8.258184,6.350005,2.858174
-0.4996101,-0.6251386,-0.04372795,8.247272,6.249033,2.955129
-0.5556605,-0.6335285,-0.04876155,8.248111,6.351067,2.955342
-0.5567424,-0.4864225,0.06809075,8.259211,6.950009,2.859264
-0.5017124,-0.5154174,-0.03232558,8.249652,6.848984,2.955896
-0.5589952,-0.5249543,-0.04873695,8.249683,6.950999,2.955912
-0.4278593,-0.2459041,0.01965049,8.35592,7.248996,2.849771
-0.5579489,-0.4189262,0.07115878,8.259188,7.35002,2.859282
-0.4305456,-0.2498396,-0.02328583,8.355919,7.351006,2.849753
-0.5059163,-0.4462419,-0.03057907,8.249717,7.249006,2.95591
-0.5615794,-0.4572321,-0.04885051,8.249712,7.351002,2.955903
-0.4376326,-0.2375141,0.03859137,8.355907,7.449008,2.849715
-0.5600209,-0.3830964,0.08137429,8.259064,7.550034,2.859153
-0.429556,-0.2281932,-0.0128062,8.355866,7.551024,2.849587
-0.5090843,-0.411409,-0.02818319,8.249678,7.449013,2.955892
-0.5627857,-0.4172808,-0.04963775,8.24955,7.551018,2.955853
-0.4340981,-0.2152307,0.02603805,8.355722,7.649002,2.849176
-0.5632869,-0.3539119,0.07749851,8.258521,7.750014,2.858597
-0.4282287,-0.2124373,-0.01446208,8.355542,7.751015,2.848499
-0.5116116,-0.375648,-0.02821189,8.249144,7.648996,2.955715
-0.5590178,-0.3842257,-0.05081899,8.248508,7.751023,2.955535
-0.4394836,-0.1936052,0.03794789,8.355553,7.849075,2.848607
-0.5624669,-0.3206033,0.08385101,8.258519,7.950021,2.858565
-0.4307925,-0.1934574,-0.01245027,8.355598,7.950978,2.848709
-0.5168671,-0.3428126,-0.02654136,8.248654,7.849078,2.955529
-0.5611082,-0.3474201,-0.0502286,8.248777,7.950985,2.955563
-0.4368061,-0.1788675,0.0282058,8.3554,8.049035,2.847973
-0.5619992,-0.2888568,0.08520221,8.257823,8.150028,2.857851
-0.4285555,-0.1780942,-0.01559259,8.355167,8.151018,2.847381
-0.5153931,-0.3053774,-0.02926644,8.248076,8.049028,2.955364
-0.5578873,-0.3100082,-0.04922034,8.247518,8.151021,2.955132
-0.4292264,-0.1675357,0.02598529,8.354988,8.248945,2.846785
-0.5702916,-0.2539975,0.1022529,8.257242,8.349996,2.85729
-0.4222539,-0.1473893,-0.0003804305,8.354858,8.350953,2.846394
-0.5198926,-0.2694224,-0.0333447,8.24692,8.248933,2.954972
-0.5666134,-0.2723867,-0.05124548,8.246525,8.350959,2.954861
-0.4108276,-0.0428073,-0.0152143,7.950565,9.656507,2.860615
-0.418667,-0.01883146,-0.02291296,7.950415,9.758647,2.856701
-0.4222535,-0.02286107,-0.002306868,7.951057,9.645952,2.956773
-0.425563,-0.03987466,-0.006080379,7.950156,9.751381,2.953742
-0.4688505,-0.02536488,-0.04231466,8.151307,9.853034,2.851575
-0.4634917,0.005045943,0.007094986,8.023989,9.825911,2.978576
-0.5192994,-0.02327683,-0.01407507,8.175596,9.824403,2.977712
-0.5338989,-0.8044856,-0.04611962,8.329763,5.125012,0.07013312
-0.5148786,-0.8697039,0.01292655,8.323927,5.175634,0.02176103
-0.494643,-0.8081862,-0.09187224,8.329817,5.175,0.07013154
-0.5258467,-0.8850141,0.02147041,8.323859,5.124543,0.02170822
-0.5179113,-0.712043,-0.04759794,8.329831,5.275005,0.070136
-0.4969057,-0.8109531,0.01476312,8.32393,5.224372,0.0217615
-0.4846103,-0.7582231,-0.1198553,8.329833,5.225023,0.07013325
-0.5299438,-0.765119,0.02330271,8.323871,5.275462,0.02170955
-0.5412104,-0.7228187,-0.04989206,8.329839,5.325015,0.07013818
-0.5170169,-0.7882608,0.01566126,8.323936,5.375633,0.02176313
-0.4993663,-0.7333545,-0.0952319,8.329866,5.374996,0.07013874
-0.5308159,-0.7946525,0.02587421,8.323872,5.324543,0.02171003
-0.5178295,-0.6369349,-0.04944276,8.32985,5.475,0.07014208
-0.4949642,-0.7355472,0.01353178,8.323936,5.424371,0.02176344
-0.4861939,-0.6866015,-0.1129295,8.329868,5.42502,0.07013959
-0.5324204,-0.6842481,0.0251223,8.323875,5.475461,0.0217111
-0.5454618,-0.6495915,-0.04473994,8.329851,5.525011,0.07014249
-0.5247787,-0.7287276,0.01707279,8.323937,5.575632,0.02176395
-0.5065384,-0.6719384,-0.09004818,8.329873,5.574991,0.07014191
-0.5390081,-0.7203336,0.02566546,8.323875,5.524542,0.02171137
-0.5197413,-0.5851355,-0.05390799,8.329853,5.674997,0.07014487
-0.499469,-0.6810178,0.01391688,8.323938,5.62437,0.02176444
-0.4903408,-0.6304355,-0.1197253,8.329873,5.625017,0.07014258
-0.5340457,-0.63136,0.02470556,8.323881,5.67546,0.02171333
-0.546716,-0.6026468,-0.04650215,8.329853,5.725008,0.07014404
-0.5270177,-0.6804737,0.01910439,8.323937,5.775631,0.02176408
-0.5090275,-0.6268601,-0.08941209,8.329874,5.774989,0.07014244
-0.5412515,-0.6665155,0.02571857,8.323876,5.724541,0.02171206
-0.5195596,-0.5418455,-0.05660483,8.329853,5.874995,0.07014389
-0.4991024,-0.6352488,0.01397348,8.323937,5.824369,0.02176404
-0.4901269,-0.5875229,-0.1188589,8.329874,5.825015,0.07014233
-0.5351885,-0.5860486,0.02384803,8.323875,5.87546,0.02171154
-0.5481533,-0.5609063,-0.04742265,8.329854,5.925007,0.07014456
-0.5291713,-0.6391772,0.02041604,8.323939,5.975632,0.02176596
-0.51255,-0.588856,-0.08769227,8.329878,5.974987,0.07014679
-0.5439666,-0.6193497,0.02528429,8.323875,5.924541,0.02171191
-0.5194098,-0.5054394,-0.05889994,8.329864,6.074996,0.0701578
-0.499035,-0.5963718,0.0147185,8.323947,6.02437,0.0217678
-0.4909075,-0.5516622,-0.119595,8.329885,6.025012,0.07015653
-0.535152,-0.5471193,0.0235994,8.323885,6.075458,0.02171519
-0.5477173,-0.5249532,-0.04780595,8.329857,6.125007,0.07014798
-0.5291082,-0.6008587,0.02200948,8.323938,6.175631,0.02176445
-0.5144282,-0.5544506,-0.08549613,8.329875,6.174987,0.07014365
-0.54429,-0.5783588,0.02497112,8.323877,6.12454,0.02171338
-0.5188844,-0.4718745,-0.06138758,8.329853,6.274994,0.07014395
-0.4984365,-0.5604068,0.01572579,8.323937,6.224369,0.02176417
-0.4907929,-0.5188024,-0.1195143,8.329874,6.225014,0.07014277
-0.5352865,-0.5111016,0.02339284,8.323875,6.275459,0.02171154
-0.5473646,-0.4911844,-0.04870548,8.329853,6.325006,0.07014401
-0.529494,-0.5652932,0.02338021,8.323937,6.375631,0.02176417
-0.5168999,-0.5223179,-0.08342154,8.329874,6.374987,0.07014287
-0.5450182,-0.539823,0.02453142,8.323875,6.324541,0.02171154
-0.5183792,-0.4408086,-0.06385985,8.329853,6.474994,0.07014437
-0.4979978,-0.5270548,0.01667359,8.323937,6.424369,0.02176419
-0.4910181,-0.4881036,-0.1194988,8.329874,6.425013,0.07014296
-0.5351362,-0.477678,0.02335504,8.323875,6.475459,0.02171162
-0.5466962,-0.4595932,-0.05008125,8.329853,6.525006,0.07014448
-0.5299965,-0.5312965,0.02454635,8.323937,6.575631,0.02176428
-0.5188698,-0.4920215,-0.08174589,8.329874,6.574987,0.07014335
-0.54546,-0.5038486,0.02404418,8.323875,6.524541,0.02171165
-0.5177402,-0.4108818,-0.06624276,8.329853,6.674994,0.07014483
-0.4972093,-0.4949912,0.0174027,8.323937,6.624369,0.02176431
-0.4909788,-0.4591261,-0.1188353,8.329874,6.625013,0.07014345
-0.5350375,-0.4458023,0.02344355,8.323875,6.675459,0.02171173
-0.5459333,-0.4284625,-0.05080162,8.329853,6.725006,0.0701449
-0.5294895,-0.4976609,0.02566736,8.323937,6.775631,0.02176434
-0.5210337,-0.4615689,-0.0792809,8.329874,6.774987,0.0701438
-0.5460395,-0.4689417,0.02319514,8.323875,6.724541,0.02171175
-0.5172596,-0.383122,-0.0682867,8.329852,6.874994,0.07014507
-0.4971407,-0.4637017,0.01853538,8.323937,6.824369,0.02176435
-0.4915133,-0.4300688,-0.1185051,8.329874,6.825013,0.07014384
-0.5345068,-0.4154914,0.0235619,8.323875,6.875459,0.02171179
-0.5452892,-0.4000366,-0.05311614,8.329852,6.925006,0.07014507
-0.5304352,-0.4656496,0.02634081,8.323937,6.975631,0.02176436
-0.5224852,-0.4334582,-0.07829572,8.329874,6.974987,0.07014387
-0.5462107,-0.4358107,0.02251707,8.323875,6.924541,0.02171179
-0.5174979,-0.3550698,-0.07047256,8.329853,7.074994,0.07014488
-0.496081,-0.4335572,0.01878653,8.323937,7.024369,0.02176432
-0.4912455,-0.4038915,-0.1155381,8.329874,7.025013,0.07014383
-0.5338733,-0.3859016,0.02338674,8.323875,7.07546,0.02171178
-0.5446208,-0.3696728,-0.05358462,8.329853,7.125006,0.07014466
-0.5292787,-0.432099,0.0271532,8.323938,7.175631,0.02176416
-0.5248292,-0.4032687,-0.07542035,8.329874,7.174987,0.07014285
-0.5465292,-0.4019357,0.02109913,8.323875,7.12454,0.02171173
-0.5162089,-0.3295472,-0.07232764,8.329857,7.274993,0.07013977
-0.4964789,-0.4022106,0.01945316,8.323938,7.224369,0.02176386
-0.4918648,-0.3755008,-0.1158997,8.329875,7.225013,0.07014161
-0.534074,-0.3556736,0.02295005,8.323878,7.275459,0.02171033
-0.544097,-0.3462301,-0.05640408,8.329866,7.325003,0.07013159
-0.5338322,-0.398389,0.02164614,8.323974,7.375629,0.02174943
-0.5292516,-0.3812611,-0.07727126,8.329913,7.374981,0.0701087
-0.5478515,-0.3684388,0.01846964,8.323886,7.324537,0.02170769
-0.5269365,-0.3163492,-0.0851786,8.330134,7.475012,0.06989383
-0.4919313,-0.3627971,0.01207497,8.324078,7.424436,0.02169352
-0.4984568,-0.3608721,-0.1184534,8.329992,7.425006,0.07004696
-0.5261294,-0.3015619,0.03114068,8.324357,7.47599,0.02141135
-0.5455587,-0.3133071,-0.07013152,8.330251,7.525003,0.06976976
-0.5249922,-0.3668865,0.03416313,8.32442,7.575175,0.02147336
-0.519491,-0.3383354,-0.07423965,8.330152,7.574975,0.06987131
-0.5291518,-0.3289568,0.04269874,8.323364,7.524602,0.02188525
-0.5156788,-0.2718308,-0.07573352,8.329888,7.675001,0.07010465
-0.4971497,-0.3478307,0.01802505,8.324071,7.624315,0.02169537
-0.4916092,-0.3191072,-0.1125129,8.329976,7.625017,0.07003508
-0.5332978,-0.3028208,0.02281987,8.323909,7.675461,0.02169501
-0.5412167,-0.2850921,-0.059441,8.329865,7.725009,0.07013069
-0.5316844,-0.3394332,0.028519,8.32394,7.775632,0.02176292
-0.5301245,-0.3160058,-0.07156325,8.329878,7.774988,0.07013813
-0.5482189,-0.3083026,0.01687422,8.323886,7.724542,0.02170707
-0.5151624,-0.2464651,-0.07657414,8.329853,7.874994,0.07014394
-0.4980174,-0.3133938,0.01989661,8.323938,7.82437,0.02176376
-0.4946813,-0.2931882,-0.1097612,8.329875,7.825014,0.07014135
-0.5310602,-0.2740104,0.02385849,8.323875,7.87546,0.02171156
-0.5396995,-0.2566707,-0.06032037,8.329852,7.925006,0.07014435
-0.5342823,-0.3082116,0.02875785,8.323937,7.975631,0.02176423
-0.5311859,-0.2871795,-0.07062853,8.329873,7.974987,0.07014348
-0.5475716,-0.2750646,0.0169903,8.323875,7.92454,0.02171167
-0.5147844,-0.2204128,-0.07821001,8.329852,8.074994,0.07014475
-0.5009281,-0.2826142,0.01996409,8.323937,8.024369,0.02176428
-0.4946719,-0.2645344,-0.108146,8.329873,8.025013,0.07014348
-0.5301304,-0.2466637,0.02415657,8.323875,8.075459,0.02171172
-0.5381099,-0.2296438,-0.06288611,8.329852,8.125006,0.0701448
-0.5368031,-0.2775243,0.02855486,8.323937,8.175631,0.02176426
-0.5319249,-0.2591179,-0.07060557,8.329873,8.174987,0.07014359
-0.5477704,-0.2439867,0.01629496,8.323875,8.12454,0.02171175
-0.5154374,-0.1939942,-0.0810021,8.329852,8.274994,0.07014501
-0.5044635,-0.2528408,0.01941149,8.323937,8.224369,0.02176427
-0.4953275,-0.2372629,-0.1057837,8.329873,8.225013,0.07014359
-0.5288492,-0.2195817,0.0245715,8.323875,8.275459,0.02171185
-0.5366062,-0.2008027,-0.06461056,8.329853,8.325006,0.07014582
-0.534634,-0.2442689,0.02919306,8.323939,8.375631,0.02176618
-0.5316952,-0.2278633,-0.07001299,8.329877,8.374986,0.07014794
-0.5475349,-0.212578,0.0155121,8.323875,8.324541,0.02171216
-0.5165573,-0.1694983,-0.08352558,8.329864,8.474994,0.07015877
-0.5102306,-0.2215181,0.01902237,8.323947,8.42437,0.02176803
-0.4916423,-0.2071569,-0.1003146,8.329885,8.425011,0.07015747
-0.5271268,-0.1930095,0.02516108,8.323885,8.475458,0.0217154
-0.5344951,-0.1756115,-0.06639757,8.329856,8.525005,0.07014893
-0.5356037,-0.2144243,0.02860638,8.323937,8.57563,0.02176464
-0.5317783,-0.2010005,-0.06999243,8.329874,8.574985,0.07014444
-0.5464943,-0.1834073,0.01586417,8.323876,8.52454,0.02171362
-0.5171554,-0.1449835,-0.08596248,8.329852,8.674992,0.07014453
-0.5143273,-0.191948,0.01755959,8.323937,8.624369,0.02176437
-0.4944958,-0.181984,-0.09819155,8.329874,8.625012,0.07014353
-0.5251544,-0.166673,0.02560741,8.323875,8.675459,0.02171168
-0.5330704,-0.1483705,-0.06763074,8.329852,8.725003,0.07014434
-0.5341982,-0.1821831,0.02857781,8.323937,8.77563,0.02176421
-0.5318817,-0.1674279,-0.07133911,8.329872,8.774984,0.07014338
-0.5441906,-0.1522739,0.01655946,8.323875,8.72454,0.02171168
-0.5179538,-0.1200816,-0.08605075,8.329851,8.874991,0.07014451
-0.5199497,-0.1588066,0.01783547,8.323937,8.824368,0.02176417
-0.5027123,-0.1532238,-0.09857568,8.329873,8.82501,0.07014304
-0.5243035,-0.1410286,0.02583111,8.323875,8.875459,0.0217116
-0.5321769,-0.1235182,-0.06761435,8.329851,8.925002,0.07014417
-0.5378925,-0.1557469,0.02749449,8.323937,8.97563,0.02176423
-0.5341653,-0.1419719,-0.07026097,8.32987,8.974983,0.07014365
-0.5434852,-0.1235749,0.01759202,8.323875,8.92454,0.02171161
-0.5197222,-0.09347208,-0.09060093,8.329848,9.07499,0.07014528
-0.5237358,-0.1312352,0.01721889,8.323937,9.024368,0.0217642
-0.5100197,-0.1294092,-0.1000019,8.329871,9.025009,0.07014306
-0.5231663,-0.1150535,0.02642956,8.323874,9.075459,0.02171164
-0.5271102,-0.09140479,-0.07267237,8.329847,9.125001,0.07014483
-0.5358541,-0.1192208,0.02779695,8.323934,9.175631,0.02176445
-0.5372571,-0.09484243,-0.08110348,8.329862,9.174986,0.07014666
-0.5418432,-0.09160635,0.01839328,8.323874,9.12454,0.02171159
-0.5286072,-0.05989547,-0.1025947,8.32983,9.274995,0.07015406
-0.5346509,-0.08899889,0.02128141,8.323933,9.22437,0.02176462
-0.5246477,-0.08803994,-0.1100172,8.329862,9.22501,0.07014594
-0.5428022,-0.08502311,0.02766923,8.323875,9.275457,0.02171585
-0.5105518,-0.05805676,-0.06748101,8.329824,9.325007,0.07015833
-0.5402068,-0.09250213,0.02721812,8.32396,9.375606,0.02178624
-0.535826,-0.06179801,-0.08141539,8.32982,9.375004,0.07017975
-0.5404069,-0.05925237,0.01974261,8.323877,9.324534,0.02171919
-0.533067,-0.04893331,-0.1072428,8.329746,9.475033,0.07023914
-0.5383183,-0.05368854,0.01764399,8.323989,9.42432,0.02180053
-0.5338608,-0.06066133,-0.1137212,8.329813,9.425025,0.07019821
-0.5470263,-0.0565222,0.03028667,8.32417,9.47522,0.02183744
-0.4934347,-0.03854373,-0.06039309,8.329698,9.525053,0.07026242
-0.5253218,-0.03592509,0.02041986,8.32447,9.575209,0.02196184
-0.5287643,-0.0265798,-0.08288747,8.329626,9.57512,0.0703319
-0.5334179,-0.02712031,0.008812501,8.324343,9.524166,0.02188557
-0.5590313,-0.003171444,-0.1122963,8.329412,9.675379,0.07052389
-0.5628961,-0.002528892,-0.006987004,8.324338,9.624098,0.02194728
-0.5622737,-0.0161129,-0.1129834,8.329577,9.625185,0.07037466
-0.5510044,-0.01244236,0.002511408,8.324454,9.675162,0.02203181
-0.4840136,0.003397251,-0.04031217,8.329213,9.725682,0.07071891
-0.526718,0.01371961,-0.00828817,8.326184,9.774818,0.02296416
-0.5382367,0.01477477,-0.0582004,8.328677,9.776513,0.07125496
-0.5290842,0.008514294,0.004850055,8.324761,9.724267,0.02222277
-0.4362676,-0.006572387,0.003844984,7.925006,9.878315,0.07438534
-0.4509951,-0.02112923,0.003849186,7.924964,9.825289,0.02167025
-0.4794825,-0.006645734,0.003646771,7.97501,9.876212,0.02370235
-0.4476745,-0.007175427,-0.01297846,7.97506,9.830273,0.06978087
-0.4168404,-0.03970068,0.01606927,7.925093,9.830205,0.06985904
-0.4753113,-0.007460171,-0.005138386,7.975509,9.877853,0.07540829
-0.4724383,-0.007012078,-0.0008188839,8.124602,9.877961,0.07492483
-0.4764869,-0.025868,0.006381103,8.124532,9.82483,0.02201115
-0.5271228,-0.002360066,-0.0008205139,8.187533,9.889334,0.01058235
-0.4816279,-0.01297614,-0.001788649,8.175399,9.829465,0.07046461
-0.4556969,-0.02732468,-0.002758405,8.125219,9.829682,0.0702696
-0.5033296,-0.01107532,0.01484748,8.175581,9.877858,0.07492689
-0.47533,-0.002911744,-0.004009731,8.112493,9.889343,0.01057123
-0.559558,0.01304404,-0.0314107,8.325624,9.877042,0.07435035
-0.5623985,0.02223106,-0.01773684,8.32554,9.825532,0.02294103
-0.4812987,-0.002805126,-0.005433797,8.328008,9.827991,0.0719376
-0.4403677,0.006881797,-0.009091053,8.312777,9.889276,0.01065534
-0.5287685,0.01393477,-0.0164864,8.326297,9.876999,0.1250748
-0.5006573,0.03026044,-0.009605891,8.329265,9.829237,0.1742831
-0.5492386,0.0573558,-0.02229206,8.328707,9.828685,0.1234241
-0.5243099,0.006077771,-0.009908845,8.32511,9.877675,0.1754566
-0.5528174,0.005425834,-0.01787977,8.324975,9.877935,0.2754033
-0.5526486,0.05399746,-0.005388451,8.329473,9.829453,0.2246051
-0.5391516,0.001467762,0.008768274,8.324995,9.877845,0.2244153
-0.5188158,0.03163748,-0.011578,8.329642,9.829647,0.2747975
-0.5463232,0.01051488,0.006336606,8.324994,9.877964,0.3244226
-0.5586607,0.0622558,-0.00194129,8.329754,9.829845,0.3749083
-0.5525069,0.05941714,-0.01368952,8.329694,9.829724,0.3248758
-0.5466554,0.01214534,-0.02090318,8.325021,9.877984,0.3754298
-0.5536686,0.006698472,-0.01500922,8.325041,9.877997,0.4754427
-0.5711254,0.07673346,0.00128076,8.329772,9.829885,0.424961
-0.5501095,0.01234082,0.01362317,8.325023,9.877992,0.4244439
-0.5491576,0.06229778,0.001226055,8.329798,9.829929,0.4749364
-0.5535875,0.008376993,0.01125508,8.32505,9.878002,0.5244594
-0.5581137,0.06349818,-0.002524802,8.329832,9.829978,0.5749444
-0.5480561,0.05214084,0.0005434215,8.329809,9.829947,0.524986
-0.5506719,0.006377933,-0.02069768,8.325067,9.878005,0.5754554
-0.5509052,0.006943812,-0.01336249,8.325083,9.878007,0.6754704
-0.5530446,0.07233883,0.001877066,8.329839,9.829986,0.6250029
-0.5506487,0.008201294,0.01167919,8.325072,9.878008,0.6244755
-0.5439796,0.07138371,0.000241723,8.329848,9.829987,0.6749552
-0.5531564,0.00926917,0.01363163,8.325087,9.87801,0.7244878
-0.5601405,0.06746161,-0.006879603,8.329871,9.829999,0.7749609
-0.5533726,0.05962217,0.002161102,8.329855,9.829989,0.7250113
-0.554551,0.003568386,-0.01454707,8.325104,9.878012,0.7754821
-0.5517943,0.01130589,-0.01151918,8.325156,9.878013,0.8754897
-0.5335409,0.06825836,0.0008139455,8.32988,9.83,0.8250227
-0.5482156,0.006027903,0.005791312,8.325134,9.878013,0.824501
-0.5328542,0.06023394,8.079422e-05,8.329885,9.829994,0.874969
-0.5529784,0.008427801,0.01714814,8.32514,9.878015,0.924501
-0.5648303,0.0714909,-0.005086476,8.329871,9.830018,0.9749679
-0.5618055,0.07526665,0.00213794,8.329879,9.829999,0.925023
-0.551327,0.007084737,-0.01623985,8.325112,9.878013,0.9754933
-0.5483124,0.009491715,-0.01244761,8.325082,9.878012,1.075494
-0.5395344,0.07454384,-0.0004909321,8.329861,9.830022,1.025029
-0.5449301,0.007800123,0.008972487,8.325086,9.878014,1.024509
-0.5303922,0.05918514,-0.0001638565,8.329856,9.830012,1.074973
-0.5523957,0.00692347,0.01532633,8.325078,9.878012,1.124507
-0.5573112,0.06435758,-0.00109829,8.329857,9.830011,1.174971
-0.5668565,0.08548002,0.005571261,8.329855,9.830007,1.125028
-0.5498496,0.008264064,-0.01386403,8.325081,9.878012,1.175493
-0.5452623,0.007508542,-0.01409672,8.325083,9.878009,1.275494
-0.543474,0.0759573,-0.000840613,8.329858,9.830008,1.225031
-0.5476424,0.006688751,0.01304767,8.325083,9.878011,1.224509
-0.5376996,0.06222107,0.0003178508,8.329855,9.829998,1.274974
-0.5511527,0.005455838,0.01374036,8.325083,9.878009,1.324508
-0.5614956,0.06721278,-0.002137168,8.329858,9.830006,1.37497
-0.5654456,0.08335263,0.004011607,8.329855,9.829998,1.325028
-0.5488246,0.007980611,-0.0227253,8.325084,9.87801,1.375493
-0.5481639,0.001617994,-0.00507742,8.32508,9.87801,1.475493
-0.5539353,0.07805205,-0.005653989,8.329858,9.830007,1.42503
-0.5480554,0.008319266,0.01551178,8.325082,9.878011,1.424507
-0.5475527,0.0795902,-0.001039195,8.329854,9.83,1.474973
-0.5534147,0.0003507598,0.0114104,8.325077,9.878011,1.524507
-0.5659052,0.07957281,0.003558764,8.329853,9.830021,1.57497
-0.5650311,0.08711848,0.005732804,8.329852,9.830004,1.525027
-0.5450989,0.01189816,-0.01191238,8.325072,9.878015,1.575493
-0.5473373,0.004346952,-0.01821918,8.325076,9.878012,1.675491
-0.5544784,0.07629833,0.0009473189,8.329853,9.830024,1.62503
-0.5515947,0.004190307,0.01661778,8.325077,9.878013,1.624508
-0.5626835,0.06892065,-0.001076613,8.329852,9.830009,1.674972
-0.54598,0.009470801,0.01790081,8.325079,9.878011,1.724506
-0.5496266,0.0789499,-0.0006073574,8.329858,9.830011,1.774969
-0.545098,0.06704703,-0.002601947,8.329854,9.830003,1.725027
-0.5489144,0.005104989,-0.01222827,8.325082,9.878012,1.775491
-0.5521546,0.006731607,-0.01488742,8.325081,9.878012,1.875492
-0.5500639,0.06346283,-0.0001862332,8.329859,9.830013,1.825028
-0.5495056,0.007473847,0.0130096,8.325082,9.878012,1.824507
-0.5648216,0.08530157,-0.006247857,8.329859,9.830011,1.874971
-0.5500566,0.01097857,0.008920426,8.325087,9.878014,1.924505
-0.5550473,0.07904461,-0.002548044,8.329882,9.830044,1.974963
-0.5263582,0.05485379,-0.001260006,8.329865,9.83002,1.925024
-0.5470958,0.008457183,-0.006226138,8.325096,9.87802,1.975486
-0.5600048,0.006043748,-0.01654518,8.325252,9.878064,2.075471
-0.5503288,0.05744172,-0.002493686,8.329922,9.830081,2.025016
-0.5599984,0.008747835,0.01482009,8.325131,9.878032,2.024496
-0.5694377,0.0791339,-0.01668427,8.33002,9.83017,2.07494
-0.5420508,0.0006169129,0.01538253,8.32559,9.878196,2.124515
-0.5646444,0.08857635,-0.004251377,8.330957,9.831068,2.174938
-0.5254274,0.054333,-0.006815806,8.330297,9.830431,2.124966
-0.562832,-0.002185189,0.01051591,8.326637,9.878674,2.175971
-0.5132002,-0.003162023,-0.003109044,8.328277,9.879515,2.275506
-0.534096,0.07651179,0.007025027,8.332154,9.832215,2.224975
-0.5682212,-0.0276586,0.02355084,8.327042,9.878878,2.224795
-0.5666766,0.1006199,-0.006563466,8.333107,9.833128,2.27494
-0.5468559,0.002585117,0.009088816,8.328958,9.879757,2.324419
-0.5441266,0.111549,0.006770345,8.333816,9.83385,2.374999
-0.5422628,0.08838901,-0.003690926,8.333624,9.833638,2.324938
-0.4670557,0.000908569,-0.004652604,8.329217,9.879837,2.375539
-0.4718027,-0.008807966,-0.009130163,8.329232,9.879898,2.475576
-0.5665842,0.1015339,0.008527555,8.333879,9.833933,2.424988
-0.5654769,0.01507015,0.02045508,8.329263,9.87987,2.424467
-0.5441575,0.1073128,-0.003378383,8.333879,9.83393,2.475044
-0.5525193,0.001957129,0.007753976,8.329183,9.879895,2.524515
-0.5452028,0.110131,0.01229302,8.333827,9.83388,2.575096
-0.5612001,0.0969204,0.005105061,8.333858,9.833927,2.525025
-0.4638136,-0.008257753,-0.005591613,8.329154,9.87989,2.575609
-0.4614621,-0.008861628,-0.006462181,8.329123,9.879832,2.675662
-0.5719659,0.09944038,0.02425527,8.33381,9.833828,2.625081
-0.5616854,0.006859791,0.01810715,8.329168,9.879877,2.624545
-0.5507582,0.1051201,-0.0006185947,8.33371,9.833689,2.675222
-0.5567446,0.006365851,-0.004235672,8.328998,9.879771,2.724606
-0.5552208,0.09399777,0.001863875,8.333163,9.833088,2.775584
-0.5252985,0.08522177,0.01803719,8.333562,9.833523,2.725244
-0.4828396,-0.001805222,-0.0156093,8.328719,9.879604,2.775751
-0.5355699,-0.8194356,0.05104213,8.330081,5.12499,2.930188
-0.5022898,-0.819716,-0.01838109,8.324994,5.176196,2.978773
-0.506203,-0.8205726,0.0894775,8.330549,5.175018,2.930605
-0.5134737,-0.8532852,-0.01078666,8.324206,5.124591,2.978442
-0.5468507,-0.7235875,0.06408291,8.330677,5.324992,2.930712
-0.5083336,-0.756898,-0.0130934,8.324753,5.376119,2.978696
-0.5180133,-0.7385623,0.0941804,8.330457,5.375034,2.930463
-0.5431533,-0.7619187,-0.004678573,8.325077,5.324047,2.978892
-0.5266869,-0.3491111,0.09330856,8.333998,7.075026,2.934116
-0.4986967,-0.4249944,0.001020993,8.328009,7.024317,2.98017
-0.5039262,-0.4030029,0.1223396,8.334009,7.024977,2.934109
-0.5210188,-0.3664265,-0.01322979,8.327977,7.075491,2.980219
-0.5507258,-0.1375274,0.08486492,8.331833,8.724946,2.931837
-0.5362141,-0.1814569,-0.01527487,8.325611,8.775216,2.978984
-0.5321298,-0.1632553,0.07453324,8.331124,8.774989,2.931139
-0.5308935,-0.1547768,-0.02638942,8.325312,8.724191,2.979073
-0.5374614,-0.1325807,0.1009082,8.331358,8.875064,2.931355
-0.4933227,-0.1434851,-0.0005119266,8.325448,8.824839,2.978925
-0.4991812,-0.1605915,0.08933012,8.330989,8.825052,2.930999
-0.4986328,-0.1236409,-0.04187586,8.324648,8.875781,2.978826
-0.5454665,-0.1083637,0.08420522,8.331309,8.924947,2.931305
-0.5407141,-0.1585102,-0.01778621,8.325184,8.975122,2.978822
-0.5344114,-0.1411989,0.07223097,8.330796,8.97495,2.930806
-0.5238322,-0.1246522,-0.03079637,8.32459,8.924228,2.978806
-0.538622,-0.1025693,0.1006153,8.331031,9.074967,2.931078
-0.5204341,-0.1303992,0.003792035,8.324749,9.024347,2.978565
-0.4991646,-0.1277193,0.08968041,8.33059,9.024971,2.930616
-0.5172531,-0.07741009,-0.003040196,8.325451,9.075963,2.978992
-0.5494867,-0.08794104,0.08237181,8.332102,9.124958,2.932137
-0.5320627,-0.1089534,-0.02186914,8.326705,9.175671,2.979716
-0.5429139,-0.09406069,0.09461794,8.332954,9.174966,2.932957
-0.5309266,-0.05291737,-0.03090138,8.325635,9.12486,2.979166
-0.5354007,-0.06818167,0.1148419,8.33295,9.27507,2.932976
-0.512242,-0.07591235,-0.01238531,8.327099,9.224323,2.979879
-0.52764,-0.08182847,0.1043512,8.333245,9.224977,2.933249
-0.5317758,-0.08026445,-0.02960657,8.326664,9.275489,2.979772
-0.5413379,-0.05248944,0.09339573,8.332055,9.325013,2.932092
-0.5442745,-0.09611447,-0.01723021,8.325566,9.375177,2.978927
-0.5434978,-0.05681338,0.08840591,8.331056,9.37505,2.931103
-0.5393089,-0.0791749,-0.03262946,8.325625,9.324242,2.979168
-0.5446547,-0.03805632,0.1122967,8.330833,9.475093,2.930905
-0.5475583,-0.05814277,-0.003792037,8.324876,9.424343,2.978558
-0.5284489,-0.05833416,0.09314183,8.330596,9.42506,2.930652
-0.5342378,-0.03111295,-0.008615503,8.325634,9.475771,2.978838
-0.5269225,-0.03194647,0.07274835,8.331641,9.525134,2.9317
-0.5193586,-0.02466329,-0.02887966,8.32633,9.575246,2.979185
-0.5377997,-0.02848464,0.09708616,8.331989,9.575247,2.932019
-0.4896385,0.005150742,-0.03863355,8.32576,9.524541,2.978867
-0.5598043,-0.004584935,0.104386,8.330411,9.675657,2.930449
-0.5670601,-0.02874685,-0.02222226,8.325665,9.62376,2.978803
-0.480553,-0.02942147,0.07664019,8.33144,9.625296,2.931475
-0.566444,-0.02937008,-0.01412378,8.325773,9.674776,2.978594
-0.4963459,0.01176913,0.02561389,8.329694,9.726112,2.929675
-0.5294816,-0.00477824,0.004704351,8.326364,9.774995,2.977095
-0.5534891,0.007064035,0.04574097,8.329171,9.777165,2.928906
-0.5122896,0.004201905,-0.005711479,8.325196,9.724352,2.977948
-0.5530703,-0.004295281,-0.007617594,8.328117,9.877854,2.874728
-0.4805055,0.07185009,0.02048225,8.332401,9.832331,2.82589
-0.5334934,-0.008373845,-0.01125293,8.328191,9.87919,2.82463
-0.5460809,0.08860912,0.01874694,8.3308,9.83075,2.876765
-0.5155112,-0.008039424,-0.04020023,8.275643,9.877282,2.926423
-0.493325,0.008305565,0.02592252,8.226117,9.829655,2.929624
-0.5282847,-0.02135084,-0.01380116,8.274948,9.82639,2.977124
-0.4978726,-0.002984685,-0.0008714685,8.211117,9.889816,2.989902
-0.4765273,-0.02184357,-0.01040866,8.277192,9.829156,2.928904
-0.5139993,-0.008324127,0.001914176,8.22448,9.87806,2.925669
-0.4906379,0.003287313,0.0001822842,8.287762,9.889336,2.989396
-0.5704076,0.01252732,0.02236762,8.326879,9.87764,2.925293
-0.5675756,0.01017048,0.01977942,8.325692,9.825685,2.977113
-0.4892097,-0.006959479,0.0095236,8.328842,9.828807,2.928169
-0.4496045,-0.004515033,-0.004695677,8.312865,9.889293,2.989346
-0.4526532,-0.08457771,-0.04560681,8.153142,9.653657,2.858115
-0.4461727,-0.03868195,0.002234707,8.050905,9.757491,2.856226
-0.442797,-0.01578043,-0.03719182,8.152213,9.756,2.855353
-0.4488828,-0.02706349,-0.009212469,8.048841,9.64615,2.956352
-0.4691384,-0.04542991,-0.02271302,8.148967,9.648578,2.954727
-0.4460335,-0.02215917,-0.01231114,8.050083,9.751059,2.953445
-0.4666951,-0.05040078,-0.02506519,8.150268,9.75085,2.952807
-0.5183002,-0.6980191,0.06402671,8.331224,5.274969,2.93125
-0.4954019,-0.7792426,-0.01972996,8.324579,5.224696,2.978704
-0.4856403,-0.7572913,0.1235037,8.331201,5.22505,2.931223
-0.5223743,-0.7532418,-0.01566775,8.324558,5.275121,2.978771
-0.5602726,-0.4438707,0.05960654,8.332032,6.524972,2.932094
-0.5389349,-0.5386345,-0.01357086,8.32621,6.575889,2.979332
-0.5257354,-0.4899479,0.09625908,8.332553,6.575015,2.932597
-0.5472335,-0.4943756,-0.01388397,8.326827,6.524446,2.979595
-0.531642,-0.4057851,0.0879279,8.333701,6.674966,2.933742
-0.4980717,-0.4834461,0.002253982,8.327065,6.624295,2.979839
-0.4989942,-0.4520281,0.1258397,8.333308,6.624925,2.933346
-0.5248702,-0.4271863,-0.01675392,8.327591,6.675427,2.9801
-0.5607002,-0.4064776,0.0575408,8.333883,6.724945,2.933933
-0.5279852,-0.4976231,-0.009678555,8.327947,6.775671,2.980152
-0.5207242,-0.4534683,0.09612216,8.333961,6.77501,2.934024
-0.5348059,-0.4549653,-0.02723458,8.327814,6.724484,2.980177
-0.5587657,-0.3505771,0.05946231,8.333999,7.124974,2.934115
-0.5289859,-0.4364923,-0.01119092,8.328011,7.175683,2.98017
-0.5231566,-0.3934667,0.09253196,8.334012,7.175022,2.934107
-0.5351628,-0.389493,-0.02809135,8.327977,7.124509,2.980219
-0.5279067,-0.1835381,0.0864732,8.330307,8.474985,2.930323
-0.5068523,-0.2229258,-0.001745794,8.324171,8.424428,2.978355
-0.4817431,-0.2103563,0.08799055,8.330103,8.425005,2.930105
-0.5257282,-0.1603306,-0.02009959,8.324522,8.475972,2.978662
-0.5454468,-0.1716549,0.07714076,8.330671,8.52495,2.930681
-0.5538344,-0.1951859,-0.02087251,8.325758,8.575691,2.979145
-0.5334838,-0.2046993,0.06962889,8.331111,8.574959,2.931113
-0.5254777,-0.1610996,-0.02944824,8.323853,8.524633,2.978319
-0.4290942,-0.01369203,0.008325845,8.037556,9.867332,0.0325557
-0.4688156,0.01366988,0.002726015,8.011585,9.864565,0.009523993
-0.4682598,-0.006052799,-0.01626709,8.011613,9.890428,0.03519326
-0.4512302,-0.002953095,0.0004086593,8.037272,9.889531,0.01037332
-0.4477905,0.001943099,-0.008531946,8.01249,9.867683,0.03223584
-0.4604697,-0.005473843,0.01122663,8.037604,9.890264,0.03538792
-0.4589257,-0.01546072,0.0005269499,8.037591,9.86437,0.009700955
-0.4398795,-0.01167278,0.004223204,8.06253,9.867137,0.03274493
-0.4952977,-0.002838183,-0.003578179,8.087865,9.890092,0.03570949
-0.490178,-0.00867113,-0.0009407704,8.087857,9.864065,0.009880451
-0.4714182,-0.004723167,-0.0003758378,8.062509,9.889401,0.0105088
-0.4551202,-0.0004904972,-0.004169335,8.08755,9.867064,0.03283287
-0.4811597,-0.007168931,0.009044683,8.062246,9.890158,0.03561613
-0.4773562,-0.01723269,0.002378721,8.062235,9.864149,0.009813965
-0.5251163,-0.02131473,0.01580864,8.237719,9.86691,0.03299948
-0.5334684,-0.001447833,-0.009032757,8.212191,9.864022,0.009923038
-0.5333871,0.006127935,-0.004435561,8.212198,9.890044,0.03576815
-0.5199307,0.002034975,-0.004551862,8.237527,9.889335,0.01058243
-0.5245147,-0.002983356,-0.001206103,8.212605,9.866965,0.0329512
-0.5333768,0.006753029,0.007008366,8.23773,9.89002,0.03567429
-0.5324172,-0.01639861,-0.005855577,8.237724,9.86412,0.009947042
-0.5020265,-0.7114304,-0.01582724,8.323599,5.424427,2.978128
-0.4818571,-0.688387,0.1163599,8.330452,5.425021,2.930439
-0.5312333,-0.6605793,-0.01201096,8.324567,5.474984,2.978649
-0.5192727,-0.6306475,0.05745659,8.330349,5.474957,2.930364
-0.5249222,-0.6883117,-0.005764747,8.325464,5.57612,2.978931
-0.5373435,-0.6901938,-0.002127268,8.324505,5.5245,2.978554
-0.5546692,-0.6632231,0.03771325,8.330418,5.524952,2.930454
-0.5198353,-0.6942858,0.07872122,8.331017,5.57495,2.93104
-0.4814757,-0.5723126,-0.0004937219,8.326518,6.024368,2.979431
-0.5184035,-0.5290612,-0.02951707,8.325045,6.075746,2.978988
-0.5417981,-0.5007743,0.07432686,8.331685,6.075107,2.931696
-0.50941,-0.547727,0.1221706,8.331738,6.025062,2.931766
-0.5268958,-0.5903937,-0.00773616,8.32523,6.175134,2.97884
-0.5243646,-0.5579574,-0.02414427,8.324738,6.124245,2.978858
-0.54988,-0.5006763,0.05002463,8.331445,6.124977,2.931448
-0.5012693,-0.5519597,0.07643782,8.330854,6.174966,2.930863
-0.4878071,-0.5519442,0.004894087,8.324758,6.224355,2.978568
-0.5285986,-0.4731453,-0.012912,8.325426,6.275973,2.978985
-0.5412143,-0.4828566,0.06061854,8.331021,6.27498,2.93106
-0.4914567,-0.5306512,0.1092622,8.330608,6.224986,2.93063
-0.499886,-0.4527288,-0.0008405219,8.327984,6.824313,2.980163
-0.5011924,-0.4273966,0.1222894,8.33399,6.82497,2.93407
-0.5220306,-0.3980619,-0.01551471,8.327968,6.875489,2.980215
-0.527519,-0.3788243,0.0898613,8.333988,6.875023,2.934099
-0.5284212,-0.469224,-0.01039442,8.328009,6.975683,2.980169
-0.5224513,-0.427078,0.09586187,8.334008,6.975022,2.934107
-0.5344048,-0.4239626,-0.02781612,8.327973,6.924508,2.980217
-0.5596483,-0.3823607,0.05895315,8.333993,6.924972,2.934108
-0.5003001,-0.3959607,0.0001683701,8.328011,7.224313,2.980174
-0.5014573,-0.3701451,0.1175633,8.334022,7.224975,2.934095
-0.5213644,-0.3416087,-0.01191094,8.327976,7.275489,2.98023
-0.5252639,-0.3252403,0.0944995,8.334027,7.275024,2.934082
-0.5302641,-0.4090164,-0.01240711,8.328008,7.375687,2.980174
-0.5349171,-0.3589373,-0.02804024,8.327976,7.324511,2.980229
-0.5571777,-0.326319,0.06189841,8.334026,7.324977,2.934078
-0.525087,-0.3686884,0.09262068,8.334024,7.375026,2.934079
-0.499111,-0.3690059,0.00112103,8.328002,7.424316,2.980172
-0.5201269,-0.3123034,-0.01003063,8.327951,7.475495,2.980221
-0.5255306,-0.296157,0.09911117,8.334,7.475031,2.93405
-0.5063316,-0.3474324,0.1182167,8.334018,7.424978,2.934072
-0.5285678,-0.374351,-0.01418838,8.32785,7.575712,2.980123
-0.5364203,-0.3255043,-0.02879967,8.327914,7.524526,2.980207
-0.5572823,-0.2944069,0.06414787,8.333962,7.524991,2.934018
-0.5277518,-0.331171,0.08985988,8.333885,7.575055,2.933943
-0.4947346,-0.3403355,-0.001282166,8.327627,7.624378,2.980047
-0.5120424,-0.2883158,-0.01083322,8.327031,7.675513,2.979893
-0.5309836,-0.2731219,0.09908679,8.3333,7.675076,2.933365
-0.5034997,-0.308242,0.1078561,8.333701,7.625033,2.933757
-0.5498215,-0.3210296,-0.01525544,8.326906,7.775719,2.979574
-0.5297365,-0.2962632,-0.01617528,8.326187,7.72429,2.97939
-0.5517183,-0.2762713,0.06848397,8.332563,7.724976,2.932625
-0.5315646,-0.3196138,0.06871899,8.332112,7.77501,2.932133
-0.5194359,-0.2333949,0.09698027,8.331741,8.075066,2.931709
-0.5028182,-0.281473,0.004318188,8.32601,8.02413,2.979274
-0.4947679,-0.2669273,0.1111344,8.332396,8.024997,2.932354
-0.5372827,-0.2243683,-0.01562662,8.326453,8.075604,2.979475
-0.5220724,-0.2786239,-0.03544457,8.324924,8.175385,2.978854
-0.5501777,-0.2306115,0.07423903,8.331732,8.125093,2.931691
-0.5197455,-0.2524881,0.08667019,8.33156,8.174989,2.931494
-0.530212,-0.2245594,-0.03308715,8.325118,8.124878,2.978981
-0.5011826,-0.252847,-0.01349284,8.32556,8.224285,2.979085
-0.5286663,-0.2361481,-0.02436721,8.323779,8.275351,2.978293
-0.5250664,-0.1923772,0.1055442,8.330615,8.275034,2.930606
-0.48616,-0.2291775,0.09692383,8.330988,8.22503,2.930935
-0.5338031,-0.2468663,-0.01745892,8.324166,8.375568,2.978353
-0.530561,-0.2272897,0.07063358,8.330098,8.37499,2.930098
-0.5406535,-0.2219607,-0.0147971,8.324496,8.324021,2.978653
-0.5403791,-0.1812131,0.07481065,8.330286,8.325006,2.930296
-0.4504454,0.01202317,0.03804574,8.025159,9.830626,2.93057
-0.4614609,-0.02658944,-0.0003045625,8.075573,9.825278,2.978203
-0.451744,-0.00671867,-0.003549197,8.011143,9.890061,2.990163
-0.4718579,-0.002864755,0.03971788,8.024082,9.878537,2.926247
-0.4493082,0.007892762,0.01056709,8.087543,9.889441,2.989536
-0.4538555,0.0002971273,-0.008922133,8.075681,9.878181,2.925555
-0.4302326,-0.02577383,0.0009981101,8.075282,9.830128,2.930142
-0.4939878,-0.005944652,0.01663099,8.175702,9.829929,2.929945
-0.4852699,-0.02439477,-0.009795688,8.125066,9.825384,2.978304
-0.5208241,-0.00816223,-0.008296436,8.175116,9.876196,2.976262
-0.5151524,-0.01139772,-0.002291183,8.175837,9.877727,2.924576
-0.4350892,0.004393395,0.003760987,8.112738,9.889547,2.989644
-0.4801785,-0.008692989,-0.002751779,8.125213,9.878287,2.925634
-0.4716016,-0.02995439,-0.001742471,8.125428,9.830051,2.930081
-0.4676743,-0.01630461,0.0164442,7.937546,9.86768,0.03223026
-0.4264049,-0.005547233,0.007091046,7.938911,9.889818,0.01009001
-0.4350385,-0.00607427,0.01800219,7.938297,9.890446,0.03519026
-0.4313725,-0.01347178,0.00137504,7.938302,9.864566,0.009505353
-0.4969051,-0.009273841,0.008394328,8.162538,9.866992,0.03290699
-0.5410438,-0.000532568,-0.005260326,8.187867,9.864012,0.009913961
-0.5382694,-0.0001485241,-0.002363762,8.187872,9.890055,0.03577772
-0.5186327,-0.006684675,0.002923413,8.162507,9.889337,0.01057952
-0.5111272,-0.0006749955,-0.002451821,8.187595,9.866976,0.03293592
-0.524104,-0.004869105,0.01525865,8.162279,9.890088,0.03579261
-0.5286067,-0.01402372,0.0007627196,8.162273,9.863993,0.009882434
-0.4642501,-0.02072553,0.01745134,8.137553,9.867002,0.03289454
-0.492358,-0.001215206,-0.000104892,8.112183,9.890077,0.03574932
-0.4909981,-0.01055139,-0.001096552,8.112174,9.864028,0.009893581
-0.4906172,-0.004776454,-0.0006899959,8.13751,9.889339,0.01057677
-0.460683,-0.0007194611,-0.000655549,8.112526,9.867032,0.03286992
-0.503158,-0.002666732,0.01697695,8.137765,9.890093,0.03578578
-0.5056151,-0.02234103,0.001915823,8.137762,9.863997,0.009877649
-0.4987803,0.01893821,-0.01751691,8.339642,9.866303,0.03361351
-0.558724,-0.003900781,-0.04302129,8.312658,9.889827,0.03563412
-0.5619794,0.03625818,0.007658797,8.312618,9.864191,0.01013616
-0.3966609,-0.008237186,0.006241396,8.338098,9.889176,0.01075891
-0.5459016,0.01661286,-0.01867982,8.313629,9.866602,0.0333266
-0.5298387,-0.005947274,-0.03023036,8.338433,9.88952,0.03521833
-0.5416842,0.01898794,0.01286726,8.338368,9.864619,0.01043016
-0.5014258,-0.01535037,-0.01877958,8.237878,9.86725,2.967337
-0.5223275,0.01358594,-0.001802228,8.211653,9.86459,2.990452
-0.5192627,-0.004984661,0.009733269,8.211753,9.890407,2.96481
-0.5027013,0.00363477,0.002480931,8.23733,9.889533,2.989621
-0.5117427,-0.0009696395,-0.004106178,8.212707,9.867636,2.967709
-0.5236,-0.006981298,0.002302935,8.237602,9.864507,2.99023
-0.5233479,-0.002408559,-0.01249699,8.237719,9.890199,2.964722
-0.5346075,-0.01385753,-0.02255546,8.263014,9.867028,2.967107
-0.5754179,-0.01629406,0.03472608,8.288297,9.889958,2.964429
-0.5690263,0.03612417,-0.006578711,8.28803,9.864314,2.989958
-0.5086365,0.004273672,0.0004495399,8.262614,9.889399,2.989478
-0.5448497,0.00687808,-0.003307663,8.262259,9.864374,2.99008
-0.5589333,-0.005812251,-0.01924565,8.288402,9.866852,2.966886
-0.5477836,-0.006808375,-0.001097648,8.262417,9.890055,2.964573
-0.5205659,0.006252642,0.009197027,8.339895,9.86645,2.966418
-0.5767734,-0.01839465,0.04620882,8.313021,9.889884,2.9643
-0.5698852,0.04209193,-0.006329044,8.312685,9.864233,2.989878
-0.4148678,-0.01228381,-0.01091923,8.338179,9.889192,2.989238
-0.5506818,-0.0002382145,-0.007429867,8.313893,9.866716,2.96673
-0.5720236,-0.01928731,0.04451318,8.33878,9.889596,2.964704
-0.5561237,0.03274836,-0.01057238,8.338428,9.864654,2.98958
-0.4602843,-0.0768654,0.01897682,8.151044,9.855759,0.2489079
-0.3584506,0.06200256,-0.05851298,8.045429,9.869431,0.3545465
-0.4285209,-0.09767312,-0.02860137,8.151967,9.858706,0.3488117
-0.4699439,-0.1059753,-0.01422991,8.153338,9.860657,0.4493332
-0.249506,-0.003576887,0.007773408,8.053475,9.877617,0.5529625
-0.4677653,-0.1070928,0.004192996,8.154373,9.861214,0.5493509
-0.4746914,-0.1142074,0.003376712,8.154914,9.861457,0.6497347
-0.2464554,-0.01092153,0.005637338,8.053806,9.878199,0.7505567
-0.4908822,-0.1166232,0.003061509,8.155047,9.861585,0.7497096
-0.477484,-0.1118975,0.001325435,8.155102,9.86163,0.8499351
-0.2458055,-0.01420619,0.006797889,8.053933,9.878259,0.9506207
-0.4995209,-0.1194007,0.002112798,8.155126,9.861646,0.9498572
-0.4824295,-0.1126455,0.000379625,8.155128,9.86165,1.050034
-0.2449664,-0.01538555,0.003003311,8.054007,9.878263,1.150761
-0.5052071,-0.1197871,0.0002463221,8.155128,9.861657,1.149915
-0.4839035,-0.1141041,-0.0003745119,8.155126,9.861658,1.250067
-0.2438428,-0.0171,-0.0016582,8.054022,9.878263,1.350806
-0.5047917,-0.120627,0.002186829,8.155125,9.861659,1.349928
-0.4860013,-0.1144279,-0.0004616158,8.155123,9.861659,1.450072
-0.2484245,-0.01403789,-0.02922542,8.05402,9.878262,1.550819
-0.5116371,-0.1201988,0.009427404,8.155123,9.861657,1.549929
-0.5092627,-0.1196852,-0.01070535,8.155124,9.861657,1.65007
-0.2100303,-0.04091301,-8.052094e-06,8.054012,9.878263,1.750844
-0.4846055,-0.1153015,0.0004654043,8.155128,9.861659,1.749932
-0.5071442,-0.1192292,-0.003456641,8.155141,9.86166,1.850084
-0.2115211,-0.04032075,-0.0006510835,8.053998,9.878264,1.950934
-0.4842541,-0.112835,-0.0004953917,8.155179,9.861662,1.949962
-0.5053074,-0.1166573,-0.002354521,8.155305,9.861674,2.050146
-0.2117403,-0.03813181,-0.001514134,8.054125,9.878251,2.151071
-0.4782496,-0.1088992,0.004930133,8.155605,9.861709,2.150076
-0.507641,-0.1046144,-9.816632e-05,8.156043,9.861754,2.250306
-0.220144,-0.03904616,-0.008404334,8.054728,9.878013,2.350281
-0.4863191,-0.09701921,0.003128215,8.156312,9.861696,2.350267
-0.4964751,-0.0966892,-0.0005700901,8.15594,9.861476,2.450655
-0.2227735,-0.03464869,0.0164396,8.054315,9.877278,2.543636
-0.4704091,-0.09090444,0.00771298,8.154923,9.86092,2.550689
-0.467418,-0.08422351,0.01842401,8.153479,9.858971,2.651254
-0.4394581,-0.0191189,0.0385762,8.051698,9.858789,2.752269
-0.4913056,-0.07574187,-0.02814047,8.152321,9.856014,2.751236
-0.5208484,-0.4279498,0.08911042,8.332434,6.474963,2.932476
-0.4966295,-0.5175972,-0.01642767,8.326624,6.424272,2.979688
-0.4970229,-0.4818676,0.1261605,8.332927,6.424973,2.932924
-0.522075,-0.480273,-0.01575845,8.326058,6.47513,2.979317
-0.5299502,-0.150274,0.1046798,8.33229,8.675007,2.932283
-0.4952104,-0.1838118,-0.01513464,8.325446,8.624664,2.979046
-0.5119754,-0.1922798,0.1003938,8.331889,8.625013,2.931882
-0.4969896,-0.1518588,-0.03193148,8.325786,8.67548,2.979451
-0.4327099,-0.004254026,-0.02110319,7.924927,9.878531,2.926014
-0.4471737,-0.01429789,0.01092587,7.975076,9.831302,2.931222
-0.445647,-0.03772859,-0.009388461,7.92487,9.825642,2.978558
-0.4872309,-0.0008195023,0.005193897,7.974682,9.87693,2.977046
-0.4248452,-0.03524471,-0.004246588,7.925161,9.83142,2.931347
-0.4871567,-0.01113077,0.02712031,7.97528,9.878482,2.925897
-0.4712324,0.001461551,0.005664422,7.92539,9.87697,2.977081
-0.5575702,-0.01804726,0.009136263,8.262823,9.866865,0.03304696
-0.5703744,-0.005770965,-0.03422496,8.287987,9.889901,0.03556854
-0.5711313,0.02795906,0.007311619,8.287965,9.864243,0.01006487
-0.5248918,0.009359111,-0.01153546,8.262557,9.889331,0.01058936
-0.5609654,0.00237372,-0.007249178,8.288163,9.866741,0.03318235
-0.5520227,-0.0008385143,-0.0006007849,8.262252,9.889981,0.03559479
-0.5521887,-0.01012666,0.001330476,8.26224,9.864206,0.009985129
-0.4991419,-0.6445989,-0.01167208,8.325732,5.624657,2.979125
-0.5250605,-0.6134582,-0.03456321,8.326841,5.675451,2.979813
-0.5297031,-0.5819841,0.07083661,8.333094,5.674938,2.933128
-0.4941763,-0.6545425,0.1219736,8.332168,5.62495,2.932187
-0.5178813,-0.6636502,-0.006167749,8.327755,5.77566,2.98009
-0.5417451,-0.6484227,-0.02964645,8.327485,5.724447,2.980062
-0.5583878,-0.5891664,0.05945354,8.333594,5.724915,2.933638
-0.5084923,-0.6181889,0.108571,8.333787,5.775005,2.93382
-0.4958453,-0.6091511,-0.006510826,8.327766,5.824337,2.980094
-0.5190987,-0.5597244,-0.02979883,8.327534,5.875548,2.980078
-0.5275249,-0.5289504,0.08796832,8.333641,5.875081,2.933688
-0.4980019,-0.5872519,0.1301679,8.333799,5.824995,2.933833
-0.503165,-0.6322015,-0.009645187,8.326115,5.975384,2.979273
-0.5295251,-0.6021173,-0.0393002,8.326974,5.924541,2.97986
-0.553349,-0.5309669,0.0663664,8.333214,5.92505,2.933255
-0.5046427,-0.5664369,0.1064537,8.332461,5.975035,2.932491
-0.508971,-0.5514408,-0.02302281,8.32651,6.375697,2.97965
-0.5124762,-0.5169885,0.09823364,8.332826,6.374982,2.932816
-0.5373968,-0.5106819,-0.03788441,8.325555,6.32488,2.979141
-0.5615214,-0.4844738,0.04956948,8.332049,6.324981,2.932073
-0.4937946,-0.3062152,-0.007336744,8.326208,7.824662,2.979316
-0.5278143,-0.2518816,0.1002744,8.333158,7.875,2.933169
-0.5027525,-0.3016018,0.1062509,8.332578,7.825022,2.932575
-0.5081825,-0.2514046,-0.01519685,8.326878,7.875502,2.979837
-0.5571972,-0.2518325,0.06645718,8.33337,7.924983,2.933376
-0.5293103,-0.3121421,-0.01552012,8.326852,7.975681,2.97978
-0.5309063,-0.2825027,0.09091441,8.333137,7.975056,2.933107
-0.5333668,-0.2643633,-0.02953666,8.327185,7.924516,2.979969
-0.4668804,0.02347471,-0.0002521869,8.011636,9.865211,2.990721
-0.4592298,-0.006342855,0.02419464,8.011691,9.890663,2.965488
-0.4483931,0.003248427,0.006395579,8.037338,9.889642,2.989755
-0.4493504,-0.009165879,0.007927472,8.037649,9.864694,2.990411
-0.4286953,-0.009462797,-0.005871485,8.037613,9.867635,2.967761
-0.4531255,-4.938635e-05,0.006441687,8.012558,9.868254,2.9684
-0.4490546,-0.001509372,-0.01105564,8.037683,9.890358,2.96497
-0.4673632,-0.005230967,0.01419113,8.087902,9.864291,2.9902
-0.4556453,0.005985026,0.009555838,8.062529,9.889466,2.989571
-0.462219,-0.01346043,0.006783052,8.062267,9.864352,2.990254
-0.4475191,-0.004903639,-0.000609454,8.062569,9.867332,2.967446
-0.4727795,0.008191382,-0.00659296,8.087919,9.890171,2.964536
-0.4676335,0.002268088,0.003996939,8.08757,9.867256,2.967374
-0.4639109,0.0021951,-0.01303684,8.062275,9.890207,2.964614
-0.461933,-0.009473272,0.01226565,8.112343,9.864447,2.990288
-0.4580354,-0.007429534,-0.008266808,8.138929,9.889825,2.989914
-0.4731851,-0.01466765,-0.004248777,8.138336,9.864588,2.990496
-0.5091909,-0.01790893,-0.01854132,8.137636,9.867678,2.967768
-0.4679842,0.006557097,-0.01197584,8.112362,9.890254,2.964691
-0.4912615,-0.004037665,-0.003657635,8.112549,9.867384,2.967496
-0.4786087,-0.008219519,-0.01859325,8.138359,9.890451,2.964815
-0.4372466,-0.2736144,0.03594507,8.355916,7.049,2.849791
-0.4284291,-0.2658692,-0.01951668,8.355915,7.150999,2.849793
-0.40224,-0.8473618,0.02060973,8.354462,4.851579,0.5499058
-0.4025624,-0.8534347,-0.008939294,8.354496,4.851577,0.6499364
-0.4677965,-0.6242909,-0.01881443,8.357337,4.956275,0.6489618
-0.4671035,-0.6277762,0.02747418,8.357379,4.956285,0.7509837
